ID,x,y,z,neighbours,spring1,spring2,stack,e_h_x,e_h_y,e_h_z,e_R_x,e_R_y,e_R_z,e_phi_x,e_phi_y,e_phi_z,pathlength,pathlength_scaled,DV_bool
0,0.06076015778782733,-0.5246964154465508,0.7286987545228405,"[8, 9, 42, 93, 126, 1593, 1601, 1602, 1635, 1686, 1719]","[0, 1, 2, 3, 4, 5, 6, 7, 8, 9, 10]",[],0,0.06751128643091926,-0.5829960171628342,0.8096652828031561,-0.021721842752753788,-0.8121832583476719,-0.582997869985117,0.9974820237737957,0.02177151423376698,-0.06749528439899981,0.6225814835382598,0.7317973273099414,1.0
1,0.04660654062234026,0.41918413631404294,0.7950550234001846,"[41, 70, 71, 137, 138, 1594, 1634, 1663, 1664, 1730, 1731]","[11, 12, 13, 14, 15, 16, 17, 18, 19, 20, 21]",[],0,0.05178504513593362,0.46576015146004773,0.8833944704446496,-0.012797234791545898,0.8848182139480818,-0.4657606241916728,-0.9985762564180862,0.01281442849447286,0.05178079316117779,0.4845366522934525,0.5695360952864968,1.0
2,0.18048077710359844,-0.6479439140853879,0.5979927869931114,"[3, 1016, 1023, 1044, 1595, 1596, 2609, 2616, 2637]","[22, 23, 24, 25, 26, 27, 28, 29, 30]",[],0,0.20053419678177606,-0.7199376823170976,0.664436429992346,0.054735120831420216,-0.6689205206908667,-0.7413159943952576,0.978156481585977,0.1850272157779651,-0.09473556329487141,0.8221148230395512,0.9670493430102695,0.0
3,0.16266057685637592,-0.6313403056997616,0.6204441595628754,"[2, 4, 1023, 1029, 1044, 1045, 1595, 1596, 1597, 2616, 2622, 2637, 2638]","[31, 32, 33, 34, 35, 36, 37, 38, 39, 40, 41, 42]",[22],0,0.18073397428486213,-0.7014892285552907,0.6893823995143059,0.04329198989210364,-0.694571852218235,-0.7181195901222247,0.9825787674025838,0.15963334340617336,-0.09516386668576432,0.7903530466923333,0.9296881325216241,0.0
4,0.14509570455457796,-0.6143499685947585,0.6414993005510059,"[3, 5, 1029, 1034, 1045, 1046, 1596, 1597, 1598, 2622, 2627, 2638, 2639]","[43, 44, 45, 46, 47, 48, 49, 50, 51, 52, 53, 54]",[31],0,0.16121744950508662,-0.6826110762163984,0.7127770006122288,0.02973847695842923,-0.7185365140646424,-0.6948531506325814,0.9864707582910239,0.1332193551347636,-0.0955408104121475,0.7597637701191444,0.893706127351236,0.0
5,0.1278498719705406,-0.5970849753543647,0.6611686187677046,"[4, 6, 1034, 1038, 1046, 1047, 1597, 1598, 1599, 2627, 2631, 2639, 2640]","[55, 56, 57, 58, 59, 60, 61, 62, 63, 64, 65, 66]",[43],0,0.14205541330060065,-0.6634277503937385,0.7346317986307829,0.01411580273177227,-0.7407250554146348,-0.6716599857027543,0.9897580530944083,0.10578285441643946,-0.09585918863769481,0.7304046001761558,0.8591710901410773,0.0
6,0.11097744475726355,-0.5796504292678487,0.6794772892486894,"[5, 7, 1038, 1041, 1047, 1048, 1598, 1599, 1600, 2631, 2634, 2640, 2641]","[67, 68, 69, 70, 71, 72, 73, 74, 75, 76, 77, 78]",[55],0,0.12330827195251509,-0.644056032519832,0.7549747658318774,-0.0035190113030526228,-0.7610597315371361,-0.6486722605384564,0.9923621751293898,0.07732989077604682,-0.09611140080672582,0.7023200338212366,0.826135362428689,0.0
7,0.09452317518684342,-0.5621427759168932,0.6964631137662977,"[6, 8, 1041, 1043, 1048, 1049, 1599, 1600, 1601, 2634, 2636, 2641, 2642]","[79, 80, 81, 82, 83, 84, 85, 86, 87, 88, 89, 90]",[67],0,0.1050257502076038,-0.6246030843521035,0.7738479041847752,-0.02309424422499485,-0.7794734806143498,-0.6260093840371942,0.9942013114440187,0.047875672703262664,-0.09628952324216675,0.6755417043536233,0.7946361542976099,0.0
8,0.07787711924655416,-0.5439336524352514,0.712791228934746,"[0, 7, 9, 126, 1043, 1049, 1593, 1600, 1601, 1602, 1719, 2636, 2642]","[91, 92, 93, 94, 95, 96, 97, 98, 99, 100, 101]","[0, 79]",0,0.08653013249617128,-0.604370724928057,0.7919902543719397,-0.02912242082124129,-0.7961667622529027,-0.604376018128814,0.995823488764804,0.02923206345205313,-0.08649315401018492,0.6493001420781933,0.7632030845093181,1.0
9,0.08965936145913556,-0.5162339462693544,0.7317538599979568,"[0, 8, 10, 42, 1043, 1071, 1593, 1601, 1602, 1603, 1635, 2636, 2664]","[102, 103, 104, 105, 106, 107, 108, 109, 110, 111, 112]","[1, 91]",0,0.09962151273237284,-0.573593273632616,0.8130598444421743,-0.025824249769633212,-0.8183399125313252,-0.5741540696381578,0.9946902343567817,0.036201436458267594,-0.09633687598011853,0.6113451647349805,0.7191221023404728,0.0
10,0.11780923278619693,-0.5073979368933457,0.7339402688957081,"[9, 11, 1042, 1043, 1071, 1072, 1602, 1603, 1604, 2635, 2636, 2664, 2665]","[113, 114, 115, 116, 117, 118, 119, 120, 121, 122, 123, 124]",[102],0,0.1308991475402188,-0.5637754854370507,0.8154891876618978,0.020315499760742903,-0.8208687114046217,-0.5707554985336426,0.9911875168920941,0.09127847860878013,-0.09599763382579375,0.6018142220354825,0.7079109045643021,0.0
11,0.14567983236207221,-0.49806613295438373,0.735328167314992,"[10, 12, 1040, 1042, 1072, 1073, 1603, 1604, 1605, 2633, 2635, 2665, 2666]","[125, 126, 127, 128, 129, 130, 131, 132, 133, 134, 135, 136]",[113],0,0.16186648040230248,-0.5534068143937597,0.8170312970166578,0.06748830774755875,-0.8198030984668199,-0.5686547353725041,0.9845021944310446,0.14718620019129722,-0.09535015277232414,0.5937829535409779,0.6984637656689897,0.0
12,0.17430618697940486,-0.4878675401600868,0.7359365573463834,"[11, 13, 1037, 1040, 1073, 1074, 1604, 1605, 1606, 2630, 2633, 2666, 2667]","[137, 138, 139, 140, 141, 142, 143, 144, 145, 146, 147, 148]",[125],0,0.19367354108822768,-0.5420750446223188,0.8177072859404263,0.11706816565265192,-0.8147637655741664,-0.5678512577234712,0.974056263299544,0.2057052559005627,-0.09433845250911313,0.587066667264132,0.690563433441091,0.0
13,0.20361696868803741,-0.4767681915691,0.7356848656661525,"[12, 14, 1033, 1037, 1074, 1075, 1605, 1606, 1607, 2626, 2630, 2667, 2668]","[149, 150, 151, 152, 153, 154, 155, 156, 157, 158, 159, 160]",[137],0,0.2262410763200416,-0.5297424350767778,0.8174276285179473,0.16850285081350003,-0.8052505224554283,-0.5684878058085175,0.9593861394940372,0.2663541787999306,-0.09291763440026941,0.5818811570392861,0.6844637450331262,0.0
14,0.23352442221420577,-0.4647414819120947,0.7344941791598294,"[13, 15, 1028, 1033, 1075, 1076, 1606, 1607, 1608, 2621, 2626, 2668, 2669]","[161, 162, 163, 164, 165, 166, 167, 168, 169, 170, 171, 172]",[149],0,0.2594715802380064,-0.5163794243467719,0.8161046435109216,0.22106438355283828,-0.7908524161740598,-0.5706864236654446,0.9401090561063623,0.3284885781012001,-0.09105062703714017,0.5784394482950077,0.6804152811364632,0.0
15,0.2639246889935478,-0.4517697225366467,0.7322894757804596,"[14, 16, 1022, 1028, 1076, 1077, 1607, 1608, 1609, 2615, 2621, 2669, 2670]","[173, 174, 175, 176, 177, 178, 179, 180, 181, 182, 183, 184]",[161],0,0.29324965443727535,-0.5019663583740519,0.8136549730893995,0.27386391119234665,-0.7712995153989174,-0.574539481403868,0.9159711776681889,0.39131423767362217,-0.08871284616707345,0.5769416254366304,0.6786533999848934,0.0
16,0.29469831908691974,-0.43784576947093606,0.729002045870756,"[15, 17, 1015, 1022, 1077, 1078, 1608, 1609, 1610, 2608, 2615, 2670, 2671]","[185, 186, 187, 188, 189, 190, 191, 192, 193, 194, 195, 196]",[173],0,0.3274425767632442,-0.4864952994121512,0.810002273189729,0.3258880178588572,-0.7465111513085405,-0.5801018020899631,0.8868925294186845,0.45392006413230834,-0.08589654614388734,0.577563713235055,0.6793851585907497,0.0
17,0.3257113760010929,-0.42297452902329735,0.7245720442723377,"[16, 18, 1008, 1015, 1078, 1079, 1609, 1610, 1611, 2601, 2608, 2671, 2672]","[197, 198, 199, 200, 201, 202, 203, 204, 205, 206, 207, 208]",[185],0,0.36190152889010324,-0.4699716989147748,0.8050800491914863,0.3760565946276908,-0.7166312833749722,-0.5873849175160741,0.8529998364736249,0.5153311613976985,-0.08261400043859862,0.5804465338275767,0.6827762052935781,0.0
18,0.3568172327990013,-0.4071742159129621,0.7189510555478225,"[17, 19, 1001, 1008, 1079, 1080, 1610, 1611, 1612, 2594, 2601, 2672, 2673]","[209, 210, 211, 212, 213, 214, 215, 216, 217, 218, 219, 220]",[197],0,0.3964635919988903,-0.45241579545884675,0.7988345061642471,0.4232967966046694,-0.6820420765882571,-0.5963542803966476,0.8146388415755554,0.5745768475865671,-0.07889869462747948,0.5856858118537371,0.6889391404834753,0.0
19,0.38785906139608506,-0.3904772560106796,0.712104529568039,"[18, 20, 994, 1001, 1080, 1081, 1611, 1612, 1613, 2587, 2594, 2673, 2674]","[221, 222, 223, 224, 225, 226, 227, 228, 229, 230, 231, 232]",[209],0,0.43095451266231677,-0.43386361778964405,0.791227255075599,0.46662273006790733,-0.6433501692623474,-0.6069298044206446,0.7723609491681711,0.6307637599518465,-0.07480403285553117,0.593324818395827,0.6979248637069863,0.0
20,0.4186728966963269,-0.3729307749567376,0.7040139506160898,"[19, 21, 988, 994, 1081, 1082, 1612, 1613, 1614, 2581, 2587, 2674, 2675]","[233, 234, 235, 236, 237, 238, 239, 240, 241, 242, 243, 244]",[221],0,0.4651921074403631,-0.4143675277297083,0.7822377229067663,0.5052079467276777,-0.6013458980164931,-0.6189895326271208,0.7268846082690137,0.6831417590089972,-0.0703995977239601,0.6033505343830583,0.7097180606996079,0.0
21,0.4490907013517816,-0.35459690136206606,0.694678759934249,"[20, 22, 982, 988, 1082, 1083, 1613, 1614, 1615, 2575, 2581, 2675, 2676]","[245, 246, 247, 248, 249, 250, 251, 252, 253, 254, 255, 256]",[233],0,0.4989896681686463,-0.3939965570689624,0.7718652888158325,0.5384385861638792,-0.5569425757335975,-0.6323755658349467,0.6790384377859529,0.7311509285729112,-0.06576564191265072,0.6156935643660546,0.7242371019591746,0.0
22,0.4771696948089733,-0.3367149582204888,0.6847861850727466,"[21, 23, 976, 982, 1083, 1084, 1614, 1615, 1616, 2569, 2575, 2676, 2677]","[257, 258, 259, 260, 261, 262, 263, 264, 265, 266, 267, 268]",[245],0,0.5301885497877481,-0.37412773135609867,0.7608735389697184,0.5644542797757249,-0.5138819894931026,-0.6460005161897927,0.6326859155353725,0.7719804022803622,-0.06127634762465828,0.62929932453446,0.7402414860954022,0.0
23,0.5040574174743646,-0.31866315891119823,0.6740770809349703,"[22, 24, 971, 976, 1084, 1085, 1615, 1616, 1617, 2564, 2569, 2677, 2678]","[269, 270, 271, 272, 273, 274, 275, 276, 277, 278, 279, 280]",[257],0,0.5600637971937386,-0.3540701765679981,0.7489745343721893,0.5849164594672245,-0.471236931304558,-0.6601579280891733,0.5866866953641081,0.8078180888292674,-0.05682127104326723,0.64437310530133,0.757972695141588,0.0
24,0.5302211008641022,-0.30015362475909607,0.6623997174987588,"[23, 25, 966, 971, 1085, 1086, 1616, 1617, 1618, 2559, 2564, 2678, 2679]","[281, 282, 283, 284, 285, 286, 287, 288, 289, 290, 291, 292]",[269],0,0.5891345565156691,-0.33350402751010677,0.735999686109732,0.6004673997470635,-0.4288085962709553,-0.6749533980988117,0.5407026689041641,0.839582188590653,-0.0523676659900289,0.6610231607466979,0.7775580678027899,0.0
25,0.5560763293363653,-0.280865825954637,0.6495332968852434,"[24, 26, 962, 966, 1086, 1087, 1617, 1618, 1619, 2555, 2559, 2679, 2680]","[293, 294, 295, 296, 297, 298, 299, 300, 301, 302, 303, 304]",[281],0,0.617862588151517,-0.3120731399495967,0.721703663205826,0.611471411348646,-0.3863300590528278,-0.690544566683088,0.49431623002487385,0.8679628107207349,-0.047875086838125164,0.6794722697837348,0.7992596577430227,0.0
26,0.5825147538890183,-0.2600162035779692,0.6348764725350254,"[25, 27, 959, 962, 1087, 1088, 1618, 1619, 1620, 2552, 2555, 2680, 2681]","[305, 306, 307, 308, 309, 310, 311, 312, 313, 314, 315, 316]",[293],0,0.6472386154322424,-0.2889068928644101,0.7054183028166948,0.618113800919032,-0.34266182088659203,-0.7074731130015559,0.4461137789922892,0.8939327065065453,-0.04320662485200072,0.7004894545401031,0.823982061646928,0.0
27,0.6077443158825968,-0.23893936643673588,0.6193180327418263,"[26, 28, 957, 959, 1088, 1089, 1619, 1620, 1621, 2550, 2552, 2681, 2682]","[317, 318, 319, 320, 321, 322, 323, 324, 325, 326, 327, 328]",[305],0,0.6752714620917742,-0.26548818492970655,0.6881311474909181,0.619989564334316,-0.30105595423516107,-0.7245538299782162,0.3995264604515985,0.915904654471352,-0.038694590277334434,0.7227002222832888,0.8501084709414214,0.0
28,0.6316782233351559,-0.21774880614949085,0.6029660683526168,"[27, 29, 957, 1089, 1090, 1620, 1621, 1622, 2550, 2682, 2683]","[329, 330, 331, 332, 333, 334, 335, 336, 337, 338]",[317],0,0.7018646925946177,-0.24194311794387874,0.6699622981695742,0.6176197173780877,-0.2618713886388349,-0.7415991238655688,0.354868761649816,0.9342841663498118,-0.03436944156024979,0.745863995458712,0.8773558955141982,0.0
29,0.6542522169908898,-0.1965546820048765,0.5859354004875177,"[28, 1090, 1091, 1621, 1622, 2683, 2684]","[339, 340, 341, 342, 343, 344]",[329],0,0.7269469077676552,-0.21839409111652944,0.6510393338750197,0.6115471489480105,-0.22533843293715802,-0.7584409504074695,0.3123432053056442,0.9494875521073518,-0.03025079325547056,0.7697496035163227,0.9054524106629125,0.0
30,-0.19598220385958037,0.647693156714173,0.5933671296221013,"[31, 279, 291, 357, 1623, 1624, 1872, 1884, 1950]","[345, 346, 347, 348, 349, 350, 351, 352, 353]",[],0,-0.21775800428842265,0.7196590630157479,0.6592968106912236,-0.0694085787140984,0.6623782104570828,-0.7459474214129044,-0.9735316639787387,-0.20819687637178488,-0.09428764447062832,0.8268211321479835,0.972585349665016,0.0
31,-0.17438241186302544,0.6311163124921676,0.6174811531853607,"[30, 32, 291, 302, 357, 358, 1623, 1624, 1625, 1884, 1895, 1950, 1951]","[354, 355, 356, 357, 358, 359, 360, 361, 362, 363, 364, 365]",[345],0,-0.19375823540336162,0.7012403472135196,0.6860901702059563,-0.05548084034368712,0.6903917112964505,-0.7213051790524707,-0.9794792609178276,-0.1778236778750823,-0.09486367597160233,0.7931936263543242,0.9330294914400054,0.0
32,-0.15277899108402498,0.6137400433432476,0.6402981642019411,"[31, 33, 302, 312, 358, 359, 1624, 1625, 1626, 1895, 1905, 1951, 1952]","[366, 367, 368, 369, 370, 371, 372, 373, 374, 375, 376, 377]",[354],0,-0.16975443453780553,0.6819333814924974,0.7114424046688235,-0.038570419353859076,0.7167694899437534,-0.6962426452298357,-0.9847313109196931,-0.14563090843629115,-0.09537234296379236,0.760497300757153,0.8945689755832403,0.0
33,-0.1312795025136273,0.595684512277104,0.661759513760825,"[32, 34, 312, 321, 359, 360, 1625, 1626, 1627, 1905, 1914, 1952, 1953]","[378, 379, 380, 381, 382, 383, 384, 385, 386, 387, 388, 389]",[366],0,-0.14586611390403034,0.6618716803078932,0.7352883486231389,-0.018625555372952934,0.7412687445155237,-0.6709498767355337,-0.9891289933580885,-0.11156400499616786,-0.09579826348963488,0.7288731820283401,0.8573696910272117,0.0
34,-0.1099848080491371,0.5770733925513409,0.6818281613483567,"[33, 35, 321, 329, 360, 361, 1626, 1627, 1628, 1914, 1922, 1953, 1954]","[390, 391, 392, 393, 394, 395, 396, 397, 398, 399, 400, 401]",[378],0,-0.122205342276819,0.6411926583903788,0.7575868459426185,0.0043705953753352,0.7636482209624201,-0.6456177603791547,-0.9924952152101645,-0.07558683382183634,-0.09612428588925634,0.6984510727899363,0.8215843239136332,0.0
35,-0.088987278801139,0.5580306758593309,0.700487707966062,"[34, 36, 329, 336, 361, 362, 1627, 1628, 1629, 1922, 1929, 1954, 1955]","[402, 403, 404, 405, 406, 407, 408, 409, 410, 411, 412, 413]",[390],0,-0.09887475422348778,0.6200340842881454,0.7783196755178466,0.030395880859949636,0.783669178252562,-0.6204342910282296,-0.9946355480295246,-0.03768757590924496,-0.09633157954737513,0.6693481075128487,0.7873506589046465,0.0
36,-0.06836942019127004,0.5386777297884826,0.7177408486442974,"[35, 37, 336, 342, 362, 363, 1628, 1629, 1630, 1929, 1935, 1955, 1956]","[414, 415, 416, 417, 418, 419, 420, 421, 422, 423, 424, 425]",[402],0,-0.0759660224347445,0.5985308108760917,0.7974898318269972,0.02525469233005419,0.8006992987052614,-0.5985339034409138,-0.996790531631776,-0.025327879597610188,-0.07594165236766162,0.6419056657727376,0.7545114382906802,1.0
37,-0.04820297668438437,0.5191307553719207,0.7336073417474391,"[36, 38, 342, 347, 363, 364, 1629, 1630, 1631, 1935, 1940, 1956, 1957]","[426, 427, 428, 429, 430, 431, 432, 433, 434, 435, 436, 437]",[414],0,-0.0535588629826493,0.5768119504132452,0.8151192686082657,0.017006588293407048,0.8166994047837779,-0.5768126716538409,-0.9984198636598857,-0.017031033036520093,-0.05355109488222078,0.6149229920480024,0.7227953512602443,1.0
38,-0.02854849778631917,0.49949871754525943,0.7481216575161996,"[37, 39, 347, 351, 364, 365, 1630, 1631, 1632, 1940, 1944, 1957, 1958]","[438, 439, 440, 441, 442, 443, 444, 445, 446, 447, 448, 449]",[426],0,-0.03172055309591019,0.5549985750502883,0.8312462861291107,0.00961095493706448,0.831795719032735,-0.5549986588668596,-0.9994505670899823,-0.009615793829156076,-0.03171908656547198,0.5883921007258783,0.69161030018815,1.0
39,-0.009455285340576328,0.47988174324952215,0.761330486763093,"[38, 40, 351, 354, 365, 366, 1631, 1632, 1633, 1944, 1947, 1958, 1959]","[450, 451, 452, 453, 454, 455, 456, 457, 458, 459, 460, 461]",[438],0,-0.010505872600640365,0.5332019369439135,0.8459227630701034,0.00303457125089554,0.8459825558485726,-0.533201937897116,-0.9999402072215231,-0.003034738732671002,-0.010505824222881044,0.5623838221641955,0.6610395407893886,1.0
40,0.009038556197253873,0.46036974506983663,0.7732903738740079,"[39, 41, 354, 356, 366, 367, 1632, 1633, 1634, 1947, 1949, 1959, 1960]","[462, 463, 464, 465, 466, 467, 468, 469, 470, 471, 472, 473]",[450],0,0.01004284021917097,0.5115219389664851,0.8592115265266754,-0.002762995866454165,0.8592657743909985,-0.5115219397191872,-0.9999457521356719,0.002763135212997225,0.010042801880976027,0.5369573304394915,0.6311526277041182,1.0
41,0.027623728000316202,0.4402549978034188,0.7844822920630371,"[1, 40, 137, 138, 356, 367, 1594, 1633, 1634, 1730, 1731, 1949, 1960]","[474, 475, 476, 477, 478, 479, 480, 481, 482, 483, 484]","[11, 462]",0,0.030693031111462446,0.4891722197815765,0.8716469911811523,-0.0080198882835625,0.8721503082248048,-0.4891722817733003,-0.9994966829525298,0.008023668571356751,0.03069204309828602,0.5111584693203969,0.6008280226302611,1.0
42,0.06145640222112379,-0.49981903323566884,0.7459249591221606,"[0, 9, 43, 93, 956, 1071, 1593, 1602, 1635, 1636, 1686, 2549, 2664]","[485, 486, 487, 488, 489, 490, 491, 492, 493, 494, 495]","[2, 103]",0,0.06828489135680421,-0.5553544813729654,0.828805510135734,-0.020709688039057816,-0.8313546172522105,-0.5553562903170859,0.9974508922416754,0.020758140388656806,-0.0682701777783716,0.5889330945435439,0.692246197400526,1.0
43,0.06206978001995993,-0.47495601255549624,0.7619475891067949,"[42, 44, 954, 956, 1071, 1092, 1635, 1636, 1637, 2547, 2549, 2664, 2685]","[496, 497, 498, 499, 500, 501, 502, 503, 504, 505, 506, 507]",[485],0,0.06896642224439992,-0.5277289028394403,0.8466084323408832,-0.019684040634501555,-0.849183662075349,-0.5277306572567099,0.9974247696679218,0.019731020555971337,-0.0689529961692268,0.5560455892347691,0.6535894285707251,1.0
44,0.06261329838477794,-0.44971908115248543,0.7770664855163572,"[43, 45, 951, 954, 1092, 1113, 1636, 1637, 1638, 2544, 2547, 2685, 2706]","[508, 509, 510, 511, 512, 513, 514, 515, 516, 517, 518, 519]",[496],0,0.06957033153864216,-0.49968786794720604,0.8634072061292858,-0.018631630747971896,-0.8660041620185303,-0.4996895573276018,0.9974030435612651,0.018676883919939682,-0.06955819651030681,0.5233390368855196,0.6151453562242777,1.0
45,0.06310447045517896,-0.42314502325904085,0.791811919018448,"[44, 46, 947, 951, 1113, 1135, 1637, 1638, 1639, 2540, 2544, 2706, 2728]","[520, 521, 522, 523, 524, 525, 526, 527, 528, 529, 530, 531]",[508],0,0.07011607828353218,-0.47016113695448986,0.8797910211316089,-0.01751405154561946,-0.8824059427615212,-0.470162748606914,0.9973850778734334,0.017557262793850864,-0.07010527054788881,0.489555470902163,0.5754353360143687,1.0
46,0.06353558204412073,-0.3952368969275495,0.8060713523760763,"[45, 47, 942, 947, 1135, 1157, 1638, 1639, 1640, 2535, 2540, 2728, 2750]","[532, 533, 534, 535, 536, 537, 538, 539, 540, 541, 542, 543]",[520],0,0.07059509116013414,-0.4391521076972772,0.8956348359734181,-0.016332912977497796,-0.8982635059584548,-0.43915362894651605,0.9973713295747787,0.01637376463321367,-0.07058562724786319,0.454720227541393,0.5344891487896465,1.0
47,0.06389880206343876,-0.36601461500562343,0.8197257130877027,"[46, 48, 936, 942, 1157, 1179, 1639, 1640, 1641, 2529, 2535, 2750, 2772]","[544, 545, 546, 547, 548, 549, 550, 551, 552, 553, 554, 555]",[532],0,0.0709986689593764,-0.4066829055618038,0.9108063478752253,-0.015090941076123462,-0.9134441001115116,-0.40668432410028776,0.9973622473822809,0.01512912077021984,-0.07099054304121255,0.41887115373840655,0.49235128075273094,1.0
48,0.06418637066399241,-0.33551642098752216,0.8326516925273787,"[47, 49, 929, 936, 1179, 1201, 1640, 1641, 1642, 2522, 2529, 2772, 2794]","[556, 557, 558, 559, 560, 561, 562, 563, 564, 565, 566, 567]",[544],0,0.07131818962665823,-0.37279602331946904,0.925168547252643,-0.013792050065277693,-0.9278102887388726,-0.3727973275994429,0.9973582581917957,0.013827259579519814,-0.07131137152760199,0.3820588535982455,0.4490812131920953,1.0
49,0.06439080590812395,-0.3038003394176596,0.8447243206420763,"[48, 50, 921, 929, 1201, 1223, 1641, 1642, 1643, 2514, 2522, 2794, 2816]","[568, 569, 570, 571, 572, 573, 574, 575, 576, 577, 578, 579]",[556],0,0.07154533989791549,-0.3375559326862884,0.9385825784911959,-0.012441395960521795,-0.9412228256782422,-0.33755711233629593,0.9973597525494227,0.012473360836402641,-0.07153977400019966,0.3443471191011003,0.4047539287434935,1.0
50,0.06450513031787959,-0.27094517031094856,0.8558199593651953,"[49, 51, 912, 921, 1223, 1244, 1642, 1643, 1644, 2505, 2514, 2816, 2837]","[580, 581, 582, 583, 584, 585, 586, 587, 588, 589, 590, 591]",[568],0,0.0716723670198662,-0.3010501892343873,0.9509110659613281,-0.01104539082142468,-0.9535439963415109,-0.3010512354777214,0.997367069411945,0.011073870280983002,-0.07166797227233639,0.30581310115469706,0.3594601124490706,1.0
51,0.06452310915477431,-0.23705084058252449,0.8658196505994303,"[50, 52, 902, 912, 1244, 1264, 1643, 1644, 1645, 2495, 2505, 2837, 2857]","[592, 593, 594, 595, 596, 597, 598, 599, 600, 601, 602, 603]",[580],0,0.07169234350530479,-0.26338982286947166,0.962021833999367,-0.009611667756018754,-0.964641352919939,-0.2633907289175867,0.9973804809227346,0.0096364643712345,-0.0716890147006962,0.266547104541756,0.31330591073364866,1.0
52,0.0644394887412366,-0.2022379966578609,0.874612682848004,"[51, 53, 891, 902, 1264, 1283, 1644, 1645, 1646, 2484, 2495, 2857, 2876]","[604, 605, 606, 607, 608, 609, 610, 611, 612, 613, 614, 615]",[592],0,0.07159943193470733,-0.224708885175401,0.9717918698311155,-0.00814899118930958,-0.9743916916119477,-0.22470964656686046,0.997400178107676,0.008169959659339624,-0.0715970423267679,0.22665196735329374,0.26641220197562715,1.0
53,0.06425022176486057,-0.1666468408110967,0.8821001867423266,"[52, 54, 879, 891, 1283, 1301, 1645, 1646, 1647, 2472, 2484, 2876, 2894]","[616, 617, 618, 619, 620, 621, 622, 623, 624, 625, 626, 627]",[604],0,0.07138913529428953,-0.18516315645677411,0.980111318602585,-0.006667113618964867,-0.982685060123075,-0.1851637713131273,0.9974262584060665,0.006684168001516823,-0.07138754051094671,0.18624209646998996,0.218913462788463,1.0
54,0.0639526723507785,-0.13043576994803496,0.8881984944916634,"[53, 55, 866, 879, 1301, 1318, 1646, 1647, 1648, 2459, 2472, 2894, 2911]","[628, 629, 630, 631, 632, 633, 634, 635, 636, 637, 638, 639]",[616],0,0.07105852483419833,-0.1449286332755944,0.9868872161018483,-0.005176604534871921,-0.9894285007154532,-0.14492910245171556,0.997458715343085,0.005189723387483351,-0.0710575679099999,0.14544281644074508,0.17095700267678596,1.0
55,0.06357331492698086,-0.09599026867586641,0.8926053450146542,"[54, 56, 852, 866, 1318, 1334, 1647, 1648, 1649, 2445, 2459, 2911, 2927]","[640, 641, 642, 643, 644, 645, 646, 647, 648, 649, 650, 651]",[628],0,0.0706370165855343,-0.10665585408429604,0.9917837166829493,-0.0037777269199776157,-0.9942887840080852,-0.10665618957679644,0.9974949326523987,0.0037871869867774307,-0.07063651001793729,0.10685987562042105,0.1256056812535949,1.0
56,0.06310856191283024,-0.06201856160985561,0.8956399987880952,"[55, 57, 837, 852, 1334, 1349, 1648, 1649, 1650, 2430, 2445, 2927, 2942]","[652, 653, 654, 655, 656, 657, 658, 659, 660, 661, 662, 663]",[640],0,0.07012062434758914,-0.06890951289983957,0.9951555542089947,-0.0024188710857898648,-0.9976199673141778,-0.06890972267197956,0.997535586885889,0.0024248397814391003,-0.07012041819798091,0.06896436921566429,0.08106238686190817,1.0
57,0.06255315835794584,-0.027957769703768315,0.8973881353643122,"[56, 58, 821, 837, 1349, 1363, 1649, 1650, 1651, 2414, 2430, 2942, 2956]","[664, 665, 666, 667, 668, 669, 670, 671, 672, 673, 674, 675]",[652],0,0.0695035092866065,-0.03106418855974257,0.997097928182569,-0.0010797962510794065,-0.9995168055462564,-0.031064279657879848,0.997581122634597,0.001082413844872612,-0.06950346857075312,0.031069205010181948,0.03651949469952163,1.0
58,0.06189538302903299,0.0067613406870125885,0.897843664471607,"[57, 59, 804, 821, 1363, 1376, 1650, 1651, 1652, 2397, 2414, 2956, 2969]","[676, 677, 678, 679, 680, 681, 682, 683, 684, 685, 686, 687]",[664],0,0.06877264781003666,0.007512600763347321,0.9976040716351189,-0.00025833437697613985,0.9999717464888582,-0.0075126218707076,-0.9976323251461665,0.00025894747172943366,0.06877264550430318,0.007512671684503918,0.008830575924667999,1.0
59,0.061099610700484835,0.04346202924345376,0.896871166660123,"[58, 60, 786, 804, 1376, 1388, 1651, 1652, 1653, 2379, 2397, 2969, 2981]","[688, 689, 690, 691, 692, 693, 694, 695, 696, 697, 698, 699]",[676],0,0.06788845633387205,0.04829114360383753,0.9965235185112481,-0.0016401646028497633,0.9988319492555646,-0.04829127256973747,-0.9976915692520809,0.0016439573481882854,0.06788836459628285,0.04830999809613148,0.05678473970696689,1.0
60,0.060211186355336184,0.0797402667323271,0.8944361927488961,"[59, 61, 767, 786, 1388, 1399, 1652, 1653, 1654, 2360, 2379, 2981, 2992]","[700, 701, 702, 703, 704, 705, 706, 707, 708, 709, 710, 711]",[688],0,0.06690131817259576,0.08860029636925235,0.9938179919432178,-0.002969590800765892,0.996062813966428,-0.08860052010996745,-0.9977551779656395,0.00297625881962419,0.06690102186210233,0.0887170206508662,0.10428013089986964,1.0
61,0.05923764613093975,0.11542765992486671,0.8905994366746113,"[60, 62, 747, 767, 1399, 1409, 1653, 1654, 1655, 2340, 2360, 2992, 3002]","[712, 713, 714, 715, 716, 717, 718, 719, 720, 721, 722, 723]",[700],0,0.06581960681215528,0.12825295547207413,0.9895549296384569,-0.0042383190469661575,0.991732392283594,-0.12825326018123584,-0.9978225373335428,0.004247529651200066,0.06581901306699128,0.1286083520175816,0.1511693662030002,1.0
62,0.058187425999475684,0.15037173887150704,0.8854391924939369,"[61, 63, 726, 747, 1409, 1418, 1654, 1655, 1656, 2319, 2340, 3002, 3011]","[724, 725, 726, 727, 728, 729, 730, 731, 732, 733, 734, 735]",[712],0,0.06465269555497298,0.16707970985723003,0.9838213249932631,-0.005439387863009914,0.985928323673698,-0.167080081510776,-0.9978930012867872,0.005450791868677582,0.06465173509545309,0.16786951382266194,0.19731788496837607,1.0
63,0.05706960912738826,0.1844377679262798,0.8790482179473541,"[62, 64, 704, 726, 1418, 1426, 1655, 1656, 1657, 2297, 2319, 3011, 3019]","[736, 737, 738, 739, 740, 741, 742, 743, 744, 745, 746, 747]",[724],0,0.06341067680820918,0.204930853251422,0.9767202421637268,-0.006567235802622417,0.9787543321401532,-0.20493127806851694,-0.9979659099792126,0.00658047889801231,0.06340930386650857,0.20639759401958674,0.2426047218885107,1.0
64,0.05589365841109623,0.21751039366601527,0.8715303365900001,"[63, 65, 681, 704, 1426, 1433, 1656, 1657, 1658, 2274, 2297, 3019, 3026]","[748, 749, 750, 751, 752, 753, 754, 755, 756, 757, 758, 759]",[736],0,0.06210406490121804,0.24167821518446142,0.9683670406555557,-0.007617733386650571,0.9703264325784816,-0.24167868002280887,-0.9980406080219358,0.007632466493243392,0.06210225595285818,0.24410221758083667,0.28692364797114694,1.0
65,0.0546691586261491,0.24949453988271078,0.8629969627199295,"[64, 66, 657, 681, 1433, 1439, 1657, 1658, 1659, 2250, 2274, 3026, 3032]","[760, 761, 762, 763, 764, 765, 766, 767, 768, 769, 770, 771]",[748],0,0.06074350958461011,0.2772161554252342,0.9588855141332551,-0.008588160886228269,0.9607690531606089,-0.27721664809578006,-0.9981164609082134,0.0086040490537694,0.060741261132311805,0.28090617261895445,0.3301839064970893,1.0
66,0.053405581716885905,0.28031552097451,0.8535637366607547,"[65, 67, 632, 657, 1439, 1444, 1658, 1659, 1660, 2225, 2250, 3032, 3037]","[772, 773, 774, 775, 776, 777, 778, 779, 780, 781, 782, 783]",[760],0,0.05933953524098434,0.3114616899716778,0.948404151845283,-0.009477136761312044,0.9502112829168496,-0.31146219946619863,-0.9981928688566111,0.009493866309425088,0.05933686094079631,0.31674561995925865,0.3723104593570383,1.0
67,0.05211208374044148,0.30991846970952236,0.8433474212097509,"[66, 68, 606, 632, 1444, 1448, 1659, 1660, 1661, 2199, 2225, 3037, 3041]","[784, 785, 786, 787, 788, 789, 790, 791, 792, 793, 794, 795]",[772],0,0.0579023152671572,0.3443538552328026,0.9370526902330566,-0.0102845068236721,0.9387834124527332,-0.34435437186566253,-0.9982692777032138,0.010301790616547311,0.05789924268931538,0.351569925316614,0.4132437897881093,1.0
68,0.05079733616065103,0.3382672557173953,0.8324631489431855,"[67, 69, 580, 606, 1448, 1451, 1660, 1661, 1662, 2173, 2199, 3041, 3044]","[796, 797, 798, 799, 800, 801, 802, 803, 804, 805, 806, 807]",[784],0,0.05644148462294559,0.37585250635266143,0.9249590543813172,-0.011011206503886766,0.9266138674318384,-0.37585302182414315,-0.9983451868691943,0.011028787396342495,0.05643805191251482,0.3853412304128586,0.452939398254887,1.0
69,0.04946937700323095,0.36534334080251185,0.8210219388482696,"[68, 70, 554, 580, 1451, 1453, 1661, 1662, 1663, 2147, 2173, 3044, 3046]","[808, 809, 810, 811, 812, 813, 814, 815, 816, 817, 818, 819]",[796],0,0.05496597444803441,0.4059370453361244,0.9122465987202998,-0.011659113713935965,0.9138264432331004,-0.4059375527286765,-0.998420155405721,0.011676766321150766,0.05496222710096181,0.4180342067634827,0.4913675130443362,1.0
70,0.04808085010254507,0.39217368962614185,0.8086334330328144,"[1, 69, 71, 138, 554, 1453, 1594, 1662, 1663, 1664, 1731, 2147, 3046]","[820, 821, 822, 823, 824, 825, 826, 827, 828, 829, 830]","[12, 808]",0,0.05342316678060564,0.4357485440290465,0.8984815922586827,-0.012252724077801383,0.8999848039988068,-0.43574903708889895,-0.9984967881790131,0.012270246443959272,0.053419144961330524,0.4509062112077154,0.5300060617832045,1.0
71,0.07575171016057111,0.411243561981527,0.7969569694384351,"[1, 70, 72, 137, 431, 1453, 1594, 1663, 1664, 1665, 1730, 2024, 3046]","[831, 832, 833, 834, 835, 836, 837, 838, 839, 840, 841]","[13, 820]",0,0.08416856684507901,0.45693729109058556,0.8855077438204835,-0.020359252289299037,0.8892642213929515,-0.45694052719868106,-0.9962435210336207,0.020431753747178625,0.08415099665095188,0.47465621728997465,0.5579223931135502,1.0
72,0.1041572054750289,0.40303244429128804,0.797944938824868,"[71, 73, 431, 441, 1452, 1453, 1664, 1665, 1666, 2024, 2034, 3045, 3046]","[842, 843, 844, 845, 846, 847, 848, 849, 850, 851, 852, 853]",[831],0,0.11573022830558766,0.4478138269903201,0.8866054875831868,0.015642295462900548,0.8916708042691421,-0.4524140751641933,-0.9931575065662988,0.06622652920321859,0.09618842955733997,0.46542106032572067,0.5474723457084266,0.0
73,0.13229667166630404,0.39443399292333625,0.7980723124457907,"[72, 74, 441, 451, 1450, 1452, 1665, 1666, 1667, 2034, 2044, 3043, 3045]","[854, 855, 856, 857, 858, 859, 860, 861, 862, 863, 864, 865]",[842],0,0.14699630185144894,0.43825999213704026,0.8867470138286563,0.08006212846847907,0.8882722851505682,-0.4522857537204598,-0.985891547193247,0.13747918651719288,0.09548471316119889,0.4583414114349451,0.5391445919486109,0.0
74,0.1612157813413271,0.3851092510002527,0.7973081817218044,"[73, 75, 451, 461, 1447, 1450, 1666, 1667, 1668, 2044, 2054, 3040, 3043]","[866, 867, 868, 869, 870, 871, 872, 873, 874, 875, 876, 877]",[854],0,0.1791286459348079,0.42789916777805853,0.8858979796908938,0.1476335516766741,0.8785751413738419,-0.4542136670987177,-0.9726855928946894,0.21215094431743364,0.09420570152771086,0.4532240550154906,0.5331250725035215,0.0
75,0.19084408289848465,0.375033743275965,0.7955678647526269,"[74, 76, 461, 470, 1443, 1447, 1667, 1668, 1669, 2054, 2063, 3036, 3040]","[878, 879, 880, 881, 882, 883, 884, 885, 886, 887, 888, 889]",[866],0,0.21204898099831626,0.4167041591955167,0.8839642941695854,0.21710735866451694,0.8618430805610097,-0.4583567380358077,-0.952837669527865,0.289109232295108,0.09228340766595487,0.45036354147043434,0.5297602654633186,0.0
76,0.2210944886008007,0.36418955813166254,0.7927693188174066,"[75, 77, 470, 479, 1438, 1443, 1668, 1669, 1670, 2063, 2072, 3031, 3036]","[890, 891, 892, 893, 894, 895, 896, 897, 898, 899, 900, 901]",[878],0,0.24566054288977854,0.40465506459073614,0.8808547986860074,0.2869038983995588,0.8376355249535374,-0.4648148883361499,-0.9259249703675969,0.3669073534788845,0.08967688226564316,0.45002998832202035,0.5293679086489259,0.0
77,0.25186355674975786,0.35256658414868675,0.7888355674810109,"[76, 78, 479, 488, 1432, 1438, 1669, 1670, 1671, 2072, 2081, 3025, 3031]","[902, 903, 904, 905, 906, 907, 908, 909, 910, 911, 912, 913]",[890],0,0.27984839638861986,0.3917406490540964,0.8764839638677899,0.3552166869610049,0.8059200972918997,-0.4736178861545058,-0.8919114195609145,0.44388293576087184,0.0863826313395488,0.4524487291583543,0.5322130607750497,0.0
78,0.28303195987578816,0.3401637980120317,0.7836973269132032,"[77, 79, 488, 496, 1425, 1432, 1670, 1671, 1672, 2081, 2089, 3018, 3025]","[914, 915, 916, 917, 918, 919, 920, 921, 922, 923, 924, 925]",[902],0,0.3144799554175424,0.37795977556892413,0.8707748076813369,0.42017357063677085,0.7671371320026279,-0.4847213542243927,-0.8512088628409171,0.5183117100304326,0.08244054261346037,0.4577814587491855,0.5384859225490268,0.0
79,0.31446554949656497,0.3269904306042064,0.7772957458220772,"[78, 80, 496, 504, 1417, 1425, 1671, 1672, 1673, 2089, 2097, 3010, 3018]","[926, 927, 928, 929, 930, 931, 932, 933, 934, 935, 936, 937]",[914],0,0.3494061661072944,0.3633227006713405,0.863661939802308,0.48002751903042984,0.722190463192378,-0.4980105579678696,-0.804666957231184,0.5885894579848181,0.07793290633260089,0.4661120224504702,0.5482851208221432,0.0
80,0.3460171192665728,0.31306690696572304,0.7695851252053783,"[79, 81, 504, 511, 1408, 1417, 1672, 1673, 1674, 2097, 2104, 3001, 3010]","[938, 939, 940, 941, 942, 943, 944, 945, 946, 947, 948, 949]",[926],0,0.38446346585174757,0.34785211885080336,0.8550945835615313,0.53333429547846,0.6723591154546629,-0.5133105776540339,-0.75348680989899,0.653400431034469,0.07297605108673222,0.47743943870961386,0.5616095009992438,0.0
81,0.37752887133419033,0.29842547333464003,0.7605354614836369,"[80, 82, 511, 518, 1398, 1408, 1673, 1674, 1675, 2104, 2111, 2991, 3001]","[950, 951, 952, 953, 954, 955, 956, 957, 958, 959, 960, 961]",[938],0,0.41947652370465593,0.33158385926071116,0.8450394016484855,0.5790761874022283,0.6191498451109496,-0.5304000739845222,-0.6990781181272638,0.7118325741189849,0.06770650765460764,0.4916792063165856,0.5783596647513435,0.0
82,0.40883546907813295,0.2831104687479088,0.7501346690488333,"[81, 83, 518, 524, 1387, 1398, 1674, 1675, 1676, 2111, 2117, 2980, 2991]","[962, 963, 964, 965, 966, 967, 968, 969, 970, 971, 972, 973]",[950],0,0.4542616323090366,0.3145671874976764,0.8334829656098147,0.6167092402099374,0.5641281153375984,-0.549025666545136,-0.6428966343445978,0.7634179419135045,0.062265267308008965,0.5086720561971587,0.5983482647039924,0.0
83,0.4397670954820703,0.26717844763921106,0.738390532745623,"[82, 84, 524, 530, 1375, 1387, 1675, 1676, 1677, 2117, 2123, 2968, 2980]","[974, 975, 976, 977, 978, 979, 980, 981, 982, 983, 984, 985]",[962],0,0.48863010609118923,0.29686494182134565,0.8204339252729145,0.6461361718053382,0.5087674169060823,-0.5689145480469407,-0.5863008331104906,0.8081008116640656,0.05678389984690055,0.5281975513298297,0.6213160019480285,0.0
84,0.46834630409266015,0.25170189666091386,0.7261528039331971,"[83, 85, 530, 535, 1362, 1375, 1676, 1677, 1678, 2123, 2128, 2955, 2968]","[986, 987, 988, 989, 990, 991, 992, 993, 994, 995, 996, 997]",[974],0,0.5203847823251779,0.2796687740676821,0.8068364488146635,0.6665522122277757,0.4575649455103124,-0.5885086821911832,-0.5337675774142108,0.8440495823419527,0.051695994523172334,0.5486222007483895,0.64534140965009,0.0
85,0.49573813003789613,0.2361359093393622,0.7130803171782282,"[84, 86, 535, 540, 1348, 1362, 1677, 1678, 1679, 2128, 2133, 2941, 2955]","[998, 999, 1000, 1001, 1002, 1003, 1004, 1005, 1006, 1007, 1008, 1009]",[986],0,0.5508201444865513,0.26237323259929135,0.7923114635313646,0.6801766229315627,0.40903760960160473,-0.6083157038486018,-0.48369094476248925,0.8739842794620525,0.046846015924166096,0.5703343465456046,0.6708812925716875,0.0
86,0.5224178667168238,0.2202307311502092,0.6989835460095517,"[85, 87, 540, 544, 1333, 1348, 1678, 1679, 1680, 2133, 2137, 2926, 2941]","[1010, 1011, 1012, 1013, 1014, 1015, 1016, 1017, 1018, 1019, 1020, 1021]",[998],0,0.5804642963520266,0.2447008123891214,0.7766483844550577,0.6880406037302662,0.3627146135351116,-0.6285206732849488,-0.43550123797646956,0.8991994336876435,0.042178788232758085,0.5935004626587521,0.6981314731297884,0.0
87,0.5488100127883982,0.20371241241159313,0.6835998997166742,"[86, 88, 544, 547, 1317, 1333, 1679, 1680, 1681, 2137, 2140, 2910, 2926]","[1022, 1023, 1024, 1025, 1026, 1027, 1028, 1029, 1030, 1031, 1032, 1033]",[1010],0,0.6097889030982204,0.2263471249017702,0.7595554441296383,0.6907528006609998,0.3181220079481756,-0.6493527211292842,-0.38861042450924327,0.920633133831128,0.03763735983065847,0.6184093807476693,0.7274317024869534,0.0
88,0.5758279373351989,0.18591617007212694,0.6662262110499724,"[87, 89, 547, 550, 1300, 1317, 1680, 1681, 1682, 2140, 2143, 2893, 2910]","[1034, 1035, 1036, 1037, 1038, 1039, 1040, 1041, 1042, 1043, 1044, 1045]",[1022],0,0.6398088192613322,0.20657352230236325,0.7402513456110804,0.6884749260918007,0.2739863058197024,-0.6715160313545477,-0.3415361634414568,0.9392863695949536,0.03307816432063557,0.6460279194045229,0.75991924426885,0.0
89,0.6016424282066017,0.1679850995183961,0.647925454756532,"[88, 90, 550, 552, 1282, 1300, 1681, 1682, 1683, 2143, 2145, 2875, 2893]","[1046, 1047, 1048, 1049, 1050, 1051, 1052, 1053, 1054, 1055, 1056, 1057]",[1034],0,0.6684915868962241,0.18665011057599568,0.7199171719517021,0.6816352743919445,0.23341841826793144,-0.6934617471194178,-0.2974766393409512,0.9542942828264588,0.02881094950098048,0.6745198407783549,0.7934341415477901,0.0
90,0.6261635728265614,0.1500138162218034,0.6288203519349915,"[89, 91, 552, 553, 1263, 1282, 1682, 1683, 1684, 2145, 2146, 2856, 2875]","[1058, 1059, 1060, 1061, 1062, 1063, 1064, 1065, 1066, 1067, 1068, 1069]",[1046],0,0.6957373031406238,0.166682018024226,0.6986892799277684,0.670964509014771,0.19644373322483763,-0.7149940470516213,-0.2564297811510571,0.9662437397179142,0.024835514787508672,0.7036211429964798,0.8276658503092645,0.0
91,0.6493240948047649,0.13209336844017155,0.6090398689085154,"[90, 92, 553, 1243, 1263, 1683, 1684, 1685, 2146, 2836, 2856]","[1070, 1071, 1072, 1073, 1074, 1075, 1076, 1077, 1078, 1079]",[1058],0,0.7214712164497389,0.1467704093779684,0.676710965453906,0.6571299943800178,0.16298758755571327,-0.7359451180549308,-0.21831045398846924,0.9756502924889592,0.021143614770331498,0.7330915702406383,0.8623317588977104,0.0
92,0.6710788168283511,0.1143096471722082,0.5887159978866089,"[91, 1222, 1243, 1684, 1685, 2815, 2836]","[1080, 1081, 1082, 1083, 1084, 1085]",[1070],0,0.745643129809279,0.12701071908023134,0.6541288865406766,0.6407295159502094,0.1329073120871241,-0.7561754649444705,-0.1829809016220902,0.982956725208439,0.01772190760241718,0.7627156981165095,0.8971784647309602,0.0
