ID,x,y,z,neighbours,spring1,spring2,stack,e_h_x,e_h_y,e_h_z,e_R_x,e_R_y,e_R_z,e_phi_x,e_phi_y,e_phi_z,e_DV_R_x,e_DV_R_y,e_DV_R_z,e_DV_phi_x,e_DV_phi_y,e_DV_phi_z,DV_bool,pathlength_scaled
0,0.38903389174648684,-0.01301235851535267,0.8790233765572578,"[2, 31, 198, 1040, 1048, 1051, 1714, 1716, 1745, 1912, 2754, 2762, 2765]","[0, 1, 2, 3, 4, 5, 6, 7, 8, 9, 10, 11, 12]",[],0,0.4069223449112606,-0.07135697523087366,0.9106713936967958,0.911534684456357,-0.0330195288912105,-0.4098953887821286,0.05931883549914596,0.9969041542683763,0.05160797377655801,0.02911095611515045,0.997450841939542,0.06514883075052462,0.9129987718753108,0.0,-0.40796230531020544,0.0,0.46295813802546915
1,0.2973009119317786,0.20880186529552675,0.8902523328040499,"[9, 19, 208, 213, 1035, 1715, 1723, 1733, 1922, 1927, 2749]","[13, 14, 15, 16, 17, 18, 19, 20, 21, 22, 23]",[],0,0.2781854725214008,0.27303862749589486,0.9209032255198972,0.7759660070440819,0.5011865056711735,-0.38299979431480485,-0.5661180078305543,0.8211345775377535,-0.07244588864530088,-0.07895544403726419,0.9620030706266881,-0.2613735448772535,0.9572768046571846,0.0,-0.28917316484258726,0.0,0.461086742489953
2,0.3797368477490185,0.014898613727981508,0.8855352986803671,"[0, 36, 198, 204, 1040, 1714, 1716, 1750, 1912, 1918, 2754]","[24, 25, 26, 27, 28, 29, 30, 31, 32, 33]",[0],0,0.39878323413167027,-0.07978188340409742,0.9135681601587454,0.917044651777544,0.03580087298745351,-0.39717427426702695,-0.0010192260265458747,0.9961692369139323,0.087440337399141,0.03191741921095981,0.9968123449679461,0.07311926743626417,0.9164896128850842,0.0,-0.4000584825667402,0.0,0.45751970556561794
3,0.10624621648969358,0.3559978554457082,0.8879221695208892,"[5, 26, 185, 192, 1025, 1028, 1053, 1717, 1719, 1740, 1899, 1906, 2739, 2742, 2767]","[34, 35, 36, 37, 38, 39, 40, 41, 42, 43, 44, 45, 46, 47, 48]",[],0,0.1148138688325016,0.4111354059480939,0.9043149083696019,0.292286016373023,0.8560567490234982,-0.4263047350008075,-0.9494138508345157,0.3132642980411433,-0.02188194269891236,-0.051782994893591776,0.9115742854951049,-0.4078613042002629,0.9920364393324852,-6.938893903907228e-18,-0.12595119307270125,0.0,0.5175738083282393
4,0.35823026382178536,-0.06640692743386951,0.8892661348159651,"[30, 31, 182, 194, 1047, 1052, 1718, 1744, 1745, 1896, 1908, 2761, 2766]","[49, 50, 51, 52, 53, 54, 55, 56, 57, 58, 59, 60, 61]",[],0,0.4212318522698193,-0.058697033092006454,0.9050515924185217,0.8883322682856319,-0.174470608462449,-0.4247655681729005,0.18283738063055754,0.9829113210705818,-0.0213501090210209,0.024767763489984978,0.9982758427940629,0.053215595322306325,0.9066147387533526,-3.469446951953614e-18,-0.4219593765695447,0.0,0.44989233307707993
5,0.06484865011224132,0.36883090922236483,0.8855890083528868,"[3, 185, 1028, 1046, 1559, 1601, 1633, 1717, 1719, 1899, 2742, 2760, 3273, 3315, 3347]","[62, 63, 64, 65, 66, 67, 68, 69, 70, 71, 72, 73, 74, 75]",[34],0,0.05085979098450693,0.43149278765850274,0.9006815507489817,0.19269769801594205,0.880662330564848,-0.432783383118446,-0.9799392220134157,0.19557053388172962,-0.03835736483181825,-0.024326831136251805,0.9021163861712721,-0.4308064891435044,0.9984094785947117,3.469446951953614e-18,-0.05637830302624859,0.0,0.5152105421916521
6,0.30051340522786807,-0.17209810657532984,0.8991840249330766,"[11, 196, 1037, 1039, 1042, 1058, 1720, 1725, 1910, 2751, 2753, 2756, 2772]","[76, 77, 78, 79, 80, 81, 82, 83, 84, 85, 86, 87, 88]",[],0,0.3648412651844722,-0.21184710261448889,0.906648584806887,0.7894985433726021,-0.4457857963161409,-0.42186143911872775,0.4935411849391214,0.8697101982364872,0.004611925002596856,0.07908558456501137,0.9773028216033406,0.19653158830111594,0.9277048676882613,0.0,-0.3733144498507881,0.0,0.40122514081901045
7,0.09443581995607706,-0.3595260548129492,0.8844828088907308,"[20, 197, 1019, 1057, 1494, 1556, 1721, 1734, 1911, 2733, 2771, 3208, 3270]","[89, 90, 91, 92, 93, 94, 95, 96, 97, 98, 99, 100, 101]",[],0,0.09763963497599511,-0.2612910602066676,0.9603090562614002,0.26970604958110206,-0.9218643565742871,-0.2782530411284523,0.9579797223850594,0.28616968730796116,-0.019538719634095786,0.02643055982512616,0.9652600591840974,0.25995084852956973,0.994870809295818,0.0,-0.10115370883420567,0.0,0.459957268014764
8,0.2944423935712608,-0.09504484175627029,0.9155317451427872,"[101, 180, 181, 200, 206, 1722, 1815, 1894, 1895, 1914, 1920]","[102, 103, 104, 105, 106, 107, 108, 109, 110, 111, 112]",[],0,0.3725185153779398,-0.08692899141591043,0.9239444280645188,0.8775437611621341,-0.29089404034958755,-0.3811792288865017,0.30190545365397475,0.9527979889462421,-0.032079421962169966,0.0325057088529298,0.9962145102594203,0.08062275386360714,0.9274553005897515,0.0,-0.373934038845645,0.0,0.3975757031863677
9,0.32388651763993676,0.2031992591299835,0.8834995988136036,"[1, 22, 193, 208, 1024, 1027, 1035, 1715, 1723, 1736, 1907, 1922, 2738, 2741, 2749]","[113, 114, 115, 116, 117, 118, 119, 120, 121, 122, 123, 124, 125, 126]",[13],0,0.3007951694271119,0.25356522198014736,0.9193622486545957,0.7974640541369383,0.46182695448888245,-0.38828719585765664,-0.5230423963778983,0.8499532588969279,-0.06329383288693052,-0.07884808395584807,0.967318292084965,-0.24099440129247307,0.950423719035655,0.0,-0.31095780146861546,0.0,0.48267064129858517
10,0.3778782590608923,0.12085012507311794,0.8787138278623462,"[14, 25, 202, 210, 1031, 1724, 1728, 1739, 1916, 1924, 2745]","[127, 128, 129, 130, 131, 132, 133, 134, 135, 136, 137]",[],0,0.4157252014239702,0.12935441340875617,0.9002444071652552,0.8631353456448151,0.25586181614114323,-0.4353528524536869,-0.28665298184318444,0.9580199198202032,-0.005282161276269459,-0.05423151977013178,0.991598424631505,-0.11743724507897517,0.9078719618779214,-6.938893903907228e-18,-0.4192475412397547,0.0,0.47740117557839573
11,0.2984436922821388,-0.14287191978083202,0.9067304183714796,"[6, 28, 98, 180, 196, 1042, 1720, 1725, 1742, 1812, 1894, 1910, 2756]","[138, 139, 140, 141, 142, 143, 144, 145, 146, 147, 148, 149]",[76],0,0.3645288340032092,-0.18682304360121843,0.9122586692159389,0.8248182153075955,-0.3899151529222292,-0.4094399653409859,0.4321962990089425,0.9017002406016368,0.011959733346566859,0.06932291444254926,0.9823935822162032,0.17348539752269265,0.9286081319443894,0.0,-0.37106190492497226,0.0,0.40004279340145465
12,0.21502358046502693,-0.23481281409378146,0.907904586799631,"[13, 23, 184, 209, 1049, 1726, 1727, 1737, 1898, 1923, 2763]","[150, 151, 152, 153, 154, 155, 156, 157, 158, 159, 160]",[],0,0.22447249649344803,-0.22888200303911344,0.9472196825459898,0.6514110038733496,-0.687689330568407,-0.32054186724216155,0.7247591340235542,0.6889821574663981,-0.0052710854763464154,0.052778770693163744,0.9734541739007634,0.22271365624788408,0.9730501013215301,0.0,-0.23059379939166483,0.0,0.432330829315256
13,0.20562321832765032,-0.2608175894505869,0.9032912959848278,"[12, 16, 183, 209, 1017, 1034, 1049, 1726, 1727, 1730, 1897, 1923, 2731, 2748, 2763]","[161, 162, 163, 164, 165, 166, 167, 168, 169, 170, 171, 172, 173, 174]",[150],0,0.16346666340751823,-0.2502826607631448,0.9542731473092912,0.6062590548481595,-0.737603082043592,-0.2973073355543227,0.7782856855737089,0.6271365745043539,0.031162614618378798,0.04225781910803447,0.9681728098440536,0.24668945458390076,0.9856434074646326,0.0,-0.16884037823149559,0.0,0.4468743859276716
14,0.38559867219664207,0.09075440827518913,0.8797580789436839,"[10, 17, 190, 210, 1022, 1031, 1045, 1724, 1728, 1731, 1904, 1924, 2736, 2745, 2759]","[175, 176, 177, 178, 179, 180, 181, 182, 183, 184, 185, 186, 187, 188]",[127],0,0.4295266821117174,0.1535179041212959,0.889909592300302,0.8740400794623046,0.17711379005343109,-0.4524208713868511,-0.22706996465324988,0.9721434865733092,-0.05810570251918239,-0.06673107508703169,0.9881458663143866,-0.13825596010125307,0.9005852502520864,-6.938893903907228e-18,-0.43467943018754907,0.0,0.46981211918897187
15,0.2692060415448264,-0.19044101077896256,0.9055567659901543,"[23, 196, 207, 1039, 1050, 1729, 1737, 1910, 1921, 2753, 2764]","[189, 190, 191, 192, 193, 194, 195, 196, 197, 198, 199]",[],0,0.2527558922922045,-0.2398690720834543,0.9373245367369949,0.7740367055260614,-0.5311203804608488,-0.34464230726578643,0.5805011950115865,0.8126339703192532,0.05142366063511333,0.06245157977260708,0.9708052473374011,0.23159657149032495,0.9655124334234669,0.0,-0.2603569490229202,0.0,0.39966869626382123
16,0.18371840652142357,-0.2758105570300458,0.902320801596323,"[13, 32, 183, 211, 1017, 1727, 1730, 1746, 1897, 1925, 2731]","[200, 201, 202, 203, 204, 205, 206, 207, 208, 209]",[161],0,0.09830617108930824,-0.2863723729555137,0.9530617822225883,0.5493714548706485,-0.782927332924026,-0.2919174471212339,0.8297752113065735,0.5522822243818906,0.08035821882440544,0.029382768934036328,0.9581183976982448,0.284860999229303,0.9947223480023142,0.0,-0.10260336439158106,0.0,0.4361261343055352
17,0.3766480150681607,0.06793879064893998,0.8869468987359541,"[14, 36, 190, 214, 1022, 1728, 1731, 1750, 1904, 1928, 2736]","[210, 211, 212, 213, 214, 215, 216, 217, 218, 219]",[175],0,0.3734254679723235,0.10374795738759776,0.9218404315321664,0.9116797570808466,0.1426113190737614,-0.38535961412822023,-0.17144515274180339,0.984326354930013,-0.04133021402548945,-0.03895233111095698,0.9946036202115407,-0.09615796671685425,0.9268420230926798,6.938893903907228e-18,-0.37545154711270884,0.0,0.4599406355051656
18,0.21491365323656753,0.2830154649769626,0.8913019661053896,"[21, 27, 34, 187, 199, 217, 1014, 1732, 1735, 1741, 1748, 1901, 1913, 1931, 2728]","[220, 221, 222, 223, 224, 225, 226, 227, 228, 229, 230, 231, 232, 233, 234]",[],0,0.31541599818382576,0.31582708910354407,0.8948552943788944,0.5602326898328418,0.6991459045674098,-0.4442232967430656,-0.7659321649678102,0.6414423231397715,0.04358514371470823,-0.10499067938679799,0.9488167630203402,-0.2978652504967675,0.9431276187936883,1.3877787807814457e-17,-0.33243088705534296,0.0,0.4574847891034642
19,0.28259734275507137,0.22504418464685338,0.8898008039571985,"[1, 38, 189, 213, 1035, 1715, 1733, 1752, 1903, 1927, 2749]","[235, 236, 237, 238, 239, 240, 241, 242, 243, 244]",[14],0,0.2572596389030674,0.28824161353261574,0.9223525629710325,0.7462077616021258,0.5472028283463173,-0.3791345950642544,-0.6139962986175792,0.7858026704444887,-0.07431492720764743,-0.07743964929537303,0.9575577122179858,-0.27764424807452215,0.9632344361099876,-1.3877787807814457e-17,-0.2686622807383446,0.0,0.4227927409942551
20,0.12054314919384783,-0.3412030890065648,0.88703117029648,"[7, 188, 197, 1019, 1029, 1721, 1734, 1902, 1911, 2733, 2743]","[245, 246, 247, 248, 249, 250, 251, 252, 253, 254]",[89],0,0.0946177631575776,-0.28756394170575045,0.9530763129599878,0.34153584878049514,-0.8898899451544798,-0.30240560429784347,0.9350939754337948,0.35412266934435177,0.014013998842202016,0.028408595022751056,0.9577614418166337,0.28615725099699374,0.9951082507062164,0.0,-0.09879053282633095,0.0,0.46035869165130333
21,0.22648345198478906,0.2505317134111077,0.8989146436592774,"[18, 27, 189, 205, 217, 1732, 1735, 1741, 1903, 1919, 1931]","[255, 256, 257, 258, 259, 260, 261, 262, 263, 264]",[220],0,0.29758670568991774,0.3178529584733144,0.9002286650547082,0.628153273684631,0.644899316800865,-0.43534852239218497,-0.718933666867678,0.6950355156245239,-0.007746913226909485,-0.099762495885978,0.9481400196119673,-0.3017912318554308,0.9494680600267809,0.0,-0.3138636694311393,0.0,0.43377954483192266
22,0.35278434481802573,0.18820940718051446,0.8767616160065711,"[9, 37, 191, 193, 1015, 1024, 1723, 1736, 1751, 1905, 1907, 2729, 2738]","[265, 266, 267, 268, 269, 270, 271, 272, 273, 274, 275, 276]",[113],0,0.35167334039728193,0.20428628479329392,0.9135606030795157,0.8180215369686387,0.40743279464449267,-0.4060040429646542,-0.4551556071381013,0.8900930466492835,-0.023827328788194768,-0.07338974266181278,0.9789111879253193,-0.19064845088978014,0.9332415589362097,1.3877787807814457e-17,-0.35924948528028605,0.0,0.4931112932315673
23,0.24010205467587475,-0.2157593311970171,0.9066728232129309,"[12, 15, 184, 207, 216, 1023, 1049, 1050, 1726, 1729, 1737, 1898, 1921, 1930, 2737, 2763, 2764]","[277, 278, 279, 280, 281, 282, 283, 284, 285, 286, 287, 288, 289, 290, 291]","[151, 189]",0,0.2214625742950813,-0.23193307498249263,0.9471860307856885,0.7145555334611595,-0.6223744662523815,-0.3194689552321185,0.6635998175003841,0.747567436748091,0.027896410649622533,0.05280437909703235,0.9727317455132103,0.22584208823644883,0.9737381710370392,0.0,-0.2276707584764194,0.0,0.44855706735224854
24,0.34340285017783945,-0.10673498201729725,0.8932397712518421,"[28, 30, 194, 206, 1021, 1033, 1041, 1738, 1742, 1744, 1908, 1920, 2735, 2747, 2755]","[292, 293, 294, 295, 296, 297, 298, 299, 300, 301, 302, 303, 304, 305, 306]",[],0,0.42039411180344777,-0.10882389802028256,0.9007919571024259,0.8585289885048368,-0.27353072186310556,-0.43371525231874203,0.2935928586628821,0.9556873460585839,-0.021562233776089484,0.04602225006891291,0.9940610440107157,0.09861335243728624,0.9061736827227668,-6.938893903907228e-18,-0.42290573032345613,0.0,0.4658001238321174
25,0.38670313483857016,0.14595234308029328,0.8701391494141282,"[10, 37, 191, 202, 1031, 1054, 1056, 1724, 1739, 1751, 1905, 1916, 2745, 2768, 2770]","[307, 308, 309, 310, 311, 312, 313, 314, 315, 316, 317, 318, 319, 320]",[128],0,0.4478537040095561,0.18049522381524402,0.8756988831696464,0.8272412904922206,0.28798273369230004,-0.48242905426588434,-0.3392622983911861,0.940471913070658,-0.020338967901710497,-0.08218527696102093,0.9835758609176481,-0.16069880544343662,0.8903216497735634,-1.3877787807814457e-17,-0.455332142445754,0.0,0.49827951198662007
26,0.13952019174721259,0.32382192013700456,0.8968338648348279,"[3, 29, 192, 201, 212, 1053, 1717, 1740, 1743, 1906, 1915, 1926, 2767]","[321, 322, 323, 324, 325, 326, 327, 328, 329, 330, 331, 332]",[35],0,0.17579358406814566,0.39379448225402736,0.9022319665954299,0.38897514142684947,0.8141387976060771,-0.4311338047340915,-0.9043201618632402,0.4267363635534239,-0.010055887267770292,-0.07531185316923734,0.9191985126980451,-0.3865258322879817,0.9815420218068043,-1.3877787807814457e-17,-0.19124659324366938,0.0,0.49825541942902435
27,0.246175528460405,0.27063125930467435,0.8851829405016606,"[18, 21, 35, 189, 1014, 1020, 1732, 1735, 1741, 1749, 1903, 2728, 2734]","[333, 334, 335, 336, 337, 338, 339, 340, 341, 342, 343]","[221, 255]",0,0.2896405320174862,0.32497536374633135,0.9002773879035416,0.6296687839203909,0.6436981589001834,-0.4349366652568286,-0.7208505980914302,0.6928518551511483,-0.01818576489171364,-0.09952817981986535,0.9457224819987917,-0.3093592223674442,0.9519466915926688,1.3877787807814457e-17,-0.3062637692669986,0.0,0.4393782304857032
28,0.31520623257190716,-0.12266552078044397,0.9036298893272767,"[11, 24, 180, 206, 1041, 1042, 1725, 1738, 1742, 1894, 1920, 2755, 2756]","[344, 345, 346, 347, 348, 349, 350, 351, 352, 353, 354]","[138, 292]",0,0.3801159254514323,-0.1509144843697937,0.9125440820176155,0.8505083047774248,-0.33072540706538656,-0.4089698382840301,0.36352098525781773,0.9315822687925301,0.0026400280907513396,0.05802962251194875,0.9885468215554611,0.13931168114596945,0.9231167023345929,0.0,-0.38451990048719054,0.0,0.399299653530821
29,0.17385518004198539,0.3292149072874105,0.8869251450995433,"[26, 34, 199, 212, 1032, 1036, 1053, 1055, 1740, 1743, 1748, 1913, 1926, 2746, 2750, 2767, 2769]","[355, 356, 357, 358, 359, 360, 361, 362, 363, 364, 365, 366, 367, 368, 369, 370]",[321],0,0.2392705973821044,0.37558259767751,0.8953699199493422,0.44219005270915146,0.7788235691016768,-0.44486155767474844,-0.8644174561595748,0.5023659627537589,0.020270691970562693,-0.0969647673225804,0.9267889254419436,-0.3628499987270848,0.9660990710720897,0.0,-0.25817161903182256,0.0,0.49150013310892315
30,0.35464573353351925,-0.08980509251879155,0.8895272203984278,"[4, 24, 194, 1021, 1052, 1718, 1738, 1744, 1908, 2735, 2766]","[371, 372, 373, 374, 375, 376, 377, 378, 379]","[49, 293]",0,0.41524327221794666,-0.049700120679829596,0.9083517616440463,0.8789297362019072,-0.2356237678050195,-0.41468537334395106,0.23463917767025175,0.9705726856086023,-0.054158270397352395,0.020663176596384104,0.9987641853833222,0.045201052294559785,0.9094757050138166,3.469446951953614e-18,-0.4157570708831315,0.0,0.4569408392783348
31,0.3642128023912307,-0.03893198286325934,0.8882331335406103,"[0, 4, 182, 195, 198, 1047, 1048, 1714, 1718, 1745, 1896, 1909, 1912, 2761, 2762]","[380, 381, 382, 383, 384, 385, 386, 387, 388, 389, 390, 391, 392]","[1, 50]",0,0.41803265771157444,-0.0627368634558975,0.9062630871055829,0.9005652519399463,-0.10238484757996331,-0.4224920945820985,0.11929343688964537,0.9927645385233972,0.01369842930083582,0.0262778223774084,0.9980301027342395,0.056968325299104804,0.9080518559738351,3.469446951953614e-18,-0.41885776447655965,0.0,0.45040269981249526
32,0.17801203178673672,-0.2932579132914734,0.8975001647472844,"[16, 33, 211, 215, 1016, 1017, 1730, 1746, 1747, 1925, 1929, 2730, 2731]","[393, 394, 395, 396, 397, 398, 399, 400, 401, 402, 403, 404]",[200],0,0.07932627507433684,-0.299832701065817,0.9506880105766468,0.5159610720546195,-0.8036566026046632,-0.2965134688579566,0.8529311309870902,0.5140393141204722,0.09095091715542666,0.024931672747585246,0.9539917983775316,0.2987943445288259,0.9965368802892411,0.0,-0.08315194659875486,0.0,0.45675113985251087
33,0.16276796493301424,-0.32110916777924836,0.8898067692277165,"[32, 188, 215, 1016, 1029, 1030, 1038, 1746, 1747, 1902, 1929, 2730, 2743, 2744, 2752]","[405, 406, 407, 408, 409, 410, 411, 412, 413, 414, 415, 416, 417, 418]",[393],0,0.06948596850563638,-0.2962674209877616,0.9525740472225473,0.45320723995062684,-0.8412777224994215,-0.2947117087638722,0.8886928028498097,0.45219178330373744,0.07581354282306554,0.021554099362918293,0.9551050283928326,0.2954823269493115,0.9973500493715016,0.0,-0.07275217535244506,0.0,0.47668236511342965
34,0.20430863838439614,0.3145102311167259,0.8836864054867102,"[18, 29, 199, 1014, 1018, 1032, 1732, 1743, 1748, 1913, 2728, 2732, 2746]","[419, 420, 421, 422, 423, 424, 425, 426, 427, 428, 429]","[222, 355]",0,0.2904968783648614,0.32484995135075284,0.9000467058811469,0.509511659614472,0.7436624824100662,-0.4328556121532962,-0.809944092130475,0.5843274949572854,0.0505167918587853,-0.0997793745342965,0.9457655677320003,-0.3091465143101439,0.9516594139069046,1.3877787807814457e-17,-0.3071552700543917,0.0,0.4782821765098958
35,0.2744922596517397,0.25948311195428847,0.8806220917976836,"[27, 38, 189, 1020, 1044, 1741, 1749, 1752, 1903, 2734, 2758]","[430, 431, 432, 433, 434, 435, 436, 437, 438, 439]",[333],0,0.2515285574124423,0.3378638814631325,0.9069627238252116,0.6883857870929289,0.5962631354631815,-0.41303181646946374,-0.6803369701363895,0.7282295454663699,-0.08260348766999678,-0.09029203955126242,0.9411949838384676,-0.32557541367704673,0.9636289391666546,-1.3877787807814457e-17,-0.26724383547672886,0.0,0.43179237493439643
36,0.3810175051639966,0.04411225474903507,0.8860407270925702,"[2, 17, 204, 214, 1022, 1040, 1716, 1731, 1750, 1918, 1928, 2736, 2754]","[440, 441, 442, 443, 444, 445, 446, 447, 448, 449, 450]","[24, 210]",0,0.41334128752992744,-0.008315807926185649,0.9105382075242681,0.9065024045433491,0.09824035954614638,-0.41061200946072013,-0.08603703028482726,0.9951279712150848,0.04814509658301507,0.0034373856092976417,0.9999654230714855,0.007572122663969238,0.9105696922274238,0.0,-0.41335558009627155,0.0,0.4759902410767507
37,0.38089214300294627,0.1739247242186167,0.8676402927547188,"[22, 25, 191, 1015, 1043, 1054, 1736, 1739, 1751, 1905, 2729, 2757, 2768]","[451, 452, 453, 454, 455, 456, 457, 458, 459, 460, 461]","[265, 307]",0,0.4262117934966783,0.17198480631687604,0.888124278172999,0.8150696095573967,0.3528892683314513,-0.4594896036608946,-0.392434757202105,0.9197229967182988,0.010225979026777743,-0.07441070180664495,0.9850996022718473,-0.15505425199100661,0.9015578486934742,-1.3877787807814457e-17,-0.43265857839526717,0.0,0.49194053990424697
38,0.29039643163719936,0.24714910277439459,0.8804729406585589,"[19, 35, 189, 1026, 1035, 1044, 1733, 1749, 1752, 1903, 2740, 2749, 2758]","[462, 463, 464, 465, 466, 467, 468, 469, 470, 471, 472]","[235, 430]",0,0.2732617839625871,0.29411128499133665,0.9158747455116649,0.7205415175639995,0.5682040135212512,-0.3974470033663741,-0.6372973551585229,0.7685328561999967,-0.056650949230836606,-0.0840885098306935,0.9557711818425833,-0.28183429612750305,0.9582573349261481,0.0,-0.2859071178896464,0.0,0.43555817068792463
39,-0.22684660938944134,0.3007185577468001,0.881933308282461,"[44, 51, 228, 1065, 1078, 1753, 1758, 1765, 1942, 2779, 2792]","[473, 474, 475, 476, 477, 478, 479, 480, 481, 482, 483]",[],0,-0.2795465944975308,0.2990210366740871,0.9123815655365611,-0.5318012763155858,0.7429647590375338,-0.4064366732191054,-0.7994004653575031,-0.5988236689164622,-0.04867349927213202,0.08759823671696117,0.9542465193158296,-0.28590230726194465,0.956127737506171,-1.3877787807814457e-17,0.2929500803397902,0.0,0.4785732976064065
40,-0.25539127487312613,-0.2622039381994213,0.8967825583559921,"[49, 58, 218, 227, 233, 1754, 1763, 1772, 1932, 1941, 1947]","[484, 485, 486, 487, 488, 489, 490, 491, 492, 493, 494]",[],0,-0.2814136834265667,-0.1642374207692125,0.9454271036938711,-0.6362982945804357,-0.7055507406889042,-0.31196575553635375,0.7182832443361856,-0.6893650860989681,0.09404764203986761,-0.04685490792080667,0.9864208379890842,0.15741203252815725,0.9584419421037651,6.938893903907228e-18,0.285287650654521,0.0,0.41822196389534566
41,-0.23895051352942928,-0.3075111877186958,0.8920357888161506,"[49, 64, 1081, 1091, 1093, 1755, 1763, 1778, 2795, 2805, 2807]","[495, 496, 497, 498, 499, 500, 501, 502, 503, 504, 505]",[],0,-0.26374917266678993,-0.2097460722010641,0.9415109978718621,-0.5506111000432155,-0.7686894078613429,-0.32549041575901794,0.7919998676936091,-0.6042542341084218,0.08725267981678225,-0.05657890015393238,0.9777558924374897,0.20197089607450663,0.9629305281144711,-6.938893903907228e-18,0.2697495097772103,0.0,0.45994377644081424
42,-0.3734947858330041,0.1142752537266535,0.865873776871785,"[78, 229, 251, 1071, 1073, 1084, 1756, 1792, 1943, 1965, 2785, 2787, 2798]","[506, 507, 508, 509, 510, 511, 512, 513, 514, 515, 516, 517, 518]",[],0,-0.383763703741236,0.03424532104458344,0.9227961192360288,-0.884735086775158,0.27261762504618275,-0.3780521878565611,-0.26451700497271535,-0.9615128124473784,-0.07432271240683995,0.01314982417750311,0.999413456976918,-0.03161999584988916,0.9233376965198716,-1.734723475976807e-18,0.38398892976893284,0.0,0.4429476259209666
43,-0.31743434519883673,-0.24084712702123626,0.8791356610800193,"[61, 62, 69, 227, 1075, 1757, 1775, 1776, 1783, 1941, 2789]","[519, 520, 521, 522, 523, 524, 525, 526, 527, 528, 529]",[],0,-0.36937198397318294,-0.15564398275034588,0.9161546201863555,-0.7110500465578072,-0.5874070403578068,-0.3864722502693075,0.5983077542082011,-0.794183807170213,0.10630104271570265,-0.05819979500517832,0.9878132164704128,0.1443531545472166,0.9274573420468182,6.938893903907228e-18,0.3739289754524672,0.0,0.4478141697207432
44,-0.25283567006632257,0.2991734032936149,0.8744630765292929,"[39, 60, 228, 1065, 1079, 1099, 1753, 1758, 1774, 1942, 2779, 2793, 2813]","[530, 531, 532, 533, 534, 535, 536, 537, 538, 539, 540, 541]",[473],0,-0.2801200814029324,0.2535551556269441,0.9258739239494537,-0.5838451618899021,0.7205995194214976,-0.37398015929626666,-0.7620089021346267,-0.6453263636830595,-0.05381744515423137,0.07342536336905445,0.9673209307437797,-0.24269102364757938,0.9571527861364053,0.0,0.28958339729871335,0.0,0.4824870139541749
45,-0.34724802258766796,0.1808258749339607,0.872269615521606,"[68, 78, 225, 253, 1068, 1103, 1759, 1782, 1792, 1939, 1967, 2782, 2817]","[542, 543, 544, 545, 546, 547, 548, 549, 550, 551, 552, 553, 554]",[],0,-0.32605340237415825,0.08207471847134595,0.9417817790698034,-0.8357459723788926,0.4405856535795296,-0.32773915163183986,-0.4418346392629825,-0.8939507941981978,-0.075060835990289,0.026851332798037152,0.9966261789597194,-0.07755814166880483,0.9449699385308526,0.0,0.3271571721249526,0.0,0.45571062050784633
46,-0.15210293766150712,0.3130721264649852,0.8974793611522798,"[52, 53, 241, 250, 1064, 1069, 1098, 1760, 1766, 1767, 1955, 1964, 2778, 2783, 2812]","[555, 556, 557, 558, 559, 560, 561, 562, 563, 564, 565, 566, 567, 568, 569]",[],0,-0.19531570967182948,0.2891885394024196,0.937134868753453,-0.3845052722018802,0.8564595966707657,-0.34443091458158576,-0.9022236248315816,-0.4276060663143394,-0.05608549586840793,0.05900418621912721,0.9572721601918163,-0.283105134765006,0.9789638806227094,-6.938893903907228e-18,0.20403362574828762,0.0,0.4431863666659753
47,-0.33828005393076355,-0.143746724803996,0.87862343976867,"[54, 63, 223, 245, 247, 1060, 1063, 1761, 1768, 1777, 1937, 1959, 1961, 2774, 2777]","[570, 571, 572, 573, 574, 575, 576, 577, 578, 579, 580, 581, 582, 583, 584]",[],0,-0.47252725177468624,-0.04412870098415106,0.8802105737149742,-0.8023174027247894,-0.3917525861478043,-0.4503517475612319,0.3646982062133032,-0.919011734960931,0.14970854814882506,-0.0208723465050439,0.9990258543948959,0.038880424405114994,0.8810688630757338,0.0,0.4729880109668367,0.0,0.41703519776787545
48,-0.33492481268836954,0.22903515430766877,0.8700575111029699,"[68, 75, 220, 1083, 1087, 1762, 1782, 1789, 1934, 2797, 2801]","[585, 586, 587, 588, 589, 590, 591, 592, 593, 594, 595]",[],0,-0.31050276387786796,0.1656535663631814,0.9360272055742388,-0.7683149515803381,0.5360727346427411,-0.34974012974029195,-0.5597143635839865,-0.8277589740520153,-0.039177953926699954,0.052156483809580434,0.9861840071463164,-0.1572285128259349,0.9491405242747669,-6.938893903907228e-18,0.31485276746310287,0.0,0.4506136578780037
49,-0.2426798297506097,-0.2795705430106429,0.8968123581516287,"[40, 41, 58, 64, 218, 221, 248, 1093, 1754, 1755, 1763, 1772, 1778, 1932, 1935, 1962, 2807]","[596, 597, 598, 599, 600, 601, 602, 603, 604, 605, 606, 607, 608, 609, 610]","[484, 495]",0,-0.25383223026874324,-0.19568115288838275,0.947247636724919,-0.5951758095087778,-0.7403723273580667,-0.3124333091364794,0.7624532475190154,-0.6430845226613866,0.07146567050660403,-0.050649358546060994,0.9806675718123233,0.18901258178913488,0.9659212397268957,0.0,0.2588361617787052,0.0,0.41664678966745694
50,-0.15547320217599656,-0.3264998256517112,0.8992356501847981,"[72, 74, 239, 243, 1082, 1086, 1764, 1786, 1788, 1953, 1957, 2796, 2800]","[611, 612, 613, 614, 615, 616, 617, 618, 619, 620, 621, 622, 623]",[],0,-0.03894420379372968,-0.29348815753988283,0.9551691213468865,-0.3826342756519549,-0.878655542078472,-0.2855791474724488,0.9230787399171657,-0.37660209739008677,-0.07808008807750585,-0.011956180411918671,0.955962709201492,0.29324451975459176,0.9991698547998211,1.734723475976807e-18,0.0407382039266573,0.0,0.4881843127450652
51,-0.20027870651027188,0.29314286591200656,0.8924911392276339,"[39, 52, 228, 240, 1064, 1078, 1753, 1765, 1766, 1942, 1954, 2778, 2792]","[624, 625, 626, 627, 628, 629, 630, 631, 632, 633, 634, 635]",[474],0,-0.27714317511561337,0.2829438688410504,0.9182235172177942,-0.49640630244811834,0.7760698755813841,-0.3889682906161923,-0.8226618037665498,-0.5636118480836555,-0.07462734969845264,0.08175683511719067,0.9591364694793336,-0.27087460720108064,0.9573439718294448,0.0,0.2889507217529399,0.0,0.4816393440255342
52,-0.18079538643497237,0.29290495255183724,0.8975728366154495,"[46, 51, 240, 250, 1064, 1760, 1765, 1766, 1954, 1964, 2778]","[636, 637, 638, 639, 640, 641, 642, 643, 644]","[555, 624]",0,-0.19007300730552953,0.27694353107640834,0.9418994280115285,-0.47488177211289895,0.8137555568163791,-0.3350958016230245,-0.8592785080569104,-0.510983536276186,-0.023157531082906385,0.054782231293457447,0.9608861954440573,-0.2714712259882349,0.9802403577837547,6.938893903907228e-18,0.1978101134210754,0.0,0.439970840897478
53,-0.11625640606655219,0.3244217873754336,0.8997158490769523,"[46, 241, 1069, 1096, 1487, 1554, 1760, 1767, 1955, 2783, 2810, 3201, 3268]","[645, 646, 647, 648, 649, 650, 651, 652, 653, 654, 655, 656]",[556],0,-0.12390194320279549,0.3144064500216407,0.941167834477609,-0.29034886957828676,0.8954781384830418,-0.3373669181078038,-0.9488655554951411,-0.3150674335499131,-0.0196639241017654,0.04103659916920578,0.9492884620518668,-0.31171688010729803,0.9914455638102924,-6.938893903907228e-18,0.13052085657397047,0.0,0.4440878860228747
54,-0.37077404664989216,-0.1260239734007071,0.8630604384787761,"[47, 57, 223, 1060, 1077, 1761, 1768, 1771, 1937, 2774, 2791]","[657, 658, 659, 660, 661, 662, 663, 664, 665, 666]",[570],0,-0.4346558533478529,-0.07726591290134192,0.8972760265680692,-0.84261392990479,-0.3168238899553879,-0.4354588245562857,0.31792460471129635,-0.9453320059412408,0.07260402373206443,-0.03368478125777314,0.9970105208589946,0.06953672992090296,0.8999664575204323,0.0,0.43595914411551745,0.0,0.4044349143646234
55,-0.4065978345391818,-0.010505479245683094,0.854191349055106,"[66, 67, 232, 236, 1059, 1080, 1092, 1769, 1780, 1781, 1946, 1950, 2773, 2794, 2806]","[667, 668, 669, 670, 671, 672, 673, 674, 675, 676, 677, 678, 679, 680, 681]",[],0,-0.468242933541433,-0.08169788385623604,0.879814759458928,-0.8815349198502895,-0.024839315191572696,-0.47146494408954454,0.06037168436491245,-0.9963475619451638,-0.06038870368468303,-0.03838276499032739,0.9966571405319956,0.07212009136352572,0.8827657212080992,6.938893903907228e-18,0.4698134538939788,0.0,0.4208932488913703
56,-0.38175729591697327,0.06975474651310318,0.8652947952231084,"[65, 130, 229, 252, 1072, 1073, 1770, 1779, 1844, 1943, 1966, 2786, 2787]","[682, 683, 684, 685, 686, 687, 688, 689, 690, 691, 692, 693, 694]",[],0,-0.35764064439935933,0.05429941187145946,0.9322793268886216,-0.9181935949026235,0.16164316423535682,-0.36165177966626777,-0.17033405928763037,-0.9853542821372807,-0.007952793232530932,0.019448368856495597,0.9985246986782119,-0.05069701251955307,0.9336567519288388,0.0,0.3581690516747187,0.0,0.4470541240945071
57,-0.38423533545702504,-0.0964625489918764,0.8583378733192183,"[54, 70, 223, 235, 1070, 1077, 1095, 1097, 1768, 1771, 1784, 1937, 1949, 2784, 2791, 2809, 2811]","[695, 696, 697, 698, 699, 700, 701, 702, 703, 704, 705, 706, 707, 708, 709, 710]",[657],0,-0.467051899997102,-0.06801036185820503,0.8816105225034713,-0.850053058604411,-0.2399842381357171,-0.4688468438666356,0.24345907308287426,-0.9683915303874655,0.054272678276283695,-0.031838086157713476,0.997684614835729,0.06009780020847036,0.8836565277180618,0.0,0.46813581471736293,0.0,0.41025807937206515
58,-0.2788614085814487,-0.282959104688595,0.8851446362239576,"[40, 49, 76, 227, 1074, 1093, 1754, 1763, 1772, 1790, 1941, 2788, 2807]","[711, 712, 713, 714, 715, 716, 717, 718, 719, 720, 721]","[485, 596]",0,-0.31861039335563807,-0.19169787689892911,0.9282991658070157,-0.6277200557447945,-0.6911451164302003,-0.35817029420435925,0.7102499200009882,-0.6968287824329816,0.09987341543849984,-0.062231074425527076,0.9814539846536111,0.18131566226720147,0.9458407427370645,6.938893903907228e-18,0.3246310049554582,0.0,0.45365635293846757
59,-0.1847854560866386,-0.29870936886421456,0.9051441354450906,"[64, 72, 230, 248, 1090, 1773, 1778, 1786, 1944, 1962, 2804]","[722, 723, 724, 725, 726, 727, 728, 729, 730, 731, 732]",[],0,-0.10342267097604212,-0.19968001586702444,0.9743878295582299,-0.4816088063484568,-0.8470878739354596,-0.22471112896142362,0.870262436725582,-0.49251398466923496,-0.008559563619536484,-0.021075884463933124,0.9798611591768285,0.19856463892321058,0.9944141784095378,0.0,0.1055482912119181,0.0,0.4004254485638954
60,-0.27441592623575184,0.27180375921287525,0.8753637156210798,"[44, 77, 219, 228, 1099, 1758, 1774, 1791, 1933, 1942, 2813]","[733, 734, 735, 736, 737, 738, 739, 740, 741, 742]",[530],0,-0.23679507324422683,0.21265483091716914,0.9480010633826044,-0.6643176569896485,0.6765698161693571,-0.3177032175794671,-0.7089500291973259,-0.7050044019266835,-0.018938040152232327,0.05153434151114002,0.977127383142855,-0.2063159924906678,0.9701918907782988,6.938893903907228e-18,0.24233797694073117,0.0,0.45839979502060224
61,-0.2958034964782347,-0.21020597903043017,0.8934068847343701,"[43, 69, 71, 227, 237, 1757, 1775, 1783, 1785, 1941, 1951]","[743, 744, 745, 746, 747, 748, 749, 750, 751, 752]",[519],0,-0.33262134065372034,-0.14094169742583787,0.9324690245086404,-0.742023271777606,-0.5711314561785039,-0.3510132816630718,0.582034799545576,-0.8086682247312069,0.08538849118979591,-0.047352897818179994,0.9900178977810101,0.13274888000088925,0.9418708758686576,0.0,0.335975078227624,0.0,0.442744578371547
62,-0.3160185518502172,-0.256896487652857,0.8764337520673166,"[43, 76, 227, 1075, 1089, 1757, 1776, 1790, 1941, 2789, 2803]","[753, 754, 755, 756, 757, 758, 759, 760, 761, 762]",[520],0,-0.37114698983791106,-0.20740944201827796,0.9051139349803812,-0.6807407006411036,-0.6021596499204745,-0.4171281032228722,0.6315393973655281,-0.7709637341465374,0.08229769259073155,-0.07869057788630865,0.978254222255993,0.1919022396696851,0.9252338649692414,0.0,0.37939727873803375,0.0,0.4524455027556035
63,-0.3158136412852196,-0.1666947868838703,0.8889842636452094,"[47, 71, 73, 238, 247, 1063, 1761, 1777, 1785, 1787, 1952, 1961, 2777]","[763, 764, 765, 766, 767, 768, 769, 770, 771, 772, 773, 774]",[571],0,-0.407208828828478,-0.08487031878113839,0.9093833068150675,-0.79178007859764,-0.4635032307829294,-0.39780530688981725,0.4552639639374151,-0.8820214192657717,0.1215439800901959,-0.034685086708879924,0.9963920056835008,0.07745912321997939,0.9126762374927466,0.0,0.4086833560543706,0.0,0.3603590280854492
64,-0.20684096985494835,-0.30683702692826376,0.8997179096214718,"[41, 49, 59, 248, 1081, 1090, 1755, 1763, 1773, 1778, 1962, 2795, 2804]","[775, 776, 777, 778, 779, 780, 781, 782, 783, 784]","[496, 597, 722]",0,-0.1832557415391484,-0.24595642641960014,0.9517997528343749,-0.5033491243691837,-0.808178810178507,-0.30575589900315736,0.8444270200494108,-0.5351190961657806,0.02430145528420967,-0.04650140939820045,0.9692808861743407,0.24152056355736132,0.9819648426072378,0.0,0.18906360803465788,0.0,0.4308133811674209
65,-0.39209531493161015,0.04312036395116108,0.8624002514263853,"[56, 67, 234, 252, 1072, 1100, 1770, 1779, 1781, 1948, 1966, 2786, 2814]","[785, 786, 787, 788, 789, 790, 791, 792, 793, 794, 795, 796]",[682],0,-0.39789932806099426,0.009482828194696888,0.9173800742864141,-0.9129796294960715,0.0942701297638516,-0.3969651606369542,-0.09024589106335257,-0.9955014910101576,-0.028852392317490025,0.0037733806293995505,0.9999550369738781,-0.008699748800728916,0.9174213243253846,4.336808689942018e-19,0.39791721962333454,0.0,0.3947197315315243
66,-0.39576115559666175,-0.0413085054987458,0.8574325323591183,"[55, 70, 231, 236, 1092, 1095, 1102, 1769, 1780, 1784, 1945, 1950, 2806, 2809, 2816]","[797, 798, 799, 800, 801, 802, 803, 804, 805, 806, 807, 808, 809, 810]",[667],0,-0.46660152235956587,-0.09117629106353647,0.8797555929231049,-0.8747019510139924,-0.09983304867391336,-0.474267708456719,0.1310706535577261,-0.9908179683171994,-0.033169827186450375,-0.042720938860906714,0.9958347673926125,0.08054835463834226,0.8834353064681245,6.938893903907228e-18,0.46855315524006674,0.0,0.4170954204941862
67,-0.400190154330773,0.019155679966878152,0.8589018449300564,"[55, 65, 232, 234, 1059, 1100, 1769, 1779, 1781, 1946, 1948, 2773, 2814]","[811, 812, 813, 814, 815, 816, 817, 818, 819, 820, 821]","[668, 785]",0,-0.41130226346101517,0.004411312867529736,0.9114883369470186,-0.9108885256514386,0.03460369084629617,-0.4111990739488144,-0.033354788387745984,-0.9993913772383722,-0.010214362095095447,0.0018144006211644097,0.9999902701120572,-0.004020899352277791,0.9114972057126907,-2.168404344971009e-19,0.4113062654248881,0.0,0.4162993120394826
68,-0.3499143991111561,0.20848320413443372,0.8679927031272596,"[45, 48, 220, 225, 1083, 1101, 1103, 1759, 1762, 1782, 1934, 1939, 2797, 2815, 2817]","[822, 823, 824, 825, 826, 827, 828, 829, 830, 831, 832, 833, 834]","[542, 585]",0,-0.35916539805394987,0.1477244540236331,0.9215083844024465,-0.7881426191255148,0.4808057809445762,-0.38426164644451577,-0.49983140033283147,-0.8642935188311764,-0.05626086159652606,0.05364608734499344,0.9890285565560901,-0.1376394261436393,0.9317308163590816,6.938893903907228e-18,0.36314967416573485,0.0,0.4625467961123897
69,-0.31769267116599276,-0.22282113166834316,0.8820047425593533,"[43, 61, 71, 1066, 1075, 1757, 1775, 1783, 1785, 2780, 2789]","[835, 836, 837, 838, 839, 840, 841, 842, 843]","[521, 743]",0,-0.43776712059563383,-0.1354145926034423,0.8888322880247196,-0.7076737134382443,-0.5578910507472545,-0.4335383383331286,0.5545789965675512,-0.8187920759301738,0.14839701129029323,-0.0598311597263779,0.9907890230064356,0.12147980990991611,0.8970954132370815,0.0,0.44183686983862747,0.0,0.45644865286286723
70,-0.382672448607387,-0.06583873675060505,0.8615509682095066,"[57, 66, 231, 235, 1095, 1771, 1780, 1784, 1945, 1949, 2809]","[844, 845, 846, 847, 848, 849, 850, 851, 852]","[695, 797]",0,-0.44698889146870596,-0.08040440512411225,0.8909186621347931,-0.8750534455603366,-0.16744452611844812,-0.45414072498065133,0.18569436802594458,-0.982597304244952,0.004487691370104296,-0.03605661553465711,0.9967623245471504,0.07186646533361177,0.8938125370454354,0.0,0.4484407972299542,0.0,0.4078907308625371
71,-0.30818494479785385,-0.19327860955606607,0.8896126618025497,"[61, 63, 69, 73, 237, 249, 1063, 1066, 1775, 1777, 1783, 1785, 1787, 1951, 1963, 2777, 2780]","[853, 854, 855, 856, 857, 858, 859, 860, 861, 862, 863, 864, 865, 866]","[744, 763, 835]",0,-0.4063247915147965,-0.0860419002558167,0.9096685963584376,-0.7565534646540268,-0.526578670241849,-0.3877392927810058,0.5123739053859195,-0.8457610155632782,0.14886667065820375,-0.035091091820244995,0.9962915192855798,0.07856095642553201,0.9130546418890958,6.938893903907228e-18,0.4078372480839383,0.0,0.4286647264097926
72,-0.17006881141170663,-0.30632720774389954,0.9044577159089158,"[50, 59, 230, 243, 1082, 1090, 1764, 1773, 1786, 1944, 1957, 2796, 2804]","[867, 868, 869, 870, 871, 872, 873, 874, 875, 876, 877]","[611, 723]",0,-0.04356251369140591,-0.25998539571549445,0.9646294114401063,-0.43791382738569296,-0.8628773309142256,-0.2523374557586645,0.8979609051540567,-0.4334170114438866,-0.07626209416020138,-0.011728945918150251,0.9656125486004599,0.25972069192302316,0.9989818513007518,0.0,0.045113864514856813,0.0,0.39984289656632893
73,-0.293252143301254,-0.16797510843985095,0.898459150835304,"[63, 71, 238, 246, 249, 1777, 1785, 1787, 1952, 1960, 1963]","[878, 879, 880, 881, 882, 883, 884, 885, 886]","[764, 853]",0,-0.3394350899282077,-0.07840633344573372,0.9373559977941631,-0.8007495764952148,-0.4987814247467541,-0.3316884171482813,0.4935422327097037,-0.8631741059617973,0.10652007946222015,-0.026696045024216058,0.9969214848099114,0.07372159998580168,0.9402505734670729,0.0,0.34048327285566565,0.0,0.35669932721888775
74,-0.11765617161250487,-0.34388749829461646,0.895319629005888,"[50, 79, 226, 239, 1076, 1085, 1086, 1764, 1788, 1793, 1940, 1953, 2790, 2799, 2800]","[887, 888, 889, 890, 891, 892, 893, 894, 895, 896, 897, 898, 899, 900]",[612],0,-0.04787344401766504,-0.2951251552260339,0.9542584954353419,-0.27784632680003046,-0.9137145483470198,-0.29652511330869147,0.959431890256655,-0.2793328961862488,-0.03825677804742519,-0.014787304805349415,0.9554586033695153,0.29475446199128025,0.9987439456508894,1.734723475976807e-18,0.050105199585660336,0.0,0.4948005747851798
75,-0.3134096667227409,0.23381474127135768,0.875212660690932,"[48, 77, 219, 220, 244, 1087, 1762, 1789, 1791, 1933, 1934, 1958, 2801]","[901, 902, 903, 904, 905, 906, 907, 908, 909, 910, 911, 912]",[586],0,-0.22787696839993662,0.17101437518527704,0.9585542085623271,-0.7631453320735085,0.580032889433131,-0.28490533394492246,-0.6047158749422383,-0.7964395335840967,-0.0016673142761657045,0.0395529097271312,0.9852685336901802,-0.1663775340967629,0.9728862495711803,0.0,0.23128412266091408,0.0,0.4574143341392502
