x[0],x[1],x[2],column_0,column_1_[0],column_1_[1],column_1_[2],column_2_[0],column_2_[1],column_2_[2],column_3,column_4_[0],column_4_[1],column_4_[2],column_4_[3],column_4_[4],column_4_[5],column_4_[6],column_4_[7],column_4_[8],column_4_[9],column_4_[10],column_4_[11],column_4_[12],column_4_[13],column_4_[14],column_4_[15],column_4_[16],column_4_[17],column_4_[18],column_4_[19],column_4_[20],column_4_[21],column_5_[0],column_5_[1],column_5_[2],column_5_[3],column_5_[4],column_5_[5],column_5_[6],column_5_[7],column_5_[8],column_5_[9],column_5_[10],column_5_[11],column_5_[12],column_5_[13],column_5_[14],column_5_[15],column_5_[16],column_5_[17],column_5_[18],column_5_[19],column_5_[20],column_5_[21],column_6_[0],column_6_[1],column_6_[2],column_6_[3],column_6_[4],column_6_[5],column_6_[6],column_6_[7],column_6_[8],column_6_[9],column_6_[10],column_6_[11],column_6_[12],column_6_[13],column_6_[14],column_6_[15],column_6_[16],column_6_[17],column_6_[18],column_6_[19],column_6_[20],column_6_[21],column_7_[0],column_7_[1],column_7_[2],column_7_[3],column_7_[4],column_7_[5],column_7_[6],column_7_[7],column_7_[8],column_7_[9],column_7_[10],column_7_[11],column_7_[12],column_7_[13],column_7_[14],column_7_[15],column_7_[16],column_7_[17],column_7_[18],column_7_[19],column_7_[20],column_7_[21],column_8_[0],column_8_[1],column_8_[2],column_8_[3],column_8_[4],column_8_[5],column_8_[6],column_8_[7],column_8_[8],column_8_[9],column_8_[10],column_8_[11],column_8_[12],column_8_[13],column_8_[14],column_8_[15],column_8_[16],column_8_[17],column_8_[18],column_8_[19],column_8_[20],column_8_[21],column_9_[0],column_9_[1],column_9_[2],column_9_[3],column_9_[4],column_9_[5],column_9_[6],column_9_[7],column_9_[8],column_9_[9],column_9_[10],column_9_[11],column_9_[12],column_9_[13],column_9_[14],column_9_[15],column_9_[16],column_9_[17],column_9_[18],column_9_[19],column_9_[20],column_9_[21],column_10,column_11_[0],column_11_[1],column_11_[2],column_11_[3],column_11_[4],column_11_[5],column_11_[6],column_11_[7],column_11_[8],column_11_[9],column_11_[10],column_11_[11],column_11_[12],column_11_[13],column_11_[14],column_11_[15],column_11_[16],column_11_[17],column_11_[18],column_11_[19],column_11_[20],column_11_[21],column_12,column_13_[0],column_13_[1],column_13_[2],column_14,column_15_[0],column_15_[1],column_15_[2],column_15_[3],column_15_[4],column_15_[5],column_15_[6],column_15_[7],column_15_[8],column_15_[9],column_15_[10],column_15_[11],column_15_[12],column_15_[13],column_15_[14],column_15_[15],column_15_[16],column_15_[17],column_15_[18],column_15_[19],column_15_[20],column_15_[21],column_16_[0],column_16_[1],column_16_[2],column_16_[3],column_16_[4],column_16_[5],column_16_[6],column_16_[7],column_16_[8],column_16_[9],column_16_[10],column_16_[11],column_16_[12],column_16_[13],column_16_[14],column_16_[15],column_16_[16],column_16_[17],column_16_[18],column_16_[19],column_16_[20],column_16_[21]
0.0659845,-0.610932,0.683858,0,0,0,0,4.88575e-09,1.21808e-07,-8.17692e-08,0,8,9,42,93,126,1593,1601,1602,1635,1686,1719,0,0,0,0,0,0,0,0,0,0,0,8,9,42,93,126,1593,1601,1602,1635,1686,1719,0,0,0,0,0,0,0,0,0,0,0,0.037882,0.0341711,0.0408041,0.0338794,0.0382983,0.100056,0.107623,0.106459,0.108829,0.106404,0.107882,0,0,0,0,0,0,0,0,0,0,0,0.0381338,0.034141,0.0408155,0.0341059,0.0380947,0.1,0.107828,0.106322,0.108875,0.106425,0.107814,0,0,0,0,0,0,0,0,0,0,0,1,1,1,1,1,1,1,1,1,1,1,0,0,0,0,0,0,0,0,0,0,0,1,1,1,1,1,1,1,1,1,1,1,0,0,0,0,0,0,0,0,0,0,0,1,0,0,0,0,0,0,0,0,0,0,0,0,0,0,0,0,0,0,0,0,0,0,11,0,0,0,0,0,0,0,0,0,0,0,0,0,0,0,0,0,0,0,0,0,0,0,0,0,0,0,0,0,0,0,0,0,0,0,0,0,0,0,0,0,0,0,0,0,0,0,0
0.048114,0.522409,0.823635,0,0,0,0,2.18956e-09,-7.49133e-08,-5.88639e-08,1,41,70,71,137,138,1594,1634,1663,1664,1730,1731,0,0,0,0,0,0,0,0,0,0,0,41,70,71,137,138,1594,1634,1663,1664,1730,1731,0,0,0,0,0,0,0,0,0,0,0,0.0389043,0.0427196,0.0328001,0.0391937,0.0331273,0.100115,0.108167,0.109802,0.106254,0.10818,0.106334,0,0,0,0,0,0,0,0,0,0,0,0.0391577,0.0434483,0.0329288,0.0398724,0.0335009,0.1,0.108239,0.110011,0.105982,0.108525,0.10617,0,0,0,0,0,0,0,0,0,0,0,1,1,1,1,1,1,1,1,1,1,1,0,0,0,0,0,0,0,0,0,0,0,1,1,1,1,1,1,1,1,1,1,1,0,0,0,0,0,0,0,0,0,0,0,1,0,0,0,0,0,0,0,0,0,0,0,0,0,0,0,0,0,0,0,0,0,0,11,0,0,0,0,0,0,0,0,0,0,0,0,0,0,0,0,0,0,0,0,0,0,0,0,0,0,0,0,0,0,0,0,0,0,0,0,0,0,0,0,0,0,0,0,0,0,0,0
0.190673,-0.672935,0.455564,0,0,0,0,2.06735e-08,1.98159e-07,-9.57664e-08,2,3,1016,1023,1044,1595,1596,2609,2616,2637,0,0,0,0,0,0,0,0,0,0,0,0,0,3,1016,1023,1044,1595,1596,2609,2616,2637,0,0,0,0,0,0,0,0,0,0,0,0,0,0.0408413,0.0326927,0.0450792,0.0357431,0.100062,0.10891,0.105936,0.110709,0.107152,0,0,0,0,0,0,0,0,0,0,0,0,0,0.0407526,0.0335178,0.044994,0.0366099,0.1,0.108858,0.10606,0.110705,0.10719,0,0,0,0,0,0,0,0,0,0,0,0,0,1,1,1,1,1,1,1,1,1,0,0,0,0,0,0,0,0,0,0,0,0,0,1,1,1,1,1,1,1,1,1,0,0,0,0,0,0,0,0,0,0,0,0,0,1,0,0,0,0,0,0,0,0,0,0,0,0,0,0,0,0,0,0,0,0,0,0,9,0,0,0,0,0,0,0,0,0,0,0,0,0,0,0,0,0,0,0,0,0,0,0,0,0,0,0,0,0,0,0,0,0,0,0,0,0,0,0,0,0,0,0,0,0,0,0,0
0.174309,-0.667397,0.492572,0,0,0,0,1.69725e-08,1.85756e-07,-9.53976e-08,3,2,4,1023,1029,1044,1045,1595,1596,1597,2616,2622,2637,2638,0,0,0,0,0,0,0,0,0,2,4,1023,1029,1044,1045,1595,1596,1597,2616,2622,2637,2638,0,0,0,0,0,0,0,0,0,0.0408413,0.039867,0.0326116,0.0450897,0.0390177,0.0360537,0.108873,0.100035,0.108481,0.105932,0.1107,0.108257,0.107219,0,0,0,0,0,0,0,0,0,0.0407526,0.0398056,0.0334173,0.0450113,0.0391942,0.0367612,0.108864,0.1,0.108467,0.106026,0.110713,0.108221,0.107249,0,0,0,0,0,0,0,0,0,1,1,1,1,1,1,1,1,1,1,1,1,1,0,0,0,0,0,0,0,0,0,1,1,1,1,1,1,1,1,1,1,1,1,1,0,0,0,0,0,0,0,0,0,1,0,0,0,0,0,0,0,0,0,0,0,0,0,0,0,0,0,0,0,0,0,0,13,0,0,0,0,0,0,0,0,0,0,0,0,0,0,0,0,0,0,0,0,0,0,0,0,0,0,0,0,0,0,0,0,0,0,0,0,0,0,0,0,0,0,0,0,0,0,0,0
0.157499,-0.660499,0.528057,0,0,0,0,1.37894e-08,1.73787e-07,-9.42492e-08,4,3,5,1029,1034,1045,1046,1596,1597,1598,2622,2627,2638,2639,0,0,0,0,0,0,0,0,0,3,5,1029,1034,1045,1046,1596,1597,1598,2622,2627,2638,2639,0,0,0,0,0,0,0,0,0,0.039867,0.0388925,0.032529,0.04497,0.0385058,0.0361586,0.108482,0.100054,0.108065,0.105935,0.110642,0.10801,0.107327,0,0,0,0,0,0,0,0,0,0.0398056,0.0387801,0.033328,0.0450013,0.0387394,0.0368974,0.108471,0.1,0.108052,0.105995,0.110709,0.108038,0.107301,0,0,0,0,0,0,0,0,0,1,1,1,1,1,1,1,1,1,1,1,1,1,0,0,0,0,0,0,0,0,0,1,1,1,1,1,1,1,1,1,1,1,1,1,0,0,0,0,0,0,0,0,0,1,0,0,0,0,0,0,0,0,0,0,0,0,0,0,0,0,0,0,0,0,0,0,13,0,0,0,0,0,0,0,0,0,0,0,0,0,0,0,0,0,0,0,0,0,0,0,0,0,0,0,0,0,0,0,0,0,0,0,0,0,0,0,0,0,0,0,0,0,0,0,0
0.139914,-0.652602,0.561836,0,0,0,0,1.11427e-08,1.62482e-07,-9.2676e-08,5,4,6,1034,1038,1046,1047,1597,1598,1599,2627,2631,2639,2640,0,0,0,0,0,0,0,0,0,4,6,1034,1038,1046,1047,1597,1598,1599,2627,2631,2639,2640,0,0,0,0,0,0,0,0,0,0.0388925,0.0375187,0.0327286,0.0450753,0.0378908,0.0368918,0.108077,0.100025,0.107531,0.106002,0.110673,0.107813,0.107438,0,0,0,0,0,0,0,0,0,0.0387801,0.0376916,0.0332663,0.0450079,0.0383026,0.0370554,0.108056,0.1,0.107622,0.105975,0.110713,0.107864,0.107363,0,0,0,0,0,0,0,0,0,1,1,1,1,1,1,1,1,1,1,1,1,1,0,0,0,0,0,0,0,0,0,1,1,1,1,1,1,1,1,1,1,1,1,1,0,0,0,0,0,0,0,0,0,1,0,0,0,0,0,0,0,0,0,0,0,0,0,0,0,0,0,0,0,0,0,0,13,0,0,0,0,0,0,0,0,0,0,0,0,0,0,0,0,0,0,0,0,0,0,0,0,0,0,0,0,0,0,0,0,0,0,0,0,0,0,0,0,0,0,0,0,0,0,0,0
0.122329,-0.643712,0.593765,0,0,0,0,8.98583e-09,1.51804e-07,-9.06005e-08,6,5,7,1038,1041,1047,1048,1598,1599,1600,2631,2634,2640,2641,0,0,0,0,0,0,0,0,0,5,7,1038,1041,1047,1048,1598,1599,1600,2631,2634,2640,2641,0,0,0,0,0,0,0,0,0,0.0375187,0.0365567,0.0327795,0.0452379,0.0380451,0.0378603,0.107525,0.10007,0.107103,0.106041,0.110742,0.107733,0.107923,0,0,0,0,0,0,0,0,0,0.0376916,0.0365554,0.0332619,0.0451277,0.0379107,0.0384313,0.107625,0.1,0.107184,0.105974,0.110767,0.10771,0.107912,0,0,0,0,0,0,0,0,0,1,1,1,1,1,1,1,1,1,1,1,1,1,0,0,0,0,0,0,0,0,0,1,1,1,1,1,1,1,1,1,1,1,1,1,0,0,0,0,0,0,0,0,0,1,0,0,0,0,0,0,0,0,0,0,0,0,0,0,0,0,0,0,0,0,0,0,13,0,0,0,0,0,0,0,0,0,0,0,0,0,0,0,0,0,0,0,0,0,0,0,0,0,0,0,0,0,0,0,0,0,0,0,0,0,0,0,0,0,0,0,0,0,0,0,0
0.104163,-0.634183,0.624023,0,0,0,0,7.26119e-09,1.41734e-07,-8.82177e-08,7,6,8,1041,1043,1048,1049,1599,1600,1601,2634,2636,2641,2642,0,0,0,0,0,0,0,0,0,6,8,1041,1043,1048,1049,1599,1600,1601,2634,2636,2641,2642,0,0,0,0,0,0,0,0,0,0.0365567,0.0368189,0.0332329,0.0460576,0.0378549,0.0385258,0.107102,0.0999168,0.107202,0.10612,0.111054,0.107674,0.108069,0,0,0,0,0,0,0,0,0,0.0365554,0.036912,0.0333755,0.0456462,0.037556,0.0386424,0.107186,0.1,0.107325,0.106015,0.111004,0.107581,0.108008,0,0,0,0,0,0,0,0,0,1,1,1,1,1,1,1,1,1,1,1,1,1,0,0,0,0,0,0,0,0,0,1,1,1,1,1,1,1,1,1,1,1,1,1,0,0,0,0,0,0,0,0,0,1,0,0,0,0,0,0,0,0,0,0,0,0,0,0,0,0,0,0,0,0,0,0,13,0,0,0,0,0,0,0,0,0,0,0,0,0,0,0,0,0,0,0,0,0,0,0,0,0,0,0,0,0,0,0,0,0,0,0,0,0,0,0,0,0,0,0,0,0,0,0,0
0.0855383,-0.623275,0.653852,0,0,0,0,5.90618e-09,1.31779e-07,-8.52725e-08,8,0,7,9,126,1043,1049,1593,1600,1601,1602,1719,2636,2642,0,0,0,0,0,0,0,0,0,0,7,9,126,1043,1049,1593,1600,1601,1602,1719,2636,2642,0,0,0,0,0,0,0,0,0,0.037882,0.0368189,0.0470012,0.039349,0.0340001,0.0384863,0.107709,0.107168,0.100046,0.111528,0.108518,0.106449,0.10792,0,0,0,0,0,0,0,0,0,0.0381338,0.036912,0.0465275,0.0394766,0.0342079,0.0381364,0.107818,0.107338,0.1,0.111408,0.10858,0.10636,0.10783,0,0,0,0,0,0,0,0,0,1,1,1,1,1,1,1,1,1,1,1,1,1,0,0,0,0,0,0,0,0,0,1,1,1,1,1,1,1,1,1,1,1,1,1,0,0,0,0,0,0,0,0,0,1,0,0,0,0,0,0,0,0,0,0,0,0,0,0,0,0,0,0,0,0,0,0,13,0,0,0,0,0,0,0,0,0,0,0,0,0,0,0,0,0,0,0,0,0,0,0,0,0,0,0,0,0,0,0,0,0,0,0,0,0,0,0,0,0,0,0,0,0,0,0,0
0.097255,-0.60131,0.693719,0,0,0,0,6.25577e-09,1.16112e-07,-7.73533e-08,9,0,8,10,42,1043,1071,1593,1601,1602,1603,1635,2636,2664,0,0,0,0,0,0,0,0,0,0,8,10,42,1043,1071,1593,1601,1602,1603,1635,2636,2664,0,0,0,0,0,0,0,0,0,0.0341711,0.0470012,0.0333725,0.041951,0.0381903,0.0413042,0.106451,0.111492,0.0999293,0.106132,0.109445,0.107685,0.108888,0,0,0,0,0,0,0,0,0,0.034141,0.0465275,0.0334375,0.0423186,0.0382838,0.0406661,0.106321,0.111422,0.1,0.106038,0.10954,0.107856,0.108828,0,0,0,0,0,0,0,0,0,1,1,1,1,1,1,1,1,1,1,1,1,1,0,0,0,0,0,0,0,0,0,1,1,1,1,1,1,1,1,1,1,1,1,1,0,0,0,0,0,0,0,0,0,1,0,0,0,0,0,0,0,0,0,0,0,0,0,0,0,0,0,0,0,0,0,0,13,0,0,0,0,0,0,0,0,0,0,0,0,0,0,0,0,0,0,0,0,0,0,0,0,0,0,0,0,0,0,0,0,0,0,0,0,0,0,0,0,0,0,0,0,0,0,0,0
0.127718,-0.59058,0.702119,0,0,0,0,8.08707e-09,1.10373e-07,-7.22932e-08,10,9,11,1042,1043,1071,1072,1602,1603,1604,2635,2636,2664,2665,0,0,0,0,0,0,0,0,0,9,11,1042,1043,1071,1072,1602,1603,1604,2635,2636,2664,2665,0,0,0,0,0,0,0,0,0,0.0333725,0.0330369,0.0384642,0.0464719,0.0421872,0.0411521,0.106175,0.0999542,0.106016,0.107794,0.111255,0.109433,0.10884,0,0,0,0,0,0,0,0,0,0.0334375,0.0332006,0.0384592,0.0460441,0.0424578,0.0405138,0.106036,0.1,0.105955,0.107927,0.111196,0.109575,0.108765,0,0,0,0,0,0,0,0,0,1,1,1,1,1,1,1,1,1,1,1,1,1,0,0,0,0,0,0,0,0,0,1,1,1,1,1,1,1,1,1,1,1,1,1,0,0,0,0,0,0,0,0,0,1,0,0,0,0,0,0,0,0,0,0,0,0,0,0,0,0,0,0,0,0,0,0,13,0,0,0,0,0,0,0,0,0,0,0,0,0,0,0,0,0,0,0,0,0,0,0,0,0,0,0,0,0,0,0,0,0,0,0,0,0,0,0,0,0,0,0,0,0,0,0,0
0.157935,-0.578964,0.708713,0,0,0,0,1.03522e-08,1.04609e-07,-6.66076e-08,11,10,12,1040,1042,1072,1073,1603,1604,1605,2633,2635,2665,2666,0,0,0,0,0,0,0,0,0,10,12,1040,1042,1072,1073,1603,1604,1605,2633,2635,2665,2666,0,0,0,0,0,0,0,0,0,0.0330369,0.0340075,0.0392789,0.0460811,0.0425854,0.041636,0.106095,0.0999471,0.106356,0.108104,0.11109,0.109577,0.10904,0,0,0,0,0,0,0,0,0,0.0332006,0.0342447,0.0391623,0.0456963,0.0427349,0.0410286,0.105953,0.1,0.106324,0.108209,0.111034,0.109696,0.10898,0,0,0,0,0,0,0,0,0,1,1,1,1,1,1,1,1,1,1,1,1,1,0,0,0,0,0,0,0,0,0,1,1,1,1,1,1,1,1,1,1,1,1,1,0,0,0,0,0,0,0,0,0,1,0,0,0,0,0,0,0,0,0,0,0,0,0,0,0,0,0,0,0,0,0,0,13,0,0,0,0,0,0,0,0,0,0,0,0,0,0,0,0,0,0,0,0,0,0,0,0,0,0,0,0,0,0,0,0,0,0,0,0,0,0,0,0,0,0,0,0,0,0,0,0
0.188994,-0.566018,0.713635,0,0,0,0,1.31446e-08,9.86013e-08,-6.00683e-08,12,11,13,1037,1040,1073,1074,1604,1605,1606,2630,2633,2666,2667,0,0,0,0,0,0,0,0,0,11,13,1037,1040,1073,1074,1604,1605,1606,2630,2633,2666,2667,0,0,0,0,0,0,0,0,0,0.0340075,0.0349802,0.0402343,0.0460507,0.0433828,0.0421532,0.10645,0.0999473,0.106712,0.108485,0.111096,0.109884,0.109274,0,0,0,0,0,0,0,0,0,0.0342447,0.0352679,0.040022,0.0457213,0.0434033,0.0416102,0.106322,0.1,0.106695,0.10856,0.111044,0.109989,0.109224,0,0,0,0,0,0,0,0,0,1,1,1,1,1,1,1,1,1,1,1,1,1,0,0,0,0,0,0,0,0,0,1,1,1,1,1,1,1,1,1,1,1,1,1,0,0,0,0,0,0,0,0,0,1,0,0,0,0,0,0,0,0,0,0,0,0,0,0,0,0,0,0,0,0,0,0,13,0,0,0,0,0,0,0,0,0,0,0,0,0,0,0,0,0,0,0,0,0,0,0,0,0,0,0,0,0,0,0,0,0,0,0,0,0,0,0,0,0,0,0,0,0,0,0,0
0.220774,-0.551727,0.716707,0,0,0,0,1.65456e-08,9.23771e-08,-5.26612e-08,13,12,14,1033,1037,1074,1075,1605,1606,1607,2626,2630,2667,2668,0,0,0,0,0,0,0,0,0,12,14,1033,1037,1074,1075,1605,1606,1607,2626,2630,2667,2668,0,0,0,0,0,0,0,0,0,0.0349802,0.0359446,0.0412501,0.0461047,0.0443122,0.0426416,0.106805,0.0999492,0.107075,0.108903,0.111144,0.110262,0.109506,0,0,0,0,0,0,0,0,0,0.0352679,0.0362614,0.0409669,0.0458439,0.0442163,0.0421924,0.106694,0.1,0.107065,0.108953,0.111098,0.11035,0.109472,0,0,0,0,0,0,0,0,0,1,1,1,1,1,1,1,1,1,1,1,1,1,0,0,0,0,0,0,0,0,0,1,1,1,1,1,1,1,1,1,1,1,1,1,0,0,0,0,0,0,0,0,0,1,0,0,0,0,0,0,0,0,0,0,0,0,0,0,0,0,0,0,0,0,0,0,13,0,0,0,0,0,0,0,0,0,0,0,0,0,0,0,0,0,0,0,0,0,0,0,0,0,0,0,0,0,0,0,0,0,0,0,0,0,0,0,0,0,0,0,0,0,0,0,0
0.253125,-0.536096,0.717762,0,0,0,0,2.06474e-08,8.59845e-08,-4.4387e-08,14,13,15,1028,1033,1075,1076,1606,1607,1608,2621,2626,2668,2669,0,0,0,0,0,0,0,0,0,13,15,1028,1033,1075,1076,1606,1607,1608,2621,2626,2668,2669,0,0,0,0,0,0,0,0,0,0.0359446,0.0368867,0.0422877,0.0461449,0.0452722,0.0430702,0.107159,0.0999541,0.10744,0.109345,0.111187,0.110668,0.109722,0,0,0,0,0,0,0,0,0,0.0362614,0.0372166,0.0419576,0.0459676,0.0450797,0.0427373,0.107064,0.1,0.107429,0.109373,0.111153,0.110739,0.109706,0,0,0,0,0,0,0,0,0,1,1,1,1,1,1,1,1,1,1,1,1,1,0,0,0,0,0,0,0,0,0,1,1,1,1,1,1,1,1,1,1,1,1,1,0,0,0,0,0,0,0,0,0,1,0,0,0,0,0,0,0,0,0,0,0,0,0,0,0,0,0,0,0,0,0,0,13,0,0,0,0,0,0,0,0,0,0,0,0,0,0,0,0,0,0,0,0,0,0,0,0,0,0,0,0,0,0,0,0,0,0,0,0,0,0,0,0,0,0,0,0,0,0,0,0
0.285868,-0.519147,0.71665,0,0,0,0,2.55435e-08,7.94891e-08,-3.52702e-08,15,14,16,1022,1028,1076,1077,1607,1608,1609,2615,2621,2669,2670,0,0,0,0,0,0,0,0,0,14,16,1022,1028,1076,1077,1607,1608,1609,2615,2621,2669,2670,0,0,0,0,0,0,0,0,0,0.0368867,0.0377913,0.0433252,0.0461309,0.0462079,0.0434266,0.107511,0.099961,0.107799,0.109798,0.111206,0.111079,0.109913,0,0,0,0,0,0,0,0,0,0.0372166,0.0381239,0.0429686,0.0460479,0.0459426,0.0432223,0.107429,0.1,0.107782,0.109811,0.111188,0.111135,0.109917,0,0,0,0,0,0,0,0,0,1,1,1,1,1,1,1,1,1,1,1,1,1,0,0,0,0,0,0,0,0,0,1,1,1,1,1,1,1,1,1,1,1,1,1,0,0,0,0,0,0,0,0,0,1,0,0,0,0,0,0,0,0,0,0,0,0,0,0,0,0,0,0,0,0,0,0,13,0,0,0,0,0,0,0,0,0,0,0,0,0,0,0,0,0,0,0,0,0,0,0,0,0,0,0,0,0,0,0,0,0,0,0,0,0,0,0,0,0,0,0,0,0,0,0,0
0.3188,-0.500924,0.713246,0,0,0,0,3.13217e-08,7.29703e-08,-2.53628e-08,16,15,17,1015,1022,1077,1078,1608,1609,1610,2608,2615,2670,2671,0,0,0,0,0,0,0,0,0,15,17,1015,1022,1077,1078,1608,1609,1610,2608,2615,2670,2671,0,0,0,0,0,0,0,0,0,0.0377913,0.0386435,0.0443482,0.046049,0.0470853,0.0437102,0.107857,0.0999693,0.108143,0.110255,0.111194,0.111477,0.110075,0,0,0,0,0,0,0,0,0,0.0381239,0.0389727,0.0439826,0.0460637,0.046772,0.043636,0.107782,0.1,0.108119,0.110259,0.111193,0.111521,0.110097,0,0,0,0,0,0,0,0,0,1,1,1,1,1,1,1,1,1,1,1,1,1,0,0,0,0,0,0,0,0,0,1,1,1,1,1,1,1,1,1,1,1,1,1,0,0,0,0,0,0,0,0,0,1,0,0,0,0,0,0,0,0,0,0,0,0,0,0,0,0,0,0,0,0,0,0,13,0,0,0,0,0,0,0,0,0,0,0,0,0,0,0,0,0,0,0,0,0,0,0,0,0,0,0,0,0,0,0,0,0,0,0,0,0,0,0,0,0,0,0,0,0,0,0,0
0.351692,-0.481484,0.707456,0,0,0,0,3.80573e-08,6.65158e-08,-1.47461e-08,17,16,18,1008,1015,1078,1079,1609,1610,1611,2601,2608,2671,2672,0,0,0,0,0,0,0,0,0,16,18,1008,1015,1078,1079,1609,1610,1611,2601,2608,2671,2672,0,0,0,0,0,0,0,0,0,0.0386435,0.0394288,0.0453502,0.0459001,0.0478845,0.0439305,0.10819,0.0999781,0.108465,0.110712,0.11115,0.111851,0.110212,0,0,0,0,0,0,0,0,0,0.0389727,0.039751,0.0449897,0.0460086,0.0475462,0.0439787,0.10812,0.1,0.108433,0.110713,0.111166,0.111886,0.110248,0,0,0,0,0,0,0,0,0,1,1,1,1,1,1,1,1,1,1,1,1,1,0,0,0,0,0,0,0,0,0,1,1,1,1,1,1,1,1,1,1,1,1,1,0,0,0,0,0,0,0,0,0,1,0,0,0,0,0,0,0,0,0,0,0,0,0,0,0,0,0,0,0,0,0,0,13,0,0,0,0,0,0,0,0,0,0,0,0,0,0,0,0,0,0,0,0,0,0,0,0,0,0,0,0,0,0,0,0,0,0,0,0,0,0,0,0,0,0,0,0,0,0,0,0
0.384302,-0.460907,0.69922,0,0,0,0,4.58064e-08,6.02173e-08,-3.52982e-09,18,17,19,1001,1008,1079,1080,1610,1611,1612,2594,2601,2672,2673,0,0,0,0,0,0,0,0,0,17,19,1001,1008,1079,1080,1610,1611,1612,2594,2601,2672,2673,0,0,0,0,0,0,0,0,0,0.0394288,0.040132,0.0463376,0.0456967,0.0486001,0.0441099,0.108502,0.0999866,0.108757,0.111171,0.111081,0.112195,0.110329,0,0,0,0,0,0,0,0,0,0.039751,0.0404455,0.0459915,0.0458904,0.0482557,0.0442663,0.108435,0.1,0.108718,0.111172,0.111109,0.112225,0.110374,0,0,0,0,0,0,0,0,0,1,1,1,1,1,1,1,1,1,1,1,1,1,0,0,0,0,0,0,0,0,0,1,1,1,1,1,1,1,1,1,1,1,1,1,0,0,0,0,0,0,0,0,0,1,0,0,0,0,0,0,0,0,0,0,0,0,0,0,0,0,0,0,0,0,0,0,13,0,0,0,0,0,0,0,0,0,0,0,0,0,0,0,0,0,0,0,0,0,0,0,0,0,0,0,0,0,0,0,0,0,0,0,0,0,0,0,0,0,0,0,0,0,0,0,0
0.416373,-0.439287,0.688516,0,0,0,0,5.46e-08,5.41643e-08,8.15167e-09,19,18,20,994,1001,1080,1081,1611,1612,1613,2587,2594,2673,2674,0,0,0,0,0,0,0,0,0,18,20,994,1001,1080,1081,1611,1612,1613,2587,2594,2673,2674,0,0,0,0,0,0,0,0,0,0.040132,0.0407374,0.0473318,0.0454685,0.0492467,0.0442904,0.108786,0.0999943,0.109009,0.11164,0.110999,0.112513,0.110443,0,0,0,0,0,0,0,0,0,0.0404455,0.0410419,0.0470049,0.0457354,0.0489101,0.0445362,0.10872,0.1,0.108966,0.111645,0.111036,0.112542,0.110494,0,0,0,0,0,0,0,0,0,1,1,1,1,1,1,1,1,1,1,1,1,1,0,0,0,0,0,0,0,0,0,1,1,1,1,1,1,1,1,1,1,1,1,1,0,0,0,0,0,0,0,0,0,1,0,0,0,0,0,0,0,0,0,0,0,0,0,0,0,0,0,0,0,0,0,0,13,0,0,0,0,0,0,0,0,0,0,0,0,0,0,0,0,0,0,0,0,0,0,0,0,0,0,0,0,0,0,0,0,0,0,0,0,0,0,0,0,0,0,0,0,0,0,0,0
0.447648,-0.416739,0.675363,0,0,0,0,6.44403e-08,4.84388e-08,2.01445e-08,20,19,21,988,994,1081,1082,1612,1613,1614,2581,2587,2674,2675,0,0,0,0,0,0,0,0,0,19,21,988,994,1081,1082,1612,1613,1614,2581,2587,2674,2675,0,0,0,0,0,0,0,0,0,0.0407374,0.0412284,0.0484027,0.0452784,0.0498789,0.0445712,0.109032,0.100001,0.109214,0.112155,0.110933,0.112828,0.110597,0,0,0,0,0,0,0,0,0,0.0410419,0.0415248,0.0480981,0.0456046,0.0495587,0.0448858,0.108969,0.1,0.109169,0.112165,0.110974,0.112858,0.11065,0,0,0,0,0,0,0,0,0,1,1,1,1,1,1,1,1,1,1,1,1,1,0,0,0,0,0,0,0,0,0,1,1,1,1,1,1,1,1,1,1,1,1,1,0,0,0,0,0,0,0,0,0,1,0,0,0,0,0,0,0,0,0,0,0,0,0,0,0,0,0,0,0,0,0,0,13,0,0,0,0,0,0,0,0,0,0,0,0,0,0,0,0,0,0,0,0,0,0,0,0,0,0,0,0,0,0,0,0,0,0,0,0,0,0,0,0,0,0,0,0,0,0,0,0
0.47787,-0.393393,0.659827,0,0,0,0,7.52965e-08,4.31122e-08,3.22855e-08,21,20,22,982,988,1082,1083,1613,1614,1615,2575,2581,2675,2676,0,0,0,0,0,0,0,0,0,20,22,982,988,1082,1083,1613,1614,1615,2575,2581,2675,2676,0,0,0,0,0,0,0,0,0,0.0412284,0.0390602,0.0496862,0.045266,0.0506405,0.0451633,0.109233,0.100007,0.108321,0.112785,0.110949,0.113209,0.110877,0,0,0,0,0,0,0,0,0,0.0415248,0.039356,0.0494044,0.0456379,0.0503426,0.0455189,0.109172,0.1,0.108272,0.112798,0.110988,0.113245,0.110936,0,0,0,0,0,0,0,0,0,1,1,1,1,1,1,1,1,1,1,1,1,1,0,0,0,0,0,0,0,0,0,1,1,1,1,1,1,1,1,1,1,1,1,1,0,0,0,0,0,0,0,0,0,1,0,0,0,0,0,0,0,0,0,0,0,0,0,0,0,0,0,0,0,0,0,0,13,0,0,0,0,0,0,0,0,0,0,0,0,0,0,0,0,0,0,0,0,0,0,0,0,0,0,0,0,0,0,0,0,0,0,0,0,0,0,0,0,0,0,0,0,0,0,0,0
0.505074,-0.370875,0.643136,0,0,0,0,8.63721e-08,3.84707e-08,4.36295e-08,22,21,23,976,982,1083,1084,1614,1615,1616,2569,2575,2676,2677,0,0,0,0,0,0,0,0,0,21,23,976,982,1083,1084,1614,1615,1616,2569,2575,2676,2677,0,0,0,0,0,0,0,0,0,0.0390602,0.038445,0.0501167,0.0449798,0.0505962,0.0449846,0.108325,0.100012,0.108075,0.113005,0.110823,0.113196,0.110816,0,0,0,0,0,0,0,0,0,0.039356,0.0387377,0.0498606,0.04536,0.0503295,0.0453629,0.108274,0.1,0.108023,0.113022,0.110861,0.11324,0.110864,0,0,0,0,0,0,0,0,0,1,1,1,1,1,1,1,1,1,1,1,1,1,0,0,0,0,0,0,0,0,0,1,1,1,1,1,1,1,1,1,1,1,1,1,0,0,0,0,0,0,0,0,0,1,0,0,0,0,0,0,0,0,0,0,0,0,0,0,0,0,0,0,0,0,0,0,13,0,0,0,0,0,0,0,0,0,0,0,0,0,0,0,0,0,0,0,0,0,0,0,0,0,0,0,0,0,0,0,0,0,0,0,0,0,0,0,0,0,0,0,0,0,0,0,0
0.5304,-0.34839,0.624942,0,0,0,0,9.79663e-08,3.42974e-08,5.45436e-08,23,22,24,971,976,1084,1085,1615,1616,1617,2564,2569,2677,2678,0,0,0,0,0,0,0,0,0,22,24,971,976,1084,1085,1615,1616,1617,2564,2569,2677,2678,0,0,0,0,0,0,0,0,0,0.038445,0.0385237,0.0502082,0.0445121,0.0505014,0.0444614,0.108067,0.100014,0.108106,0.11305,0.110617,0.113161,0.110597,0,0,0,0,0,0,0,0,0,0.0387377,0.0388165,0.0499652,0.044904,0.0502607,0.0448539,0.108026,0.1,0.108055,0.113074,0.110653,0.113206,0.110631,0,0,0,0,0,0,0,0,0,1,1,1,1,1,1,1,1,1,1,1,1,1,0,0,0,0,0,0,0,0,0,1,1,1,1,1,1,1,1,1,1,1,1,1,0,0,0,0,0,0,0,0,0,1,0,0,0,0,0,0,0,0,0,0,0,0,0,0,0,0,0,0,0,0,0,0,13,0,0,0,0,0,0,0,0,0,0,0,0,0,0,0,0,0,0,0,0,0,0,0,0,0,0,0,0,0,0,0,0,0,0,0,0,0,0,0,0,0,0,0,0,0,0,0,0
0.554264,-0.325604,0.605057,0,0,0,0,1.1019e-07,3.04845e-08,6.51142e-08,24,23,25,966,971,1085,1086,1616,1617,1618,2559,2564,2678,2679,0,0,0,0,0,0,0,0,0,23,25,966,971,1085,1086,1616,1617,1618,2559,2564,2678,2679,0,0,0,0,0,0,0,0,0,0.0385237,0.0393073,0.0501257,0.0438083,0.0501998,0.043688,0.108087,0.100016,0.108415,0.113024,0.110303,0.113022,0.110263,0,0,0,0,0,0,0,0,0,0.0388165,0.0395948,0.0499022,0.0442035,0.0499787,0.0440918,0.108058,0.1,0.108369,0.113044,0.110337,0.113067,0.110288,0,0,0,0,0,0,0,0,0,1,1,1,1,1,1,1,1,1,1,1,1,1,0,0,0,0,0,0,0,0,0,1,1,1,1,1,1,1,1,1,1,1,1,1,0,0,0,0,0,0,0,0,0,1,0,0,0,0,0,0,0,0,0,0,0,0,0,0,0,0,0,0,0,0,0,0,13,0,0,0,0,0,0,0,0,0,0,0,0,0,0,0,0,0,0,0,0,0,0,0,0,0,0,0,0,0,0,0,0,0,0,0,0,0,0,0,0,0,0,0,0,0,0,0,0
0.576989,-0.302166,0.583165,0,0,0,0,1.2321e-07,2.69324e-08,7.53676e-08,25,24,26,962,966,1086,1087,1617,1618,1619,2555,2559,2679,2680,0,0,0,0,0,0,0,0,0,24,26,962,966,1086,1087,1617,1618,1619,2555,2559,2679,2680,0,0,0,0,0,0,0,0,0,0.0393073,0.0416544,0.0502159,0.0427486,0.0495646,0.0427175,0.108391,0.100015,0.10939,0.113049,0.10985,0.112719,0.109844,0,0,0,0,0,0,0,0,0,0.0395948,0.0419398,0.0499677,0.0431584,0.0493513,0.0431282,0.108371,0.1,0.109346,0.113076,0.109874,0.11276,0.109861,0,0,0,0,0,0,0,0,0,1,1,1,1,1,1,1,1,1,1,1,1,1,0,0,0,0,0,0,0,0,0,1,1,1,1,1,1,1,1,1,1,1,1,1,0,0,0,0,0,0,0,0,0,1,0,0,0,0,0,0,0,0,0,0,0,0,0,0,0,0,0,0,0,0,0,0,13,0,0,0,0,0,0,0,0,0,0,0,0,0,0,0,0,0,0,0,0,0,0,0,0,0,0,0,0,0,0,0,0,0,0,0,0,0,0,0,0,0,0,0,0,0,0,0,0
0.599239,-0.277181,0.558351,0,0,0,0,1.3751e-07,2.35732e-08,8.56381e-08,26,25,27,959,962,1087,1088,1618,1619,1620,2552,2555,2680,2681,0,0,0,0,0,0,0,0,0,25,27,959,962,1087,1088,1618,1619,1620,2552,2555,2680,2681,0,0,0,0,0,0,0,0,0,0.0416544,0.04134,0.0494003,0.0409672,0.0481168,0.0414756,0.10935,0.100015,0.109227,0.112715,0.109086,0.112024,0.109297,0,0,0,0,0,0,0,0,0,0.0419398,0.0415983,0.0492197,0.041349,0.0479246,0.0418732,0.109349,0.1,0.109202,0.11271,0.109096,0.112072,0.109319,0,0,0,0,0,0,0,0,0,1,1,1,1,1,1,1,1,1,1,1,1,1,0,0,0,0,0,0,0,0,0,1,1,1,1,1,1,1,1,1,1,1,1,1,0,0,0,0,0,0,0,0,0,1,0,0,0,0,0,0,0,0,0,0,0,0,0,0,0,0,0,0,0,0,0,0,13,0,0,0,0,0,0,0,0,0,0,0,0,0,0,0,0,0,0,0,0,0,0,0,0,0,0,0,0,0,0,0,0,0,0,0,0,0,0,0,0,0,0,0,0,0,0,0,0
0.619405,-0.252343,0.53217,0,0,0,0,1.52136e-07,2.03994e-08,9.48508e-08,27,26,28,957,959,1088,1089,1619,1620,1621,2550,2552,2681,2682,0,0,0,0,0,0,0,0,0,26,28,957,959,1088,1089,1619,1620,1621,2550,2552,2681,2682,0,0,0,0,0,0,0,0,0,0.04134,0.0408078,0.0489517,0.0394979,0.04689,0.0404896,0.109208,0.100016,0.109019,0.112394,0.108504,0.111461,0.10887,0,0,0,0,0,0,0,0,0,0.0415983,0.0411103,0.0486518,0.0398997,0.0466928,0.040837,0.109204,0.1,0.108997,0.112435,0.108492,0.111491,0.10888,0,0,0,0,0,0,0,0,0,1,1,1,1,1,1,1,1,1,1,1,1,1,0,0,0,0,0,0,0,0,0,1,1,1,1,1,1,1,1,1,1,1,1,1,0,0,0,0,0,0,0,0,0,1,0,0,0,0,0,0,0,0,0,0,0,0,0,0,0,0,0,0,0,0,0,0,13,0,0,0,0,0,0,0,0,0,0,0,0,0,0,0,0,0,0,0,0,0,0,0,0,0,0,0,0,0,0,0,0,0,0,0,0,0,0,0,0,0,0,0,0,0,0,0,0
0.637412,-0.227791,0.505,0,0,0,0,1.66619e-07,1.73899e-08,1.03532e-07,28,27,29,957,1089,1090,1620,1621,1622,2550,2682,2683,0,0,0,0,0,0,0,0,0,0,0,27,29,957,1089,1090,1620,1621,1622,2550,2682,2683,0,0,0,0,0,0,0,0,0,0,0,0.0408078,0.0403086,0.0383867,0.0456602,0.0395558,0.108979,0.100007,0.108766,0.107997,0.110899,0.108477,0,0,0,0,0,0,0,0,0,0,0,0.0411103,0.0404865,0.0386198,0.045528,0.0398913,0.108998,0.1,0.108738,0.107975,0.110953,0.108488,0,0,0,0,0,0,0,0,0,0,0,1,1,1,1,1,1,1,1,1,1,1,0,0,0,0,0,0,0,0,0,0,0,1,1,1,1,1,1,1,1,1,1,1,0,0,0,0,0,0,0,0,0,0,0,1,0,0,0,0,0,0,0,0,0,0,0,0,0,0,0,0,0,0,0,0,0,0,11,0,0,0,0,0,0,0,0,0,0,0,0,0,0,0,0,0,0,0,0,0,0,0,0,0,0,0,0,0,0,0,0,0,0,0,0,0,0,0,0,0,0,0,0,0,0,0,0
0.653323,-0.203709,0.476863,0,0,0,0,1.81581e-07,1.3945e-08,1.1028e-07,29,28,1090,1091,1621,1622,2683,2684,0,0,0,0,0,0,0,0,0,0,0,0,0,0,0,28,1090,1091,1621,1622,2683,2684,0,0,0,0,0,0,0,0,0,0,0,0,0,0,0,0.0403086,0.0445692,0.0387968,0.108703,0.100014,0.110433,0.108129,0,0,0,0,0,0,0,0,0,0,0,0,0,0,0,0.0404865,0.0443656,0.038986,0.108738,0.1,0.110427,0.108121,0,0,0,0,0,0,0,0,0,0,0,0,0,0,0,1,1,1,1,1,1,1,0,0,0,0,0,0,0,0,0,0,0,0,0,0,0,1,1,1,1,1,1,1,0,0,0,0,0,0,0,0,0,0,0,0,0,0,0,1,0,0,0,0,0,0,0,0,0,0,0,0,0,0,0,0,0,0,0,0,0,0,7,0,0,0,0,0,0,0,0,0,0,0,0,0,0,0,0,0,0,0,0,0,0,0,0,0,0,0,0,0,0,0,0,0,0,0,0,0,0,0,0,0,0,0,0,0,0,0,0
-0.207813,0.666253,0.442667,0,0,0,0,-1.90797e-08,-1.95983e-07,-9.59162e-08,30,31,279,291,357,1623,1624,1872,1884,1950,0,0,0,0,0,0,0,0,0,0,0,0,0,31,279,291,357,1623,1624,1872,1884,1950,0,0,0,0,0,0,0,0,0,0,0,0,0,0.0443139,0.0360264,0.0468626,0.0369975,0.10008,0.110423,0.107154,0.111558,0.107641,0,0,0,0,0,0,0,0,0,0,0,0,0,0.0442151,0.0368473,0.0469011,0.0379177,0.1,0.110351,0.10728,0.111583,0.107694,0,0,0,0,0,0,0,0,0,0,0,0,0,1,1,1,1,1,1,1,1,1,0,0,0,0,0,0,0,0,0,0,0,0,0,1,1,1,1,1,1,1,1,1,0,0,0,0,0,0,0,0,0,0,0,0,0,1,0,0,0,0,0,0,0,0,0,0,0,0,0,0,0,0,0,0,0,0,0,0,9,0,0,0,0,0,0,0,0,0,0,0,0,0,0,0,0,0,0,0,0,0,0,0,0,0,0,0,0,0,0,0,0,0,0,0,0,0,0,0,0,0,0,0,0,0,0,0,0
-0.18765,0.662027,0.481901,0,0,0,0,-1.52339e-08,-1.84254e-07,-9.62899e-08,31,30,32,291,302,357,358,1623,1624,1625,1884,1895,1950,1951,0,0,0,0,0,0,0,0,0,30,32,291,302,357,358,1623,1624,1625,1884,1895,1950,1951,0,0,0,0,0,0,0,0,0,0.0443139,0.0438015,0.035885,0.0470412,0.0439188,0.0374787,0.110409,0.100046,0.11016,0.107123,0.111609,0.110291,0.10778,0,0,0,0,0,0,0,0,0,0.0442151,0.0437736,0.0366596,0.0470286,0.0440933,0.0381657,0.110357,0.1,0.110154,0.10721,0.111644,0.110307,0.107792,0,0,0,0,0,0,0,0,0,1,1,1,1,1,1,1,1,1,1,1,1,1,0,0,0,0,0,0,0,0,0,1,1,1,1,1,1,1,1,1,1,1,1,1,0,0,0,0,0,0,0,0,0,1,0,0,0,0,0,0,0,0,0,0,0,0,0,0,0,0,0,0,0,0,0,0,13,0,0,0,0,0,0,0,0,0,0,0,0,0,0,0,0,0,0,0,0,0,0,0,0,0,0,0,0,0,0,0,0,0,0,0,0,0,0,0,0,0,0,0,0,0,0,0,0
-0.166646,0.656078,0.519875,0,0,0,0,-1.17458e-08,-1.72692e-07,-9.58853e-08,32,31,33,302,312,358,359,1624,1625,1626,1895,1905,1951,1952,0,0,0,0,0,0,0,0,0,31,33,302,312,358,359,1624,1625,1626,1895,1905,1951,1952,0,0,0,0,0,0,0,0,0,0.0438015,0.0433083,0.0358001,0.0471425,0.0435633,0.0376332,0.110174,0.100053,0.109903,0.107118,0.111624,0.110093,0.107924,0,0,0,0,0,0,0,0,0,0.0437736,0.0431825,0.036554,0.0471708,0.0436361,0.0384449,0.110159,0.1,0.109894,0.107171,0.111712,0.110104,0.107903,0,0,0,0,0,0,0,0,0,1,1,1,1,1,1,1,1,1,1,1,1,1,0,0,0,0,0,0,0,0,0,1,1,1,1,1,1,1,1,1,1,1,1,1,0,0,0,0,0,0,0,0,0,1,0,0,0,0,0,0,0,0,0,0,0,0,0,0,0,0,0,0,0,0,0,0,13,0,0,0,0,0,0,0,0,0,0,0,0,0,0,0,0,0,0,0,0,0,0,0,0,0,0,0,0,0,0,0,0,0,0,0,0,0,0,0,0,0,0,0,0,0,0,0,0
-0.144486,0.648712,0.556348,0,0,0,0,-8.8274e-09,-1.61548e-07,-9.4846e-08,33,32,34,312,321,359,360,1625,1626,1627,1905,1914,1952,1953,0,0,0,0,0,0,0,0,0,32,34,312,321,359,360,1625,1626,1627,1905,1914,1952,1953,0,0,0,0,0,0,0,0,0,0.0433083,0.042268,0.036005,0.0473971,0.04286,0.0385798,0.109942,0.100016,0.109456,0.107191,0.111713,0.109835,0.108105,0,0,0,0,0,0,0,0,0,0.0431825,0.0424542,0.0364755,0.0472701,0.0431733,0.0387093,0.109898,0.1,0.109577,0.107143,0.111759,0.109901,0.108009,0,0,0,0,0,0,0,0,0,1,1,1,1,1,1,1,1,1,1,1,1,1,0,0,0,0,0,0,0,0,0,1,1,1,1,1,1,1,1,1,1,1,1,1,0,0,0,0,0,0,0,0,0,1,0,0,0,0,0,0,0,0,0,0,0,0,0,0,0,0,0,0,0,0,0,0,13,0,0,0,0,0,0,0,0,0,0,0,0,0,0,0,0,0,0,0,0,0,0,0,0,0,0,0,0,0,0,0,0,0,0,0,0,0,0,0,0,0,0,0,0,0,0,0,0
-0.122066,0.639902,0.591079,0,0,0,0,-6.43304e-09,-1.50806e-07,-9.31007e-08,34,33,35,321,329,360,361,1626,1627,1628,1914,1922,1953,1954,0,0,0,0,0,0,0,0,0,33,35,321,329,360,361,1626,1627,1628,1914,1922,1953,1954,0,0,0,0,0,0,0,0,0,0.042268,0.0415426,0.0359873,0.0475172,0.0429643,0.0395516,0.109469,0.100064,0.109091,0.107213,0.11176,0.109699,0.108617,0,0,0,0,0,0,0,0,0,0.0424542,0.0416031,0.0364061,0.0473058,0.0426961,0.0400562,0.10958,0.1,0.109213,0.107117,0.111776,0.109693,0.108567,0,0,0,0,0,0,0,0,0,1,1,1,1,1,1,1,1,1,1,1,1,1,0,0,0,0,0,0,0,0,0,1,1,1,1,1,1,1,1,1,1,1,1,1,0,0,0,0,0,0,0,0,0,1,0,0,0,0,0,0,0,0,0,0,0,0,0,0,0,0,0,0,0,0,0,0,13,0,0,0,0,0,0,0,0,0,0,0,0,0,0,0,0,0,0,0,0,0,0,0,0,0,0,0,0,0,0,0,0,0,0,0,0,0,0,0,0,0,0,0,0,0,0,0,0
-0.0988517,0.630064,0.624096,0,0,0,0,-4.48866e-09,-1.40521e-07,-9.08404e-08,35,34,36,329,336,361,362,1627,1628,1629,1922,1929,1954,1955,0,0,0,0,0,0,0,0,0,34,36,329,336,361,362,1627,1628,1629,1922,1929,1954,1955,0,0,0,0,0,0,0,0,0,0.0415426,0.0406641,0.0362683,0.0478308,0.0424067,0.0397434,0.109087,0.0998874,0.10876,0.107238,0.111838,0.109442,0.108599,0,0,0,0,0,0,0,0,0,0.0416031,0.0408495,0.0363385,0.0472744,0.0419343,0.0397873,0.109215,0.1,0.108901,0.107093,0.111762,0.109377,0.108473,0,0,0,0,0,0,0,0,0,1,1,1,1,1,1,1,1,1,1,1,1,1,0,0,0,0,0,0,0,0,0,1,1,1,1,1,1,1,1,1,1,1,1,1,0,0,0,0,0,0,0,0,0,1,0,0,0,0,0,0,0,0,0,0,0,0,0,0,0,0,0,0,0,0,0,0,13,0,0,0,0,0,0,0,0,0,0,0,0,0,0,0,0,0,0,0,0,0,0,0,0,0,0,0,0,0,0,0,0,0,0,0,0,0,0,0,0,0,0,0,0,0,0,0,0
-0.0758259,0.618767,0.655652,0,0,0,0,-2.91897e-09,-1.30507e-07,-8.78879e-08,36,35,37,336,342,362,363,1628,1629,1630,1929,1935,1955,1956,0,0,0,0,0,0,0,0,0,35,37,336,342,362,363,1628,1629,1630,1929,1935,1955,1956,0,0,0,0,0,0,0,0,0,0.0406641,0.0399001,0.0362393,0.0477625,0.0418071,0.0396171,0.108668,0.100043,0.1086,0.107304,0.111907,0.109183,0.108703,0,0,0,0,0,0,0,0,0,0.0408495,0.0402382,0.0363884,0.0473826,0.0414522,0.0397193,0.108924,0.1,0.108679,0.107164,0.111797,0.109176,0.108673,0,0,0,0,0,0,0,0,0,1,1,1,1,1,1,1,1,1,1,1,1,1,0,0,0,0,0,0,0,0,0,1,1,1,1,1,1,1,1,1,1,1,1,1,0,0,0,0,0,0,0,0,0,1,0,0,0,0,0,0,0,0,0,0,0,0,0,0,0,0,0,0,0,0,0,0,13,0,0,0,0,0,0,0,0,0,0,0,0,0,0,0,0,0,0,0,0,0,0,0,0,0,0,0,0,0,0,0,0,0,0,0,0,0,0,0,0,0,0,0,0,0,0,0,0
-0.0531793,0.606227,0.686015,0,0,0,0,-1.63589e-09,-1.2069e-07,-8.43591e-08,37,36,38,342,347,363,364,1629,1630,1631,1935,1940,1956,1957,0,0,0,0,0,0,0,0,0,36,38,342,347,363,364,1629,1630,1631,1935,1940,1956,1957,0,0,0,0,0,0,0,0,0,0.0399001,0.0390597,0.0357681,0.047414,0.0410708,0.0389082,0.108403,0.100078,0.10835,0.107165,0.111846,0.108903,0.108453,0,0,0,0,0,0,0,0,0,0.0402382,0.0393655,0.0357385,0.0474828,0.0409376,0.0390219,0.108689,0.1,0.108319,0.107031,0.111846,0.108961,0.108376,0,0,0,0,0,0,0,0,0,1,1,1,1,1,1,1,1,1,1,1,1,1,0,0,0,0,0,0,0,0,0,1,1,1,1,1,1,1,1,1,1,1,1,1,0,0,0,0,0,0,0,0,0,1,0,0,0,0,0,0,0,0,0,0,0,0,0,0,0,0,0,0,0,0,0,0,13,0,0,0,0,0,0,0,0,0,0,0,0,0,0,0,0,0,0,0,0,0,0,0,0,0,0,0,0,0,0,0,0,0,0,0,0,0,0,0,0,0,0,0,0,0,0,0,0
-0.0313861,0.592327,0.715298,0,0,0,0,-5.79252e-10,-1.11065e-07,-8.02444e-08,38,37,39,347,351,364,365,1630,1631,1632,1940,1944,1957,1958,0,0,0,0,0,0,0,0,0,37,39,347,351,364,365,1630,1631,1632,1940,1944,1957,1958,0,0,0,0,0,0,0,0,0,0.0390597,0.0380878,0.0347262,0.047443,0.0402902,0.0381593,0.108079,0.100105,0.10803,0.106888,0.111885,0.108563,0.108175,0,0,0,0,0,0,0,0,0,0.0393655,0.0384447,0.0349886,0.0476097,0.040412,0.0383854,0.108328,0.1,0.107946,0.10674,0.111908,0.108743,0.108109,0,0,0,0,0,0,0,0,0,1,1,1,1,1,1,1,1,1,1,1,1,1,0,0,0,0,0,0,0,0,0,1,1,1,1,1,1,1,1,1,1,1,1,1,0,0,0,0,0,0,0,0,0,1,0,0,0,0,0,0,0,0,0,0,0,0,0,0,0,0,0,0,0,0,0,0,13,0,0,0,0,0,0,0,0,0,0,0,0,0,0,0,0,0,0,0,0,0,0,0,0,0,0,0,0,0,0,0,0,0,0,0,0,0,0,0,0,0,0,0,0,0,0,0,0
-0.0107308,0.57713,0.74346,0,0,0,0,3.06305e-10,-1.01694e-07,-7.56237e-08,39,38,40,351,354,365,366,1631,1632,1633,1944,1947,1958,1959,0,0,0,0,0,0,0,0,0,38,40,351,354,365,366,1631,1632,1633,1944,1947,1958,1959,0,0,0,0,0,0,0,0,0,0.0380878,0.0371101,0.0340093,0.0475483,0.0396261,0.037622,0.10772,0.100122,0.107692,0.106655,0.11197,0.108285,0.107972,0,0,0,0,0,0,0,0,0,0.0384447,0.0374861,0.0343487,0.0478635,0.0399014,0.0378874,0.107956,0.1,0.107568,0.106494,0.11203,0.108534,0.107901,0,0,0,0,0,0,0,0,0,1,1,1,1,1,1,1,1,1,1,1,1,1,0,0,0,0,0,0,0,0,0,1,1,1,1,1,1,1,1,1,1,1,1,1,0,0,0,0,0,0,0,0,0,1,0,0,0,0,0,0,0,0,0,0,0,0,0,0,0,0,0,0,0,0,0,0,13,0,0,0,0,0,0,0,0,0,0,0,0,0,0,0,0,0,0,0,0,0,0,0,0,0,0,0,0,0,0,0,0,0,0,0,0,0,0,0,0,0,0,0,0,0,0,0,0
0.00893599,0.560797,0.77036,0,0,0,0,1.05067e-09,-9.26829e-08,-7.06173e-08,40,39,41,354,356,366,367,1632,1633,1634,1947,1949,1959,1960,0,0,0,0,0,0,0,0,0,39,41,354,356,366,367,1632,1633,1634,1947,1949,1959,1960,0,0,0,0,0,0,0,0,0,0.0371101,0.0375806,0.0335205,0.0480729,0.03897,0.0375484,0.107372,0.100134,0.107891,0.106518,0.112248,0.108026,0.107934,0,0,0,0,0,0,0,0,0,0.0374861,0.0379733,0.0338852,0.0485479,0.0394505,0.0377497,0.107577,0.1,0.107757,0.106316,0.112359,0.108351,0.107839,0,0,0,0,0,0,0,0,0,1,1,1,1,1,1,1,1,1,1,1,1,1,0,0,0,0,0,0,0,0,0,1,1,1,1,1,1,1,1,1,1,1,1,1,0,0,0,0,0,0,0,0,0,1,0,0,0,0,0,0,0,0,0,0,0,0,0,0,0,0,0,0,0,0,0,0,13,0,0,0,0,0,0,0,0,0,0,0,0,0,0,0,0,0,0,0,0,0,0,0,0,0,0,0,0,0,0,0,0,0,0,0,0,0,0,0,0,0,0,0,0,0,0,0,0
0.0283632,0.5427,0.796957,0,0,0,0,1.67751e-09,-8.37734e-08,-6.50793e-08,41,1,40,137,138,356,367,1594,1633,1634,1730,1731,1949,1960,0,0,0,0,0,0,0,0,0,1,40,137,138,356,367,1594,1633,1634,1730,1731,1949,1960,0,0,0,0,0,0,0,0,0,0.0389043,0.0375806,0.0375236,0.049105,0.0334181,0.0393292,0.108375,0.107601,0.100159,0.107971,0.112749,0.10651,0.108183,0,0,0,0,0,0,0,0,0,0.0391577,0.0379733,0.0378437,0.0497371,0.0338549,0.0399027,0.108228,0.107767,0.1,0.107871,0.112938,0.106302,0.108537,0,0,0,0,0,0,0,0,0,1,1,1,1,1,1,1,1,1,1,1,1,1,0,0,0,0,0,0,0,0,0,1,1,1,1,1,1,1,1,1,1,1,1,1,0,0,0,0,0,0,0,0,0,1,0,0,0,0,0,0,0,0,0,0,0,0,0,0,0,0,0,0,0,0,0,0,13,0,0,0,0,0,0,0,0,0,0,0,0,0,0,0,0,0,0,0,0,0,0,0,0,0,0,0,0,0,0,0,0,0,0,0,0,0,0,0,0,0,0,0,0,0,0,0,0
0.0658525,-0.591566,0.719773,0,0,0,0,4.64469e-09,1.08684e-07,-7.55091e-08,42,0,9,43,93,956,1071,1593,1602,1635,1636,1686,2549,2664,0,0,0,0,0,0,0,0,0,0,9,43,93,956,1071,1593,1602,1635,1636,1686,2549,2664,0,0,0,0,0,0,0,0,0,0.0408041,0.041951,0.0403302,0.0424857,0.0337644,0.0345869,0.108724,0.109328,0.100085,0.108671,0.109745,0.106448,0.106653,0,0,0,0,0,0,0,0,0,0.0408155,0.0423186,0.0405147,0.0423584,0.0341073,0.034483,0.1089,0.109546,0.1,0.108752,0.109636,0.106417,0.10643,0,0,0,0,0,0,0,0,0,1,1,1,1,1,1,1,1,1,1,1,1,1,0,0,0,0,0,0,0,0,0,1,1,1,1,1,1,1,1,1,1,1,1,1,0,0,0,0,0,0,0,0,0,1,0,0,0,0,0,0,0,0,0,0,0,0,0,0,0,0,0,0,0,0,0,0,13,0,0,0,0,0,0,0,0,0,0,0,0,0,0,0,0,0,0,0,0,0,0,0,0,0,0,0,0,0,0,0,0,0,0,0,0,0,0,0,0,0,0,0,0,0,0,0,0
0.0656957,-0.571148,0.754553,0,0,0,0,4.41292e-09,9.64211e-08,-6.9235e-08,43,42,44,954,956,1071,1092,1635,1636,1637,2547,2549,2664,2685,0,0,0,0,0,0,0,0,0,42,44,954,956,1071,1092,1635,1636,1637,2547,2549,2664,2685,0,0,0,0,0,0,0,0,0,0.0403302,0.040456,0.0332817,0.0418015,0.0413759,0.0345658,0.108518,0.100113,0.108782,0.106347,0.109517,0.109077,0.106653,0,0,0,0,0,0,0,0,0,0.0405147,0.0409041,0.0337183,0.0417024,0.0418695,0.0344239,0.108775,0.1,0.108916,0.106269,0.109353,0.109342,0.106395,0,0,0,0,0,0,0,0,0,1,1,1,1,1,1,1,1,1,1,1,1,1,0,0,0,0,0,0,0,0,0,1,1,1,1,1,1,1,1,1,1,1,1,1,0,0,0,0,0,0,0,0,0,1,0,0,0,0,0,0,0,0,0,0,0,0,0,0,0,0,0,0,0,0,0,0,13,0,0,0,0,0,0,0,0,0,0,0,0,0,0,0,0,0,0,0,0,0,0,0,0,0,0,0,0,0,0,0,0,0,0,0,0,0,0,0,0,0,0,0,0,0,0,0,0
0.0655413,-0.549408,0.788671,0,0,0,0,4.18906e-09,8.48928e-08,-6.28608e-08,44,43,45,951,954,1092,1113,1636,1637,1638,2544,2547,2685,2706,0,0,0,0,0,0,0,0,0,43,45,951,954,1092,1113,1636,1637,1638,2544,2547,2685,2706,0,0,0,0,0,0,0,0,0,0.040456,0.0421204,0.0335955,0.0416335,0.0413134,0.0352975,0.10859,0.10016,0.109559,0.106549,0.109514,0.109021,0.106939,0,0,0,0,0,0,0,0,0,0.0409041,0.0428944,0.0341414,0.041571,0.04191,0.035147,0.108939,0.1,0.109766,0.10641,0.109292,0.10935,0.106645,0,0,0,0,0,0,0,0,0,1,1,1,1,1,1,1,1,1,1,1,1,1,0,0,0,0,0,0,0,0,0,1,1,1,1,1,1,1,1,1,1,1,1,1,0,0,0,0,0,0,0,0,0,1,0,0,0,0,0,0,0,0,0,0,0,0,0,0,0,0,0,0,0,0,0,0,13,0,0,0,0,0,0,0,0,0,0,0,0,0,0,0,0,0,0,0,0,0,0,0,0,0,0,0,0,0,0,0,0,0,0,0,0,0,0,0,0,0,0,0,0,0,0,0,0
0.0653942,-0.525449,0.823313,0,0,0,0,3.97028e-09,7.37306e-08,-5.62042e-08,45,44,46,947,951,1113,1135,1637,1638,1639,2540,2544,2706,2728,0,0,0,0,0,0,0,0,0,44,46,947,951,1113,1135,1637,1638,1639,2540,2544,2706,2728,0,0,0,0,0,0,0,0,0,0.0421204,0.0437765,0.0339659,0.0418547,0.0416284,0.0361118,0.109319,0.100225,0.110385,0.106804,0.109702,0.109129,0.107267,0,0,0,0,0,0,0,0,0,0.0428944,0.0449171,0.0346975,0.0418429,0.0423491,0.0360042,0.109792,0.1,0.110665,0.106602,0.109403,0.109528,0.106949,0,0,0,0,0,0,0,0,0,1,1,1,1,1,1,1,1,1,1,1,1,1,0,0,0,0,0,0,0,0,0,1,1,1,1,1,1,1,1,1,1,1,1,1,0,0,0,0,0,0,0,0,0,1,0,0,0,0,0,0,0,0,0,0,0,0,0,0,0,0,0,0,0,0,0,0,13,0,0,0,0,0,0,0,0,0,0,0,0,0,0,0,0,0,0,0,0,0,0,0,0,0,0,0,0,0,0,0,0,0,0,0,0,0,0,0,0,0,0,0,0,0,0,0,0
0.0652429,-0.499126,0.858291,0,0,0,0,3.76302e-09,6.3046e-08,-4.93364e-08,46,45,47,942,947,1135,1157,1638,1639,1640,2535,2540,2728,2750,0,0,0,0,0,0,0,0,0,45,47,942,947,1135,1157,1638,1639,1640,2535,2540,2728,2750,0,0,0,0,0,0,0,0,0,0.0437765,0.045415,0.0343741,0.0421582,0.0420596,0.0369548,0.110088,0.100306,0.111253,0.107101,0.109954,0.109287,0.107617,0,0,0,0,0,0,0,0,0,0.0449171,0.046956,0.0353451,0.0422534,0.0429251,0.0369529,0.110693,0.1,0.111605,0.106832,0.109575,0.109766,0.107295,0,0,0,0,0,0,0,0,0,1,1,1,1,1,1,1,1,1,1,1,1,1,0,0,0,0,0,0,0,0,0,1,1,1,1,1,1,1,1,1,1,1,1,1,0,0,0,0,0,0,0,0,0,1,0,0,0,0,0,0,0,0,0,0,0,0,0,0,0,0,0,0,0,0,0,0,13,0,0,0,0,0,0,0,0,0,0,0,0,0,0,0,0,0,0,0,0,0,0,0,0,0,0,0,0,0,0,0,0,0,0,0,0,0,0,0,0,0,0,0,0,0,0,0,0
0.0650269,-0.470288,0.893374,0,0,0,0,3.56713e-09,5.29547e-08,-4.23373e-08,47,46,48,936,942,1157,1179,1639,1640,1641,2529,2535,2750,2772,0,0,0,0,0,0,0,0,0,46,48,936,942,1157,1179,1639,1640,1641,2529,2535,2750,2772,0,0,0,0,0,0,0,0,0,0.045415,0.0470015,0.034843,0.042424,0.0425359,0.0378092,0.110896,0.100398,0.112147,0.107448,0.110215,0.109466,0.107979,0,0,0,0,0,0,0,0,0,0.046956,0.0489934,0.0360626,0.0427116,0.0435489,0.0379696,0.111636,0.1,0.112577,0.107092,0.10977,0.110028,0.107675,0,0,0,0,0,0,0,0,0,1,1,1,1,1,1,1,1,1,1,1,1,1,0,0,0,0,0,0,0,0,0,1,1,1,1,1,1,1,1,1,1,1,1,1,0,0,0,0,0,0,0,0,0,1,0,0,0,0,0,0,0,0,0,0,0,0,0,0,0,0,0,0,0,0,0,0,13,0,0,0,0,0,0,0,0,0,0,0,0,0,0,0,0,0,0,0,0,0,0,0,0,0,0,0,0,0,0,0,0,0,0,0,0,0,0,0,0,0,0,0,0,0,0,0,0
0.0646774,-0.438791,0.928259,0,0,0,0,3.37838e-09,4.35738e-08,-3.53006e-08,48,47,49,929,936,1179,1201,1640,1641,1642,2522,2529,2772,2794,0,0,0,0,0,0,0,0,0,47,49,929,936,1179,1201,1640,1641,1642,2522,2529,2772,2794,0,0,0,0,0,0,0,0,0,0.0470015,0.0484979,0.0353728,0.0426125,0.0430234,0.0386717,0.111728,0.100501,0.113045,0.107846,0.110467,0.109655,0.10835,0,0,0,0,0,0,0,0,0,0.0489934,0.0510089,0.0368367,0.043174,0.0441782,0.0390393,0.112611,0.1,0.113572,0.107379,0.109968,0.110295,0.108086,0,0,0,0,0,0,0,0,0,1,1,1,1,1,1,1,1,1,1,1,1,1,0,0,0,0,0,0,0,0,0,1,1,1,1,1,1,1,1,1,1,1,1,1,0,0,0,0,0,0,0,0,0,1,0,0,0,0,0,0,0,0,0,0,0,0,0,0,0,0,0,0,0,0,0,0,13,0,0,0,0,0,0,0,0,0,0,0,0,0,0,0,0,0,0,0,0,0,0,0,0,0,0,0,0,0,0,0,0,0,0,0,0,0,0,0,0,0,0,0,0,0,0,0,0
0.0641358,-0.404511,0.962561,0,0,0,0,3.19424e-09,3.5015e-08,-2.83376e-08,49,48,50,921,929,1201,1223,1641,1642,1643,2514,2522,2794,2816,0,0,0,0,0,0,0,0,0,48,50,921,929,1201,1223,1641,1642,1643,2514,2522,2794,2816,0,0,0,0,0,0,0,0,0,0.0484979,0.0498753,0.0359443,0.0427182,0.043495,0.0395431,0.112566,0.100615,0.11393,0.108287,0.110708,0.109843,0.108731,0,0,0,0,0,0,0,0,0,0.0510089,0.0529804,0.0376576,0.0436158,0.04479,0.0401519,0.113608,0.1,0.114575,0.10769,0.11016,0.110556,0.108524,0,0,0,0,0,0,0,0,0,1,1,1,1,1,1,1,1,1,1,1,1,1,0,0,0,0,0,0,0,0,0,1,1,1,1,1,1,1,1,1,1,1,1,1,0,0,0,0,0,0,0,0,0,1,0,0,0,0,0,0,0,0,0,0,0,0,0,0,0,0,0,0,0,0,0,0,13,0,0,0,0,0,0,0,0,0,0,0,0,0,0,0,0,0,0,0,0,0,0,0,0,0,0,0,0,0,0,0,0,0,0,0,0,0,0,0,0,0,0,0,0,0,0,0,0
0.063356,-0.36735,0.995818,0,0,0,0,3.01643e-09,2.73765e-08,-2.15756e-08,50,49,51,912,921,1223,1244,1642,1643,1644,2505,2514,2816,2837,0,0,0,0,0,0,0,0,0,49,51,912,921,1223,1244,1642,1643,1644,2505,2514,2816,2837,0,0,0,0,0,0,0,0,0,0.0498753,0.0511234,0.0365286,0.0427518,0.0439302,0.0404267,0.113393,0.100738,0.114795,0.108754,0.110941,0.110023,0.109123,0,0,0,0,0,0,0,0,0,0.0529804,0.0548842,0.0385176,0.044023,0.0453729,0.0413011,0.114614,0.1,0.115571,0.108024,0.110338,0.110806,0.108989,0,0,0,0,0,0,0,0,0,1,1,1,1,1,1,1,1,1,1,1,1,1,0,0,0,0,0,0,0,0,0,1,1,1,1,1,1,1,1,1,1,1,1,1,0,0,0,0,0,0,0,0,0,1,0,0,0,0,0,0,0,0,0,0,0,0,0,0,0,0,0,0,0,0,0,0,13,0,0,0,0,0,0,0,0,0,0,0,0,0,0,0,0,0,0,0,0,0,0,0,0,0,0,0,0,0,0,0,0,0,0,0,0,0,0,0,0,0,0,0,0,0,0,0,0
0.0623083,-0.327239,1.0275,0,0,0,0,2.85002e-09,2.07334e-08,-1.51537e-08,51,50,52,902,912,1244,1264,1643,1644,1645,2495,2505,2837,2857,0,0,0,0,0,0,0,0,0,50,52,902,912,1244,1264,1643,1644,1645,2495,2505,2837,2857,0,0,0,0,0,0,0,0,0,0.0511234,0.0522459,0.0371006,0.0427188,0.04432,0.0413222,0.114203,0.100868,0.11563,0.109237,0.111162,0.11019,0.10952,0,0,0,0,0,0,0,0,0,0.0548842,0.0566955,0.0394103,0.0443913,0.0459264,0.0424862,0.115612,0.1,0.116543,0.108378,0.1105,0.111044,0.109479,0,0,0,0,0,0,0,0,0,1,1,1,1,1,1,1,1,1,1,1,1,1,0,0,0,0,0,0,0,0,0,1,1,1,1,1,1,1,1,1,1,1,1,1,0,0,0,0,0,0,0,0,0,1,0,0,0,0,0,0,0,0,0,0,0,0,0,0,0,0,0,0,0,0,0,0,13,0,0,0,0,0,0,0,0,0,0,0,0,0,0,0,0,0,0,0,0,0,0,0,0,0,0,0,0,0,0,0,0,0,0,0,0,0,0,0,0,0,0,0,0,0,0,0,0
0.0609796,-0.284137,1.05699,0,0,0,0,2.69966e-09,1.51274e-08,-9.21868e-09,52,51,53,891,902,1264,1283,1644,1645,1646,2484,2495,2857,2876,0,0,0,0,0,0,0,0,0,51,53,891,902,1264,1283,1644,1645,1646,2484,2495,2857,2876,0,0,0,0,0,0,0,0,0,0.0522459,0.0532475,0.0376477,0.0426118,0.044679,0.042219,0.114994,0.101002,0.116419,0.109726,0.111369,0.110356,0.109917,0,0,0,0,0,0,0,0,0,0.0566955,0.0583887,0.0403221,0.0447316,0.0464667,0.0437091,0.116587,0.1,0.117473,0.108747,0.11065,0.111276,0.109998,0,0,0,0,0,0,0,0,0,1,1,1,1,1,1,1,1,1,1,1,1,1,0,0,0,0,0,0,0,0,0,1,1,1,1,1,1,1,1,1,1,1,1,1,0,0,0,0,0,0,0,0,0,1,0,0,0,0,0,0,0,0,0,0,0,0,0,0,0,0,0,0,0,0,0,0,13,0,0,0,0,0,0,0,0,0,0,0,0,0,0,0,0,0,0,0,0,0,0,0,0,0,0,0,0,0,0,0,0,0,0,0,0,0,0,0,0,0,0,0,0,0,0,0,0
0.0593629,-0.238057,1.08363,0,0,0,0,2.56968e-09,1.05583e-08,-3.9232e-09,53,52,54,879,891,1283,1301,1645,1646,1647,2472,2484,2876,2894,0,0,0,0,0,0,0,0,0,52,54,879,891,1283,1301,1645,1646,1647,2472,2484,2876,2894,0,0,0,0,0,0,0,0,0,0.0532475,0.0541637,0.0381601,0.0424763,0.0450755,0.0431268,0.115772,0.101139,0.117127,0.110204,0.11158,0.110559,0.110319,0,0,0,0,0,0,0,0,0,0.0583887,0.0599378,0.041241,0.0450921,0.0470492,0.044998,0.117519,0.1,0.118342,0.109128,0.110812,0.111529,0.110556,0,0,0,0,0,0,0,0,0,1,1,1,1,1,1,1,1,1,1,1,1,1,0,0,0,0,0,0,0,0,0,1,1,1,1,1,1,1,1,1,1,1,1,1,0,0,0,0,0,0,0,0,0,1,0,0,0,0,0,0,0,0,0,0,0,0,0,0,0,0,0,0,0,0,0,0,13,0,0,0,0,0,0,0,0,0,0,0,0,0,0,0,0,0,0,0,0,0,0,0,0,0,0,0,0,0,0,0,0,0,0,0,0,0,0,0,0,0,0,0,0,0,0,0,0
0.057454,-0.189078,1.10667,0,0,0,0,2.46625e-09,6.97005e-09,5.76567e-10,54,53,55,866,879,1301,1318,1646,1647,1648,2459,2472,2894,2911,0,0,0,0,0,0,0,0,0,53,55,866,879,1301,1318,1646,1647,1648,2459,2472,2894,2911,0,0,0,0,0,0,0,0,0,0.0541637,0.0510554,0.0386874,0.0424471,0.0457097,0.0441212,0.116542,0.101243,0.115806,0.110541,0.111835,0.11089,0.110716,0,0,0,0,0,0,0,0,0,0.0599378,0.0575991,0.0420478,0.0455983,0.0478131,0.0463584,0.118389,0.1,0.117044,0.10947,0.111041,0.111867,0.111152,0,0,0,0,0,0,0,0,0,1,1,1,1,1,1,1,1,1,1,1,1,1,0,0,0,0,0,0,0,0,0,1,1,1,1,1,1,1,1,1,1,1,1,1,0,0,0,0,0,0,0,0,0,1,0,0,0,0,0,0,0,0,0,0,0,0,0,0,0,0,0,0,0,0,0,0,13,0,0,0,0,0,0,0,0,0,0,0,0,0,0,0,0,0,0,0,0,0,0,0,0,0,0,0,0,0,0,0,0,0,0,0,0,0,0,0,0,0,0,0,0,0,0,0,0
0.0555823,-0.141145,1.12416,0,0,0,0,2.38237e-09,4.33932e-09,3.85034e-09,55,54,56,852,866,1318,1334,1647,1648,1649,2445,2459,2911,2927,0,0,0,0,0,0,0,0,0,54,56,852,866,1318,1334,1647,1648,1649,2445,2459,2911,2927,0,0,0,0,0,0,0,0,0,0.0510554,0.0504023,0.038669,0.040496,0.0447201,0.0445795,0.115188,0.101288,0.115712,0.110748,0.111125,0.110436,0.110909,0,0,0,0,0,0,0,0,0,0.0575991,0.0574437,0.0424072,0.0440536,0.0471367,0.047109,0.117085,0.1,0.116962,0.109622,0.110343,0.111503,0.111483,0,0,0,0,0,0,0,0,0,1,1,1,1,1,1,1,1,1,1,1,1,1,0,0,0,0,0,0,0,0,0,1,1,1,1,1,1,1,1,1,1,1,1,1,0,0,0,0,0,0,0,0,0,1,0,0,0,0,0,0,0,0,0,0,0,0,0,0,0,0,0,0,0,0,0,0,13,0,0,0,0,0,0,0,0,0,0,0,0,0,0,0,0,0,0,0,0,0,0,0,0,0,0,0,0,0,0,0,0,0,0,0,0,0,0,0,0,0,0,0,0,0,0,0,0
0.0534868,-0.0923943,1.13678,0,0,0,0,2.31668e-09,2.36396e-09,6.03946e-09,56,55,57,837,852,1334,1349,1648,1649,1650,2430,2445,2927,2942,0,0,0,0,0,0,0,0,0,55,57,837,852,1334,1349,1648,1649,1650,2430,2445,2927,2942,0,0,0,0,0,0,0,0,0,0.0504023,0.0508249,0.0386126,0.0395308,0.0443172,0.0449131,0.115041,0.101395,0.116117,0.110888,0.1109,0.110347,0.111055,0,0,0,0,0,0,0,0,0,0.0574437,0.0583093,0.0427424,0.0435991,0.0471154,0.0476958,0.117001,0.1,0.11744,0.109763,0.110139,0.111467,0.111747,0,0,0,0,0,0,0,0,0,1,1,1,1,1,1,1,1,1,1,1,1,1,0,0,0,0,0,0,0,0,0,1,1,1,1,1,1,1,1,1,1,1,1,1,0,0,0,0,0,0,0,0,0,1,0,0,0,0,0,0,0,0,0,0,0,0,0,0,0,0,0,0,0,0,0,0,13,0,0,0,0,0,0,0,0,0,0,0,0,0,0,0,0,0,0,0,0,0,0,0,0,0,0,0,0,0,0,0,0,0,0,0,0,0,0,0,0,0,0,0,0,0,0,0,0
0.0512205,-0.0421884,1.14435,0,0,0,0,2.26685e-09,8.24801e-10,7.13946e-09,57,56,58,821,837,1349,1363,1649,1650,1651,2414,2430,2942,2956,0,0,0,0,0,0,0,0,0,56,58,821,837,1349,1363,1649,1650,1651,2414,2430,2942,2956,0,0,0,0,0,0,0,0,0,0.0508249,0.052261,0.0389926,0.0388704,0.0441272,0.0454598,0.115508,0.101515,0.117023,0.111039,0.110733,0.110391,0.111331,0,0,0,0,0,0,0,0,0,0.0583093,0.0600825,0.0434024,0.0433993,0.0471578,0.0483869,0.117481,0.1,0.118442,0.110047,0.110048,0.111469,0.112073,0,0,0,0,0,0,0,0,0,1,1,1,1,1,1,1,1,1,1,1,1,1,0,0,0,0,0,0,0,0,0,1,1,1,1,1,1,1,1,1,1,1,1,1,0,0,0,0,0,0,0,0,0,1,0,0,0,0,0,0,0,0,0,0,0,0,0,0,0,0,0,0,0,0,0,0,13,0,0,0,0,0,0,0,0,0,0,0,0,0,0,0,0,0,0,0,0,0,0,0,0,0,0,0,0,0,0,0,0,0,0,0,0,0,0,0,0,0,0,0,0,0,0,0,0
0.0495743,0.0100129,1.14623,0,0,0,0,2.22245e-09,-5.10915e-10,7.14858e-09,58,57,59,804,821,1363,1376,1650,1651,1652,2397,2414,2956,2969,0,0,0,0,0,0,0,0,0,57,59,804,821,1363,1376,1650,1651,1652,2397,2414,2956,2969,0,0,0,0,0,0,0,0,0,0.052261,0.0556375,0.0404602,0.0383965,0.0437385,0.0467857,0.116521,0.101693,0.118696,0.111747,0.110601,0.110421,0.111951,0,0,0,0,0,0,0,0,0,0.0600825,0.0633168,0.0453154,0.0431633,0.0470611,0.0495446,0.118468,0.1,0.120345,0.110903,0.109941,0.111419,0.112683,0,0,0,0,0,0,0,0,0,1,1,1,1,1,1,1,1,1,1,1,1,1,0,0,0,0,0,0,0,0,0,1,1,1,1,1,1,1,1,1,1,1,1,1,0,0,0,0,0,0,0,0,0,1,0,0,0,0,0,0,0,0,0,0,0,0,0,0,0,0,0,0,0,0,0,0,13,0,0,0,0,0,0,0,0,0,0,0,0,0,0,0,0,0,0,0,0,0,0,0,0,0,0,0,0,0,0,0,0,0,0,0,0,0,0,0,0,0,0,0,0,0,0,0,0
0.0498337,0.0654506,1.14153,0,0,0,0,2.15739e-09,-1.93152e-09,6.03662e-09,59,58,60,786,804,1376,1388,1651,1652,1653,2379,2397,2969,2981,0,0,0,0,0,0,0,0,0,58,60,786,804,1376,1388,1651,1652,1653,2379,2397,2969,2981,0,0,0,0,0,0,0,0,0,0.0556375,0.0542126,0.0403578,0.0376109,0.0424619,0.0458787,0.118428,0.101625,0.117581,0.111561,0.110532,0.109916,0.111316,0,0,0,0,0,0,0,0,0,0.0633168,0.0617175,0.044848,0.0423336,0.0456416,0.0487211,0.120296,0.1,0.119411,0.110693,0.109579,0.110778,0.112304,0,0,0,0,0,0,0,0,0,1,1,1,1,1,1,1,1,1,1,1,1,1,0,0,0,0,0,0,0,0,0,1,1,1,1,1,1,1,1,1,1,1,1,1,0,0,0,0,0,0,0,0,0,1,0,0,0,0,0,0,0,0,0,0,0,0,0,0,0,0,0,0,0,0,0,0,13,0,0,0,0,0,0,0,0,0,0,0,0,0,0,0,0,0,0,0,0,0,0,0,0,0,0,0,0,0,0,0,0,0,0,0,0,0,0,0,0,0,0,0,0,0,0,0,0
0.0505182,0.118566,1.1307,0,0,0,0,2.10805e-09,-3.72549e-09,3.82136e-09,60,59,61,767,786,1388,1399,1652,1653,1654,2360,2379,2981,2992,0,0,0,0,0,0,0,0,0,59,61,767,786,1388,1399,1652,1653,1654,2360,2379,2981,2992,0,0,0,0,0,0,0,0,0,0.0542126,0.0528669,0.0406587,0.0367803,0.0415383,0.0452536,0.117715,0.101502,0.116499,0.111446,0.110175,0.109559,0.110909,0,0,0,0,0,0,0,0,0,0.0617175,0.0599644,0.0445171,0.0412858,0.0443387,0.0480955,0.119363,0.1,0.118406,0.110545,0.109134,0.110211,0.112022,0,0,0,0,0,0,0,0,0,1,1,1,1,1,1,1,1,1,1,1,1,1,0,0,0,0,0,0,0,0,0,1,1,1,1,1,1,1,1,1,1,1,1,1,0,0,0,0,0,0,0,0,0,1,0,0,0,0,0,0,0,0,0,0,0,0,0,0,0,0,0,0,0,0,0,0,13,0,0,0,0,0,0,0,0,0,0,0,0,0,0,0,0,0,0,0,0,0,0,0,0,0,0,0,0,0,0,0,0,0,0,0,0,0,0,0,0,0,0,0,0,0,0,0,0
0.0510139,0.168944,1.11467,0,0,0,0,2.07407e-09,-6.12138e-09,6.02464e-10,61,60,62,747,767,1399,1409,1653,1654,1655,2340,2360,2992,3002,0,0,0,0,0,0,0,0,0,60,62,747,767,1399,1409,1653,1654,1655,2340,2360,2992,3002,0,0,0,0,0,0,0,0,0,0.0528669,0.0515896,0.0409814,0.0359825,0.0407218,0.0446658,0.116876,0.101377,0.115488,0.111273,0.109676,0.109319,0.11064,0,0,0,0,0,0,0,0,0,0.0599644,0.0580848,0.0441983,0.0402215,0.0430924,0.0475145,0.118361,0.1,0.117353,0.110405,0.108692,0.109678,0.111763,0,0,0,0,0,0,0,0,0,1,1,1,1,1,1,1,1,1,1,1,1,1,0,0,0,0,0,0,0,0,0,1,1,1,1,1,1,1,1,1,1,1,1,1,0,0,0,0,0,0,0,0,0,1,0,0,0,0,0,0,0,0,0,0,0,0,0,0,0,0,0,0,0,0,0,0,13,0,0,0,0,0,0,0,0,0,0,0,0,0,0,0,0,0,0,0,0,0,0,0,0,0,0,0,0,0,0,0,0,0,0,0,0,0,0,0,0,0,0,0,0,0,0,0,0
0.0512806,0.216366,1.09436,0,0,0,0,2.04974e-09,-9.27559e-09,-3.48726e-09,62,61,63,726,747,1409,1418,1654,1655,1656,2319,2340,3002,3011,0,0,0,0,0,0,0,0,0,61,63,726,747,1409,1418,1654,1655,1656,2319,2340,3002,3011,0,0,0,0,0,0,0,0,0,0.0515896,0.0509201,0.0408115,0.035123,0.040038,0.0436516,0.115985,0.101235,0.114656,0.110829,0.10905,0.109161,0.110506,0,0,0,0,0,0,0,0,0,0.0580848,0.0561053,0.0438436,0.0391662,0.04188,0.0469194,0.117309,0.1,0.116269,0.110249,0.108264,0.109171,0.111499,0,0,0,0,0,0,0,0,0,1,1,1,1,1,1,1,1,1,1,1,1,1,0,0,0,0,0,0,0,0,0,1,1,1,1,1,1,1,1,1,1,1,1,1,0,0,0,0,0,0,0,0,0,1,0,0,0,0,0,0,0,0,0,0,0,0,0,0,0,0,0,0,0,0,0,0,13,0,0,0,0,0,0,0,0,0,0,0,0,0,0,0,0,0,0,0,0,0,0,0,0,0,0,0,0,0,0,0,0,0,0,0,0,0,0,0,0,0,0,0,0,0,0,0,0
0.0533189,0.261092,1.07011,0,0,0,0,1.99552e-09,-1.33071e-08,-8.25829e-09,63,62,64,704,726,1418,1426,1655,1656,1657,2297,2319,3011,3019,0,0,0,0,0,0,0,0,0,62,64,704,726,1418,1426,1655,1656,1657,2297,2319,3011,3019,0,0,0,0,0,0,0,0,0,0.0509201,0.0496241,0.0411315,0.0351602,0.038594,0.0427037,0.115293,0.100894,0.11344,0.110609,0.108764,0.108809,0.109828,0,0,0,0,0,0,0,0,0,0.0561053,0.0540519,0.0434429,0.0381408,0.0407012,0.0446583,0.116229,0.1,0.115175,0.110074,0.107859,0.108689,0.110611,0,0,0,0,0,0,0,0,0,1,1,1,1,1,1,1,1,1,1,1,1,1,0,0,0,0,0,0,0,0,0,1,1,1,1,1,1,1,1,1,1,1,1,1,0,0,0,0,0,0,0,0,0,1,0,0,0,0,0,0,0,0,0,0,0,0,0,0,0,0,0,0,0,0,0,0,13,0,0,0,0,0,0,0,0,0,0,0,0,0,0,0,0,0,0,0,0,0,0,0,0,0,0,0,0,0,0,0,0,0,0,0,0,0,0,0,0,0,0,0,0,0,0,0,0
0.0557096,0.30273,1.04322,0,0,0,0,1.96505e-09,-1.8204e-08,-1.3601e-08,64,63,65,681,704,1426,1433,1656,1657,1658,2274,2297,3019,3026,0,0,0,0,0,0,0,0,0,63,65,681,704,1426,1433,1656,1657,1658,2274,2297,3019,3026,0,0,0,0,0,0,0,0,0,0.0496241,0.0488465,0.0421482,0.0352865,0.0358722,0.0420852,0.114104,0.100388,0.112783,0.110681,0.108404,0.107425,0.109672,0,0,0,0,0,0,0,0,0,0.0540519,0.0519495,0.0430007,0.0371553,0.0361866,0.0441932,0.115137,0.1,0.114087,0.109883,0.107478,0.107115,0.110404,0,0,0,0,0,0,0,0,0,1,1,1,1,1,1,1,1,1,1,1,1,1,0,0,0,0,0,0,0,0,0,1,1,1,1,1,1,1,1,1,1,1,1,1,0,0,0,0,0,0,0,0,0,1,0,0,0,0,0,0,0,0,0,0,0,0,0,0,0,0,0,0,0,0,0,0,13,0,0,0,0,0,0,0,0,0,0,0,0,0,0,0,0,0,0,0,0,0,0,0,0,0,0,0,0,0,0,0,0,0,0,0,0,0,0,0,0,0,0,0,0,0,0,0,0
0.0550248,0.342047,1.01424,0,0,0,0,1.98986e-09,-2.40986e-08,-1.95985e-08,65,64,66,657,681,1433,1439,1657,1658,1659,2250,2274,3026,3032,0,0,0,0,0,0,0,0,0,64,66,657,681,1433,1439,1657,1658,1659,2250,2274,3026,3032,0,0,0,0,0,0,0,0,0,0.0488465,0.0472266,0.0416273,0.0341856,0.0342919,0.0420774,0.113273,0.10036,0.111908,0.110233,0.107647,0.107223,0.109688,0,0,0,0,0,0,0,0,0,0.0519495,0.0498214,0.0425316,0.0362194,0.0353084,0.0436945,0.114052,0.1,0.11302,0.109681,0.107126,0.106793,0.110184,0,0,0,0,0,0,0,0,0,1,1,1,1,1,1,1,1,1,1,1,1,1,0,0,0,0,0,0,0,0,0,1,1,1,1,1,1,1,1,1,1,1,1,1,0,0,0,0,0,0,0,0,0,1,0,0,0,0,0,0,0,0,0,0,0,0,0,0,0,0,0,0,0,0,0,0,13,0,0,0,0,0,0,0,0,0,0,0,0,0,0,0,0,0,0,0,0,0,0,0,0,0,0,0,0,0,0,0,0,0,0,0,0,0,0,0,0,0,0,0,0,0,0,0,0
0.0540708,0.378296,0.983984,0,0,0,0,2.03067e-09,-3.08193e-08,-2.58927e-08,66,65,67,632,657,1439,1444,1658,1659,1660,2225,2250,3032,3037,0,0,0,0,0,0,0,0,0,65,67,632,657,1439,1444,1658,1659,1660,2225,2250,3032,3037,0,0,0,0,0,0,0,0,0,0.0472266,0.0455052,0.0412126,0.0335858,0.0334393,0.041861,0.112356,0.100336,0.111025,0.109884,0.107219,0.106902,0.109581,0,0,0,0,0,0,0,0,0,0.0498214,0.0476888,0.0420604,0.0353441,0.0344957,0.0431885,0.112988,0.1,0.111986,0.109481,0.106804,0.106502,0.109963,0,0,0,0,0,0,0,0,0,1,1,1,1,1,1,1,1,1,1,1,1,1,0,0,0,0,0,0,0,0,0,1,1,1,1,1,1,1,1,1,1,1,1,1,0,0,0,0,0,0,0,0,0,1,0,0,0,0,0,0,0,0,0,0,0,0,0,0,0,0,0,0,0,0,0,0,13,0,0,0,0,0,0,0,0,0,0,0,0,0,0,0,0,0,0,0,0,0,0,0,0,0,0,0,0,0,0,0,0,0,0,0,0,0,0,0,0,0,0,0,0,0,0,0,0
0.0530051,0.411585,0.952977,0,0,0,0,2.07026e-09,-3.8279e-08,-3.23465e-08,67,66,68,606,632,1444,1448,1659,1660,1661,2199,2225,3037,3041,0,0,0,0,0,0,0,0,0,66,68,606,632,1444,1448,1659,1660,1661,2199,2225,3037,3041,0,0,0,0,0,0,0,0,0,0.0455052,0.0437744,0.0409193,0.0330401,0.032828,0.0415918,0.111432,0.100303,0.110173,0.109615,0.106866,0.106625,0.109433,0,0,0,0,0,0,0,0,0,0.0476888,0.0455708,0.0416308,0.0345428,0.0337608,0.0427204,0.111956,0.1,0.110995,0.109301,0.106516,0.106245,0.10976,0,0,0,0,0,0,0,0,0,1,1,1,1,1,1,1,1,1,1,1,1,1,0,0,0,0,0,0,0,0,0,1,1,1,1,1,1,1,1,1,1,1,1,1,0,0,0,0,0,0,0,0,0,1,0,0,0,0,0,0,0,0,0,0,0,0,0,0,0,0,0,0,0,0,0,0,13,0,0,0,0,0,0,0,0,0,0,0,0,0,0,0,0,0,0,0,0,0,0,0,0,0,0,0,0,0,0,0,0,0,0,0,0,0,0,0,0,0,0,0,0,0,0,0,0
0.0518525,0.442102,0.921615,0,0,0,0,2.10518e-09,-4.6385e-08,-3.88533e-08,68,67,69,580,606,1448,1451,1660,1661,1662,2173,2199,3041,3044,0,0,0,0,0,0,0,0,0,67,69,580,606,1448,1451,1660,1661,1662,2173,2199,3041,3044,0,0,0,0,0,0,0,0,0,0.0437744,0.0420539,0.0407873,0.0325495,0.0323557,0.0414134,0.110545,0.100266,0.109358,0.109429,0.106562,0.106385,0.109321,0,0,0,0,0,0,0,0,0,0.0455708,0.0434844,0.0413337,0.0338353,0.0331229,0.0423838,0.110968,0.1,0.110054,0.109179,0.106269,0.106027,0.109617,0,0,0,0,0,0,0,0,0,1,1,1,1,1,1,1,1,1,1,1,1,1,0,0,0,0,0,0,0,0,0,1,1,1,1,1,1,1,1,1,1,1,1,1,0,0,0,0,0,0,0,0,0,1,0,0,0,0,0,0,0,0,0,0,0,0,0,0,0,0,0,0,0,0,0,0,13,0,0,0,0,0,0,0,0,0,0,0,0,0,0,0,0,0,0,0,0,0,0,0,0,0,0,0,0,0,0,0,0,0,0,0,0,0,0,0,0,0,0,0,0,0,0,0,0
0.0506388,0.470048,0.890213,0,0,0,0,2.13449e-09,-5.50381e-08,-4.53241e-08,69,68,70,554,580,1451,1453,1661,1662,1663,2147,2173,3044,3046,0,0,0,0,0,0,0,0,0,68,70,554,580,1451,1453,1661,1662,1663,2147,2173,3044,3046,0,0,0,0,0,0,0,0,0,0.0420539,0.0420354,0.0410508,0.0321837,0.0320259,0.0416305,0.109705,0.100228,0.109272,0.109426,0.106318,0.106195,0.109395,0,0,0,0,0,0,0,0,0,0.0434844,0.0430986,0.0414379,0.0332568,0.032618,0.042454,0.11003,0.1,0.109883,0.109227,0.106072,0.10586,0.109651,0,0,0,0,0,0,0,0,0,1,1,1,1,1,1,1,1,1,1,1,1,1,0,0,0,0,0,0,0,0,0,1,1,1,1,1,1,1,1,1,1,1,1,1,0,0,0,0,0,0,0,0,0,1,0,0,0,0,0,0,0,0,0,0,0,0,0,0,0,0,0,0,0,0,0,0,13,0,0,0,0,0,0,0,0,0,0,0,0,0,0,0,0,0,0,0,0,0,0,0,0,0,0,0,0,0,0,0,0,0,0,0,0,0,0,0,0,0,0,0,0,0,0,0,0
0.0493755,0.496662,0.857701,0,0,0,0,2.16229e-09,-6.45197e-08,-5.19597e-08,70,1,69,71,138,554,1453,1594,1662,1663,1664,1731,2147,3046,0,0,0,0,0,0,0,0,0,1,69,71,138,554,1453,1594,1662,1663,1664,1731,2147,3046,0,0,0,0,0,0,0,0,0,0.0427196,0.0420354,0.0425149,0.0419158,0.0327759,0.0325539,0.109515,0.109609,0.100193,0.10974,0.109661,0.106407,0.10631,0,0,0,0,0,0,0,0,0,0.0434483,0.0430986,0.0431534,0.0421636,0.0335835,0.0329686,0.110036,0.109859,0.1,0.109956,0.109539,0.106193,0.105989,0,0,0,0,0,0,0,0,0,1,1,1,1,1,1,1,1,1,1,1,1,1,0,0,0,0,0,0,0,0,0,1,1,1,1,1,1,1,1,1,1,1,1,1,0,0,0,0,0,0,0,0,0,1,0,0,0,0,0,0,0,0,0,0,0,0,0,0,0,0,0,0,0,0,0,0,13,0,0,0,0,0,0,0,0,0,0,0,0,0,0,0,0,0,0,0,0,0,0,0,0,0,0,0,0,0,0,0,0,0,0,0,0,0,0,0,0,0,0,0,0,0,0,0,0
0.0784745,0.512426,0.831012,0,0,0,0,3.34698e-09,-7.1355e-08,-5.5324e-08,71,1,70,72,137,431,1453,1594,1663,1664,1665,1730,2024,3046,0,0,0,0,0,0,0,0,0,1,70,72,137,431,1453,1594,1663,1664,1665,1730,2024,3046,0,0,0,0,0,0,0,0,0,0.0328001,0.0425149,0.0334257,0.0484832,0.0389882,0.0427708,0.106262,0.110046,0.10031,0.106237,0.112439,0.108027,0.109998,0,0,0,0,0,0,0,0,0,0.0329288,0.0431534,0.0336407,0.0492309,0.0398026,0.043918,0.105981,0.109949,0.1,0.106084,0.112727,0.108491,0.110218,0,0,0,0,0,0,0,0,0,1,1,1,1,1,1,1,1,1,1,1,1,1,0,0,0,0,0,0,0,0,0,1,1,1,1,1,1,1,1,1,1,1,1,1,0,0,0,0,0,0,0,0,0,1,0,0,0,0,0,0,0,0,0,0,0,0,0,0,0,0,0,0,0,0,0,0,13,0,0,0,0,0,0,0,0,0,0,0,0,0,0,0,0,0,0,0,0,0,0,0,0,0,0,0,0,0,0,0,0,0,0,0,0,0,0,0,0,0,0,0,0,0,0,0,0
0.109108,0.500876,0.837753,0,0,0,0,4.85824e-09,-6.74962e-08,-5.10334e-08,72,71,73,431,441,1452,1453,1664,1665,1666,2024,2034,3045,3046,0,0,0,0,0,0,0,0,0,71,73,431,441,1452,1453,1664,1665,1666,2024,2034,3045,3046,0,0,0,0,0,0,0,0,0,0.0334257,0.0346229,0.0478192,0.039611,0.0425042,0.0427787,0.10651,0.0997966,0.106467,0.111815,0.107999,0.109362,0.110022,0,0,0,0,0,0,0,0,0,0.0336407,0.0349415,0.0469515,0.0396313,0.0412203,0.043525,0.106185,0.1,0.106579,0.111616,0.108399,0.10906,0.110094,0,0,0,0,0,0,0,0,0,1,1,1,1,1,1,1,1,1,1,1,1,1,0,0,0,0,0,0,0,0,0,1,1,1,1,1,1,1,1,1,1,1,1,1,0,0,0,0,0,0,0,0,0,1,0,0,0,0,0,0,0,0,0,0,0,0,0,0,0,0,0,0,0,0,0,0,13,0,0,0,0,0,0,0,0,0,0,0,0,0,0,0,0,0,0,0,0,0,0,0,0,0,0,0,0,0,0,0,0,0,0,0,0,0,0,0,0,0,0,0,0,0,0,0,0
0.14084,0.487816,0.842367,0,0,0,0,6.78646e-09,-6.36062e-08,-4.59062e-08,73,72,74,441,451,1450,1452,1665,1666,1667,2034,2044,3043,3045,0,0,0,0,0,0,0,0,0,72,74,441,451,1450,1452,1665,1666,1667,2034,2044,3043,3045,0,0,0,0,0,0,0,0,0,0.0346229,0.0356639,0.0474725,0.0405553,0.0429526,0.0441297,0.106742,0.0998787,0.106873,0.111694,0.108395,0.109643,0.110272,0,0,0,0,0,0,0,0,0,0.0349415,0.0360418,0.0465484,0.0403945,0.0417048,0.0445107,0.106577,0.1,0.106986,0.111425,0.108713,0.109264,0.110482,0,0,0,0,0,0,0,0,0,1,1,1,1,1,1,1,1,1,1,1,1,1,0,0,0,0,0,0,0,0,0,1,1,1,1,1,1,1,1,1,1,1,1,1,0,0,0,0,0,0,0,0,0,1,0,0,0,0,0,0,0,0,0,0,0,0,0,0,0,0,0,0,0,0,0,0,13,0,0,0,0,0,0,0,0,0,0,0,0,0,0,0,0,0,0,0,0,0,0,0,0,0,0,0,0,0,0,0,0,0,0,0,0,0,0,0,0,0,0,0,0,0,0,0,0
0.173482,0.473648,0.844752,0,0,0,0,9.2095e-09,-5.96575e-08,-4.00438e-08,74,73,75,451,461,1447,1450,1666,1667,1668,2044,2054,3040,3043,0,0,0,0,0,0,0,0,0,73,75,451,461,1447,1450,1666,1667,1668,2044,2054,3040,3043,0,0,0,0,0,0,0,0,0,0.0356639,0.0367606,0.0473143,0.0416566,0.0433198,0.0451177,0.107141,0.0998581,0.107282,0.111638,0.108844,0.109805,0.110661,0,0,0,0,0,0,0,0,0,0.0360418,0.0371289,0.0465088,0.0413041,0.0422344,0.0452168,0.106984,0.1,0.107398,0.111405,0.109095,0.10949,0.110802,0,0,0,0,0,0,0,0,0,1,1,1,1,1,1,1,1,1,1,1,1,1,0,0,0,0,0,0,0,0,0,1,1,1,1,1,1,1,1,1,1,1,1,1,0,0,0,0,0,0,0,0,0,1,0,0,0,0,0,0,0,0,0,0,0,0,0,0,0,0,0,0,0,0,0,0,13,0,0,0,0,0,0,0,0,0,0,0,0,0,0,0,0,0,0,0,0,0,0,0,0,0,0,0,0,0,0,0,0,0,0,0,0,0,0,0,0,0,0,0,0,0,0,0,0
0.206927,0.458393,0.844653,0,0,0,0,1.2212e-08,-5.56756e-08,-3.34093e-08,75,74,76,461,470,1443,1447,1667,1668,1669,2054,2063,3036,3040,0,0,0,0,0,0,0,0,0,74,76,461,470,1443,1447,1667,1668,1669,2054,2063,3036,3040,0,0,0,0,0,0,0,0,0,0.0367606,0.0378667,0.0471696,0.0427789,0.0435779,0.0462251,0.107511,0.0998683,0.107724,0.11161,0.109336,0.10996,0.111086,0,0,0,0,0,0,0,0,0,0.0371289,0.038196,0.046551,0.0422847,0.0427404,0.0460587,0.107397,0.1,0.107814,0.111422,0.109514,0.109707,0.111189,0,0,0,0,0,0,0,0,0,1,1,1,1,1,1,1,1,1,1,1,1,1,0,0,0,0,0,0,0,0,0,1,1,1,1,1,1,1,1,1,1,1,1,1,0,0,0,0,0,0,0,0,0,1,0,0,0,0,0,0,0,0,0,0,0,0,0,0,0,0,0,0,0,0,0,0,13,0,0,0,0,0,0,0,0,0,0,0,0,0,0,0,0,0,0,0,0,0,0,0,0,0,0,0,0,0,0,0,0,0,0,0,0,0,0,0,0,0,0,0,0,0,0,0,0
0.241014,0.442127,0.841926,0,0,0,0,1.58813e-08,-5.16804e-08,-2.60008e-08,76,75,77,470,479,1438,1443,1668,1669,1670,2063,2072,3031,3036,0,0,0,0,0,0,0,0,0,75,77,470,479,1438,1443,1668,1669,1670,2063,2072,3031,3036,0,0,0,0,0,0,0,0,0,0.0378667,0.0389601,0.0469816,0.0438634,0.0437409,0.0472886,0.107904,0.0998816,0.108176,0.111561,0.109831,0.110081,0.111534,0,0,0,0,0,0,0,0,0,0.038196,0.0392348,0.0465775,0.0432927,0.0431853,0.0469321,0.107814,0.1,0.108227,0.111432,0.109953,0.1099,0.111596,0,0,0,0,0,0,0,0,0,1,1,1,1,1,1,1,1,1,1,1,1,1,0,0,0,0,0,0,0,0,0,1,1,1,1,1,1,1,1,1,1,1,1,1,0,0,0,0,0,0,0,0,0,1,0,0,0,0,0,0,0,0,0,0,0,0,0,0,0,0,0,0,0,0,0,0,13,0,0,0,0,0,0,0,0,0,0,0,0,0,0,0,0,0,0,0,0,0,0,0,0,0,0,0,0,0,0,0,0,0,0,0,0,0,0,0,0,0,0,0,0,0,0,0,0
0.275531,0.424903,0.83647,0,0,0,0,2.03114e-08,-4.77025e-08,-1.78346e-08,77,76,78,479,488,1432,1438,1669,1670,1671,2072,2081,3025,3031,0,0,0,0,0,0,0,0,0,76,78,479,488,1432,1438,1669,1670,1671,2072,2081,3025,3031,0,0,0,0,0,0,0,0,0,0.0389601,0.0400141,0.0467379,0.044884,0.0438343,0.0482395,0.108308,0.0999008,0.108623,0.111486,0.110313,0.110177,0.111959,0,0,0,0,0,0,0,0,0,0.0392348,0.0402344,0.0465462,0.0442986,0.0435502,0.0477773,0.108228,0.1,0.108634,0.111414,0.110401,0.110059,0.111996,0,0,0,0,0,0,0,0,0,1,1,1,1,1,1,1,1,1,1,1,1,1,0,0,0,0,0,0,0,0,0,1,1,1,1,1,1,1,1,1,1,1,1,1,0,0,0,0,0,0,0,0,0,1,0,0,0,0,0,0,0,0,0,0,0,0,0,0,0,0,0,0,0,0,0,0,13,0,0,0,0,0,0,0,0,0,0,0,0,0,0,0,0,0,0,0,0,0,0,0,0,0,0,0,0,0,0,0,0,0,0,0,0,0,0,0,0,0,0,0,0,0,0,0,0
0.310236,0.406771,0.828229,0,0,0,0,2.55922e-08,-4.37815e-08,-8.95197e-09,78,77,79,488,496,1425,1432,1670,1671,1672,2081,2089,3018,3025,0,0,0,0,0,0,0,0,0,77,79,488,496,1425,1432,1670,1671,1672,2081,2089,3018,3025,0,0,0,0,0,0,0,0,0,0.0400141,0.0410046,0.046442,0.0458368,0.043881,0.0490485,0.108717,0.0999218,0.109051,0.111387,0.110774,0.110251,0.112341,0,0,0,0,0,0,0,0,0,0.0402344,0.0411805,0.0464397,0.045282,0.0438301,0.0485545,0.108636,0.1,0.109028,0.111362,0.110846,0.110181,0.112369,0,0,0,0,0,0,0,0,0,1,1,1,1,1,1,1,1,1,1,1,1,1,0,0,0,0,0,0,0,0,0,1,1,1,1,1,1,1,1,1,1,1,1,1,0,0,0,0,0,0,0,0,0,1,0,0,0,0,0,0,0,0,0,0,0,0,0,0,0,0,0,0,0,0,0,0,13,0,0,0,0,0,0,0,0,0,0,0,0,0,0,0,0,0,0,0,0,0,0,0,0,0,0,0,0,0,0,0,0,0,0,0,0,0,0,0,0,0,0,0,0,0,0,0,0
0.344862,0.387788,0.817181,0,0,0,0,3.18034e-08,-3.99657e-08,5.79368e-10,79,78,80,496,504,1417,1425,1671,1672,1673,2089,2097,3010,3018,0,0,0,0,0,0,0,0,0,78,80,496,504,1417,1425,1671,1672,1673,2089,2097,3010,3018,0,0,0,0,0,0,0,0,0,0.0410046,0.0419109,0.0461028,0.0467299,0.043899,0.0497138,0.109117,0.0999425,0.109448,0.111267,0.111216,0.110308,0.112669,0,0,0,0,0,0,0,0,0,0.0411805,0.0420558,0.0462567,0.0462311,0.0440339,0.0492377,0.109031,0.1,0.109398,0.111275,0.111284,0.11027,0.112701,0,0,0,0,0,0,0,0,0,1,1,1,1,1,1,1,1,1,1,1,1,1,0,0,0,0,0,0,0,0,0,1,1,1,1,1,1,1,1,1,1,1,1,1,0,0,0,0,0,0,0,0,0,1,0,0,0,0,0,0,0,0,0,0,0,0,0,0,0,0,0,0,0,0,0,0,13,0,0,0,0,0,0,0,0,0,0,0,0,0,0,0,0,0,0,0,0,0,0,0,0,0,0,0,0,0,0,0,0,0,0,0,0,0,0,0,0,0,0,0,0,0,0,0,0
0.37913,0.368023,0.803339,0,0,0,0,3.90077e-08,-3.63092e-08,1.06656e-08,80,79,81,504,511,1408,1417,1672,1673,1674,2097,2104,3001,3010,0,0,0,0,0,0,0,0,0,79,81,504,511,1408,1417,1672,1673,1674,2097,2104,3001,3010,0,0,0,0,0,0,0,0,0,0.0419109,0.0427151,0.045735,0.0475799,0.0439113,0.0502476,0.109494,0.0999609,0.109803,0.111131,0.111642,0.110353,0.112944,0,0,0,0,0,0,0,0,0,0.0420558,0.0428401,0.0460102,0.0471467,0.0441858,0.0498163,0.109402,0.1,0.109736,0.111159,0.111712,0.110337,0.112985,0,0,0,0,0,0,0,0,0,1,1,1,1,1,1,1,1,1,1,1,1,1,0,0,0,0,0,0,0,0,0,1,1,1,1,1,1,1,1,1,1,1,1,1,0,0,0,0,0,0,0,0,0,1,0,0,0,0,0,0,0,0,0,0,0,0,0,0,0,0,0,0,0,0,0,0,13,0,0,0,0,0,0,0,0,0,0,0,0,0,0,0,0,0,0,0,0,0,0,0,0,0,0,0,0,0,0,0,0,0,0,0,0,0,0,0,0,0,0,0,0,0,0,0,0
0.412753,0.34756,0.786746,0,0,0,0,4.72457e-08,-3.2867e-08,2.11885e-08,81,80,82,511,518,1398,1408,1673,1674,1675,2104,2111,2991,3001,0,0,0,0,0,0,0,0,0,80,82,511,518,1398,1408,1673,1674,1675,2104,2111,2991,3001,0,0,0,0,0,0,0,0,0,0.0427151,0.0433995,0.0453665,0.0484132,0.0439563,0.0506784,0.109835,0.0999763,0.110104,0.110993,0.112064,0.110405,0.113173,0,0,0,0,0,0,0,0,0,0.0428401,0.0435124,0.0457308,0.0480448,0.0443291,0.0503024,0.10974,0.1,0.11003,0.111029,0.112139,0.110399,0.113225,0,0,0,0,0,0,0,0,0,1,1,1,1,1,1,1,1,1,1,1,1,1,0,0,0,0,0,0,0,0,0,1,1,1,1,1,1,1,1,1,1,1,1,1,0,0,0,0,0,0,0,0,0,1,0,0,0,0,0,0,0,0,0,0,0,0,0,0,0,0,0,0,0,0,0,0,13,0,0,0,0,0,0,0,0,0,0,0,0,0,0,0,0,0,0,0,0,0,0,0,0,0,0,0,0,0,0,0,0,0,0,0,0,0,0,0,0,0,0,0,0,0,0,0,0
0.44545,0.326499,0.767488,0,0,0,0,5.65317e-08,-2.96904e-08,3.20095e-08,82,81,83,518,524,1387,1398,1674,1675,1676,2111,2117,2980,2991,0,0,0,0,0,0,0,0,0,81,83,518,524,1387,1398,1674,1675,1676,2111,2117,2980,2991,0,0,0,0,0,0,0,0,0,0.0433995,0.043945,0.0450571,0.0492999,0.0441255,0.0510722,0.110129,0.0999885,0.110344,0.110878,0.112516,0.110501,0.113386,0,0,0,0,0,0,0,0,0,0.0435124,0.0440514,0.0454826,0.0489905,0.0445612,0.0507521,0.110034,0.1,0.110268,0.110914,0.112595,0.110502,0.113449,0,0,0,0,0,0,0,0,0,1,1,1,1,1,1,1,1,1,1,1,1,1,0,0,0,0,0,0,0,0,0,1,1,1,1,1,1,1,1,1,1,1,1,1,0,0,0,0,0,0,0,0,0,1,0,0,0,0,0,0,0,0,0,0,0,0,0,0,0,0,0,0,0,0,0,0,13,0,0,0,0,0,0,0,0,0,0,0,0,0,0,0,0,0,0,0,0,0,0,0,0,0,0,0,0,0,0,0,0,0,0,0,0,0,0,0,0,0,0,0,0,0,0,0,0
0.476943,0.304951,0.745692,0,0,0,0,6.68476e-08,-2.68251e-08,4.29792e-08,83,82,84,524,530,1375,1387,1675,1676,1677,2117,2123,2968,2980,0,0,0,0,0,0,0,0,0,82,84,524,530,1375,1387,1675,1676,1677,2117,2123,2968,2980,0,0,0,0,0,0,0,0,0,0.043945,0.041653,0.0449432,0.0503529,0.0446066,0.051583,0.110363,0.0999985,0.109348,0.110849,0.11306,0.110719,0.113657,0,0,0,0,0,0,0,0,0,0.0440514,0.041761,0.0454057,0.050097,0.0450694,0.0513149,0.110273,0.1,0.109273,0.110878,0.113137,0.11073,0.113731,0,0,0,0,0,0,0,0,0,1,1,1,1,1,1,1,1,1,1,1,1,1,0,0,0,0,0,0,0,0,0,1,1,1,1,1,1,1,1,1,1,1,1,1,0,0,0,0,0,0,0,0,0,1,0,0,0,0,0,0,0,0,0,0,0,0,0,0,0,0,0,0,0,0,0,0,13,0,0,0,0,0,0,0,0,0,0,0,0,0,0,0,0,0,0,0,0,0,0,0,0,0,0,0,0,0,0,0,0,0,0,0,0,0,0,0,0,0,0,0,0,0,0,0,0
0.505201,0.284379,0.723038,0,0,0,0,7.7454e-08,-2.44096e-08,5.32589e-08,84,83,85,530,535,1362,1375,1676,1677,1678,2123,2128,2955,2968,0,0,0,0,0,0,0,0,0,83,85,530,535,1362,1375,1676,1677,1678,2123,2128,2955,2968,0,0,0,0,0,0,0,0,0,0.041653,0.0409937,0.0444837,0.0505804,0.0443599,0.0511165,0.109354,0.100006,0.109067,0.110643,0.113192,0.110617,0.113447,0,0,0,0,0,0,0,0,0,0.041761,0.0411005,0.0449457,0.0503681,0.0448273,0.0509087,0.109276,0.1,0.108995,0.110669,0.113271,0.11062,0.113528,0,0,0,0,0,0,0,0,0,1,1,1,1,1,1,1,1,1,1,1,1,1,0,0,0,0,0,0,0,0,0,1,1,1,1,1,1,1,1,1,1,1,1,1,0,0,0,0,0,0,0,0,0,1,0,0,0,0,0,0,0,0,0,0,0,0,0,0,0,0,0,0,0,0,0,0,13,0,0,0,0,0,0,0,0,0,0,0,0,0,0,0,0,0,0,0,0,0,0,0,0,0,0,0,0,0,0,0,0,0,0,0,0,0,0,0,0,0,0,0,0,0,0,0,0
0.53142,0.264025,0.69898,0,0,0,0,8.86384e-08,-2.23238e-08,6.31809e-08,85,84,86,535,540,1348,1362,1677,1678,1679,2128,2133,2941,2955,0,0,0,0,0,0,0,0,0,84,86,535,540,1348,1362,1677,1678,1679,2128,2133,2941,2955,0,0,0,0,0,0,0,0,0,0.0409937,0.0410611,0.0439243,0.0504957,0.043806,0.0507439,0.109062,0.100009,0.10909,0.110391,0.113164,0.110375,0.113284,0,0,0,0,0,0,0,0,0,0.0411005,0.0411669,0.0443819,0.0503114,0.0442693,0.0505769,0.108997,0.1,0.109023,0.110414,0.113243,0.110368,0.113362,0,0,0,0,0,0,0,0,0,1,1,1,1,1,1,1,1,1,1,1,1,1,0,0,0,0,0,0,0,0,0,1,1,1,1,1,1,1,1,1,1,1,1,1,0,0,0,0,0,0,0,0,0,1,0,0,0,0,0,0,0,0,0,0,0,0,0,0,0,0,0,0,0,0,0,0,13,0,0,0,0,0,0,0,0,0,0,0,0,0,0,0,0,0,0,0,0,0,0,0,0,0,0,0,0,0,0,0,0,0,0,0,0,0,0,0,0,0,0,0,0,0,0,0,0
0.556038,0.243579,0.673252,0,0,0,0,1.00518e-07,-2.05045e-08,7.28257e-08,86,85,87,540,544,1333,1348,1678,1679,1680,2133,2137,2926,2941,0,0,0,0,0,0,0,0,0,85,87,540,544,1333,1348,1678,1679,1680,2133,2137,2926,2941,0,0,0,0,0,0,0,0,0,0.0410611,0.0418582,0.0431611,0.0503033,0.0430588,0.0502269,0.109075,0.100011,0.109423,0.110048,0.113082,0.110045,0.113045,0,0,0,0,0,0,0,0,0,0.0411669,0.0419627,0.0436102,0.0501324,0.0435136,0.0500833,0.109025,0.1,0.109362,0.110071,0.113154,0.110032,0.113117,0,0,0,0,0,0,0,0,0,1,1,1,1,1,1,1,1,1,1,1,1,1,0,0,0,0,0,0,0,0,0,1,1,1,1,1,1,1,1,1,1,1,1,1,0,0,0,0,0,0,0,0,0,1,0,0,0,0,0,0,0,0,0,0,0,0,0,0,0,0,0,0,0,0,0,0,13,0,0,0,0,0,0,0,0,0,0,0,0,0,0,0,0,0,0,0,0,0,0,0,0,0,0,0,0,0,0,0,0,0,0,0,0,0,0,0,0,0,0,0,0,0,0,0,0
0.579391,0.222728,0.645468,0,0,0,0,1.13255e-07,-1.89038e-08,8.22559e-08,87,86,88,544,547,1317,1333,1679,1680,1681,2137,2140,2910,2926,0,0,0,0,0,0,0,0,0,86,88,544,547,1317,1333,1679,1680,1681,2137,2140,2910,2926,0,0,0,0,0,0,0,0,0,0.0418582,0.0443096,0.042087,0.0503749,0.0422525,0.0494092,0.109395,0.100011,0.110486,0.109579,0.113133,0.109691,0.112654,0,0,0,0,0,0,0,0,0,0.0419627,0.0444042,0.0425261,0.0502053,0.0426996,0.0492782,0.109363,0.1,0.110431,0.109597,0.113191,0.109675,0.112722,0,0,0,0,0,0,0,0,0,1,1,1,1,1,1,1,1,1,1,1,1,1,0,0,0,0,0,0,0,0,0,1,1,1,1,1,1,1,1,1,1,1,1,1,0,0,0,0,0,0,0,0,0,1,0,0,0,0,0,0,0,0,0,0,0,0,0,0,0,0,0,0,0,0,0,0,13,0,0,0,0,0,0,0,0,0,0,0,0,0,0,0,0,0,0,0,0,0,0,0,0,0,0,0,0,0,0,0,0,0,0,0,0,0,0,0,0,0,0,0,0,0,0,0,0
0.602156,0.200694,0.61449,0,0,0,0,1.27364e-07,-1.75089e-08,9.1672e-08,88,87,89,547,550,1300,1317,1680,1681,1682,2140,2143,2893,2910,0,0,0,0,0,0,0,0,0,87,89,547,550,1300,1317,1680,1681,1682,2140,2143,2893,2910,0,0,0,0,0,0,0,0,0,0.0443096,0.0438932,0.0402949,0.0494772,0.0410614,0.0478302,0.110446,0.100011,0.110294,0.108832,0.112703,0.109166,0.111903,0,0,0,0,0,0,0,0,0,0.0444042,0.0439891,0.0407223,0.0493142,0.041483,0.0477101,0.110431,0.1,0.110247,0.108831,0.112753,0.109153,0.111968,0,0,0,0,0,0,0,0,0,1,1,1,1,1,1,1,1,1,1,1,1,1,0,0,0,0,0,0,0,0,0,1,1,1,1,1,1,1,1,1,1,1,1,1,0,0,0,0,0,0,0,0,0,1,0,0,0,0,0,0,0,0,0,0,0,0,0,0,0,0,0,0,0,0,0,0,13,0,0,0,0,0,0,0,0,0,0,0,0,0,0,0,0,0,0,0,0,0,0,0,0,0,0,0,0,0,0,0,0,0,0,0,0,0,0,0,0,0,0,0,0,0,0,0,0
0.622684,0.178969,0.582347,0,0,0,0,1.41866e-07,-1.63105e-08,1.00355e-07,89,88,90,550,552,1282,1300,1681,1682,1683,2143,2145,2875,2893,0,0,0,0,0,0,0,0,0,88,90,550,552,1282,1300,1681,1682,1683,2143,2145,2875,2893,0,0,0,0,0,0,0,0,0,0.0438932,0.0433058,0.0388526,0.0487727,0.0400994,0.0464239,0.110247,0.100011,0.110043,0.108233,0.11237,0.108748,0.111254,0,0,0,0,0,0,0,0,0,0.0439891,0.043414,0.0392537,0.0486132,0.0404894,0.0463143,0.110247,0.1,0.109994,0.108229,0.112413,0.108736,0.111312,0,0,0,0,0,0,0,0,0,1,1,1,1,1,1,1,1,1,1,1,1,1,0,0,0,0,0,0,0,0,0,1,1,1,1,1,1,1,1,1,1,1,1,1,0,0,0,0,0,0,0,0,0,1,0,0,0,0,0,0,0,0,0,0,0,0,0,0,0,0,0,0,0,0,0,0,13,0,0,0,0,0,0,0,0,0,0,0,0,0,0,0,0,0,0,0,0,0,0,0,0,0,0,0,0,0,0,0,0,0,0,0,0,0,0,0,0,0,0,0,0,0,0,0,0
0.640925,0.157672,0.549345,0,0,0,0,1.56629e-07,-1.52369e-08,1.08282e-07,90,89,91,552,553,1263,1282,1682,1683,1684,2145,2146,2856,2875,0,0,0,0,0,0,0,0,0,89,91,552,553,1263,1282,1682,1683,1684,2145,2146,2856,2875,0,0,0,0,0,0,0,0,0,0.0433058,0.0425584,0.0375751,0.0480966,0.0392413,0.0450821,0.109973,0.100011,0.109727,0.107718,0.112084,0.108367,0.110646,0,0,0,0,0,0,0,0,0,0.043414,0.0426931,0.0379454,0.047958,0.0395879,0.0449895,0.109993,0.1,0.109681,0.107708,0.112098,0.108365,0.110705,0,0,0,0,0,0,0,0,0,1,1,1,1,1,1,1,1,1,1,1,1,1,0,0,0,0,0,0,0,0,0,1,1,1,1,1,1,1,1,1,1,1,1,1,0,0,0,0,0,0,0,0,0,1,0,0,0,0,0,0,0,0,0,0,0,0,0,0,0,0,0,0,0,0,0,0,13,0,0,0,0,0,0,0,0,0,0,0,0,0,0,0,0,0,0,0,0,0,0,0,0,0,0,0,0,0,0,0,0,0,0,0,0,0,0,0,0,0,0,0,0,0,0,0,0
0.65686,0.136878,0.515806,0,0,0,0,1.71469e-07,-1.41501e-08,1.15469e-07,91,90,92,553,1243,1263,1683,1684,1685,2146,2836,2856,0,0,0,0,0,0,0,0,0,0,0,90,92,553,1243,1263,1683,1684,1685,2146,2836,2856,0,0,0,0,0,0,0,0,0,0,0,0.0425584,0.0417348,0.0363704,0.038382,0.0437139,0.109634,0.099994,0.109378,0.107301,0.108,0.110031,0,0,0,0,0,0,0,0,0,0,0,0.0426931,0.0418421,0.0367196,0.0387253,0.0436796,0.109679,0.1,0.109316,0.107234,0.108016,0.110118,0,0,0,0,0,0,0,0,0,0,0,1,1,1,1,1,1,1,1,1,1,1,0,0,0,0,0,0,0,0,0,0,0,1,1,1,1,1,1,1,1,1,1,1,0,0,0,0,0,0,0,0,0,0,0,1,0,0,0,0,0,0,0,0,0,0,0,0,0,0,0,0,0,0,0,0,0,0,11,0,0,0,0,0,0,0,0,0,0,0,0,0,0,0,0,0,0,0,0,0,0,0,0,0,0,0,0,0,0,0,0,0,0,0,0,0,0,0,0,0,0,0,0,0,0,0,0
0.670531,0.116879,0.481821,0,0,0,0,1.86818e-07,-1.04196e-08,1.20414e-07,92,91,1222,1243,1684,1685,2815,2836,0,0,0,0,0,0,0,0,0,0,0,0,0,0,0,91,1222,1243,1684,1685,2815,2836,0,0,0,0,0,0,0,0,0,0,0,0,0,0,0,0.0417348,0.0377304,0.0425134,0.109236,0.100015,0.107739,0.109548,0,0,0,0,0,0,0,0,0,0,0,0,0,0,0,0.0418421,0.0378811,0.0423741,0.109313,0.1,0.107682,0.109547,0,0,0,0,0,0,0,0,0,0,0,0,0,0,0,1,1,1,1,1,1,1,0,0,0,0,0,0,0,0,0,0,0,0,0,0,0,1,1,1,1,1,1,1,0,0,0,0,0,0,0,0,0,0,0,0,0,0,0,1,0,0,0,0,0,0,0,0,0,0,0,0,0,0,0,0,0,0,0,0,0,0,7,0,0,0,0,0,0,0,0,0,0,0,0,0,0,0,0,0,0,0,0,0,0,0,0,0,0,0,0,0,0,0,0,0,0,0,0,0,0,0,0,0,0,0,0,0,0,0,0
0.0345145,-0.607524,0.695934,0,0,0,0,3.54713e-09,1.18763e-07,-8.16166e-08,93,0,42,94,126,956,1461,1593,1635,1686,1687,1719,2549,3054,0,0,0,0,0,0,0,0,0,0,42,94,126,956,1461,1593,1635,1686,1687,1719,2549,3054,0,0,0,0,0,0,0,0,0,0.0338794,0.0424857,0.0330958,0.0467364,0.0411665,0.0384588,0.106345,0.1098,0.100067,0.106159,0.111369,0.108983,0.107974,0,0,0,0,0,0,0,0,0,0.0341059,0.0423584,0.0333174,0.0467744,0.0412669,0.0383369,0.106423,0.109633,0.1,0.106136,0.111546,0.109065,0.107911,0,0,0,0,0,0,0,0,0,1,1,1,1,1,1,1,1,1,1,1,1,1,0,0,0,0,0,0,0,0,0,1,1,1,1,1,1,1,1,1,1,1,1,1,0,0,0,0,0,0,0,0,0,1,0,0,0,0,0,0,0,0,0,0,0,0,0,0,0,0,0,0,0,0,0,0,13,0,0,0,0,0,0,0,0,0,0,0,0,0,0,0,0,0,0,0,0,0,0,0,0,0,0,0,0,0,0,0,0,0,0,0,0,0,0,0,0,0,0,0,0,0,0,0,0
0.00389838,-0.602552,0.707478,0,0,0,0,2.13864e-09,1.15205e-07,-8.05315e-08,94,93,95,955,956,1461,1469,1686,1687,1688,2548,2549,3054,3062,0,0,0,0,0,0,0,0,0,93,95,955,956,1461,1469,1686,1687,1688,2548,2549,3054,3062,0,0,0,0,0,0,0,0,0,0.0330958,0.0329138,0.0411206,0.0420283,0.0465344,0.0381908,0.106133,0.10007,0.106111,0.108971,0.109606,0.111269,0.107859,0,0,0,0,0,0,0,0,0,0.0333174,0.0331192,0.0412703,0.0420045,0.0465729,0.0382002,0.106135,0.1,0.106061,0.109067,0.109474,0.111452,0.107857,0,0,0,0,0,0,0,0,0,1,1,1,1,1,1,1,1,1,1,1,1,1,0,0,0,0,0,0,0,0,0,1,1,1,1,1,1,1,1,1,1,1,1,1,0,0,0,0,0,0,0,0,0,1,0,0,0,0,0,0,0,0,0,0,0,0,0,0,0,0,0,0,0,0,0,0,13,0,0,0,0,0,0,0,0,0,0,0,0,0,0,0,0,0,0,0,0,0,0,0,0,0,0,0,0,0,0,0,0,0,0,0,0,0,0,0,0,0,0,0,0,0,0,0,0
-0.0263067,-0.595875,0.71872,0,0,0,0,6.77274e-10,1.11039e-07,-7.84971e-08,95,94,96,953,955,1469,1477,1687,1688,1689,2546,2548,3062,3070,0,0,0,0,0,0,0,0,0,94,96,953,955,1469,1477,1687,1688,1689,2546,2548,3062,3070,0,0,0,0,0,0,0,0,0,0.0329138,0.0340212,0.0418592,0.0416076,0.0466027,0.0383729,0.106135,0.100081,0.106524,0.109293,0.109452,0.111311,0.107913,0,0,0,0,0,0,0,0,0,0.0331192,0.034197,0.0420454,0.041746,0.0466279,0.0385641,0.10606,0.1,0.106443,0.109396,0.109364,0.111478,0.108006,0,0,0,0,0,0,0,0,0,1,1,1,1,1,1,1,1,1,1,1,1,1,0,0,0,0,0,0,0,0,0,1,1,1,1,1,1,1,1,1,1,1,1,1,0,0,0,0,0,0,0,0,0,1,0,0,0,0,0,0,0,0,0,0,0,0,0,0,0,0,0,0,0,0,0,0,13,0,0,0,0,0,0,0,0,0,0,0,0,0,0,0,0,0,0,0,0,0,0,0,0,0,0,0,0,0,0,0,0,0,0,0,0,0,0,0,0,0,0,0,0,0,0,0,0
-0.0571653,-0.587114,0.730054,0,0,0,0,-9.09627e-10,1.06113e-07,-7.54215e-08,96,95,97,950,953,1477,1485,1688,1689,1690,2543,2546,3070,3078,0,0,0,0,0,0,0,0,0,95,97,950,953,1477,1485,1688,1689,1690,2543,2546,3070,3078,0,0,0,0,0,0,0,0,0,0.0340212,0.0351159,0.0427573,0.0415317,0.04711,0.0386565,0.1066,0.100097,0.106953,0.109691,0.109441,0.111566,0.10801,0,0,0,0,0,0,0,0,0,0.034197,0.0352519,0.0429857,0.0418615,0.0471293,0.0390594,0.106443,0.1,0.106828,0.109803,0.109414,0.111713,0.108208,0,0,0,0,0,0,0,0,0,1,1,1,1,1,1,1,1,1,1,1,1,1,0,0,0,0,0,0,0,0,0,1,1,1,1,1,1,1,1,1,1,1,1,1,0,0,0,0,0,0,0,0,0,1,0,0,0,0,0,0,0,0,0,0,0,0,0,0,0,0,0,0,0,0,0,0,13,0,0,0,0,0,0,0,0,0,0,0,0,0,0,0,0,0,0,0,0,0,0,0,0,0,0,0,0,0,0,0,0,0,0,0,0,0,0,0,0,0,0,0,0,0,0,0,0
-0.088537,-0.576092,0.741343,0,0,0,0,-2.71612e-09,1.00453e-07,-7.12573e-08,97,96,98,946,950,1485,1493,1689,1690,1691,2539,2543,3078,3086,0,0,0,0,0,0,0,0,0,96,98,946,950,1485,1493,1689,1690,1691,2539,2543,3078,3086,0,0,0,0,0,0,0,0,0,0.0351159,0.0366763,0.0437472,0.0415901,0.0477302,0.0390415,0.107087,0.100145,0.107397,0.11016,0.10949,0.11191,0.108066,0,0,0,0,0,0,0,0,0,0.0352519,0.0367643,0.0440326,0.0421094,0.047808,0.0395982,0.106827,0.1,0.107271,0.110264,0.109522,0.112035,0.108399,0,0,0,0,0,0,0,0,0,1,1,1,1,1,1,1,1,1,1,1,1,1,0,0,0,0,0,0,0,0,0,1,1,1,1,1,1,1,1,1,1,1,1,1,0,0,0,0,0,0,0,0,0,1,0,0,0,0,0,0,0,0,0,0,0,0,0,0,0,0,0,0,0,0,0,0,13,0,0,0,0,0,0,0,0,0,0,0,0,0,0,0,0,0,0,0,0,0,0,0,0,0,0,0,0,0,0,0,0,0,0,0,0,0,0,0,0,0,0,0,0,0,0,0,0
-0.120915,-0.562816,0.752322,0,0,0,0,-4.82574e-09,9.41066e-08,-6.59847e-08,98,97,99,941,946,1493,1501,1690,1691,1692,2534,2539,3086,3094,0,0,0,0,0,0,0,0,0,97,99,941,946,1493,1501,1690,1691,1692,2534,2539,3086,3094,0,0,0,0,0,0,0,0,0,0.0366763,0.0380841,0.0446567,0.0423037,0.0482073,0.0405585,0.107625,0.0998479,0.107847,0.110237,0.109673,0.111963,0.108539,0,0,0,0,0,0,0,0,0,0.0367643,0.0382897,0.0435601,0.0428871,0.0474151,0.0406732,0.107306,0.1,0.10785,0.110069,0.109811,0.111837,0.108823,0,0,0,0,0,0,0,0,0,1,1,1,1,1,1,1,1,1,1,1,1,1,0,0,0,0,0,0,0,0,0,1,1,1,1,1,1,1,1,1,1,1,1,1,0,0,0,0,0,0,0,0,0,1,0,0,0,0,0,0,0,0,0,0,0,0,0,0,0,0,0,0,0,0,0,0,13,0,0,0,0,0,0,0,0,0,0,0,0,0,0,0,0,0,0,0,0,0,0,0,0,0,0,0,0,0,0,0,0,0,0,0,0,0,0,0,0,0,0,0,0,0,0,0,0
-0.154738,-0.547703,0.761154,0,0,0,0,-7.35184e-09,8.7582e-08,-5.96723e-08,99,98,100,935,941,1501,1509,1691,1692,1693,2528,2534,3094,3102,0,0,0,0,0,0,0,0,0,98,100,935,941,1501,1509,1691,1692,1693,2528,2534,3094,3102,0,0,0,0,0,0,0,0,0,0.0380841,0.0388833,0.0452568,0.0442468,0.0483889,0.0419747,0.108038,0.0998899,0.108193,0.110577,0.110261,0.112103,0.109138,0,0,0,0,0,0,0,0,0,0.0382897,0.0391494,0.0443422,0.0443882,0.0477072,0.0418122,0.107847,0.1,0.108193,0.110416,0.110425,0.111974,0.109304,0,0,0,0,0,0,0,0,0,1,1,1,1,1,1,1,1,1,1,1,1,1,0,0,0,0,0,0,0,0,0,1,1,1,1,1,1,1,1,1,1,1,1,1,0,0,0,0,0,0,0,0,0,1,0,0,0,0,0,0,0,0,0,0,0,0,0,0,0,0,0,0,0,0,0,0,13,0,0,0,0,0,0,0,0,0,0,0,0,0,0,0,0,0,0,0,0,0,0,0,0,0,0,0,0,0,0,0,0,0,0,0,0,0,0,0,0,0,0,0,0,0,0,0,0
-0.189363,-0.531184,0.767494,0,0,0,0,-1.03929e-08,8.10163e-08,-5.24702e-08,100,99,101,928,935,1509,1517,1692,1693,1694,2521,2528,3102,3110,0,0,0,0,0,0,0,0,0,99,101,928,935,1509,1517,1692,1693,1694,2521,2528,3102,3110,0,0,0,0,0,0,0,0,0,0.0388833,0.0396792,0.0457176,0.0454968,0.048444,0.0433012,0.108348,0.0998847,0.108528,0.110826,0.110784,0.112154,0.109701,0,0,0,0,0,0,0,0,0,0.0391494,0.0399376,0.0450487,0.0453661,0.0479262,0.0429757,0.10819,0.1,0.108513,0.110733,0.110868,0.112076,0.109807,0,0,0,0,0,0,0,0,0,1,1,1,1,1,1,1,1,1,1,1,1,1,0,0,0,0,0,0,0,0,0,1,1,1,1,1,1,1,1,1,1,1,1,1,0,0,0,0,0,0,0,0,0,1,0,0,0,0,0,0,0,0,0,0,0,0,0,0,0,0,0,0,0,0,0,0,13,0,0,0,0,0,0,0,0,0,0,0,0,0,0,0,0,0,0,0,0,0,0,0,0,0,0,0,0,0,0,0,0,0,0,0,0,0,0,0,0,0,0,0,0,0,0,0,0
-0.224561,-0.513249,0.771214,0,0,0,0,-1.40721e-08,7.44495e-08,-4.43743e-08,101,100,102,920,928,1517,1524,1693,1694,1695,2513,2521,3110,3117,0,0,0,0,0,0,0,0,0,100,102,920,928,1517,1524,1693,1694,1695,2513,2521,3110,3117,0,0,0,0,0,0,0,0,0,0.0396792,0.0403786,0.0461566,0.0465553,0.0484114,0.0445406,0.108648,0.0999038,0.108835,0.111083,0.111233,0.112179,0.110256,0,0,0,0,0,0,0,0,0,0.0399376,0.0406474,0.0456697,0.0463236,0.0480597,0.0441531,0.108511,0.1,0.108805,0.111015,0.111309,0.112138,0.110328,0,0,0,0,0,0,0,0,0,1,1,1,1,1,1,1,1,1,1,1,1,1,0,0,0,0,0,0,0,0,0,1,1,1,1,1,1,1,1,1,1,1,1,1,0,0,0,0,0,0,0,0,0,1,0,0,0,0,0,0,0,0,0,0,0,0,0,0,0,0,0,0,0,0,0,0,13,0,0,0,0,0,0,0,0,0,0,0,0,0,0,0,0,0,0,0,0,0,0,0,0,0,0,0,0,0,0,0,0,0,0,0,0,0,0,0,0,0,0,0,0,0,0,0,0
-0.260024,-0.493968,0.772267,0,0,0,0,-1.84898e-08,6.79304e-08,-3.54282e-08,102,101,103,911,920,1524,1531,1694,1695,1696,2504,2513,3117,3124,0,0,0,0,0,0,0,0,0,101,103,911,920,1524,1531,1694,1695,1696,2504,2513,3117,3124,0,0,0,0,0,0,0,0,0,0.0403786,0.0409926,0.0465281,0.0475526,0.0483229,0.0457585,0.108923,0.0999208,0.109105,0.111309,0.111674,0.112177,0.110817,0,0,0,0,0,0,0,0,0,0.0406474,0.0412725,0.046211,0.0472484,0.0481098,0.0453438,0.108804,0.1,0.109067,0.111263,0.111743,0.11216,0.110867,0,0,0,0,0,0,0,0,0,1,1,1,1,1,1,1,1,1,1,1,1,1,0,0,0,0,0,0,0,0,0,1,1,1,1,1,1,1,1,1,1,1,1,1,0,0,0,0,0,0,0,0,0,1,0,0,0,0,0,0,0,0,0,0,0,0,0,0,0,0,0,0,0,0,0,0,13,0,0,0,0,0,0,0,0,0,0,0,0,0,0,0,0,0,0,0,0,0,0,0,0,0,0,0,0,0,0,0,0,0,0,0,0,0,0,0,0,0,0,0,0,0,0,0,0
-0.295472,-0.473452,0.770575,0,0,0,0,-2.37283e-08,6.15353e-08,-2.57027e-08,103,102,104,901,911,1531,1538,1695,1696,1697,2494,2504,3124,3131,0,0,0,0,0,0,0,0,0,102,104,901,911,1531,1538,1695,1696,1697,2494,2504,3124,3131,0,0,0,0,0,0,0,0,0,0.0409926,0.041522,0.0468526,0.0485021,0.0481846,0.0469843,0.109165,0.0999379,0.10934,0.111514,0.112109,0.112151,0.111396,0,0,0,0,0,0,0,0,0,0.0412725,0.0418056,0.0467016,0.0481444,0.0480996,0.0465631,0.109066,0.1,0.109292,0.11149,0.112169,0.112152,0.111431,0,0,0,0,0,0,0,0,0,1,1,1,1,1,1,1,1,1,1,1,1,1,0,0,0,0,0,0,0,0,0,1,1,1,1,1,1,1,1,1,1,1,1,1,0,0,0,0,0,0,0,0,0,1,0,0,0,0,0,0,0,0,0,0,0,0,0,0,0,0,0,0,0,0,0,0,13,0,0,0,0,0,0,0,0,0,0,0,0,0,0,0,0,0,0,0,0,0,0,0,0,0,0,0,0,0,0,0,0,0,0,0,0,0,0,0,0,0,0,0,0,0,0,0,0
-0.330637,-0.451832,0.76609,0,0,0,0,-2.98521e-08,5.53468e-08,-1.52976e-08,104,103,105,890,901,1538,1545,1696,1697,1698,2483,2494,3131,3138,0,0,0,0,0,0,0,0,0,103,105,890,901,1538,1545,1696,1697,1698,2483,2494,3131,3138,0,0,0,0,0,0,0,0,0,0.041522,0.0419576,0.0472334,0.0494371,0.0480552,0.0482901,0.109377,0.0999542,0.109534,0.111741,0.112555,0.112128,0.112027,0,0,0,0,0,0,0,0,0,0.0418056,0.0422377,0.0472348,0.0490524,0.0480907,0.0478796,0.109292,0.1,0.109476,0.111738,0.112608,0.112146,0.112054,0,0,0,0,0,0,0,0,0,1,1,1,1,1,1,1,1,1,1,1,1,1,0,0,0,0,0,0,0,0,0,1,1,1,1,1,1,1,1,1,1,1,1,1,0,0,0,0,0,0,0,0,0,1,0,0,0,0,0,0,0,0,0,0,0,0,0,0,0,0,0,0,0,0,0,0,13,0,0,0,0,0,0,0,0,0,0,0,0,0,0,0,0,0,0,0,0,0,0,0,0,0,0,0,0,0,0,0,0,0,0,0,0,0,0,0,0,0,0,0,0,0,0,0,0
-0.365244,-0.429252,0.758812,0,0,0,0,-3.69013e-08,4.94491e-08,-4.3309e-09,105,104,106,878,890,1545,1551,1697,1698,1699,2471,2483,3138,3144,0,0,0,0,0,0,0,0,0,104,106,878,890,1545,1551,1697,1698,1699,2471,2483,3138,3144,0,0,0,0,0,0,0,0,0,0.0419576,0.0397242,0.0478841,0.050489,0.0480868,0.0498241,0.109554,0.0999705,0.108603,0.112084,0.113073,0.112181,0.112787,0,0,0,0,0,0,0,0,0,0.0422377,0.0399946,0.04801,0.050104,0.0482297,0.049441,0.109477,0.1,0.108534,0.112104,0.113124,0.11221,0.11281,0,0,0,0,0,0,0,0,0,1,1,1,1,1,1,1,1,1,1,1,1,1,0,0,0,0,0,0,0,0,0,1,1,1,1,1,1,1,1,1,1,1,1,1,0,0,0,0,0,0,0,0,0,1,0,0,0,0,0,0,0,0,0,0,0,0,0,0,0,0,0,0,0,0,0,0,13,0,0,0,0,0,0,0,0,0,0,0,0,0,0,0,0,0,0,0,0,0,0,0,0,0,0,0,0,0,0,0,0,0,0,0,0,0,0,0,0,0,0,0,0,0,0,0,0
-0.397004,-0.407303,0.749456,0,0,0,0,-4.44258e-08,4.42204e-08,6.32134e-09,106,105,107,865,878,1551,1557,1698,1699,1700,2458,2471,3144,3150,0,0,0,0,0,0,0,0,0,105,107,865,878,1551,1557,1698,1699,1700,2458,2471,3144,3150,0,0,0,0,0,0,0,0,0,0.0397242,0.0390845,0.0477215,0.0508189,0.0477215,0.0504626,0.108603,0.0999847,0.108347,0.112046,0.113247,0.112026,0.113115,0,0,0,0,0,0,0,0,0,0.0399946,0.0393491,0.047941,0.0504547,0.047929,0.0501124,0.108536,0.1,0.108271,0.11207,0.1133,0.112066,0.113142,0,0,0,0,0,0,0,0,0,1,1,1,1,1,1,1,1,1,1,1,1,1,0,0,0,0,0,0,0,0,0,1,1,1,1,1,1,1,1,1,1,1,1,1,0,0,0,0,0,0,0,0,0,1,0,0,0,0,0,0,0,0,0,0,0,0,0,0,0,0,0,0,0,0,0,0,13,0,0,0,0,0,0,0,0,0,0,0,0,0,0,0,0,0,0,0,0,0,0,0,0,0,0,0,0,0,0,0,0,0,0,0,0,0,0,0,0,0,0,0,0,0,0,0,0
-0.427167,-0.385242,0.738005,0,0,0,0,-5.2614e-08,3.9445e-08,1.69841e-08,107,106,108,851,865,1557,1563,1699,1700,1701,2444,2458,3150,3156,0,0,0,0,0,0,0,0,0,106,108,851,865,1557,1563,1699,1700,1701,2444,2458,3150,3156,0,0,0,0,0,0,0,0,0,0.0390845,0.0391701,0.0471912,0.0509749,0.047227,0.0507118,0.108333,0.099994,0.108383,0.111833,0.113343,0.111808,0.113248,0,0,0,0,0,0,0,0,0,0.0393491,0.0394286,0.0474869,0.0506426,0.0474936,0.0503938,0.108273,0.1,0.108302,0.111853,0.113394,0.111857,0.113282,0,0,0,0,0,0,0,0,0,1,1,1,1,1,1,1,1,1,1,1,1,1,0,0,0,0,0,0,0,0,0,1,1,1,1,1,1,1,1,1,1,1,1,1,0,0,0,0,0,0,0,0,0,1,0,0,0,0,0,0,0,0,0,0,0,0,0,0,0,0,0,0,0,0,0,0,13,0,0,0,0,0,0,0,0,0,0,0,0,0,0,0,0,0,0,0,0,0,0,0,0,0,0,0,0,0,0,0,0,0,0,0,0,0,0,0,0,0,0,0,0,0,0,0,0
-0.456204,-0.362752,0.724392,0,0,0,0,-6.15686e-08,3.50402e-08,2.77322e-08,108,107,109,836,851,1563,1568,1700,1701,1702,2429,2444,3156,3161,0,0,0,0,0,0,0,0,0,107,109,836,851,1563,1568,1700,1701,1702,2429,2444,3156,3161,0,0,0,0,0,0,0,0,0,0.0391701,0.0399835,0.0464,0.0508591,0.0464889,0.0507496,0.108357,0.100001,0.108713,0.111495,0.113304,0.111476,0.113275,0,0,0,0,0,0,0,0,0,0.0394286,0.0402337,0.046759,0.0505593,0.0468073,0.0504588,0.108305,0.1,0.108631,0.11151,0.113353,0.111533,0.113316,0,0,0,0,0,0,0,0,0,1,1,1,1,1,1,1,1,1,1,1,1,1,0,0,0,0,0,0,0,0,0,1,1,1,1,1,1,1,1,1,1,1,1,1,0,0,0,0,0,0,0,0,0,1,0,0,0,0,0,0,0,0,0,0,0,0,0,0,0,0,0,0,0,0,0,0,13,0,0,0,0,0,0,0,0,0,0,0,0,0,0,0,0,0,0,0,0,0,0,0,0,0,0,0,0,0,0,0,0,0,0,0,0,0,0,0,0,0,0,0,0,0,0,0,0
-0.48452,-0.339484,0.708408,0,0,0,0,-7.14324e-08,3.09435e-08,3.86414e-08,109,108,110,820,836,1568,1573,1701,1702,1703,2413,2429,3161,3166,0,0,0,0,0,0,0,0,0,108,110,820,836,1568,1573,1701,1702,1703,2413,2429,3161,3166,0,0,0,0,0,0,0,0,0,0.0399835,0.0424141,0.045408,0.0503555,0.0453874,0.0508381,0.108677,0.100004,0.109734,0.111064,0.113069,0.110983,0.113328,0,0,0,0,0,0,0,0,0,0.0402337,0.0426467,0.0458243,0.0500847,0.0457516,0.0505664,0.108634,0.1,0.10965,0.111075,0.113119,0.111042,0.113369,0,0,0,0,0,0,0,0,0,1,1,1,1,1,1,1,1,1,1,1,1,1,0,0,0,0,0,0,0,0,0,1,1,1,1,1,1,1,1,1,1,1,1,1,0,0,0,0,0,0,0,0,0,1,0,0,0,0,0,0,0,0,0,0,0,0,0,0,0,0,0,0,0,0,0,0,13,0,0,0,0,0,0,0,0,0,0,0,0,0,0,0,0,0,0,0,0,0,0,0,0,0,0,0,0,0,0,0,0,0,0,0,0,0,0,0,0,0,0,0,0,0,0,0,0
-0.513011,-0.314543,0.689298,0,0,0,0,-8.26337e-08,2.70851e-08,5.00294e-08,110,109,111,803,820,1573,1577,1702,1703,1704,2396,2413,3166,3170,0,0,0,0,0,0,0,0,0,109,111,803,820,1573,1577,1702,1703,1704,2396,2413,3166,3170,0,0,0,0,0,0,0,0,0,0.0424141,0.0421235,0.0440721,0.0490008,0.0434814,0.0501841,0.109685,0.100007,0.109598,0.110465,0.112417,0.110152,0.113019,0,0,0,0,0,0,0,0,0,0.0426467,0.0423414,0.044508,0.0487594,0.0438801,0.0499363,0.109654,0.1,0.109519,0.110476,0.112472,0.110195,0.113058,0,0,0,0,0,0,0,0,0,1,1,1,1,1,1,1,1,1,1,1,1,1,0,0,0,0,0,0,0,0,0,1,1,1,1,1,1,1,1,1,1,1,1,1,0,0,0,0,0,0,0,0,0,1,0,0,0,0,0,0,0,0,0,0,0,0,0,0,0,0,0,0,0,0,0,0,13,0,0,0,0,0,0,0,0,0,0,0,0,0,0,0,0,0,0,0,0,0,0,0,0,0,0,0,0,0,0,0,0,0,0,0,0,0,0,0,0,0,0,0,0,0,0,0,0
-0.539654,-0.28961,0.668254,0,0,0,0,-9.44393e-08,2.36952e-08,6.09897e-08,111,110,112,785,803,1577,1581,1703,1704,1705,2378,2396,3170,3174,0,0,0,0,0,0,0,0,0,110,112,785,803,1577,1581,1703,1704,1705,2378,2396,3170,3174,0,0,0,0,0,0,0,0,0,0.0421235,0.04169,0.0429738,0.047844,0.0419484,0.049696,0.109545,0.10001,0.109401,0.10998,0.111875,0.109496,0.112792,0,0,0,0,0,0,0,0,0,0.0423414,0.0418941,0.0434118,0.0476311,0.0423581,0.0494687,0.109522,0.1,0.109328,0.109988,0.111932,0.109529,0.112829,0,0,0,0,0,0,0,0,0,1,1,1,1,1,1,1,1,1,1,1,1,1,0,0,0,0,0,0,0,0,0,1,1,1,1,1,1,1,1,1,1,1,1,1,0,0,0,0,0,0,0,0,0,1,0,0,0,0,0,0,0,0,0,0,0,0,0,0,0,0,0,0,0,0,0,0,13,0,0,0,0,0,0,0,0,0,0,0,0,0,0,0,0,0,0,0,0,0,0,0,0,0,0,0,0,0,0,0,0,0,0,0,0,0,0,0,0,0,0,0,0,0,0,0,0
-0.56433,-0.264845,0.645542,0,0,0,0,-1.06709e-07,2.07447e-08,7.13845e-08,112,111,113,766,785,1581,1584,1704,1705,1706,2359,2378,3174,3177,0,0,0,0,0,0,0,0,0,111,113,766,785,1581,1584,1704,1705,1706,2359,2378,3174,3177,0,0,0,0,0,0,0,0,0,0.04169,0.0411209,0.0419777,0.0467409,0.0405956,0.0492293,0.109345,0.100011,0.109147,0.109544,0.111369,0.108927,0.112577,0,0,0,0,0,0,0,0,0,0.0418941,0.0413116,0.0424048,0.0465536,0.0410016,0.0490199,0.109331,0.1,0.109081,0.109549,0.111426,0.108952,0.112611,0,0,0,0,0,0,0,0,0,1,1,1,1,1,1,1,1,1,1,1,1,1,0,0,0,0,0,0,0,0,0,1,1,1,1,1,1,1,1,1,1,1,1,1,0,0,0,0,0,0,0,0,0,1,0,0,0,0,0,0,0,0,0,0,0,0,0,0,0,0,0,0,0,0,0,0,13,0,0,0,0,0,0,0,0,0,0,0,0,0,0,0,0,0,0,0,0,0,0,0,0,0,0,0,0,0,0,0,0,0,0,0,0,0,0,0,0,0,0,0,0,0,0,0,0
-0.586957,-0.240399,0.62143,0,0,0,0,-1.19299e-07,1.818e-08,8.10841e-08,113,112,114,746,766,1584,1587,1705,1706,1707,2339,2359,3177,3180,0,0,0,0,0,0,0,0,0,112,114,746,766,1584,1587,1705,1706,1707,2339,2359,3177,3180,0,0,0,0,0,0,0,0,0,0.0411209,0.0404239,0.0410315,0.0456256,0.039337,0.0487348,0.10909,0.100012,0.108844,0.109135,0.110867,0.10841,0.112343,0,0,0,0,0,0,0,0,0,0.0413116,0.0406032,0.0414374,0.0454588,0.0397295,0.0485352,0.109084,0.1,0.108786,0.109135,0.110921,0.108425,0.112377,0,0,0,0,0,0,0,0,0,1,1,1,1,1,1,1,1,1,1,1,1,1,0,0,0,0,0,0,0,0,0,1,1,1,1,1,1,1,1,1,1,1,1,1,0,0,0,0,0,0,0,0,0,1,0,0,0,0,0,0,0,0,0,0,0,0,0,0,0,0,0,0,0,0,0,0,13,0,0,0,0,0,0,0,0,0,0,0,0,0,0,0,0,0,0,0,0,0,0,0,0,0,0,0,0,0,0,0,0,0,0,0,0,0,0,0,0,0,0,0,0,0,0,0,0
-0.607496,-0.21641,0.596197,0,0,0,0,-1.3206e-07,1.59322e-08,9.00019e-08,114,113,115,725,746,1587,1589,1706,1707,1708,2318,2339,3180,3182,0,0,0,0,0,0,0,0,0,113,115,725,746,1587,1589,1706,1707,1708,2318,2339,3180,3182,0,0,0,0,0,0,0,0,0,0.0404239,0.0396151,0.0401141,0.0444841,0.0381499,0.0481836,0.108785,0.100012,0.108497,0.108743,0.110363,0.107928,0.112091,0,0,0,0,0,0,0,0,0,0.0406032,0.0397812,0.0404923,0.0443342,0.038516,0.0479986,0.108788,0.1,0.108448,0.108738,0.110412,0.107936,0.11212,0,0,0,0,0,0,0,0,0,1,1,1,1,1,1,1,1,1,1,1,1,1,0,0,0,0,0,0,0,0,0,1,1,1,1,1,1,1,1,1,1,1,1,1,0,0,0,0,0,0,0,0,0,1,0,0,0,0,0,0,0,0,0,0,0,0,0,0,0,0,0,0,0,0,0,0,13,0,0,0,0,0,0,0,0,0,0,0,0,0,0,0,0,0,0,0,0,0,0,0,0,0,0,0,0,0,0,0,0,0,0,0,0,0,0,0,0,0,0,0,0,0,0,0,0
-0.625947,-0.192998,0.570104,0,0,0,0,-1.44865e-07,1.39143e-08,9.805e-08,115,114,116,703,725,1589,1591,1707,1708,1709,2296,2318,3182,3184,0,0,0,0,0,0,0,0,0,114,116,703,725,1589,1591,1707,1708,1709,2296,2318,3182,3184,0,0,0,0,0,0,0,0,0,0.0396151,0.0386929,0.0392238,0.0433217,0.0370112,0.04761,0.108439,0.100011,0.108126,0.108368,0.109861,0.10748,0.1118,0,0,0,0,0,0,0,0,0,0.0397812,0.0388596,0.0395671,0.0431821,0.0373529,0.0474123,0.108449,0.1,0.108077,0.108358,0.109902,0.10748,0.111842,0,0,0,0,0,0,0,0,0,1,1,1,1,1,1,1,1,1,1,1,1,1,0,0,0,0,0,0,0,0,0,1,1,1,1,1,1,1,1,1,1,1,1,1,0,0,0,0,0,0,0,0,0,1,0,0,0,0,0,0,0,0,0,0,0,0,0,0,0,0,0,0,0,0,0,0,13,0,0,0,0,0,0,0,0,0,0,0,0,0,0,0,0,0,0,0,0,0,0,0,0,0,0,0,0,0,0,0,0,0,0,0,0,0,0,0,0,0,0,0,0,0,0,0,0
-0.642338,-0.170266,0.543426,0,0,0,0,-1.57566e-07,1.20439e-08,1.0532e-07,116,115,117,680,703,1591,1592,1708,1709,1710,2273,2296,3184,3185,0,0,0,0,0,0,0,0,0,115,117,680,703,1591,1592,1708,1709,1710,2273,2296,3184,3185,0,0,0,0,0,0,0,0,0,0.0386929,0.0376678,0.0383752,0.0421394,0.0359378,0.0469793,0.108053,0.100012,0.107728,0.108003,0.109357,0.107056,0.111526,0,0,0,0,0,0,0,0,0,0.0388596,0.0378538,0.0386688,0.0420146,0.0362422,0.0467908,0.108077,0.1,0.107679,0.107996,0.109396,0.107055,0.111549,0,0,0,0,0,0,0,0,0,1,1,1,1,1,1,1,1,1,1,1,1,1,0,0,0,0,0,0,0,0,0,1,1,1,1,1,1,1,1,1,1,1,1,1,0,0,0,0,0,0,0,0,0,1,0,0,0,0,0,0,0,0,0,0,0,0,0,0,0,0,0,0,0,0,0,0,13,0,0,0,0,0,0,0,0,0,0,0,0,0,0,0,0,0,0,0,0,0,0,0,0,0,0,0,0,0,0,0,0,0,0,0,0,0,0,0,0,0,0,0,0,0,0,0,0
-0.656715,-0.14826,0.516446,0,0,0,0,-1.69975e-07,1.03938e-08,1.12008e-07,117,116,118,656,680,1592,1709,1710,1711,2249,2273,3185,0,0,0,0,0,0,0,0,0,0,0,116,118,656,680,1592,1709,1710,1711,2249,2273,3185,0,0,0,0,0,0,0,0,0,0,0,0.0376678,0.0366689,0.0375223,0.0409084,0.0349316,0.107636,0.0999982,0.107309,0.107647,0.108835,0.106723,0,0,0,0,0,0,0,0,0,0,0,0.0378538,0.0367799,0.0378142,0.0408494,0.0351927,0.107679,0.1,0.107265,0.107657,0.108903,0.106665,0,0,0,0,0,0,0,0,0,0,0,1,1,1,1,1,1,1,1,1,1,1,0,0,0,0,0,0,0,0,0,0,0,1,1,1,1,1,1,1,1,1,1,1,0,0,0,0,0,0,0,0,0,0,0,1,0,0,0,0,0,0,0,0,0,0,0,0,0,0,0,0,0,0,0,0,0,0,11,0,0,0,0,0,0,0,0,0,0,0,0,0,0,0,0,0,0,0,0,0,0,0,0,0,0,0,0,0,0,0,0,0,0,0,0,0,0,0,0,0,0,0,0,0,0,0,0
-0.669192,-0.127164,0.489172,0,0,0,0,-1.82694e-07,7.37508e-09,1.16479e-07,118,117,631,656,1710,1711,2224,2249,0,0,0,0,0,0,0,0,0,0,0,0,0,0,0,117,631,656,1710,1711,2224,2249,0,0,0,0,0,0,0,0,0,0,0,0,0,0,0,0.0366689,0.036891,0.0398471,0.107213,0.100012,0.107387,0.108434,0,0,0,0,0,0,0,0,0,0,0,0,0,0,0,0.0367799,0.0370358,0.0397093,0.107265,0.1,0.107355,0.108431,0,0,0,0,0,0,0,0,0,0,0,0,0,0,0,1,1,1,1,1,1,1,0,0,0,0,0,0,0,0,0,0,0,0,0,0,0,1,1,1,1,1,1,1,0,0,0,0,0,0,0,0,0,0,0,0,0,0,0,1,0,0,0,0,0,0,0,0,0,0,0,0,0,0,0,0,0,0,0,0,0,0,7,0,0,0,0,0,0,0,0,0,0,0,0,0,0,0,0,0,0,0,0,0,0,0,0,0,0,0,0,0,0,0,0,0,0,0,0,0,0,0,0,0,0,0,0,0,0,0,0
-0.102832,-0.695632,0.441334,0,0,0,0,-4.76554e-09,2.18164e-07,-1.11281e-07,119,120,1070,1454,1455,1712,1713,2663,3047,3048,0,0,0,0,0,0,0,0,0,0,0,0,0,120,1070,1454,1455,1712,1713,2663,3047,3048,0,0,0,0,0,0,0,0,0,0,0,0,0,0.0409483,0.038973,0.0339208,0.0458937,0.100028,0.108912,0.10839,0.106311,0.111143,0,0,0,0,0,0,0,0,0,0,0,0,0,0.0404091,0.0399255,0.0344332,0.0462644,0.1,0.108712,0.108447,0.106386,0.11129,0,0,0,0,0,0,0,0,0,0,0,0,0,1,1,1,1,1,1,1,1,1,0,0,0,0,0,0,0,0,0,0,0,0,0,1,1,1,1,1,1,1,1,1,0,0,0,0,0,0,0,0,0,0,0,0,0,1,0,0,0,0,0,0,0,0,0,0,0,0,0,0,0,0,0,0,0,0,0,0,9,0,0,0,0,0,0,0,0,0,0,0,0,0,0,0,0,0,0,0,0,0,0,0,0,0,0,0,0,0,0,0,0,0,0,0,0,0,0,0,0,0,0,0,0,0,0,0,0
-0.0819151,-0.689792,0.476049,0,0,0,0,-2.6511e-09,2.04805e-07,-1.10071e-07,120,119,121,1069,1070,1455,1456,1712,1713,1714,2662,2663,3048,3049,0,0,0,0,0,0,0,0,0,119,121,1069,1070,1455,1456,1712,1713,1714,2662,2663,3048,3049,0,0,0,0,0,0,0,0,0,0.0409483,0.0404939,0.0416103,0.0396758,0.0354896,0.0445424,0.108975,0.100033,0.108807,0.109509,0.108514,0.107162,0.11049,0,0,0,0,0,0,0,0,0,0.0404091,0.0400886,0.0423722,0.0398915,0.036585,0.0443728,0.10875,0.1,0.108627,0.109883,0.108523,0.10734,0.110407,0,0,0,0,0,0,0,0,0,1,1,1,1,1,1,1,1,1,1,1,1,1,0,0,0,0,0,0,0,0,0,1,1,1,1,1,1,1,1,1,1,1,1,1,0,0,0,0,0,0,0,0,0,1,0,0,0,0,0,0,0,0,0,0,0,0,0,0,0,0,0,0,0,0,0,0,13,0,0,0,0,0,0,0,0,0,0,0,0,0,0,0,0,0,0,0,0,0,0,0,0,0,0,0,0,0,0,0,0,0,0,0,0,0,0,0,0,0,0,0,0,0,0,0,0
-0.0584594,-0.682987,0.508349,0,0,0,0,-7.97666e-10,1.9243e-07,-1.08302e-07,121,120,122,1067,1069,1456,1457,1713,1714,1715,2660,2662,3049,3050,0,0,0,0,0,0,0,0,0,120,122,1067,1069,1456,1457,1713,1714,1715,2660,2662,3049,3050,0,0,0,0,0,0,0,0,0,0.0404939,0.0393612,0.041036,0.0394654,0.0368787,0.0449882,0.108786,0.100101,0.108338,0.109268,0.108416,0.107631,0.110594,0,0,0,0,0,0,0,0,0,0.0400886,0.0392512,0.0415806,0.0394794,0.0378097,0.0445009,0.108635,0.1,0.108279,0.109524,0.108357,0.107901,0.110466,0,0,0,0,0,0,0,0,0,1,1,1,1,1,1,1,1,1,1,1,1,1,0,0,0,0,0,0,0,0,0,1,1,1,1,1,1,1,1,1,1,1,1,1,0,0,0,0,0,0,0,0,0,1,0,0,0,0,0,0,0,0,0,0,0,0,0,0,0,0,0,0,0,0,0,0,13,0,0,0,0,0,0,0,0,0,0,0,0,0,0,0,0,0,0,0,0,0,0,0,0,0,0,0,0,0,0,0,0,0,0,0,0,0,0,0,0,0,0,0,0,0,0,0,0
-0.0359841,-0.674621,0.53956,0,0,0,0,7.54667e-10,1.80236e-07,-1.0563e-07,122,121,123,1064,1067,1457,1458,1714,1715,1716,2657,2660,3050,3051,0,0,0,0,0,0,0,0,0,121,123,1064,1067,1457,1458,1714,1715,1716,2657,2660,3050,3051,0,0,0,0,0,0,0,0,0,0.0393612,0.0385098,0.0405981,0.0392259,0.0366797,0.0448202,0.108329,0.100042,0.107983,0.109043,0.108258,0.107405,0.11054,0,0,0,0,0,0,0,0,0,0.0392512,0.0383666,0.0408148,0.0390385,0.0368559,0.0446141,0.108288,0.1,0.107921,0.109182,0.108181,0.107511,0.110519,0,0,0,0,0,0,0,0,0,1,1,1,1,1,1,1,1,1,1,1,1,1,0,0,0,0,0,0,0,0,0,1,1,1,1,1,1,1,1,1,1,1,1,1,0,0,0,0,0,0,0,0,0,1,0,0,0,0,0,0,0,0,0,0,0,0,0,0,0,0,0,0,0,0,0,0,13,0,0,0,0,0,0,0,0,0,0,0,0,0,0,0,0,0,0,0,0,0,0,0,0,0,0,0,0,0,0,0,0,0,0,0,0,0,0,0,0,0,0,0,0,0,0,0,0
-0.0140645,-0.66481,0.569665,0,0,0,0,1.99302e-09,1.68288e-07,-1.02176e-07,123,122,124,1060,1064,1458,1459,1715,1716,1717,2653,2657,3051,3052,0,0,0,0,0,0,0,0,0,122,124,1060,1064,1458,1459,1715,1716,1717,2653,2657,3051,3052,0,0,0,0,0,0,0,0,0,0.0385098,0.0375796,0.0399862,0.0387302,0.0358461,0.0449127,0.10794,0.100033,0.107631,0.108772,0.108013,0.107139,0.110576,0,0,0,0,0,0,0,0,0,0.0383666,0.0374435,0.0401138,0.038585,0.0359776,0.0447528,0.107929,0.1,0.107555,0.108874,0.108001,0.107158,0.110583,0,0,0,0,0,0,0,0,0,1,1,1,1,1,1,1,1,1,1,1,1,1,0,0,0,0,0,0,0,0,0,1,1,1,1,1,1,1,1,1,1,1,1,1,0,0,0,0,0,0,0,0,0,1,0,0,0,0,0,0,0,0,0,0,0,0,0,0,0,0,0,0,0,0,0,0,13,0,0,0,0,0,0,0,0,0,0,0,0,0,0,0,0,0,0,0,0,0,0,0,0,0,0,0,0,0,0,0,0,0,0,0,0,0,0,0,0,0,0,0,0,0,0,0,0
0.00686856,-0.653626,0.598802,0,0,0,0,2.99671e-09,1.56554e-07,-9.80359e-08,124,123,125,1055,1060,1459,1460,1716,1717,1718,2648,2653,3052,3053,0,0,0,0,0,0,0,0,0,123,125,1055,1060,1459,1460,1716,1717,1718,2648,2653,3052,3053,0,0,0,0,0,0,0,0,0,0.0375796,0.0366741,0.0393773,0.0383093,0.0350743,0.0451211,0.107561,0.100035,0.107299,0.108529,0.107814,0.106852,0.110675,0,0,0,0,0,0,0,0,0,0.0374435,0.036491,0.0395589,0.0381461,0.0352055,0.0450106,0.107563,0.1,0.107186,0.108632,0.10783,0.106854,0.110701,0,0,0,0,0,0,0,0,0,1,1,1,1,1,1,1,1,1,1,1,1,1,0,0,0,0,0,0,0,0,0,1,1,1,1,1,1,1,1,1,1,1,1,1,0,0,0,0,0,0,0,0,0,1,0,0,0,0,0,0,0,0,0,0,0,0,0,0,0,0,0,0,0,0,0,0,13,0,0,0,0,0,0,0,0,0,0,0,0,0,0,0,0,0,0,0,0,0,0,0,0,0,0,0,0,0,0,0,0,0,0,0,0,0,0,0,0,0,0,0,0,0,0,0,0
0.0267998,-0.641189,0.626963,0,0,0,0,3.80124e-09,1.45083e-07,-9.33283e-08,125,124,126,1049,1055,1460,1461,1717,1718,1719,2642,2648,3053,3054,0,0,0,0,0,0,0,0,0,124,126,1049,1055,1460,1461,1717,1718,1719,2642,2648,3053,3054,0,0,0,0,0,0,0,0,0,0.0366741,0.0371394,0.039278,0.0378126,0.0344649,0.0457103,0.107215,0.100042,0.107496,0.108443,0.10762,0.106637,0.110952,0,0,0,0,0,0,0,0,0,0.036491,0.0369516,0.0393825,0.0377698,0.0346006,0.0456713,0.107195,0.1,0.10736,0.108549,0.107684,0.106617,0.111004,0,0,0,0,0,0,0,0,0,1,1,1,1,1,1,1,1,1,1,1,1,1,0,0,0,0,0,0,0,0,0,1,1,1,1,1,1,1,1,1,1,1,1,1,0,0,0,0,0,0,0,0,0,1,0,0,0,0,0,0,0,0,0,0,0,0,0,0,0,0,0,0,0,0,0,0,13,0,0,0,0,0,0,0,0,0,0,0,0,0,0,0,0,0,0,0,0,0,0,0,0,0,0,0,0,0,0,0,0,0,0,0,0,0,0,0,0,0,0,0,0,0,0,0,0
0.0463939,-0.627059,0.655172,0,0,0,0,4.43006e-09,1.33524e-07,-8.79443e-08,126,0,8,93,125,1049,1461,1593,1601,1686,1718,1719,2642,3054,0,0,0,0,0,0,0,0,0,0,8,93,125,1049,1461,1593,1601,1686,1718,1719,2642,3054,0,0,0,0,0,0,0,0,0,0.0382983,0.039349,0.0467364,0.0371394,0.0381283,0.0343431,0.10795,0.108499,0.111441,0.107413,0.100071,0.107706,0.106605,0,0,0,0,0,0,0,0,0,0.0380947,0.0394766,0.0467744,0.0369516,0.038175,0.0345303,0.107803,0.10858,0.111514,0.107369,0.1,0.107844,0.106586,0,0,0,0,0,0,0,0,0,1,1,1,1,1,1,1,1,1,1,1,1,1,0,0,0,0,0,0,0,0,0,1,1,1,1,1,1,1,1,1,1,1,1,1,0,0,0,0,0,0,0,0,0,1,0,0,0,0,0,0,0,0,0,0,0,0,0,0,0,0,0,0,0,0,0,0,13,0,0,0,0,0,0,0,0,0,0,0,0,0,0,0,0,0,0,0,0,0,0,0,0,0,0,0,0,0,0,0,0,0,0,0,0,0,0,0,0,0,0,0,0,0,0,0,0
0.242828,0.655483,0.440383,0,0,0,0,2.45239e-08,-1.90286e-07,-8.78849e-08,127,128,420,421,422,1720,1721,2013,2014,2015,0,0,0,0,0,0,0,0,0,0,0,0,0,128,420,421,422,1720,1721,2013,2014,2015,0,0,0,0,0,0,0,0,0,0,0,0,0,0.0452492,0.0372135,0.0356253,0.0449694,0.10005,0.110796,0.107659,0.106837,0.110763,0,0,0,0,0,0,0,0,0,0,0,0,0,0.0449516,0.0378822,0.0360108,0.0452174,0.1,0.110687,0.107681,0.106964,0.110802,0,0,0,0,0,0,0,0,0,0,0,0,0,1,1,1,1,1,1,1,1,1,0,0,0,0,0,0,0,0,0,0,0,0,0,1,1,1,1,1,1,1,1,1,0,0,0,0,0,0,0,0,0,0,0,0,0,1,0,0,0,0,0,0,0,0,0,0,0,0,0,0,0,0,0,0,0,0,0,0,9,0,0,0,0,0,0,0,0,0,0,0,0,0,0,0,0,0,0,0,0,0,0,0,0,0,0,0,0,0,0,0,0,0,0,0,0,0,0,0,0,0,0,0,0,0,0,0,0
0.227217,0.649721,0.482461,0,0,0,0,2.09774e-08,-1.77313e-07,-8.77454e-08,128,127,129,419,420,422,423,1720,1721,1722,2012,2013,2015,2016,0,0,0,0,0,0,0,0,0,127,129,419,420,422,423,1720,1721,1722,2012,2013,2015,2016,0,0,0,0,0,0,0,0,0,0.0452492,0.0447057,0.0374431,0.0415629,0.0350744,0.0453191,0.110744,0.100044,0.110506,0.10775,0.109293,0.106817,0.11088,0,0,0,0,0,0,0,0,0,0.0449516,0.0444312,0.0381687,0.0418344,0.0358559,0.0454564,0.110695,0.1,0.110452,0.107794,0.109314,0.106907,0.110912,0,0,0,0,0,0,0,0,0,1,1,1,1,1,1,1,1,1,1,1,1,1,0,0,0,0,0,0,0,0,0,1,1,1,1,1,1,1,1,1,1,1,1,1,0,0,0,0,0,0,0,0,0,1,0,0,0,0,0,0,0,0,0,0,0,0,0,0,0,0,0,0,0,0,0,0,13,0,0,0,0,0,0,0,0,0,0,0,0,0,0,0,0,0,0,0,0,0,0,0,0,0,0,0,0,0,0,0,0,0,0,0,0,0,0,0,0,0,0,0,0,0,0,0,0
0.210781,0.642255,0.52336,0,0,0,0,1.73223e-08,-1.64566e-07,-8.69359e-08,129,128,130,416,419,423,424,1721,1722,1723,2009,2012,2016,2017,0,0,0,0,0,0,0,0,0,128,130,416,419,423,424,1721,1722,1723,2009,2012,2016,2017,0,0,0,0,0,0,0,0,0,0.0447057,0.0439876,0.0378504,0.0411763,0.0350215,0.0455974,0.110516,0.10003,0.110146,0.107889,0.109134,0.106805,0.110969,0,0,0,0,0,0,0,0,0,0.0444312,0.0437706,0.0384311,0.0414409,0.0357152,0.0456576,0.11046,0.1,0.110157,0.107899,0.109147,0.106856,0.111005,0,0,0,0,0,0,0,0,0,1,1,1,1,1,1,1,1,1,1,1,1,1,0,0,0,0,0,0,0,0,0,1,1,1,1,1,1,1,1,1,1,1,1,1,0,0,0,0,0,0,0,0,0,1,0,0,0,0,0,0,0,0,0,0,0,0,0,0,0,0,0,0,0,0,0,0,13,0,0,0,0,0,0,0,0,0,0,0,0,0,0,0,0,0,0,0,0,0,0,0,0,0,0,0,0,0,0,0,0,0,0,0,0,0,0,0,0,0,0,0,0,0,0,0,0
0.193628,0.633246,0.562851,0,0,0,0,1.41426e-08,-1.52379e-07,-8.54605e-08,130,129,131,412,416,424,425,1722,1723,1724,2005,2009,2017,2018,0,0,0,0,0,0,0,0,0,129,131,412,416,424,425,1722,1723,1724,2005,2009,2017,2018,0,0,0,0,0,0,0,0,0,0.0439876,0.0431661,0.0381467,0.0408596,0.0349711,0.0458183,0.110193,0.100024,0.109751,0.108002,0.108979,0.106792,0.111045,0,0,0,0,0,0,0,0,0,0.0437706,0.0429831,0.0386529,0.0410329,0.0355775,0.0458015,0.110164,0.1,0.109811,0.107988,0.108975,0.106806,0.111072,0,0,0,0,0,0,0,0,0,1,1,1,1,1,1,1,1,1,1,1,1,1,0,0,0,0,0,0,0,0,0,1,1,1,1,1,1,1,1,1,1,1,1,1,0,0,0,0,0,0,0,0,0,1,0,0,0,0,0,0,0,0,0,0,0,0,0,0,0,0,0,0,0,0,0,0,13,0,0,0,0,0,0,0,0,0,0,0,0,0,0,0,0,0,0,0,0,0,0,0,0,0,0,0,0,0,0,0,0,0,0,0,0,0,0,0,0,0,0,0,0,0,0,0,0
0.175819,0.622918,0.600791,0,0,0,0,1.14633e-08,-1.40814e-07,-8.34632e-08,131,130,132,407,412,425,426,1723,1724,1725,2000,2005,2018,2019,0,0,0,0,0,0,0,0,0,130,132,407,412,425,426,1723,1724,1725,2000,2005,2018,2019,0,0,0,0,0,0,0,0,0,0.0431661,0.042202,0.0384464,0.0405642,0.0349476,0.0460402,0.109803,0.100001,0.10931,0.108106,0.108833,0.106775,0.11112,0,0,0,0,0,0,0,0,0,0.0429831,0.0420835,0.0388321,0.0406094,0.0354391,0.0458853,0.109817,0.1,0.109422,0.10806,0.108799,0.106756,0.111111,0,0,0,0,0,0,0,0,0,1,1,1,1,1,1,1,1,1,1,1,1,1,0,0,0,0,0,0,0,0,0,1,1,1,1,1,1,1,1,1,1,1,1,1,0,0,0,0,0,0,0,0,0,1,0,0,0,0,0,0,0,0,0,0,0,0,0,0,0,0,0,0,0,0,0,0,13,0,0,0,0,0,0,0,0,0,0,0,0,0,0,0,0,0,0,0,0,0,0,0,0,0,0,0,0,0,0,0,0,0,0,0,0,0,0,0,0,0,0,0,0,0,0,0,0
0.157606,0.611413,0.637081,0,0,0,0,9.23166e-09,-1.29861e-07,-8.09968e-08,132,131,133,401,407,426,427,1724,1725,1726,1994,2000,2019,2020,0,0,0,0,0,0,0,0,0,131,133,401,407,426,427,1724,1725,1726,1994,2000,2019,2020,0,0,0,0,0,0,0,0,0,0.042202,0.041181,0.0385664,0.0403476,0.0348741,0.0462187,0.109342,0.0999834,0.108868,0.108174,0.10871,0.106737,0.111177,0,0,0,0,0,0,0,0,0,0.0420835,0.041087,0.0389768,0.040176,0.0353038,0.0459179,0.109427,0.1,0.108999,0.108119,0.108619,0.106707,0.111127,0,0,0,0,0,0,0,0,0,1,1,1,1,1,1,1,1,1,1,1,1,1,0,0,0,0,0,0,0,0,0,1,1,1,1,1,1,1,1,1,1,1,1,1,0,0,0,0,0,0,0,0,0,1,0,0,0,0,0,0,0,0,0,0,0,0,0,0,0,0,0,0,0,0,0,0,13,0,0,0,0,0,0,0,0,0,0,0,0,0,0,0,0,0,0,0,0,0,0,0,0,0,0,0,0,0,0,0,0,0,0,0,0,0,0,0,0,0,0,0,0,0,0,0,0
0.139078,0.598925,0.671673,0,0,0,0,7.38142e-09,-1.19513e-07,-7.81435e-08,133,132,134,394,401,427,428,1725,1726,1727,1987,1994,2020,2021,0,0,0,0,0,0,0,0,0,132,134,394,401,427,428,1725,1726,1727,1987,1994,2020,2021,0,0,0,0,0,0,0,0,0,0.041181,0.0400549,0.0387259,0.0400952,0.0348157,0.0463881,0.108861,0.0999593,0.108398,0.10823,0.108593,0.106697,0.11123,0,0,0,0,0,0,0,0,0,0.041087,0.0400097,0.0391068,0.039744,0.035181,0.0459215,0.109003,0.1,0.108551,0.108172,0.108442,0.106662,0.111129,0,0,0,0,0,0,0,0,0,1,1,1,1,1,1,1,1,1,1,1,1,1,0,0,0,0,0,0,0,0,0,1,1,1,1,1,1,1,1,1,1,1,1,1,0,0,0,0,0,0,0,0,0,1,0,0,0,0,0,0,0,0,0,0,0,0,0,0,0,0,0,0,0,0,0,0,13,0,0,0,0,0,0,0,0,0,0,0,0,0,0,0,0,0,0,0,0,0,0,0,0,0,0,0,0,0,0,0,0,0,0,0,0,0,0,0,0,0,0,0,0,0,0,0,0
0.12039,0.585629,0.704512,0,0,0,0,5.84945e-09,-1.09763e-07,-7.49718e-08,134,133,135,386,394,428,429,1726,1727,1728,1979,1987,2021,2022,0,0,0,0,0,0,0,0,0,133,135,386,394,428,429,1726,1727,1728,1979,1987,2021,2022,0,0,0,0,0,0,0,0,0,0.0400549,0.0387371,0.0385116,0.0398914,0.0347945,0.0466465,0.108334,0.0999175,0.107921,0.10821,0.108453,0.106659,0.111333,0,0,0,0,0,0,0,0,0,0.0400097,0.0388673,0.0388138,0.0393307,0.035088,0.0459407,0.108554,0.1,0.108087,0.108116,0.108275,0.106629,0.111138,0,0,0,0,0,0,0,0,0,1,1,1,1,1,1,1,1,1,1,1,1,1,0,0,0,0,0,0,0,0,0,1,1,1,1,1,1,1,1,1,1,1,1,1,0,0,0,0,0,0,0,0,0,1,0,0,0,0,0,0,0,0,0,0,0,0,0,0,0,0,0,0,0,0,0,0,13,0,0,0,0,0,0,0,0,0,0,0,0,0,0,0,0,0,0,0,0,0,0,0,0,0,0,0,0,0,0,0,0,0,0,0,0,0,0,0,0,0,0,0,0,0,0,0,0
0.101971,0.571577,0.735558,0,0,0,0,4.59319e-09,-1.00585e-07,-7.14989e-08,135,134,136,377,386,429,430,1727,1728,1729,1970,1979,2022,2023,0,0,0,0,0,0,0,0,0,134,136,377,386,429,430,1727,1728,1729,1970,1979,2022,2023,0,0,0,0,0,0,0,0,0,0.0387371,0.0374786,0.038322,0.0394608,0.0346423,0.0468185,0.107764,0.0999628,0.107547,0.108245,0.108328,0.106615,0.111392,0,0,0,0,0,0,0,0,0,0.0388673,0.0379154,0.0386891,0.0389981,0.0350552,0.0460736,0.10809,0.1,0.10771,0.108079,0.108149,0.106618,0.1112,0,0,0,0,0,0,0,0,0,1,1,1,1,1,1,1,1,1,1,1,1,1,0,0,0,0,0,0,0,0,0,1,1,1,1,1,1,1,1,1,1,1,1,1,0,0,0,0,0,0,0,0,0,1,0,0,0,0,0,0,0,0,0,0,0,0,0,0,0,0,0,0,0,0,0,0,13,0,0,0,0,0,0,0,0,0,0,0,0,0,0,0,0,0,0,0,0,0,0,0,0,0,0,0,0,0,0,0,0,0,0,0,0,0,0,0,0,0,0,0,0,0,0,0,0
0.0838959,0.556874,0.764914,0,0,0,0,3.57085e-09,-9.19493e-08,-6.77916e-08,136,135,137,367,377,430,431,1728,1729,1730,1960,1970,2023,2024,0,0,0,0,0,0,0,0,0,135,137,367,377,430,431,1728,1729,1730,1960,1970,2023,2024,0,0,0,0,0,0,0,0,0,0.0374786,0.0377527,0.0378092,0.0388403,0.0341606,0.0474935,0.107297,0.10004,0.107854,0.108097,0.108149,0.106426,0.111827,0,0,0,0,0,0,0,0,0,0.0379154,0.0386336,0.0377034,0.0387898,0.034221,0.0471502,0.10773,0.1,0.108011,0.107824,0.108091,0.106317,0.111729,0,0,0,0,0,0,0,0,0,1,1,1,1,1,1,1,1,1,1,1,1,1,0,0,0,0,0,0,0,0,0,1,1,1,1,1,1,1,1,1,1,1,1,1,0,0,0,0,0,0,0,0,0,1,0,0,0,0,0,0,0,0,0,0,0,0,0,0,0,0,0,0,0,0,0,0,13,0,0,0,0,0,0,0,0,0,0,0,0,0,0,0,0,0,0,0,0,0,0,0,0,0,0,0,0,0,0,0,0,0,0,0,0,0,0,0,0,0,0,0,0,0,0,0,0
0.0657071,0.540793,0.793824,0,0,0,0,2.76401e-09,-8.35104e-08,-6.36803e-08,137,1,41,71,136,367,431,1594,1634,1664,1729,1730,1960,2024,0,0,0,0,0,0,0,0,0,1,41,71,136,367,431,1594,1634,1664,1729,1730,1960,2024,0,0,0,0,0,0,0,0,0,0.0391937,0.0375236,0.0484832,0.0377527,0.0386441,0.034277,0.10844,0.10806,0.112575,0.107521,0.10027,0.108141,0.10665,0,0,0,0,0,0,0,0,0,0.0398724,0.0378437,0.0492309,0.0386336,0.0392126,0.0345088,0.108512,0.107871,0.112693,0.108023,0.1,0.108261,0.106406,0,0,0,0,0,0,0,0,0,1,1,1,1,1,1,1,1,1,1,1,1,1,0,0,0,0,0,0,0,0,0,1,1,1,1,1,1,1,1,1,1,1,1,1,0,0,0,0,0,0,0,0,0,1,0,0,0,0,0,0,0,0,0,0,0,0,0,0,0,0,0,0,0,0,0,0,13,0,0,0,0,0,0,0,0,0,0,0,0,0,0,0,0,0,0,0,0,0,0,0,0,0,0,0,0,0,0,0,0,0,0,0,0,0,0,0,0,0,0,0,0,0,0,0,0
0.0184238,0.51543,0.836565,0,0,0,0,1.14315e-09,-7.16372e-08,-5.75268e-08,138,1,41,70,139,356,554,1594,1634,1663,1731,1732,1949,2147,0,0,0,0,0,0,0,0,0,1,41,70,139,356,554,1594,1634,1663,1731,1732,1949,2147,0,0,0,0,0,0,0,0,0,0.0331273,0.049105,0.0419158,0.0322321,0.0389452,0.0429315,0.106191,0.112476,0.109805,0.100188,0.106087,0.108281,0.109992,0,0,0,0,0,0,0,0,0,0.0335009,0.0497371,0.0421636,0.0327549,0.0393905,0.0439429,0.10617,0.112973,0.109534,0.1,0.105903,0.108334,0.11023,0,0,0,0,0,0,0,0,0,1,1,1,1,1,1,1,1,1,1,1,1,1,0,0,0,0,0,0,0,0,0,1,1,1,1,1,1,1,1,1,1,1,1,1,0,0,0,0,0,0,0,0,0,1,0,0,0,0,0,0,0,0,0,0,0,0,0,0,0,0,0,0,0,0,0,0,13,0,0,0,0,0,0,0,0,0,0,0,0,0,0,0,0,0,0,0,0,0,0,0,0,0,0,0,0,0,0,0,0,0,0,0,0,0,0,0,0,0,0,0,0,0,0,0,0
-0.0102884,0.50699,0.848536,0,0,0,0,1.20383e-11,-6.81619e-08,-5.54546e-08,139,138,140,355,356,554,555,1731,1732,1733,1948,1949,2147,2148,0,0,0,0,0,0,0,0,0,138,140,355,356,554,555,1731,1732,1733,1948,1949,2147,2148,0,0,0,0,0,0,0,0,0,0.0322321,0.0319697,0.0386466,0.0488087,0.0415391,0.0427303,0.106047,0.100205,0.105998,0.108127,0.112382,0.109714,0.109945,0,0,0,0,0,0,0,0,0,0.0327549,0.0325896,0.039257,0.0495748,0.0419112,0.0439525,0.105903,0.1,0.105842,0.10828,0.112893,0.10942,0.110235,0,0,0,0,0,0,0,0,0,1,1,1,1,1,1,1,1,1,1,1,1,1,0,0,0,0,0,0,0,0,0,1,1,1,1,1,1,1,1,1,1,1,1,1,0,0,0,0,0,0,0,0,0,1,0,0,0,0,0,0,0,0,0,0,0,0,0,0,0,0,0,0,0,0,0,0,13,0,0,0,0,0,0,0,0,0,0,0,0,0,0,0,0,0,0,0,0,0,0,0,0,0,0,0,0,0,0,0,0,0,0,0,0,0,0,0,0,0,0,0,0,0,0,0,0
-0.0384575,0.49682,0.859722,0,0,0,0,-1.20512e-09,-6.44332e-08,-5.2616e-08,140,139,141,353,355,555,556,1732,1733,1734,1946,1948,2148,2149,0,0,0,0,0,0,0,0,0,139,141,353,355,555,556,1732,1733,1734,1946,1948,2148,2149,0,0,0,0,0,0,0,0,0,0.0319697,0.0330022,0.0387955,0.0487085,0.041135,0.043368,0.106117,0.100235,0.106408,0.108114,0.112374,0.109627,0.110251,0,0,0,0,0,0,0,0,0,0.0325896,0.0336826,0.0395373,0.0496497,0.0416516,0.0447986,0.105842,0.1,0.106225,0.108396,0.11293,0.109309,0.110614,0,0,0,0,0,0,0,0,0,1,1,1,1,1,1,1,1,1,1,1,1,1,0,0,0,0,0,0,0,0,0,1,1,1,1,1,1,1,1,1,1,1,1,1,0,0,0,0,0,0,0,0,0,1,0,0,0,0,0,0,0,0,0,0,0,0,0,0,0,0,0,0,0,0,0,0,13,0,0,0,0,0,0,0,0,0,0,0,0,0,0,0,0,0,0,0,0,0,0,0,0,0,0,0,0,0,0,0,0,0,0,0,0,0,0,0,0,0,0,0,0,0,0,0,0
-0.0670226,0.484305,0.870518,0,0,0,0,-2.61252e-09,-6.03171e-08,-4.88945e-08,141,140,142,350,353,556,557,1733,1734,1735,1943,1946,2149,2150,0,0,0,0,0,0,0,0,0,140,142,350,353,556,557,1733,1734,1735,1943,1946,2149,2150,0,0,0,0,0,0,0,0,0,0.0330022,0.0358315,0.0389583,0.0490287,0.0409808,0.0440387,0.106683,0.100379,0.107194,0.108065,0.112616,0.109676,0.110683,0,0,0,0,0,0,0,0,0,0.0336826,0.0364332,0.039963,0.0501955,0.0417655,0.0458131,0.106225,0.1,0.107091,0.108573,0.1132,0.109358,0.111076,0,0,0,0,0,0,0,0,0,1,1,1,1,1,1,1,1,1,1,1,1,1,0,0,0,0,0,0,0,0,0,1,1,1,1,1,1,1,1,1,1,1,1,1,0,0,0,0,0,0,0,0,0,1,0,0,0,0,0,0,0,0,0,0,0,0,0,0,0,0,0,0,0,0,0,0,13,0,0,0,0,0,0,0,0,0,0,0,0,0,0,0,0,0,0,0,0,0,0,0,0,0,0,0,0,0,0,0,0,0,0,0,0,0,0,0,0,0,0,0,0,0,0,0,0
-0.0977467,0.469114,0.880967,0,0,0,0,-4.281e-09,-5.57216e-08,-4.41598e-08,142,141,143,346,350,557,558,1734,1735,1736,1939,1943,2150,2151,0,0,0,0,0,0,0,0,0,141,143,346,350,557,558,1734,1735,1736,1939,1943,2150,2151,0,0,0,0,0,0,0,0,0,0.0358315,0.0383749,0.0410141,0.049656,0.042056,0.0444954,0.107719,0.0999064,0.107935,0.108469,0.112706,0.110043,0.110291,0,0,0,0,0,0,0,0,0,0.0364332,0.03931,0.0410184,0.0492881,0.0431511,0.0434892,0.107221,0.1,0.108261,0.108967,0.112682,0.109954,0.110037,0,0,0,0,0,0,0,0,0,1,1,1,1,1,1,1,1,1,1,1,1,1,0,0,0,0,0,0,0,0,0,1,1,1,1,1,1,1,1,1,1,1,1,1,0,0,0,0,0,0,0,0,0,1,0,0,0,0,0,0,0,0,0,0,0,0,0,0,0,0,0,0,0,0,0,0,13,0,0,0,0,0,0,0,0,0,0,0,0,0,0,0,0,0,0,0,0,0,0,0,0,0,0,0,0,0,0,0,0,0,0,0,0,0,0,0,0,0,0,0,0,0,0,0,0
-0.13153,0.4524,0.888175,0,0,0,0,-6.30787e-09,-5.1238e-08,-3.86055e-08,143,142,144,341,346,558,559,1735,1736,1737,1934,1939,2151,2152,0,0,0,0,0,0,0,0,0,142,144,341,346,558,559,1735,1736,1737,1934,1939,2151,2152,0,0,0,0,0,0,0,0,0,0.0383749,0.0396531,0.0422215,0.0496761,0.0450905,0.0455885,0.108427,0.0998364,0.108434,0.109009,0.112576,0.110843,0.110841,0,0,0,0,0,0,0,0,0,0.03931,0.0402756,0.0421999,0.0483024,0.0453918,0.0443084,0.108257,0.1,0.108655,0.10947,0.112257,0.11088,0.1104,0,0,0,0,0,0,0,0,0,1,1,1,1,1,1,1,1,1,1,1,1,1,0,0,0,0,0,0,0,0,0,1,1,1,1,1,1,1,1,1,1,1,1,1,0,0,0,0,0,0,0,0,0,1,0,0,0,0,0,0,0,0,0,0,0,0,0,0,0,0,0,0,0,0,0,0,13,0,0,0,0,0,0,0,0,0,0,0,0,0,0,0,0,0,0,0,0,0,0,0,0,0,0,0,0,0,0,0,0,0,0,0,0,0,0,0,0,0,0,0,0,0,0,0,0
-0.166303,0.433953,0.892958,0,0,0,0,-8.83129e-09,-4.67246e-08,-3.22015e-08,144,143,145,335,341,559,560,1736,1737,1738,1928,1934,2152,2153,0,0,0,0,0,0,0,0,0,143,145,335,341,559,560,1736,1737,1738,1928,1934,2152,2153,0,0,0,0,0,0,0,0,0,0.0396531,0.0407065,0.0436488,0.0495347,0.0462937,0.0461091,0.108832,0.0998167,0.108881,0.109632,0.112617,0.111311,0.111102,0,0,0,0,0,0,0,0,0,0.0402756,0.0411854,0.0434099,0.0485295,0.0464229,0.0450373,0.108652,0.1,0.109034,0.109998,0.112364,0.111356,0.110728,0,0,0,0,0,0,0,0,0,1,1,1,1,1,1,1,1,1,1,1,1,1,0,0,0,0,0,0,0,0,0,1,1,1,1,1,1,1,1,1,1,1,1,1,0,0,0,0,0,0,0,0,0,1,0,0,0,0,0,0,0,0,0,0,0,0,0,0,0,0,0,0,0,0,0,0,13,0,0,0,0,0,0,0,0,0,0,0,0,0,0,0,0,0,0,0,0,0,0,0,0,0,0,0,0,0,0,0,0,0,0,0,0,0,0,0,0,0,0,0,0,0,0,0,0
-0.201843,0.414187,0.89477,0,0,0,0,-1.19367e-08,-4.2297e-08,-2.5024e-08,145,144,146,328,335,560,561,1737,1738,1739,1921,1928,2153,2154,0,0,0,0,0,0,0,0,0,144,146,328,335,560,561,1737,1738,1739,1921,1928,2153,2154,0,0,0,0,0,0,0,0,0,0.0407065,0.0416405,0.0450075,0.0493477,0.0475285,0.0464284,0.109192,0.0998382,0.109298,0.110262,0.112601,0.111774,0.111313,0,0,0,0,0,0,0,0,0,0.0411854,0.0420366,0.0446239,0.0486538,0.0474384,0.0456517,0.109031,0.1,0.109394,0.11054,0.112421,0.111833,0.111006,0,0,0,0,0,0,0,0,0,1,1,1,1,1,1,1,1,1,1,1,1,1,0,0,0,0,0,0,0,0,0,1,1,1,1,1,1,1,1,1,1,1,1,1,0,0,0,0,0,0,0,0,0,1,0,0,0,0,0,0,0,0,0,0,0,0,0,0,0,0,0,0,0,0,0,0,13,0,0,0,0,0,0,0,0,0,0,0,0,0,0,0,0,0,0,0,0,0,0,0,0,0,0,0,0,0,0,0,0,0,0,0,0,0,0,0,0,0,0,0,0,0,0,0,0
-0.237851,0.393317,0.893444,0,0,0,0,-1.57129e-08,-3.8e-08,-1.71126e-08,146,145,147,320,328,561,562,1738,1739,1740,1913,1921,2154,2155,0,0,0,0,0,0,0,0,0,145,147,320,328,561,562,1738,1739,1740,1913,1921,2154,2155,0,0,0,0,0,0,0,0,0,0.0416405,0.0424913,0.0462789,0.0490813,0.048657,0.0466141,0.109532,0.0998632,0.109685,0.110874,0.112541,0.112243,0.111466,0,0,0,0,0,0,0,0,0,0.0420366,0.042825,0.045823,0.0486637,0.0484048,0.0461427,0.109393,0.1,0.109734,0.111087,0.112423,0.112294,0.111231,0,0,0,0,0,0,0,0,0,1,1,1,1,1,1,1,1,1,1,1,1,1,0,0,0,0,0,0,0,0,0,1,1,1,1,1,1,1,1,1,1,1,1,1,0,0,0,0,0,0,0,0,0,1,0,0,0,0,0,0,0,0,0,0,0,0,0,0,0,0,0,0,0,0,0,0,13,0,0,0,0,0,0,0,0,0,0,0,0,0,0,0,0,0,0,0,0,0,0,0,0,0,0,0,0,0,0,0,0,0,0,0,0,0,0,0,0,0,0,0,0,0,0,0,0
-0.274037,0.371512,0.888901,0,0,0,0,-2.02424e-08,-3.38748e-08,-8.5204e-09,147,146,148,311,320,562,563,1739,1740,1741,1904,1913,2155,2156,0,0,0,0,0,0,0,0,0,146,148,311,320,562,563,1739,1740,1741,1904,1913,2155,2156,0,0,0,0,0,0,0,0,0,0.0424913,0.0432596,0.0474697,0.0487394,0.0496428,0.0467126,0.109853,0.0998926,0.110038,0.111465,0.112439,0.11268,0.11158,0,0,0,0,0,0,0,0,0,0.042825,0.0435429,0.0469984,0.0485662,0.0492969,0.046523,0.109734,0.1,0.110047,0.111636,0.112373,0.112727,0.111406,0,0,0,0,0,0,0,0,0,1,1,1,1,1,1,1,1,1,1,1,1,1,0,0,0,0,0,0,0,0,0,1,1,1,1,1,1,1,1,1,1,1,1,1,0,0,0,0,0,0,0,0,0,1,0,0,0,0,0,0,0,0,0,0,0,0,0,0,0,0,0,0,0,0,0,0,13,0,0,0,0,0,0,0,0,0,0,0,0,0,0,0,0,0,0,0,0,0,0,0,0,0,0,0,0,0,0,0,0,0,0,0,0,0,0,0,0,0,0,0,0,0,0,0,0
-0.310108,0.348932,0.881126,0,0,0,0,-2.55949e-08,-2.99626e-08,6.74995e-10,148,147,149,301,311,563,564,1740,1741,1742,1894,1904,2156,2157,0,0,0,0,0,0,0,0,0,147,149,301,311,563,564,1740,1741,1742,1894,1904,2156,2157,0,0,0,0,0,0,0,0,0,0.0432596,0.043935,0.0486051,0.0483566,0.0504859,0.0467846,0.110155,0.0999215,0.110349,0.112042,0.112313,0.113078,0.111675,0,0,0,0,0,0,0,0,0,0.0435429,0.0441773,0.0481577,0.0483916,0.0501079,0.0468333,0.110049,0.1,0.110327,0.112188,0.112286,0.113126,0.111549,0,0,0,0,0,0,0,0,0,1,1,1,1,1,1,1,1,1,1,1,1,1,0,0,0,0,0,0,0,0,0,1,1,1,1,1,1,1,1,1,1,1,1,1,0,0,0,0,0,0,0,0,0,1,0,0,0,0,0,0,0,0,0,0,0,0,0,0,0,0,0,0,0,0,0,0,13,0,0,0,0,0,0,0,0,0,0,0,0,0,0,0,0,0,0,0,0,0,0,0,0,0,0,0,0,0,0,0,0,0,0,0,0,0,0,0,0,0,0,0,0,0,0,0,0
-0.345767,0.325726,0.870164,0,0,0,0,-3.18236e-08,-2.6305e-08,1.03735e-08,149,148,150,290,301,564,565,1741,1742,1743,1883,1894,2157,2158,0,0,0,0,0,0,0,0,0,148,150,290,301,564,565,1741,1742,1743,1883,1894,2157,2158,0,0,0,0,0,0,0,0,0,0.043935,0.0444993,0.0497618,0.0480078,0.0512404,0.046945,0.110429,0.0999475,0.110609,0.11264,0.112197,0.113453,0.111799,0,0,0,0,0,0,0,0,0,0.0441773,0.0447091,0.0493617,0.048211,0.0508743,0.0471791,0.11033,0.1,0.110564,0.112772,0.112196,0.113508,0.11171,0,0,0,0,0,0,0,0,0,1,1,1,1,1,1,1,1,1,1,1,1,1,0,0,0,0,0,0,0,0,0,1,1,1,1,1,1,1,1,1,1,1,1,1,0,0,0,0,0,0,0,0,0,1,0,0,0,0,0,0,0,0,0,0,0,0,0,0,0,0,0,0,0,0,0,0,13,0,0,0,0,0,0,0,0,0,0,0,0,0,0,0,0,0,0,0,0,0,0,0,0,0,0,0,0,0,0,0,0,0,0,0,0,0,0,0,0,0,0,0,0,0,0,0,0
-0.380716,0.302035,0.856111,0,0,0,0,-3.89574e-08,-2.29431e-08,2.04594e-08,150,149,151,278,290,565,566,1742,1743,1744,1871,1883,2158,2159,0,0,0,0,0,0,0,0,0,149,151,278,290,565,566,1742,1743,1744,1871,1883,2158,2159,0,0,0,0,0,0,0,0,0,0.0444993,0.0422103,0.0510744,0.0478495,0.0520586,0.0474037,0.110663,0.0999705,0.109608,0.11333,0.112168,0.113872,0.112038,0,0,0,0,0,0,0,0,0,0.0447091,0.0423974,0.0507364,0.0481793,0.0517317,0.0477627,0.110569,0.1,0.109546,0.113452,0.112179,0.11394,0.111985,0,0,0,0,0,0,0,0,0,1,1,1,1,1,1,1,1,1,1,1,1,1,0,0,0,0,0,0,0,0,0,1,1,1,1,1,1,1,1,1,1,1,1,1,0,0,0,0,0,0,0,0,0,1,0,0,0,0,0,0,0,0,0,0,0,0,0,0,0,0,0,0,0,0,0,0,13,0,0,0,0,0,0,0,0,0,0,0,0,0,0,0,0,0,0,0,0,0,0,0,0,0,0,0,0,0,0,0,0,0,0,0,0,0,0,0,0,0,0,0,0,0,0,0,0
-0.412643,0.279467,0.840203,0,0,0,0,-4.65242e-08,-2.00544e-08,3.01424e-08,151,150,152,266,278,566,567,1743,1744,1745,1859,1871,2159,2160,0,0,0,0,0,0,0,0,0,150,152,266,278,566,567,1743,1744,1745,1859,1871,2159,2160,0,0,0,0,0,0,0,0,0,0.0422103,0.0415873,0.051483,0.0472795,0.0519373,0.0471002,0.109633,0.0999886,0.109343,0.113567,0.111915,0.113833,0.111922,0,0,0,0,0,0,0,0,0,0.0423974,0.0417588,0.0512037,0.0476732,0.0516721,0.0475348,0.10955,0.1,0.109272,0.113687,0.111937,0.113911,0.111876,0,0,0,0,0,0,0,0,0,1,1,1,1,1,1,1,1,1,1,1,1,1,0,0,0,0,0,0,0,0,0,1,1,1,1,1,1,1,1,1,1,1,1,1,0,0,0,0,0,0,0,0,0,1,0,0,0,0,0,0,0,0,0,0,0,0,0,0,0,0,0,0,0,0,0,0,13,0,0,0,0,0,0,0,0,0,0,0,0,0,0,0,0,0,0,0,0,0,0,0,0,0,0,0,0,0,0,0,0,0,0,0,0,0,0,0,0,0,0,0,0,0,0,0,0
-0.442814,0.257187,0.822235,0,0,0,0,-5.47222e-08,-1.75073e-08,3.97259e-08,152,151,153,254,266,567,568,1744,1745,1746,1847,1859,2160,2161,0,0,0,0,0,0,0,0,0,151,153,254,266,567,568,1744,1745,1746,1847,1859,2160,2161,0,0,0,0,0,0,0,0,0,0.0415873,0.0417125,0.0515201,0.0466412,0.0517623,0.0464777,0.109348,0.0999997,0.109393,0.11361,0.111627,0.113772,0.11165,0,0,0,0,0,0,0,0,0,0.0417588,0.0418709,0.0512859,0.0470813,0.05155,0.0469608,0.109277,0.1,0.10932,0.113729,0.111656,0.113849,0.111604,0,0,0,0,0,0,0,0,0,1,1,1,1,1,1,1,1,1,1,1,1,1,0,0,0,0,0,0,0,0,0,1,1,1,1,1,1,1,1,1,1,1,1,1,0,0,0,0,0,0,0,0,0,1,0,0,0,0,0,0,0,0,0,0,0,0,0,0,0,0,0,0,0,0,0,0,13,0,0,0,0,0,0,0,0,0,0,0,0,0,0,0,0,0,0,0,0,0,0,0,0,0,0,0,0,0,0,0,0,0,0,0,0,0,0,0,0,0,0,0,0,0,0,0,0
-0.4717,0.234849,0.802074,0,0,0,0,-6.36503e-08,-1.52358e-08,4.92798e-08,153,152,154,243,254,568,569,1745,1746,1747,1836,1847,2161,2162,0,0,0,0,0,0,0,0,0,152,154,243,254,568,569,1745,1746,1747,1836,1847,2161,2162,0,0,0,0,0,0,0,0,0,0.0417125,0.0425899,0.0513939,0.0457994,0.0513666,0.045659,0.109383,0.100007,0.109764,0.113566,0.111244,0.113594,0.11128,0,0,0,0,0,0,0,0,0,0.0418709,0.0427344,0.0511873,0.0462707,0.0511914,0.046172,0.109325,0.1,0.109692,0.113679,0.111277,0.113669,0.111236,0,0,0,0,0,0,0,0,0,1,1,1,1,1,1,1,1,1,1,1,1,1,0,0,0,0,0,0,0,0,0,1,1,1,1,1,1,1,1,1,1,1,1,1,0,0,0,0,0,0,0,0,0,1,0,0,0,0,0,0,0,0,0,0,0,0,0,0,0,0,0,0,0,0,0,0,13,0,0,0,0,0,0,0,0,0,0,0,0,0,0,0,0,0,0,0,0,0,0,0,0,0,0,0,0,0,0,0,0,0,0,0,0,0,0,0,0,0,0,0,0,0,0,0,0
-0.499698,0.212103,0.779432,0,0,0,0,-7.34458e-08,-1.31862e-08,5.88702e-08,154,153,155,232,243,569,570,1746,1747,1748,1825,1836,2162,2163,0,0,0,0,0,0,0,0,0,153,155,232,243,569,570,1746,1747,1748,1825,1836,2162,2163,0,0,0,0,0,0,0,0,0,0.0425899,0.0451649,0.0514542,0.044635,0.0506166,0.0447845,0.109739,0.10001,0.110895,0.113615,0.11072,0.113233,0.110885,0,0,0,0,0,0,0,0,0,0.0427344,0.0452844,0.0512578,0.0451261,0.0504654,0.0453166,0.109696,0.1,0.110826,0.113715,0.110751,0.113306,0.110842,0,0,0,0,0,0,0,0,0,1,1,1,1,1,1,1,1,1,1,1,1,1,0,0,0,0,0,0,0,0,0,1,1,1,1,1,1,1,1,1,1,1,1,1,0,0,0,0,0,0,0,0,0,1,0,0,0,0,0,0,0,0,0,0,0,0,0,0,0,0,0,0,0,0,0,0,13,0,0,0,0,0,0,0,0,0,0,0,0,0,0,0,0,0,0,0,0,0,0,0,0,0,0,0,0,0,0,0,0,0,0,0,0,0,0,0,0,0,0,0,0,0,0,0,0
-0.52767,0.188098,0.753332,0,0,0,0,-8.45235e-08,-1.1326e-08,6.87476e-08,155,154,156,221,232,570,571,1747,1748,1749,1814,1825,2163,2164,0,0,0,0,0,0,0,0,0,154,156,221,232,570,571,1747,1748,1749,1814,1825,2163,2164,0,0,0,0,0,0,0,0,0,0.0451649,0.044824,0.0505927,0.0427196,0.0490455,0.043497,0.110856,0.100013,0.110725,0.113211,0.109887,0.112473,0.11029,0,0,0,0,0,0,0,0,0,0.0452844,0.0449266,0.0504186,0.0432159,0.048917,0.0440149,0.11083,0.1,0.110665,0.113296,0.109899,0.112547,0.110255,0,0,0,0,0,0,0,0,0,1,1,1,1,1,1,1,1,1,1,1,1,1,0,0,0,0,0,0,0,0,0,1,1,1,1,1,1,1,1,1,1,1,1,1,0,0,0,0,0,0,0,0,0,1,0,0,0,0,0,0,0,0,0,0,0,0,0,0,0,0,0,0,0,0,0,0,13,0,0,0,0,0,0,0,0,0,0,0,0,0,0,0,0,0,0,0,0,0,0,0,0,0,0,0,0,0,0,0,0,0,0,0,0,0,0,0,0,0,0,0,0,0,0,0,0
-0.553622,0.164454,0.725463,0,0,0,0,-9.61515e-08,-9.72012e-09,7.81295e-08,156,155,157,211,221,571,572,1748,1749,1750,1804,1814,2164,2165,0,0,0,0,0,0,0,0,0,155,157,211,221,571,572,1748,1749,1750,1804,1814,2164,2165,0,0,0,0,0,0,0,0,0,0.044824,0.0443147,0.0499114,0.041172,0.047654,0.04246,0.110683,0.100013,0.110482,0.112895,0.109221,0.11182,0.109818,0,0,0,0,0,0,0,0,0,0.0449266,0.0444019,0.0497548,0.0416508,0.0475457,0.0429517,0.110668,0.1,0.110431,0.112968,0.109224,0.11189,0.109787,0,0,0,0,0,0,0,0,0,1,1,1,1,1,1,1,1,1,1,1,1,1,0,0,0,0,0,0,0,0,0,1,1,1,1,1,1,1,1,1,1,1,1,1,0,0,0,0,0,0,0,0,0,1,0,0,0,0,0,0,0,0,0,0,0,0,0,0,0,0,0,0,0,0,0,0,13,0,0,0,0,0,0,0,0,0,0,0,0,0,0,0,0,0,0,0,0,0,0,0,0,0,0,0,0,0,0,0,0,0,0,0,0,0,0,0,0,0,0,0,0,0,0,0,0
-0.577447,0.141296,0.69614,0,0,0,0,-1.08195e-07,-8.32675e-09,8.69049e-08,157,156,158,201,211,572,573,1749,1750,1751,1794,1804,2165,2166,0,0,0,0,0,0,0,0,0,156,158,201,211,572,573,1749,1750,1751,1794,1804,2165,2166,0,0,0,0,0,0,0,0,0,0.0443147,0.043649,0.0492673,0.0398012,0.0463276,0.0415306,0.110436,0.100013,0.110175,0.112597,0.108643,0.111213,0.109399,0,0,0,0,0,0,0,0,0,0.0444019,0.0437227,0.0491233,0.0402536,0.0462358,0.0419895,0.110432,0.1,0.11013,0.112659,0.108639,0.111276,0.10937,0,0,0,0,0,0,0,0,0,1,1,1,1,1,1,1,1,1,1,1,1,1,0,0,0,0,0,0,0,0,0,1,1,1,1,1,1,1,1,1,1,1,1,1,0,0,0,0,0,0,0,0,0,1,0,0,0,0,0,0,0,0,0,0,0,0,0,0,0,0,0,0,0,0,0,0,13,0,0,0,0,0,0,0,0,0,0,0,0,0,0,0,0,0,0,0,0,0,0,0,0,0,0,0,0,0,0,0,0,0,0,0,0,0,0,0,0,0,0,0,0,0,0,0,0
-0.599088,0.118741,0.665674,0,0,0,0,-1.2052e-07,-7.09102e-09,9.49817e-08,158,157,159,192,201,573,574,1750,1751,1752,1785,1794,2166,2167,0,0,0,0,0,0,0,0,0,157,159,192,201,573,574,1750,1751,1752,1785,1794,2166,2167,0,0,0,0,0,0,0,0,0,0.043649,0.0428404,0.0486045,0.0385221,0.0450082,0.0406494,0.110123,0.100012,0.109812,0.112292,0.108113,0.110622,0.109008,0,0,0,0,0,0,0,0,0,0.0437227,0.0429041,0.0484699,0.0389436,0.0449292,0.0410724,0.11013,0.1,0.109772,0.112342,0.108106,0.110677,0.108981,0,0,0,0,0,0,0,0,0,1,1,1,1,1,1,1,1,1,1,1,1,1,0,0,0,0,0,0,0,0,0,1,1,1,1,1,1,1,1,1,1,1,1,1,0,0,0,0,0,0,0,0,0,1,0,0,0,0,0,0,0,0,0,0,0,0,0,0,0,0,0,0,0,0,0,0,13,0,0,0,0,0,0,0,0,0,0,0,0,0,0,0,0,0,0,0,0,0,0,0,0,0,0,0,0,0,0,0,0,0,0,0,0,0,0,0,0,0,0,0,0,0,0,0,0
-0.618525,0.0968913,0.634368,0,0,0,0,-1.32999e-07,-5.95393e-09,1.02288e-07,159,158,160,184,192,574,575,1751,1752,1753,1777,1785,2167,2168,0,0,0,0,0,0,0,0,0,158,160,184,192,574,575,1751,1752,1753,1777,1785,2167,2168,0,0,0,0,0,0,0,0,0,0.0428404,0.0419053,0.0479048,0.0373064,0.0436857,0.0397933,0.109753,0.100011,0.109402,0.111976,0.107622,0.110041,0.108633,0,0,0,0,0,0,0,0,0,0.0429041,0.0419634,0.0477792,0.0376947,0.0436174,0.0401782,0.109771,0.1,0.109368,0.112011,0.107612,0.11009,0.108608,0,0,0,0,0,0,0,0,0,1,1,1,1,1,1,1,1,1,1,1,1,1,0,0,0,0,0,0,0,0,0,1,1,1,1,1,1,1,1,1,1,1,1,1,0,0,0,0,0,0,0,0,0,1,0,0,0,0,0,0,0,0,0,0,0,0,0,0,0,0,0,0,0,0,0,0,13,0,0,0,0,0,0,0,0,0,0,0,0,0,0,0,0,0,0,0,0,0,0,0,0,0,0,0,0,0,0,0,0,0,0,0,0,0,0,0,0,0,0,0,0,0,0,0,0
-0.635774,0.0758292,0.60251,0,0,0,0,-1.45517e-07,-4.85482e-09,1.08757e-07,160,159,161,177,184,575,576,1752,1753,1754,1770,1777,2168,2169,0,0,0,0,0,0,0,0,0,159,161,177,184,575,576,1752,1753,1754,1770,1777,2168,2169,0,0,0,0,0,0,0,0,0,0.0419053,0.0408673,0.0471632,0.0361449,0.04236,0.0389565,0.109338,0.100009,0.10895,0.111651,0.107167,0.109474,0.10827,0,0,0,0,0,0,0,0,0,0.0419634,0.0409189,0.0470537,0.0364975,0.0423027,0.0393012,0.109366,0.1,0.108927,0.111668,0.107151,0.109516,0.10825,0,0,0,0,0,0,0,0,0,1,1,1,1,1,1,1,1,1,1,1,1,1,0,0,0,0,0,0,0,0,0,1,1,1,1,1,1,1,1,1,1,1,1,1,0,0,0,0,0,0,0,0,0,1,0,0,0,0,0,0,0,0,0,0,0,0,0,0,0,0,0,0,0,0,0,0,13,0,0,0,0,0,0,0,0,0,0,0,0,0,0,0,0,0,0,0,0,0,0,0,0,0,0,0,0,0,0,0,0,0,0,0,0,0,0,0,0,0,0,0,0,0,0,0,0
-0.65088,0.0556163,0.570363,0,0,0,0,-1.57987e-07,-3.68747e-09,1.14272e-07,161,160,162,171,177,576,577,1753,1754,1755,1764,1770,2169,2170,0,0,0,0,0,0,0,0,0,160,162,171,177,576,577,1753,1754,1755,1764,1770,2169,2170,0,0,0,0,0,0,0,0,0,0.0408673,0.0397415,0.0464184,0.0350334,0.0410424,0.0381439,0.108895,0.100008,0.108477,0.111291,0.106753,0.108928,0.107926,0,0,0,0,0,0,0,0,0,0.0409189,0.0397895,0.0463069,0.0353528,0.040996,0.0384461,0.108925,0.1,0.108461,0.111319,0.106723,0.10896,0.107907,0,0,0,0,0,0,0,0,0,1,1,1,1,1,1,1,1,1,1,1,1,1,0,0,0,0,0,0,0,0,0,1,1,1,1,1,1,1,1,1,1,1,1,1,0,0,0,0,0,0,0,0,0,1,0,0,0,0,0,0,0,0,0,0,0,0,0,0,0,0,0,0,0,0,0,0,13,0,0,0,0,0,0,0,0,0,0,0,0,0,0,0,0,0,0,0,0,0,0,0,0,0,0,0,0,0,0,0,0,0,0,0,0,0,0,0,0,0,0,0,0,0,0,0,0
-0.663919,0.0362959,0.538175,0,0,0,0,-1.70285e-07,-2.35208e-09,1.18926e-07,162,161,163,166,171,577,578,1754,1755,1756,1759,1764,2170,2171,0,0,0,0,0,0,0,0,0,161,163,166,171,577,578,1754,1755,1756,1759,1764,2170,2171,0,0,0,0,0,0,0,0,0,0.0397415,0.0385488,0.0456669,0.0339946,0.0397437,0.0373704,0.108431,0.10001,0.107993,0.110938,0.106356,0.108407,0.107607,0,0,0,0,0,0,0,0,0,0.0397895,0.0385936,0.0455639,0.0342684,0.0397125,0.0376279,0.108459,0.1,0.10798,0.110976,0.106328,0.108429,0.107584,0,0,0,0,0,0,0,0,0,1,1,1,1,1,1,1,1,1,1,1,1,1,0,0,0,0,0,0,0,0,0,1,1,1,1,1,1,1,1,1,1,1,1,1,0,0,0,0,0,0,0,0,0,1,0,0,0,0,0,0,0,0,0,0,0,0,0,0,0,0,0,0,0,0,0,0,13,0,0,0,0,0,0,0,0,0,0,0,0,0,0,0,0,0,0,0,0,0,0,0,0,0,0,0,0,0,0,0,0,0,0,0,0,0,0,0,0,0,0,0,0,0,0,0,0
-0.674996,0.0178862,0.506169,0,0,0,0,-1.823e-07,-9.72216e-10,1.22884e-07,163,162,164,166,578,579,1755,1756,1757,1759,2171,2172,0,0,0,0,0,0,0,0,0,0,0,162,164,166,578,579,1755,1756,1757,1759,2171,2172,0,0,0,0,0,0,0,0,0,0,0,0.0385488,0.0373591,0.0330584,0.0384747,0.0366483,0.107945,0.1,0.107497,0.105978,0.107909,0.10732,0,0,0,0,0,0,0,0,0,0,0,0.0385936,0.037349,0.0332593,0.0384717,0.0368785,0.107977,0.1,0.107492,0.105971,0.107928,0.107294,0,0,0,0,0,0,0,0,0,0,0,1,1,1,1,1,1,1,1,1,1,1,0,0,0,0,0,0,0,0,0,0,0,1,1,1,1,1,1,1,1,1,1,1,0,0,0,0,0,0,0,0,0,0,0,1,0,0,0,0,0,0,0,0,0,0,0,0,0,0,0,0,0,0,0,0,0,0,11,0,0,0,0,0,0,0,0,0,0,0,0,0,0,0,0,0,0,0,0,0,0,0,0,0,0,0,0,0,0,0,0,0,0,0,0,0,0,0,0,0,0,0,0,0,0,0,0
-0.684239,0.000399829,0.474475,0,0,0,0,-1.94417e-07,4.11733e-10,1.25622e-07,164,163,579,1756,1757,2172,0,0,0,0,0,0,0,0,0,0,0,0,0,0,0,0,0,163,579,1756,1757,2172,0,0,0,0,0,0,0,0,0,0,0,0,0,0,0,0,0,0.0373591,0.0372967,0.107463,0.100017,0.107476,0,0,0,0,0,0,0,0,0,0,0,0,0,0,0,0,0,0.037349,0.0372999,0.107489,0.1,0.107468,0,0,0,0,0,0,0,0,0,0,0,0,0,0,0,0,0,1,1,1,1,1,0,0,0,0,0,0,0,0,0,0,0,0,0,0,0,0,0,1,1,1,1,1,0,0,0,0,0,0,0,0,0,0,0,0,0,0,0,0,0,1,0,0,0,0,0,0,0,0,0,0,0,0,0,0,0,0,0,0,0,0,0,0,5,0,0,0,0,0,0,0,0,0,0,0,0,0,0,0,0,0,0,0,0,0,0,0,0,0,0,0,0,0,0,0,0,0,0,0,0,0,0,0,0,0,0,0,0,0,0,0,0
-0.677043,0.081191,0.485301,0,0,0,0,-1.88363e-07,-4.92915e-09,1.21246e-07,165,166,170,171,1758,1759,1763,1764,0,0,0,0,0,0,0,0,0,0,0,0,0,0,0,166,170,171,1758,1759,1763,1764,0,0,0,0,0,0,0,0,0,0,0,0,0,0,0,0.0336461,0.0394175,0.0462071,0.100017,0.106184,0.10831,0.111179,0,0,0,0,0,0,0,0,0,0,0,0,0,0,0,0.0337731,0.039532,0.0460474,0.1,0.106153,0.108352,0.11119,0,0,0,0,0,0,0,0,0,0,0,0,0,0,0,1,1,1,1,1,1,1,0,0,0,0,0,0,0,0,0,0,0,0,0,0,0,1,1,1,1,1,1,1,0,0,0,0,0,0,0,0,0,0,0,0,0,0,0,1,0,0,0,0,0,0,0,0,0,0,0,0,0,0,0,0,0,0,0,0,0,0,7,0,0,0,0,0,0,0,0,0,0,0,0,0,0,0,0,0,0,0,0,0,0,0,0,0,0,0,0,0,0,0,0,0,0,0,0,0,0,0,0,0,0,0,0,0,0,0,0
-0.676591,0.0493979,0.496303,0,0,0,0,-1.85485e-07,-3.30259e-09,1.22422e-07,166,162,163,165,171,1755,1756,1758,1759,1764,0,0,0,0,0,0,0,0,0,0,0,0,0,162,163,165,171,1755,1756,1758,1759,1764,0,0,0,0,0,0,0,0,0,0,0,0,0,0.0456669,0.0330584,0.0336461,0.0390253,0.110938,0.105983,0.106143,0.100005,0.108195,0,0,0,0,0,0,0,0,0,0,0,0,0,0.0455639,0.0332593,0.0337731,0.039109,0.110967,0.105972,0.106151,0.1,0.108182,0,0,0,0,0,0,0,0,0,0,0,0,0,1,1,1,1,1,1,1,1,1,0,0,0,0,0,0,0,0,0,0,0,0,0,1,1,1,1,1,1,1,1,1,0,0,0,0,0,0,0,0,0,0,0,0,0,1,0,0,0,0,0,0,0,0,0,0,0,0,0,0,0,0,0,0,0,0,0,0,9,0,0,0,0,0,0,0,0,0,0,0,0,0,0,0,0,0,0,0,0,0,0,0,0,0,0,0,0,0,0,0,0,0,0,0,0,0,0,0,0,0,0,0,0,0,0,0,0
-0.656692,0.201605,0.472948,0,0,0,0,-1.77943e-07,-2.03234e-08,1.05004e-07,167,168,173,174,1760,1761,1766,1767,0,0,0,0,0,0,0,0,0,0,0,0,0,0,0,168,173,174,1760,1761,1766,1767,0,0,0,0,0,0,0,0,0,0,0,0,0,0,0,0.0376607,0.0410287,0.0487625,0.100016,0.107663,0.109024,0.112371,0,0,0,0,0,0,0,0,0,0,0,0,0,0,0,0.03785,0.041224,0.0485254,0.1,0.107672,0.109046,0.11236,0,0,0,0,0,0,0,0,0,0,0,0,0,0,0,1,1,1,1,1,1,1,0,0,0,0,0,0,0,0,0,0,0,0,0,0,0,1,1,1,1,1,1,1,0,0,0,0,0,0,0,0,0,0,0,0,0,0,0,1,0,0,0,0,0,0,0,0,0,0,0,0,0,0,0,0,0,0,0,0,0,0,7,0,0,0,0,0,0,0,0,0,0,0,0,0,0,0,0,0,0,0,0,0,0,0,0,0,0,0,0,0,0,0,0,0,0,0,0,0,0,0,0,0,0,0,0,0,0,0,0
-0.660842,0.167932,0.489296,0,0,0,0,-1.77253e-07,-1.6639e-08,1.10114e-07,168,167,169,174,175,1760,1761,1762,1767,1768,0,0,0,0,0,0,0,0,0,0,0,0,0,167,169,174,175,1760,1761,1762,1767,1768,0,0,0,0,0,0,0,0,0,0,0,0,0,0.0376607,0.0365662,0.0409548,0.048174,0.107681,0.100011,0.107234,0.109036,0.112093,0,0,0,0,0,0,0,0,0,0,0,0,0,0.03785,0.036854,0.0411085,0.0480087,0.10767,0.1,0.107287,0.108999,0.112112,0,0,0,0,0,0,0,0,0,0,0,0,0,1,1,1,1,1,1,1,1,1,0,0,0,0,0,0,0,0,0,0,0,0,0,1,1,1,1,1,1,1,1,1,0,0,0,0,0,0,0,0,0,0,0,0,0,1,0,0,0,0,0,0,0,0,0,0,0,0,0,0,0,0,0,0,0,0,0,0,9,0,0,0,0,0,0,0,0,0,0,0,0,0,0,0,0,0,0,0,0,0,0,0,0,0,0,0,0,0,0,0,0,0,0,0,0,0,0,0,0,0,0,0,0,0,0,0,0
-0.66356,0.134516,0.503893,0,0,0,0,-1.76287e-07,-1.27126e-08,1.14108e-07,169,168,170,175,176,1761,1762,1763,1768,1769,0,0,0,0,0,0,0,0,0,0,0,0,0,168,170,175,176,1761,1762,1763,1768,1769,0,0,0,0,0,0,0,0,0,0,0,0,0,0.0365662,0.0355235,0.0407995,0.0475617,0.107343,0.100009,0.106847,0.108945,0.111788,0,0,0,0,0,0,0,0,0,0,0,0,0,0.036854,0.0358497,0.040909,0.0474322,0.107285,0.1,0.106908,0.108917,0.111838,0,0,0,0,0,0,0,0,0,0,0,0,0,1,1,1,1,1,1,1,1,1,0,0,0,0,0,0,0,0,0,0,0,0,0,1,1,1,1,1,1,1,1,1,0,0,0,0,0,0,0,0,0,0,0,0,0,1,0,0,0,0,0,0,0,0,0,0,0,0,0,0,0,0,0,0,0,0,0,0,9,0,0,0,0,0,0,0,0,0,0,0,0,0,0,0,0,0,0,0,0,0,0,0,0,0,0,0,0,0,0,0,0,0,0,0,0,0,0,0,0,0,0,0,0,0,0,0,0
-0.664908,0.101467,0.51685,0,0,0,0,-1.74675e-07,-8.6401e-09,1.17186e-07,170,165,169,171,176,177,1758,1762,1763,1764,1769,1770,0,0,0,0,0,0,0,0,0,0,0,165,169,171,176,177,1758,1762,1763,1764,1769,1770,0,0,0,0,0,0,0,0,0,0,0,0.0394175,0.0355235,0.0346043,0.0404941,0.0469079,0.108386,0.106975,0.0999958,0.10654,0.108785,0.11148,0,0,0,0,0,0,0,0,0,0,0,0.039532,0.0358497,0.0349226,0.0406246,0.0468409,0.108354,0.106906,0.1,0.106566,0.1088,0.111559,0,0,0,0,0,0,0,0,0,0,0,1,1,1,1,1,1,1,1,1,1,1,0,0,0,0,0,0,0,0,0,0,0,1,1,1,1,1,1,1,1,1,1,1,0,0,0,0,0,0,0,0,0,0,0,1,0,0,0,0,0,0,0,0,0,0,0,0,0,0,0,0,0,0,0,0,0,0,11,0,0,0,0,0,0,0,0,0,0,0,0,0,0,0,0,0,0,0,0,0,0,0,0,0,0,0,0,0,0,0,0,0,0,0,0,0,0,0,0,0,0,0,0,0,0,0,0
-0.665015,0.0687597,0.528148,0,0,0,0,-1.72913e-07,-5.26413e-09,1.18138e-07,171,161,162,165,166,170,177,1754,1755,1758,1759,1763,1764,1770,0,0,0,0,0,0,0,0,0,161,162,165,166,170,177,1754,1755,1758,1759,1763,1764,1770,0,0,0,0,0,0,0,0,0,0.0464184,0.0339946,0.0462071,0.0390253,0.0346043,0.0401887,0.11127,0.106344,0.111153,0.108166,0.106617,0.100014,0.108656,0,0,0,0,0,0,0,0,0,0.0463069,0.0342684,0.0460474,0.039109,0.0349226,0.0402508,0.111309,0.10633,0.1112,0.108184,0.106564,0.1,0.108647,0,0,0,0,0,0,0,0,0,1,1,1,1,1,1,1,1,1,1,1,1,1,0,0,0,0,0,0,0,0,0,1,1,1,1,1,1,1,1,1,1,1,1,1,0,0,0,0,0,0,0,0,0,1,0,0,0,0,0,0,0,0,0,0,0,0,0,0,0,0,0,0,0,0,0,0,13,0,0,0,0,0,0,0,0,0,0,0,0,0,0,0,0,0,0,0,0,0,0,0,0,0,0,0,0,0,0,0,0,0,0,0,0,0,0,0,0,0,0,0,0,0,0,0,0
-0.634012,0.259668,0.48275,0,0,0,0,-1.62352e-07,-2.89652e-08,9.06628e-08,172,173,179,180,1765,1766,1772,1773,0,0,0,0,0,0,0,0,0,0,0,0,0,0,0,173,179,180,1765,1766,1772,1773,0,0,0,0,0,0,0,0,0,0,0,0,0,0,0,0.0397226,0.0417326,0.0498757,0.100015,0.108501,0.109354,0.112884,0,0,0,0,0,0,0,0,0,0,0,0,0,0,0,0.03998,0.0419998,0.0495596,0.1,0.108526,0.109373,0.112862,0,0,0,0,0,0,0,0,0,0,0,0,0,0,0,1,1,1,1,1,1,1,0,0,0,0,0,0,0,0,0,0,0,0,0,0,0,1,1,1,1,1,1,1,0,0,0,0,0,0,0,0,0,0,0,0,0,0,0,1,0,0,0,0,0,0,0,0,0,0,0,0,0,0,0,0,0,0,0,0,0,0,7,0,0,0,0,0,0,0,0,0,0,0,0,0,0,0,0,0,0,0,0,0,0,0,0,0,0,0,0,0,0,0,0,0,0,0,0,0,0,0,0,0,0,0,0,0,0,0,0
-0.640326,0.225504,0.502006,0,0,0,0,-1.62569e-07,-2.33631e-08,9.77441e-08,173,167,172,174,180,181,1760,1765,1766,1767,1773,1774,0,0,0,0,0,0,0,0,0,0,0,167,172,174,180,181,1760,1765,1766,1767,1773,1774,0,0,0,0,0,0,0,0,0,0,0,0.0410287,0.0397226,0.0386973,0.0417264,0.0493476,0.109059,0.108534,0.100016,0.108125,0.109393,0.112642,0,0,0,0,0,0,0,0,0,0,0,0.041224,0.03998,0.0390568,0.0420412,0.0491935,0.109046,0.108524,0.1,0.108151,0.109393,0.112683,0,0,0,0,0,0,0,0,0,0,0,1,1,1,1,1,1,1,1,1,1,1,0,0,0,0,0,0,0,0,0,0,0,1,1,1,1,1,1,1,1,1,1,1,0,0,0,0,0,0,0,0,0,0,0,1,0,0,0,0,0,0,0,0,0,0,0,0,0,0,0,0,0,0,0,0,0,0,11,0,0,0,0,0,0,0,0,0,0,0,0,0,0,0,0,0,0,0,0,0,0,0,0,0,0,0,0,0,0,0,0,0,0,0,0,0,0,0,0,0,0,0,0,0,0,0,0
-0.645214,0.191172,0.519178,0,0,0,0,-1.62755e-07,-1.82504e-08,1.02881e-07,174,167,168,173,175,181,182,1760,1761,1766,1767,1768,1774,1775,0,0,0,0,0,0,0,0,0,167,168,173,175,181,182,1760,1761,1766,1767,1768,1774,1775,0,0,0,0,0,0,0,0,0,0.0487625,0.0409548,0.0386973,0.0377323,0.0418263,0.0489082,0.112326,0.108963,0.108168,0.100017,0.107754,0.109415,0.112444,0,0,0,0,0,0,0,0,0,0.0485254,0.0411085,0.0390568,0.0380641,0.041996,0.0487199,0.112373,0.109,0.108149,0.1,0.107757,0.109375,0.112453,0,0,0,0,0,0,0,0,0,1,1,1,1,1,1,1,1,1,1,1,1,1,0,0,0,0,0,0,0,0,0,1,1,1,1,1,1,1,1,1,1,1,1,1,0,0,0,0,0,0,0,0,0,1,0,0,0,0,0,0,0,0,0,0,0,0,0,0,0,0,0,0,0,0,0,0,13,0,0,0,0,0,0,0,0,0,0,0,0,0,0,0,0,0,0,0,0,0,0,0,0,0,0,0,0,0,0,0,0,0,0,0,0,0,0,0,0,0,0,0,0,0,0,0,0
-0.648633,0.156892,0.53457,0,0,0,0,-1.62255e-07,-1.38315e-08,1.07442e-07,175,168,169,174,176,182,183,1761,1762,1767,1768,1769,1775,1776,0,0,0,0,0,0,0,0,0,168,169,174,176,182,183,1761,1762,1767,1768,1769,1775,1776,0,0,0,0,0,0,0,0,0,0.048174,0.0407995,0.0377323,0.0367212,0.0417265,0.04833,0.112085,0.108896,0.107769,0.100015,0.107373,0.109349,0.112166,0,0,0,0,0,0,0,0,0,0.0480087,0.040909,0.0380641,0.0370521,0.0418624,0.0481759,0.112124,0.108918,0.107755,0.1,0.107364,0.109319,0.112191,0,0,0,0,0,0,0,0,0,1,1,1,1,1,1,1,1,1,1,1,1,1,0,0,0,0,0,0,0,0,0,1,1,1,1,1,1,1,1,1,1,1,1,1,0,0,0,0,0,0,0,0,0,1,0,0,0,0,0,0,0,0,0,0,0,0,0,0,0,0,0,0,0,0,0,0,13,0,0,0,0,0,0,0,0,0,0,0,0,0,0,0,0,0,0,0,0,0,0,0,0,0,0,0,0,0,0,0,0,0,0,0,0,0,0,0,0,0,0,0,0,0,0,0,0
-0.650673,0.122839,0.548161,0,0,0,0,-1.61317e-07,-9.93446e-09,1.10974e-07,176,169,170,175,177,183,184,1762,1763,1768,1769,1770,1776,1777,0,0,0,0,0,0,0,0,0,169,170,175,177,183,184,1762,1763,1768,1769,1770,1776,1777,0,0,0,0,0,0,0,0,0,0.0475617,0.0404941,0.0367212,0.0357858,0.0415259,0.0477209,0.111826,0.10882,0.107375,0.100012,0.107004,0.109231,0.111869,0,0,0,0,0,0,0,0,0,0.0474322,0.0406246,0.0370521,0.0360999,0.0416398,0.0476021,0.111849,0.108802,0.107362,0.1,0.107002,0.109226,0.111918,0,0,0,0,0,0,0,0,0,1,1,1,1,1,1,1,1,1,1,1,1,1,0,0,0,0,0,0,0,0,0,1,1,1,1,1,1,1,1,1,1,1,1,1,0,0,0,0,0,0,0,0,0,1,0,0,0,0,0,0,0,0,0,0,0,0,0,0,0,0,0,0,0,0,0,0,13,0,0,0,0,0,0,0,0,0,0,0,0,0,0,0,0,0,0,0,0,0,0,0,0,0,0,0,0,0,0,0,0,0,0,0,0,0,0,0,0,0,0,0,0,0,0,0,0
-0.651401,0.0890877,0.560032,0,0,0,0,-1.59944e-07,-6.69408e-09,1.13161e-07,177,160,161,170,171,176,184,1753,1754,1763,1764,1769,1770,1777,0,0,0,0,0,0,0,0,0,160,161,170,171,176,184,1753,1754,1763,1764,1769,1770,1777,0,0,0,0,0,0,0,0,0,0.0471632,0.0350334,0.0469079,0.0401887,0.0357858,0.0412432,0.111598,0.106732,0.111575,0.108641,0.107027,0.100011,0.109092,0,0,0,0,0,0,0,0,0,0.0470537,0.0353528,0.0468409,0.0402508,0.0360999,0.0413251,0.111658,0.106725,0.111569,0.108649,0.107,0.1,0.109094,0,0,0,0,0,0,0,0,0,1,1,1,1,1,1,1,1,1,1,1,1,1,0,0,0,0,0,0,0,0,0,1,1,1,1,1,1,1,1,1,1,1,1,1,0,0,0,0,0,0,0,0,0,1,0,0,0,0,0,0,0,0,0,0,0,0,0,0,0,0,0,0,0,0,0,0,13,0,0,0,0,0,0,0,0,0,0,0,0,0,0,0,0,0,0,0,0,0,0,0,0,0,0,0,0,0,0,0,0,0,0,0,0,0,0,0,0,0,0,0,0,0,0,0,0
-0.605933,0.3187,0.487506,0,0,0,0,-1.45136e-07,-4.0645e-08,7.30426e-08,178,179,186,187,1771,1772,1779,1780,0,0,0,0,0,0,0,0,0,0,0,0,0,0,0,179,186,187,1771,1772,1779,1780,0,0,0,0,0,0,0,0,0,0,0,0,0,0,0,0.0416191,0.0420245,0.0505352,0.100013,0.109291,0.109512,0.113197,0,0,0,0,0,0,0,0,0,0,0,0,0,0,0,0.0419312,0.0423527,0.0501596,0.1,0.109343,0.109523,0.113157,0,0,0,0,0,0,0,0,0,0,0,0,0,0,0,1,1,1,1,1,1,1,0,0,0,0,0,0,0,0,0,0,0,0,0,0,0,1,1,1,1,1,1,1,0,0,0,0,0,0,0,0,0,0,0,0,0,0,0,1,0,0,0,0,0,0,0,0,0,0,0,0,0,0,0,0,0,0,0,0,0,0,7,0,0,0,0,0,0,0,0,0,0,0,0,0,0,0,0,0,0,0,0,0,0,0,0,0,0,0,0,0,0,0,0,0,0,0,0,0,0,0,0,0,0,0,0,0,0,0,0
-0.614547,0.284688,0.509892,0,0,0,0,-1.46437e-07,-3.29465e-08,8.17746e-08,179,172,178,180,187,188,1765,1771,1772,1773,1780,1781,0,0,0,0,0,0,0,0,0,0,0,172,178,180,187,188,1765,1771,1772,1773,1780,1781,0,0,0,0,0,0,0,0,0,0,0,0.0417326,0.0416191,0.0407239,0.0421549,0.0502115,0.109377,0.109356,0.100028,0.108975,0.109611,0.113052,0,0,0,0,0,0,0,0,0,0,0,0.0419998,0.0419312,0.0411602,0.0425684,0.0500299,0.109372,0.109341,0.1,0.109016,0.109618,0.113093,0,0,0,0,0,0,0,0,0,0,0,1,1,1,1,1,1,1,1,1,1,1,0,0,0,0,0,0,0,0,0,0,0,1,1,1,1,1,1,1,1,1,1,1,0,0,0,0,0,0,0,0,0,0,0,1,0,0,0,0,0,0,0,0,0,0,0,0,0,0,0,0,0,0,0,0,0,0,11,0,0,0,0,0,0,0,0,0,0,0,0,0,0,0,0,0,0,0,0,0,0,0,0,0,0,0,0,0,0,0,0,0,0,0,0,0,0,0,0,0,0,0,0,0,0,0,0
-0.621715,0.250081,0.530125,0,0,0,0,-1.47584e-07,-2.59563e-08,8.87122e-08,180,172,173,179,181,188,189,1765,1766,1772,1773,1774,1781,1782,0,0,0,0,0,0,0,0,0,172,173,179,181,188,189,1765,1766,1772,1773,1774,1781,1782,0,0,0,0,0,0,0,0,0,0.0498757,0.0417264,0.0407239,0.0398975,0.0424341,0.0499581,0.112838,0.109387,0.109023,0.10002,0.108619,0.109702,0.112933,0,0,0,0,0,0,0,0,0,0.0495596,0.0420412,0.0411602,0.0402603,0.042701,0.0497395,0.112876,0.109392,0.109014,0.1,0.108642,0.109676,0.11295,0,0,0,0,0,0,0,0,0,1,1,1,1,1,1,1,1,1,1,1,1,1,0,0,0,0,0,0,0,0,0,1,1,1,1,1,1,1,1,1,1,1,1,1,0,0,0,0,0,0,0,0,0,1,0,0,0,0,0,0,0,0,0,0,0,0,0,0,0,0,0,0,0,0,0,0,13,0,0,0,0,0,0,0,0,0,0,0,0,0,0,0,0,0,0,0,0,0,0,0,0,0,0,0,0,0,0,0,0,0,0,0,0,0,0,0,0,0,0,0,0,0,0,0,0
-0.627336,0.215095,0.548461,0,0,0,0,-1.48069e-07,-2.01833e-08,9.49327e-08,181,173,174,180,182,189,190,1766,1767,1773,1774,1775,1782,1783,0,0,0,0,0,0,0,0,0,173,174,180,182,189,190,1766,1767,1773,1774,1775,1782,1783,0,0,0,0,0,0,0,0,0,0.0493476,0.0418263,0.0398975,0.0389089,0.042529,0.0495065,0.112686,0.109355,0.108648,0.100016,0.108224,0.109726,0.112716,0,0,0,0,0,0,0,0,0,0.0491935,0.041996,0.0402603,0.0392786,0.0427427,0.0493291,0.112697,0.109374,0.108639,0.1,0.108241,0.109696,0.112749,0,0,0,0,0,0,0,0,0,1,1,1,1,1,1,1,1,1,1,1,1,1,0,0,0,0,0,0,0,0,0,1,1,1,1,1,1,1,1,1,1,1,1,1,0,0,0,0,0,0,0,0,0,1,0,0,0,0,0,0,0,0,0,0,0,0,0,0,0,0,0,0,0,0,0,0,13,0,0,0,0,0,0,0,0,0,0,0,0,0,0,0,0,0,0,0,0,0,0,0,0,0,0,0,0,0,0,0,0,0,0,0,0,0,0,0,0,0,0,0,0,0,0,0,0
-0.631493,0.180018,0.564778,0,0,0,0,-1.48152e-07,-1.53192e-08,9.99599e-08,182,174,175,181,183,190,191,1767,1768,1774,1775,1776,1783,1784,0,0,0,0,0,0,0,0,0,174,175,181,183,190,191,1767,1768,1774,1775,1776,1783,1784,0,0,0,0,0,0,0,0,0,0.0489082,0.0417265,0.0389089,0.0379102,0.042542,0.049,0.112412,0.109314,0.108255,0.100013,0.107842,0.109711,0.112479,0,0,0,0,0,0,0,0,0,0.0487199,0.0418624,0.0392786,0.0382675,0.0426914,0.0488394,0.112466,0.109319,0.108239,0.1,0.107838,0.109675,0.112511,0,0,0,0,0,0,0,0,0,1,1,1,1,1,1,1,1,1,1,1,1,1,0,0,0,0,0,0,0,0,0,1,1,1,1,1,1,1,1,1,1,1,1,1,0,0,0,0,0,0,0,0,0,1,0,0,0,0,0,0,0,0,0,0,0,0,0,0,0,0,0,0,0,0,0,0,13,0,0,0,0,0,0,0,0,0,0,0,0,0,0,0,0,0,0,0,0,0,0,0,0,0,0,0,0,0,0,0,0,0,0,0,0,0,0,0,0,0,0,0,0,0,0,0,0
-0.634244,0.145051,0.579163,0,0,0,0,-1.47763e-07,-1.12374e-08,1.04017e-07,183,175,176,182,184,191,192,1768,1769,1775,1776,1777,1784,1785,0,0,0,0,0,0,0,0,0,175,176,182,184,191,192,1768,1769,1775,1776,1777,1784,1785,0,0,0,0,0,0,0,0,0,0.04833,0.0415259,0.0379102,0.0369515,0.0424349,0.0484441,0.112151,0.109246,0.107844,0.100012,0.107472,0.109637,0.112212,0,0,0,0,0,0,0,0,0,0.0481759,0.0416398,0.0382675,0.0373029,0.0425468,0.0483093,0.112203,0.109227,0.107835,0.1,0.107461,0.109614,0.112255,0,0,0,0,0,0,0,0,0,1,1,1,1,1,1,1,1,1,1,1,1,1,0,0,0,0,0,0,0,0,0,1,1,1,1,1,1,1,1,1,1,1,1,1,0,0,0,0,0,0,0,0,0,1,0,0,0,0,0,0,0,0,0,0,0,0,0,0,0,0,0,0,0,0,0,0,13,0,0,0,0,0,0,0,0,0,0,0,0,0,0,0,0,0,0,0,0,0,0,0,0,0,0,0,0,0,0,0,0,0,0,0,0,0,0,0,0,0,0,0,0,0,0,0,0
-0.635652,0.110317,0.591691,0,0,0,0,-1.4692e-07,-7.83877e-09,1.06922e-07,184,159,160,176,177,183,192,1752,1753,1769,1770,1776,1777,1785,0,0,0,0,0,0,0,0,0,159,160,176,177,183,192,1752,1753,1769,1770,1776,1777,1785,0,0,0,0,0,0,0,0,0,0.0479048,0.0361449,0.0477209,0.0412432,0.0369515,0.042224,0.111944,0.10717,0.111898,0.109113,0.107472,0.100012,0.10952,0,0,0,0,0,0,0,0,0,0.0477792,0.0364975,0.0476021,0.0413251,0.0373029,0.0423056,0.112001,0.107153,0.111928,0.109096,0.107459,0.1,0.109512,0,0,0,0,0,0,0,0,0,1,1,1,1,1,1,1,1,1,1,1,1,1,0,0,0,0,0,0,0,0,0,1,1,1,1,1,1,1,1,1,1,1,1,1,0,0,0,0,0,0,0,0,0,1,0,0,0,0,0,0,0,0,0,0,0,0,0,0,0,0,0,0,0,0,0,0,13,0,0,0,0,0,0,0,0,0,0,0,0,0,0,0,0,0,0,0,0,0,0,0,0,0,0,0,0,0,0,0,0,0,0,0,0,0,0,0,0,0,0,0,0,0,0,0,0
-0.572486,0.377364,0.486451,0,0,0,0,-1.26954e-07,-5.55578e-08,5.25072e-08,185,186,194,195,1778,1779,1787,1788,0,0,0,0,0,0,0,0,0,0,0,0,0,0,0,186,194,195,1778,1779,1787,1788,0,0,0,0,0,0,0,0,0,0,0,0,0,0,0,0.0432043,0.0417375,0.0504673,0.100011,0.109971,0.109419,0.113162,0,0,0,0,0,0,0,0,0,0,0,0,0,0,0,0.0435634,0.0421157,0.0500473,0.1,0.110052,0.10942,0.113101,0,0,0,0,0,0,0,0,0,0,0,0,0,0,0,1,1,1,1,1,1,1,0,0,0,0,0,0,0,0,0,0,0,0,0,0,0,1,1,1,1,1,1,1,0,0,0,0,0,0,0,0,0,0,0,0,0,0,0,1,0,0,0,0,0,0,0,0,0,0,0,0,0,0,0,0,0,0,0,0,0,0,7,0,0,0,0,0,0,0,0,0,0,0,0,0,0,0,0,0,0,0,0,0,0,0,0,0,0,0,0,0,0,0,0,0,0,0,0,0,0,0,0,0,0,0,0,0,0,0,0
-0.583368,0.344295,0.512036,0,0,0,0,-1.29185e-07,-4.55435e-08,6.25361e-08,186,178,185,187,195,196,1771,1778,1779,1780,1788,1789,0,0,0,0,0,0,0,0,0,0,0,178,185,187,195,196,1771,1778,1779,1780,1788,1789,0,0,0,0,0,0,0,0,0,0,0,0.0420245,0.0432043,0.042548,0.0420381,0.0505166,0.109509,0.110071,0.100047,0.109764,0.109591,0.113204,0,0,0,0,0,0,0,0,0,0,0,0.0423527,0.0435634,0.0430506,0.0425398,0.0503169,0.109521,0.11005,0.1,0.109827,0.109604,0.113235,0,0,0,0,0,0,0,0,0,0,0,1,1,1,1,1,1,1,1,1,1,1,0,0,0,0,0,0,0,0,0,0,0,1,1,1,1,1,1,1,1,1,1,1,0,0,0,0,0,0,0,0,0,0,0,1,0,0,0,0,0,0,0,0,0,0,0,0,0,0,0,0,0,0,0,0,0,0,11,0,0,0,0,0,0,0,0,0,0,0,0,0,0,0,0,0,0,0,0,0,0,0,0,0,0,0,0,0,0,0,0,0,0,0,0,0,0,0,0,0,0,0,0,0,0,0,0
-0.592859,0.310138,0.535563,0,0,0,0,-1.3116e-07,-3.64206e-08,7.11189e-08,187,178,179,186,188,196,197,1771,1772,1779,1780,1781,1789,1790,0,0,0,0,0,0,0,0,0,178,179,186,188,196,197,1771,1772,1779,1780,1781,1789,1790,0,0,0,0,0,0,0,0,0,0.0505352,0.0421549,0.042548,0.0419152,0.0425482,0.0505719,0.113147,0.109609,0.109824,0.100025,0.109474,0.109777,0.113224,0,0,0,0,0,0,0,0,0,0.0501596,0.0425684,0.0430506,0.0423233,0.0428934,0.0503162,0.113172,0.109616,0.109825,0.1,0.109512,0.109758,0.113234,0,0,0,0,0,0,0,0,0,1,1,1,1,1,1,1,1,1,1,1,1,1,0,0,0,0,0,0,0,0,0,1,1,1,1,1,1,1,1,1,1,1,1,1,0,0,0,0,0,0,0,0,0,1,0,0,0,0,0,0,0,0,0,0,0,0,0,0,0,0,0,0,0,0,0,0,13,0,0,0,0,0,0,0,0,0,0,0,0,0,0,0,0,0,0,0,0,0,0,0,0,0,0,0,0,0,0,0,0,0,0,0,0,0,0,0,0,0,0,0,0,0,0,0,0
-0.60077,0.275135,0.557223,0,0,0,0,-1.32511e-07,-2.87215e-08,7.90691e-08,188,179,180,187,189,197,198,1772,1773,1780,1781,1782,1790,1791,0,0,0,0,0,0,0,0,0,179,180,187,189,197,198,1772,1773,1780,1781,1782,1790,1791,0,0,0,0,0,0,0,0,0,0.0502115,0.0424341,0.0419152,0.0410399,0.0428523,0.0503373,0.113116,0.109673,0.109502,0.10002,0.109103,0.109893,0.113104,0,0,0,0,0,0,0,0,0,0.0500299,0.042701,0.0423233,0.0414528,0.0431497,0.0501272,0.113107,0.109675,0.109509,0.1,0.109141,0.109871,0.113141,0,0,0,0,0,0,0,0,0,1,1,1,1,1,1,1,1,1,1,1,1,1,0,0,0,0,0,0,0,0,0,1,1,1,1,1,1,1,1,1,1,1,1,1,0,0,0,0,0,0,0,0,0,1,0,0,0,0,0,0,0,0,0,0,0,0,0,0,0,0,0,0,0,0,0,0,13,0,0,0,0,0,0,0,0,0,0,0,0,0,0,0,0,0,0,0,0,0,0,0,0,0,0,0,0,0,0,0,0,0,0,0,0,0,0,0,0,0,0,0,0,0,0,0,0
-0.60717,0.239616,0.576759,0,0,0,0,-1.33513e-07,-2.22941e-08,8.58376e-08,189,180,181,188,190,198,199,1773,1774,1781,1782,1783,1791,1792,0,0,0,0,0,0,0,0,0,180,181,188,190,198,199,1773,1774,1781,1782,1783,1791,1792,0,0,0,0,0,0,0,0,0,0.0499581,0.042529,0.0410399,0.0400976,0.0430824,0.0500014,0.11293,0.109698,0.109144,0.100016,0.108718,0.109977,0.112946,0,0,0,0,0,0,0,0,0,0.0497395,0.0427427,0.0414528,0.0404903,0.0433044,0.0498048,0.112964,0.109695,0.109138,0.1,0.108738,0.109941,0.112982,0,0,0,0,0,0,0,0,0,1,1,1,1,1,1,1,1,1,1,1,1,1,0,0,0,0,0,0,0,0,0,1,1,1,1,1,1,1,1,1,1,1,1,1,0,0,0,0,0,0,0,0,0,1,0,0,0,0,0,0,0,0,0,0,0,0,0,0,0,0,0,0,0,0,0,0,13,0,0,0,0,0,0,0,0,0,0,0,0,0,0,0,0,0,0,0,0,0,0,0,0,0,0,0,0,0,0,0,0,0,0,0,0,0,0,0,0,0,0,0,0,0,0,0,0
-0.612088,0.203845,0.594198,0,0,0,0,-1.3408e-07,-1.70015e-08,9.1592e-08,190,181,182,189,191,199,200,1774,1775,1782,1783,1784,1792,1793,0,0,0,0,0,0,0,0,0,181,182,189,191,199,200,1774,1775,1782,1783,1784,1792,1793,0,0,0,0,0,0,0,0,0,0.0495065,0.042542,0.0400976,0.0391035,0.04319,0.049566,0.112721,0.109678,0.108742,0.100014,0.108322,0.110005,0.11274,0,0,0,0,0,0,0,0,0,0.0493291,0.0426914,0.0404903,0.0394904,0.0433586,0.0493975,0.112762,0.109675,0.108735,0.1,0.108328,0.109966,0.112782,0,0,0,0,0,0,0,0,0,1,1,1,1,1,1,1,1,1,1,1,1,1,0,0,0,0,0,0,0,0,0,1,1,1,1,1,1,1,1,1,1,1,1,1,0,0,0,0,0,0,0,0,0,1,0,0,0,0,0,0,0,0,0,0,0,0,0,0,0,0,0,0,0,0,0,0,13,0,0,0,0,0,0,0,0,0,0,0,0,0,0,0,0,0,0,0,0,0,0,0,0,0,0,0,0,0,0,0,0,0,0,0,0,0,0,0,0,0,0,0,0,0,0,0,0
-0.61558,0.168051,0.60955,0,0,0,0,-1.34212e-07,-1.26339e-08,9.62414e-08,191,182,183,190,192,200,201,1775,1776,1783,1784,1785,1793,1794,0,0,0,0,0,0,0,0,0,182,183,190,192,200,201,1775,1776,1783,1784,1785,1793,1794,0,0,0,0,0,0,0,0,0,0.049,0.0424349,0.0391035,0.0381449,0.043192,0.0490902,0.112466,0.109629,0.108335,0.100012,0.10795,0.109983,0.112514,0,0,0,0,0,0,0,0,0,0.0488394,0.0425468,0.0394904,0.0385282,0.0433142,0.048945,0.112523,0.109614,0.108325,0.1,0.107942,0.109948,0.112561,0,0,0,0,0,0,0,0,0,1,1,1,1,1,1,1,1,1,1,1,1,1,0,0,0,0,0,0,0,0,0,1,1,1,1,1,1,1,1,1,1,1,1,1,0,0,0,0,0,0,0,0,0,1,0,0,0,0,0,0,0,0,0,0,0,0,0,0,0,0,0,0,0,0,0,0,13,0,0,0,0,0,0,0,0,0,0,0,0,0,0,0,0,0,0,0,0,0,0,0,0,0,0,0,0,0,0,0,0,0,0,0,0,0,0,0,0,0,0,0,0,0,0,0,0
-0.617707,0.132382,0.6229,0,0,0,0,-1.33874e-07,-9.0299e-09,9.97938e-08,192,158,159,183,184,191,201,1751,1752,1776,1777,1784,1785,1794,0,0,0,0,0,0,0,0,0,158,159,183,184,191,201,1751,1752,1776,1777,1784,1785,1794,0,0,0,0,0,0,0,0,0,0.0486045,0.0373064,0.0484441,0.042224,0.0381449,0.0430794,0.112272,0.107635,0.112215,0.109533,0.107951,0.100013,0.109906,0,0,0,0,0,0,0,0,0,0.0484699,0.0376947,0.0483093,0.0423056,0.0385282,0.0431673,0.112332,0.107614,0.112266,0.109512,0.107939,0.1,0.109885,0,0,0,0,0,0,0,0,0,1,1,1,1,1,1,1,1,1,1,1,1,1,0,0,0,0,0,0,0,0,0,1,1,1,1,1,1,1,1,1,1,1,1,1,0,0,0,0,0,0,0,0,0,1,0,0,0,0,0,0,0,0,0,0,0,0,0,0,0,0,0,0,0,0,0,0,13,0,0,0,0,0,0,0,0,0,0,0,0,0,0,0,0,0,0,0,0,0,0,0,0,0,0,0,0,0,0,0,0,0,0,0,0,0,0,0,0,0,0,0,0,0,0,0,0
-0.534378,0.433799,0.479173,0,0,0,0,-1.08875e-07,-7.36246e-08,2.99928e-08,193,194,203,204,1786,1787,1796,1797,0,0,0,0,0,0,0,0,0,0,0,0,0,0,0,194,203,204,1786,1787,1796,1797,0,0,0,0,0,0,0,0,0,0,0,0,0,0,0,0.0438433,0.0388242,0.0488669,0.100008,0.11024,0.108223,0.112389,0,0,0,0,0,0,0,0,0,0,0,0,0,0,0,0.0442185,0.0392243,0.0484242,0.1,0.110343,0.108217,0.112311,0,0,0,0,0,0,0,0,0,0,0,0,0,0,0,1,1,1,1,1,1,1,0,0,0,0,0,0,0,0,0,0,0,0,0,0,0,1,1,1,1,1,1,1,0,0,0,0,0,0,0,0,0,0,0,0,0,0,0,1,0,0,0,0,0,0,0,0,0,0,0,0,0,0,0,0,0,0,0,0,0,0,7,0,0,0,0,0,0,0,0,0,0,0,0,0,0,0,0,0,0,0,0,0,0,0,0,0,0,0,0,0,0,0,0,0,0,0,0,0,0,0,0,0,0,0,0,0,0,0,0
-0.547102,0.402901,0.507558,0,0,0,0,-1.11631e-07,-6.14547e-08,4.06479e-08,194,185,193,195,204,205,1778,1786,1787,1788,1797,1798,0,0,0,0,0,0,0,0,0,0,0,185,193,195,204,205,1778,1786,1787,1788,1797,1798,0,0,0,0,0,0,0,0,0,0,0,0.0417375,0.0438433,0.0440858,0.0406897,0.049891,0.109385,0.110366,0.100066,0.110445,0.109039,0.112908,0,0,0,0,0,0,0,0,0,0,0,0.0421157,0.0442185,0.0446261,0.0412648,0.0496826,0.109417,0.110343,0.1,0.110526,0.109059,0.112922,0,0,0,0,0,0,0,0,0,0,0,1,1,1,1,1,1,1,1,1,1,1,0,0,0,0,0,0,0,0,0,0,0,1,1,1,1,1,1,1,1,1,1,1,0,0,0,0,0,0,0,0,0,0,0,1,0,0,0,0,0,0,0,0,0,0,0,0,0,0,0,0,0,0,0,0,0,0,11,0,0,0,0,0,0,0,0,0,0,0,0,0,0,0,0,0,0,0,0,0,0,0,0,0,0,0,0,0,0,0,0,0,0,0,0,0,0,0,0,0,0,0,0,0,0,0,0
-0.558796,0.369994,0.534464,0,0,0,0,-1.14125e-07,-5.00748e-08,5.05446e-08,195,185,186,194,196,205,206,1778,1779,1787,1788,1789,1798,1799,0,0,0,0,0,0,0,0,0,185,186,194,196,205,206,1778,1779,1787,1788,1789,1798,1799,0,0,0,0,0,0,0,0,0,0.0504673,0.0420381,0.0440858,0.0437226,0.0418025,0.0504962,0.11311,0.109587,0.110511,0.100031,0.110264,0.109474,0.113186,0,0,0,0,0,0,0,0,0,0.0500473,0.0425398,0.0446261,0.0441543,0.0422208,0.0502123,0.113116,0.109601,0.110525,0.1,0.110315,0.109466,0.113183,0,0,0,0,0,0,0,0,0,1,1,1,1,1,1,1,1,1,1,1,1,1,0,0,0,0,0,0,0,0,0,1,1,1,1,1,1,1,1,1,1,1,1,1,0,0,0,0,0,0,0,0,0,1,0,0,0,0,0,0,0,0,0,0,0,0,0,0,0,0,0,0,0,0,0,0,13,0,0,0,0,0,0,0,0,0,0,0,0,0,0,0,0,0,0,0,0,0,0,0,0,0,0,0,0,0,0,0,0,0,0,0,0,0,0,0,0,0,0,0,0,0,0,0,0
-0.568939,0.335753,0.559689,0,0,0,0,-1.16114e-07,-4.01643e-08,5.99593e-08,196,186,187,195,197,206,207,1779,1780,1788,1789,1790,1799,1800,0,0,0,0,0,0,0,0,0,186,187,195,197,206,207,1779,1780,1788,1789,1790,1799,1800,0,0,0,0,0,0,0,0,0,0.0505166,0.0425482,0.0437226,0.043018,0.0424702,0.0506122,0.113279,0.109757,0.11029,0.100027,0.109956,0.109747,0.113231,0,0,0,0,0,0,0,0,0,0.0503169,0.0428934,0.0441543,0.0434632,0.0428446,0.0503732,0.113249,0.109756,0.110313,0.1,0.110009,0.109737,0.113262,0,0,0,0,0,0,0,0,0,1,1,1,1,1,1,1,1,1,1,1,1,1,0,0,0,0,0,0,0,0,0,1,1,1,1,1,1,1,1,1,1,1,1,1,0,0,0,0,0,0,0,0,0,1,0,0,0,0,0,0,0,0,0,0,0,0,0,0,0,0,0,0,0,0,0,0,13,0,0,0,0,0,0,0,0,0,0,0,0,0,0,0,0,0,0,0,0,0,0,0,0,0,0,0,0,0,0,0,0,0,0,0,0,0,0,0,0,0,0,0,0,0,0,0,0
-0.57759,0.300521,0.582807,0,0,0,0,-1.17834e-07,-3.17285e-08,6.83903e-08,197,187,188,196,198,207,208,1780,1781,1789,1790,1791,1800,1801,0,0,0,0,0,0,0,0,0,187,188,196,198,207,208,1780,1781,1789,1790,1791,1800,1801,0,0,0,0,0,0,0,0,0,0.0505719,0.0428523,0.043018,0.0422008,0.0430027,0.0505459,0.11323,0.109886,0.109994,0.100019,0.109606,0.109966,0.113199,0,0,0,0,0,0,0,0,0,0.0503162,0.0431497,0.0434632,0.0426249,0.0432975,0.0503115,0.113249,0.109869,0.110006,0.1,0.109643,0.109936,0.113232,0,0,0,0,0,0,0,0,0,1,1,1,1,1,1,1,1,1,1,1,1,1,0,0,0,0,0,0,0,0,0,1,1,1,1,1,1,1,1,1,1,1,1,1,0,0,0,0,0,0,0,0,0,1,0,0,0,0,0,0,0,0,0,0,0,0,0,0,0,0,0,0,0,0,0,0,13,0,0,0,0,0,0,0,0,0,0,0,0,0,0,0,0,0,0,0,0,0,0,0,0,0,0,0,0,0,0,0,0,0,0,0,0,0,0,0,0,0,0,0,0,0,0,0,0
-0.584741,0.264595,0.603761,0,0,0,0,-1.19203e-07,-2.47075e-08,7.58851e-08,198,188,189,197,199,208,209,1781,1782,1790,1791,1792,1801,1802,0,0,0,0,0,0,0,0,0,188,189,197,199,208,209,1781,1782,1790,1791,1792,1801,1802,0,0,0,0,0,0,0,0,0,0.0503373,0.0430824,0.0422008,0.0412703,0.0433754,0.0503157,0.113131,0.109955,0.109631,0.100016,0.109216,0.110115,0.113088,0,0,0,0,0,0,0,0,0,0.0501272,0.0433044,0.0426249,0.0416898,0.0436134,0.0501062,0.113155,0.109938,0.10964,0.1,0.109242,0.110076,0.11313,0,0,0,0,0,0,0,0,0,1,1,1,1,1,1,1,1,1,1,1,1,1,0,0,0,0,0,0,0,0,0,1,1,1,1,1,1,1,1,1,1,1,1,1,0,0,0,0,0,0,0,0,0,1,0,0,0,0,0,0,0,0,0,0,0,0,0,0,0,0,0,0,0,0,0,0,13,0,0,0,0,0,0,0,0,0,0,0,0,0,0,0,0,0,0,0,0,0,0,0,0,0,0,0,0,0,0,0,0,0,0,0,0,0,0,0,0,0,0,0,0,0,0,0,0
-0.590422,0.228257,0.622483,0,0,0,0,-1.20205e-07,-1.8926e-08,8.22964e-08,199,189,190,198,200,209,210,1782,1783,1791,1792,1793,1802,1803,0,0,0,0,0,0,0,0,0,189,190,198,200,209,210,1782,1783,1791,1792,1793,1802,1803,0,0,0,0,0,0,0,0,0,0.0500014,0.04319,0.0412703,0.0403,0.0436282,0.0500037,0.112949,0.109983,0.109237,0.100013,0.10882,0.11021,0.112942,0,0,0,0,0,0,0,0,0,0.0498048,0.0433586,0.0416898,0.0407137,0.0438113,0.0498189,0.112995,0.109964,0.109239,0.1,0.108832,0.110165,0.112988,0,0,0,0,0,0,0,0,0,1,1,1,1,1,1,1,1,1,1,1,1,1,0,0,0,0,0,0,0,0,0,1,1,1,1,1,1,1,1,1,1,1,1,1,0,0,0,0,0,0,0,0,0,1,0,0,0,0,0,0,0,0,0,0,0,0,0,0,0,0,0,0,0,0,0,0,13,0,0,0,0,0,0,0,0,0,0,0,0,0,0,0,0,0,0,0,0,0,0,0,0,0,0,0,0,0,0,0,0,0,0,0,0,0,0,0,0,0,0,0,0,0,0,0,0
-0.59467,0.191742,0.638997,0,0,0,0,-1.20784e-07,-1.41982e-08,8.76211e-08,200,190,191,199,201,210,211,1783,1784,1792,1793,1794,1803,1804,0,0,0,0,0,0,0,0,0,190,191,199,201,210,211,1783,1784,1792,1793,1794,1803,1804,0,0,0,0,0,0,0,0,0,0.049566,0.043192,0.0403,0.0393598,0.0437647,0.0496514,0.112738,0.109966,0.108832,0.100013,0.108447,0.11025,0.112776,0,0,0,0,0,0,0,0,0,0.0493975,0.0433142,0.0407137,0.0397733,0.0439023,0.0494932,0.112795,0.109947,0.108829,0.1,0.108444,0.110207,0.112828,0,0,0,0,0,0,0,0,0,1,1,1,1,1,1,1,1,1,1,1,1,1,0,0,0,0,0,0,0,0,0,1,1,1,1,1,1,1,1,1,1,1,1,1,0,0,0,0,0,0,0,0,0,1,0,0,0,0,0,0,0,0,0,0,0,0,0,0,0,0,0,0,0,0,0,0,13,0,0,0,0,0,0,0,0,0,0,0,0,0,0,0,0,0,0,0,0,0,0,0,0,0,0,0,0,0,0,0,0,0,0,0,0,0,0,0,0,0,0,0,0,0,0,0,0
-0.59754,0.15521,0.653362,0,0,0,0,-1.20909e-07,-1.03283e-08,9.18328e-08,201,157,158,191,192,200,211,1750,1751,1784,1785,1793,1794,1804,0,0,0,0,0,0,0,0,0,157,158,191,192,200,211,1750,1751,1784,1785,1793,1794,1804,0,0,0,0,0,0,0,0,0,0.0492673,0.0385221,0.0490902,0.0430794,0.0393598,0.0437828,0.112584,0.108128,0.112513,0.109908,0.10845,0.100014,0.110232,0,0,0,0,0,0,0,0,0,0.0491233,0.0389436,0.048945,0.0431673,0.0397733,0.0438832,0.112648,0.108109,0.112573,0.109885,0.108441,0.1,0.1102,0,0,0,0,0,0,0,0,0,1,1,1,1,1,1,1,1,1,1,1,1,1,0,0,0,0,0,0,0,0,0,1,1,1,1,1,1,1,1,1,1,1,1,1,0,0,0,0,0,0,0,0,0,1,0,0,0,0,0,0,0,0,0,0,0,0,0,0,0,0,0,0,0,0,0,0,13,0,0,0,0,0,0,0,0,0,0,0,0,0,0,0,0,0,0,0,0,0,0,0,0,0,0,0,0,0,0,0,0,0,0,0,0,0,0,0,0,0,0,0,0,0,0,0,0
-0.49514,0.483376,0.466728,0,0,0,0,-9.3022e-08,-9.33519e-08,7.98319e-09,202,203,212,213,1795,1796,1805,1806,0,0,0,0,0,0,0,0,0,0,0,0,0,0,0,203,212,213,1795,1796,1805,1806,0,0,0,0,0,0,0,0,0,0,0,0,0,0,0,0.042504,0.0383806,0.0479402,0.100014,0.10965,0.108014,0.111971,0,0,0,0,0,0,0,0,0,0,0,0,0,0,0,0.0428671,0.0387419,0.0475318,0.1,0.10975,0.108022,0.111885,0,0,0,0,0,0,0,0,0,0,0,0,0,0,0,1,1,1,1,1,1,1,0,0,0,0,0,0,0,0,0,0,0,0,0,0,0,1,1,1,1,1,1,1,0,0,0,0,0,0,0,0,0,0,0,0,0,0,0,1,0,0,0,0,0,0,0,0,0,0,0,0,0,0,0,0,0,0,0,0,0,0,7,0,0,0,0,0,0,0,0,0,0,0,0,0,0,0,0,0,0,0,0,0,0,0,0,0,0,0,0,0,0,0,0,0,0,0,0,0,0,0,0,0,0,0,0,0,0,0,0
-0.508299,0.456463,0.496879,0,0,0,0,-9.54662e-08,-7.98554e-08,1.8183e-08,203,193,202,204,213,214,1786,1795,1796,1797,1806,1807,0,0,0,0,0,0,0,0,0,0,0,193,202,204,213,214,1786,1795,1796,1797,1806,1807,0,0,0,0,0,0,0,0,0,0,0,0.0388242,0.042504,0.0423894,0.0385238,0.0483687,0.108167,0.109774,0.100075,0.109696,0.108147,0.112189,0,0,0,0,0,0,0,0,0,0,0,0.0392243,0.0428671,0.0429304,0.0391264,0.048153,0.108215,0.109752,0.1,0.109778,0.108178,0.112181,0,0,0,0,0,0,0,0,0,0,0,1,1,1,1,1,1,1,1,1,1,1,0,0,0,0,0,0,0,0,0,0,0,1,1,1,1,1,1,1,1,1,1,1,0,0,0,0,0,0,0,0,0,0,0,1,0,0,0,0,0,0,0,0,0,0,0,0,0,0,0,0,0,0,0,0,0,0,11,0,0,0,0,0,0,0,0,0,0,0,0,0,0,0,0,0,0,0,0,0,0,0,0,0,0,0,0,0,0,0,0,0,0,0,0,0,0,0,0,0,0,0,0,0,0,0,0
-0.520513,0.427829,0.52565,0,0,0,0,-9.76162e-08,-6.71408e-08,2.79888e-08,204,193,194,203,205,214,215,1786,1787,1796,1797,1798,1807,1808,0,0,0,0,0,0,0,0,0,193,194,203,205,214,215,1786,1787,1796,1797,1798,1807,1808,0,0,0,0,0,0,0,0,0,0.0488669,0.0406897,0.0423894,0.0451132,0.0390117,0.0496571,0.112337,0.109032,0.109752,0.100036,0.110882,0.108316,0.112783,0,0,0,0,0,0,0,0,0,0.0484242,0.0412648,0.0429304,0.0455256,0.0394937,0.0493532,0.112324,0.109056,0.109778,0.1,0.110935,0.108327,0.112761,0,0,0,0,0,0,0,0,0,1,1,1,1,1,1,1,1,1,1,1,1,1,0,0,0,0,0,0,0,0,0,1,1,1,1,1,1,1,1,1,1,1,1,1,0,0,0,0,0,0,0,0,0,1,0,0,0,0,0,0,0,0,0,0,0,0,0,0,0,0,0,0,0,0,0,0,13,0,0,0,0,0,0,0,0,0,0,0,0,0,0,0,0,0,0,0,0,0,0,0,0,0,0,0,0,0,0,0,0,0,0,0,0,0,0,0,0,0,0,0,0,0,0,0,0
-0.532426,0.395386,0.554645,0,0,0,0,-9.97688e-08,-5.4973e-08,3.83076e-08,205,194,195,204,206,215,216,1787,1788,1797,1798,1799,1808,1809,0,0,0,0,0,0,0,0,0,194,195,204,206,215,216,1787,1788,1797,1798,1799,1808,1809,0,0,0,0,0,0,0,0,0,0.049891,0.0418025,0.0451132,0.0447804,0.0406146,0.0502335,0.112984,0.109462,0.110894,0.100033,0.110735,0.108971,0.113049,0,0,0,0,0,0,0,0,0,0.0496826,0.0422208,0.0455256,0.0452243,0.0410668,0.0499737,0.112936,0.109463,0.110934,0.1,0.110797,0.108977,0.113065,0,0,0,0,0,0,0,0,0,1,1,1,1,1,1,1,1,1,1,1,1,1,0,0,0,0,0,0,0,0,0,1,1,1,1,1,1,1,1,1,1,1,1,1,0,0,0,0,0,0,0,0,0,1,0,0,0,0,0,0,0,0,0,0,0,0,0,0,0,0,0,0,0,0,0,0,13,0,0,0,0,0,0,0,0,0,0,0,0,0,0,0,0,0,0,0,0,0,0,0,0,0,0,0,0,0,0,0,0,0,0,0,0,0,0,0,0,0,0,0,0,0,0,0,0
-0.543087,0.3613,0.58166,0,0,0,0,-1.01844e-07,-4.42822e-08,4.80407e-08,206,195,196,205,207,216,217,1788,1789,1798,1799,1800,1809,1810,0,0,0,0,0,0,0,0,0,195,196,205,207,216,217,1788,1789,1798,1799,1800,1809,1810,0,0,0,0,0,0,0,0,0,0.0504962,0.0424702,0.0447804,0.0441286,0.0418425,0.0504735,0.113197,0.109755,0.110764,0.100024,0.110447,0.10948,0.113158,0,0,0,0,0,0,0,0,0,0.0502123,0.0428446,0.0452243,0.044557,0.0422077,0.0502087,0.113197,0.109734,0.110796,0.1,0.110496,0.109462,0.113181,0,0,0,0,0,0,0,0,0,1,1,1,1,1,1,1,1,1,1,1,1,1,0,0,0,0,0,0,0,0,0,1,1,1,1,1,1,1,1,1,1,1,1,1,0,0,0,0,0,0,0,0,0,1,0,0,0,0,0,0,0,0,0,0,0,0,0,0,0,0,0,0,0,0,0,0,13,0,0,0,0,0,0,0,0,0,0,0,0,0,0,0,0,0,0,0,0,0,0,0,0,0,0,0,0,0,0,0,0,0,0,0,0,0,0,0,0,0,0,0,0,0,0,0,0
-0.552344,0.326023,0.606503,0,0,0,0,-1.03729e-07,-3.51537e-08,5.70505e-08,207,196,197,206,208,217,218,1789,1790,1799,1800,1801,1810,1811,0,0,0,0,0,0,0,0,0,196,197,206,208,217,218,1789,1790,1799,1800,1801,1810,1811,0,0,0,0,0,0,0,0,0,0.0506122,0.0430027,0.0441286,0.0433232,0.0426797,0.0504996,0.11327,0.109961,0.110465,0.100019,0.110097,0.10983,0.113165,0,0,0,0,0,0,0,0,0,0.0503732,0.0432975,0.044557,0.0437554,0.0429864,0.0502522,0.113276,0.109933,0.110494,0.1,0.110139,0.1098,0.113202,0,0,0,0,0,0,0,0,0,1,1,1,1,1,1,1,1,1,1,1,1,1,0,0,0,0,0,0,0,0,0,1,1,1,1,1,1,1,1,1,1,1,1,1,0,0,0,0,0,0,0,0,0,1,0,0,0,0,0,0,0,0,0,0,0,0,0,0,0,0,0,0,0,0,0,0,13,0,0,0,0,0,0,0,0,0,0,0,0,0,0,0,0,0,0,0,0,0,0,0,0,0,0,0,0,0,0,0,0,0,0,0,0,0,0,0,0,0,0,0,0,0,0,0,0
-0.560176,0.289866,0.629046,0,0,0,0,-1.05375e-07,-2.75003e-08,6.51311e-08,208,197,198,207,209,218,219,1790,1791,1800,1801,1802,1811,1812,0,0,0,0,0,0,0,0,0,197,198,207,209,218,219,1790,1791,1800,1801,1802,1811,1812,0,0,0,0,0,0,0,0,0,0.0505459,0.0433754,0.0433232,0.0424273,0.0432966,0.0504058,0.113215,0.110106,0.110115,0.100015,0.109717,0.110089,0.113122,0,0,0,0,0,0,0,0,0,0.0503115,0.0436134,0.0437554,0.0428594,0.0435456,0.0501757,0.113245,0.110073,0.110136,0.1,0.109746,0.110046,0.113164,0,0,0,0,0,0,0,0,0,1,1,1,1,1,1,1,1,1,1,1,1,1,0,0,0,0,0,0,0,0,0,1,1,1,1,1,1,1,1,1,1,1,1,1,0,0,0,0,0,0,0,0,0,1,0,0,0,0,0,0,0,0,0,0,0,0,0,0,0,0,0,0,0,0,0,0,13,0,0,0,0,0,0,0,0,0,0,0,0,0,0,0,0,0,0,0,0,0,0,0,0,0,0,0,0,0,0,0,0,0,0,0,0,0,0,0,0,0,0,0,0,0,0,0,0
-0.566574,0.253114,0.649256,0,0,0,0,-1.06698e-07,-2.11801e-08,7.22046e-08,209,198,199,208,210,219,220,1791,1792,1801,1802,1803,1812,1813,0,0,0,0,0,0,0,0,0,198,199,208,210,219,220,1791,1792,1801,1802,1803,1812,1813,0,0,0,0,0,0,0,0,0,0.0503157,0.0436282,0.0424273,0.0414904,0.0437519,0.0502557,0.113097,0.110194,0.109728,0.100013,0.109328,0.110277,0.113054,0,0,0,0,0,0,0,0,0,0.0501062,0.0438113,0.0428594,0.0419258,0.0439517,0.0500515,0.113143,0.110162,0.109743,0.1,0.109344,0.110227,0.113103,0,0,0,0,0,0,0,0,0,1,1,1,1,1,1,1,1,1,1,1,1,1,0,0,0,0,0,0,0,0,0,1,1,1,1,1,1,1,1,1,1,1,1,1,0,0,0,0,0,0,0,0,0,1,0,0,0,0,0,0,0,0,0,0,0,0,0,0,0,0,0,0,0,0,0,0,13,0,0,0,0,0,0,0,0,0,0,0,0,0,0,0,0,0,0,0,0,0,0,0,0,0,0,0,0,0,0,0,0,0,0,0,0,0,0,0,0,0,0,0,0,0,0,0,0
-0.571554,0.216009,0.667141,0,0,0,0,-1.07641e-07,-1.6011e-08,7.81958e-08,210,199,200,209,211,220,221,1792,1793,1802,1803,1804,1813,1814,0,0,0,0,0,0,0,0,0,199,200,209,211,220,221,1792,1793,1802,1803,1804,1813,1814,0,0,0,0,0,0,0,0,0,0.0500037,0.0437647,0.0414904,0.0405965,0.0440844,0.0501073,0.11294,0.110234,0.109334,0.100012,0.108967,0.110408,0.112988,0,0,0,0,0,0,0,0,0,0.0498189,0.0439023,0.0419258,0.0410369,0.0442396,0.0499312,0.113001,0.110205,0.10934,0.1,0.108968,0.110356,0.113043,0,0,0,0,0,0,0,0,0,1,1,1,1,1,1,1,1,1,1,1,1,1,0,0,0,0,0,0,0,0,0,1,1,1,1,1,1,1,1,1,1,1,1,1,0,0,0,0,0,0,0,0,0,1,0,0,0,0,0,0,0,0,0,0,0,0,0,0,0,0,0,0,0,0,0,0,13,0,0,0,0,0,0,0,0,0,0,0,0,0,0,0,0,0,0,0,0,0,0,0,0,0,0,0,0,0,0,0,0,0,0,0,0,0,0,0,0,0,0,0,0,0,0,0,0
-0.575157,0.178708,0.682753,0,0,0,0,-1.08157e-07,-1.18001e-08,8.30856e-08,211,156,157,200,201,210,221,1749,1750,1793,1794,1803,1804,1814,0,0,0,0,0,0,0,0,0,156,157,200,201,210,221,1749,1750,1793,1794,1803,1804,1814,0,0,0,0,0,0,0,0,0,0.0499114,0.0398012,0.0496514,0.0437828,0.0405965,0.0442939,0.112888,0.10866,0.112773,0.110229,0.108966,0.100014,0.110477,0,0,0,0,0,0,0,0,0,0.0497548,0.0402536,0.0494932,0.0438832,0.0410369,0.0444108,0.112956,0.108642,0.11284,0.110199,0.108964,0.1,0.110434,0,0,0,0,0,0,0,0,0,1,1,1,1,1,1,1,1,1,1,1,1,1,0,0,0,0,0,0,0,0,0,1,1,1,1,1,1,1,1,1,1,1,1,1,0,0,0,0,0,0,0,0,0,1,0,0,0,0,0,0,0,0,0,0,0,0,0,0,0,0,0,0,0,0,0,0,13,0,0,0,0,0,0,0,0,0,0,0,0,0,0,0,0,0,0,0,0,0,0,0,0,0,0,0,0,0,0,0,0,0,0,0,0,0,0,0,0,0,0,0,0,0,0,0,0
-0.467027,0.505254,0.481015,0,0,0,0,-8.09101e-08,-1.00308e-07,-4.6306e-09,212,202,213,223,224,1795,1805,1806,1816,1817,0,0,0,0,0,0,0,0,0,0,0,0,0,202,213,223,224,1795,1805,1806,1816,1817,0,0,0,0,0,0,0,0,0,0,0,0,0,0.0383806,0.0432644,0.0379582,0.0474866,0.107964,0.100039,0.110051,0.107922,0.111773,0,0,0,0,0,0,0,0,0,0,0,0,0,0.0387419,0.0436195,0.0386348,0.0471406,0.10802,0.1,0.110081,0.10798,0.1117,0,0,0,0,0,0,0,0,0,0,0,0,0,1,1,1,1,1,1,1,1,1,0,0,0,0,0,0,0,0,0,0,0,0,0,1,1,1,1,1,1,1,1,1,0,0,0,0,0,0,0,0,0,0,0,0,0,1,0,0,0,0,0,0,0,0,0,0,0,0,0,0,0,0,0,0,0,0,0,0,9,0,0,0,0,0,0,0,0,0,0,0,0,0,0,0,0,0,0,0,0,0,0,0,0,0,0,0,0,0,0,0,0,0,0,0,0,0,0,0,0,0,0,0,0,0,0,0,0
-0.480853,0.478701,0.51225,0,0,0,0,-8.29384e-08,-8.60382e-08,5.77525e-09,213,202,203,212,214,224,225,1795,1796,1805,1806,1807,1817,1818,0,0,0,0,0,0,0,0,0,202,203,212,214,224,225,1795,1796,1805,1806,1807,1817,1818,0,0,0,0,0,0,0,0,0,0.0479402,0.0385238,0.0432644,0.043355,0.0384346,0.0481525,0.111915,0.108143,0.110015,0.100036,0.110087,0.108113,0.11208,0,0,0,0,0,0,0,0,0,0.0475318,0.0391264,0.0436195,0.043711,0.0390183,0.0478083,0.111897,0.108175,0.110083,0.1,0.110121,0.108134,0.112016,0,0,0,0,0,0,0,0,0,1,1,1,1,1,1,1,1,1,1,1,1,1,0,0,0,0,0,0,0,0,0,1,1,1,1,1,1,1,1,1,1,1,1,1,0,0,0,0,0,0,0,0,0,1,0,0,0,0,0,0,0,0,0,0,0,0,0,0,0,0,0,0,0,0,0,0,13,0,0,0,0,0,0,0,0,0,0,0,0,0,0,0,0,0,0,0,0,0,0,0,0,0,0,0,0,0,0,0,0,0,0,0,0,0,0,0,0,0,0,0,0,0,0,0,0
-0.49349,0.450349,0.542518,0,0,0,0,-8.48673e-08,-7.26152e-08,1.59499e-08,214,203,204,213,215,225,226,1796,1797,1806,1807,1808,1818,1819,0,0,0,0,0,0,0,0,0,203,204,213,215,225,226,1796,1797,1806,1807,1808,1818,1819,0,0,0,0,0,0,0,0,0,0.0483687,0.0390117,0.043355,0.0441261,0.0388635,0.0495457,0.112251,0.108315,0.11007,0.100035,0.110432,0.108263,0.112723,0,0,0,0,0,0,0,0,0,0.048153,0.0394937,0.043711,0.0445433,0.0393885,0.0492606,0.112193,0.108325,0.110122,0.1,0.110492,0.108284,0.112715,0,0,0,0,0,0,0,0,0,1,1,1,1,1,1,1,1,1,1,1,1,1,0,0,0,0,0,0,0,0,0,1,1,1,1,1,1,1,1,1,1,1,1,1,0,0,0,0,0,0,0,0,0,1,0,0,0,0,0,0,0,0,0,0,0,0,0,0,0,0,0,0,0,0,0,0,13,0,0,0,0,0,0,0,0,0,0,0,0,0,0,0,0,0,0,0,0,0,0,0,0,0,0,0,0,0,0,0,0,0,0,0,0,0,0,0,0,0,0,0,0,0,0,0,0
-0.50505,0.419757,0.572142,0,0,0,0,-8.67025e-08,-6.02039e-08,2.59416e-08,215,204,205,214,216,226,227,1797,1798,1807,1808,1809,1819,1820,0,0,0,0,0,0,0,0,0,204,205,214,216,226,227,1797,1798,1807,1808,1809,1819,1820,0,0,0,0,0,0,0,0,0,0.0496571,0.0406146,0.0441261,0.0455723,0.0396947,0.0506056,0.112791,0.10899,0.110448,0.100029,0.111089,0.108589,0.113227,0,0,0,0,0,0,0,0,0,0.0493532,0.0410668,0.0445433,0.0459691,0.040132,0.0503129,0.112774,0.108974,0.110492,0.1,0.11114,0.108589,0.113232,0,0,0,0,0,0,0,0,0,1,1,1,1,1,1,1,1,1,1,1,1,1,0,0,0,0,0,0,0,0,0,1,1,1,1,1,1,1,1,1,1,1,1,1,0,0,0,0,0,0,0,0,0,1,0,0,0,0,0,0,0,0,0,0,0,0,0,0,0,0,0,0,0,0,0,0,13,0,0,0,0,0,0,0,0,0,0,0,0,0,0,0,0,0,0,0,0,0,0,0,0,0,0,0,0,0,0,0,0,0,0,0,0,0,0,0,0,0,0,0,0,0,0,0,0
-0.515781,0.386297,0.601162,0,0,0,0,-8.85852e-08,-4.88499e-08,3.58794e-08,216,205,206,215,217,227,228,1798,1799,1808,1809,1810,1820,1821,0,0,0,0,0,0,0,0,0,205,206,215,217,227,228,1798,1799,1808,1809,1810,1820,1821,0,0,0,0,0,0,0,0,0,0.0502335,0.0418425,0.0455723,0.0450548,0.0408192,0.0503939,0.113089,0.10949,0.111093,0.100023,0.110859,0.109048,0.113111,0,0,0,0,0,0,0,0,0,0.0499737,0.0422077,0.0459691,0.0454641,0.0411955,0.0501159,0.113078,0.109459,0.111139,0.1,0.110908,0.109032,0.113134,0,0,0,0,0,0,0,0,0,1,1,1,1,1,1,1,1,1,1,1,1,1,0,0,0,0,0,0,0,0,0,1,1,1,1,1,1,1,1,1,1,1,1,1,0,0,0,0,0,0,0,0,0,1,0,0,0,0,0,0,0,0,0,0,0,0,0,0,0,0,0,0,0,0,0,0,13,0,0,0,0,0,0,0,0,0,0,0,0,0,0,0,0,0,0,0,0,0,0,0,0,0,0,0,0,0,0,0,0,0,0,0,0,0,0,0,0,0,0,0,0,0,0,0,0
-0.525397,0.351304,0.627863,0,0,0,0,-9.04845e-08,-3.90413e-08,4.52358e-08,217,206,207,216,218,228,229,1799,1800,1809,1810,1811,1821,1822,0,0,0,0,0,0,0,0,0,206,207,216,218,228,229,1799,1800,1809,1810,1811,1821,1822,0,0,0,0,0,0,0,0,0,0.0504735,0.0426797,0.0450548,0.0443425,0.0418462,0.050282,0.113182,0.109838,0.110866,0.100017,0.110548,0.109475,0.113051,0,0,0,0,0,0,0,0,0,0.0502087,0.0429864,0.0454641,0.0447605,0.0421595,0.0500128,0.113194,0.109796,0.110906,0.1,0.110589,0.109443,0.113084,0,0,0,0,0,0,0,0,0,1,1,1,1,1,1,1,1,1,1,1,1,1,0,0,0,0,0,0,0,0,0,1,1,1,1,1,1,1,1,1,1,1,1,1,0,0,0,0,0,0,0,0,0,1,0,0,0,0,0,0,0,0,0,0,0,0,0,0,0,0,0,0,0,0,0,0,13,0,0,0,0,0,0,0,0,0,0,0,0,0,0,0,0,0,0,0,0,0,0,0,0,0,0,0,0,0,0,0,0,0,0,0,0,0,0,0,0,0,0,0,0,0,0,0,0
-0.533739,0.315174,0.652179,0,0,0,0,-9.22478e-08,-3.07389e-08,5.38165e-08,218,207,208,217,219,229,230,1800,1801,1810,1811,1812,1822,1823,0,0,0,0,0,0,0,0,0,207,208,217,219,229,230,1800,1801,1810,1811,1812,1822,1823,0,0,0,0,0,0,0,0,0,0.0504996,0.0432966,0.0443425,0.0435119,0.0426934,0.0502036,0.113187,0.110088,0.110551,0.100013,0.110193,0.109832,0.113013,0,0,0,0,0,0,0,0,0,0.0502522,0.0435456,0.0447605,0.043943,0.0429553,0.0499526,0.113216,0.110043,0.110586,0.1,0.110223,0.109788,0.113054,0,0,0,0,0,0,0,0,0,1,1,1,1,1,1,1,1,1,1,1,1,1,0,0,0,0,0,0,0,0,0,1,1,1,1,1,1,1,1,1,1,1,1,1,0,0,0,0,0,0,0,0,0,1,0,0,0,0,0,0,0,0,0,0,0,0,0,0,0,0,0,0,0,0,0,0,13,0,0,0,0,0,0,0,0,0,0,0,0,0,0,0,0,0,0,0,0,0,0,0,0,0,0,0,0,0,0,0,0,0,0,0,0,0,0,0,0,0,0,0,0,0,0,0,0
-0.540737,0.278229,0.674073,0,0,0,0,-9.37712e-08,-2.38274e-08,6.1463e-08,219,208,209,218,220,230,231,1801,1802,1811,1812,1813,1823,1824,0,0,0,0,0,0,0,0,0,208,209,218,220,230,231,1801,1802,1811,1812,1813,1823,1824,0,0,0,0,0,0,0,0,0,0.0504058,0.0437519,0.0435119,0.0426472,0.0433995,0.0502188,0.113129,0.110268,0.110192,0.100011,0.109831,0.110132,0.113026,0,0,0,0,0,0,0,0,0,0.0501757,0.0439517,0.043943,0.0430916,0.043616,0.0499919,0.113177,0.110224,0.11022,0.1,0.109848,0.110078,0.113073,0,0,0,0,0,0,0,0,0,1,1,1,1,1,1,1,1,1,1,1,1,1,0,0,0,0,0,0,0,0,0,1,1,1,1,1,1,1,1,1,1,1,1,1,0,0,0,0,0,0,0,0,0,1,0,0,0,0,0,0,0,0,0,0,0,0,0,0,0,0,0,0,0,0,0,0,13,0,0,0,0,0,0,0,0,0,0,0,0,0,0,0,0,0,0,0,0,0,0,0,0,0,0,0,0,0,0,0,0,0,0,0,0,0,0,0,0,0,0,0,0,0,0,0,0
-0.54636,0.240716,0.693566,0,0,0,0,-9.49652e-08,-1.81485e-08,6.80827e-08,220,209,210,219,221,231,232,1802,1803,1812,1813,1814,1824,1825,0,0,0,0,0,0,0,0,0,209,210,219,221,231,232,1802,1803,1812,1813,1814,1824,1825,0,0,0,0,0,0,0,0,0,0.0502557,0.0440844,0.0426472,0.0418528,0.044016,0.0504097,0.113051,0.110394,0.109826,0.100011,0.109507,0.110394,0.113126,0,0,0,0,0,0,0,0,0,0.0500515,0.0442396,0.0430916,0.0423122,0.0441923,0.0502112,0.113116,0.110353,0.109844,0.1,0.10951,0.110335,0.113181,0,0,0,0,0,0,0,0,0,1,1,1,1,1,1,1,1,1,1,1,1,1,0,0,0,0,0,0,0,0,0,1,1,1,1,1,1,1,1,1,1,1,1,1,0,0,0,0,0,0,0,0,0,1,0,0,0,0,0,0,0,0,0,0,0,0,0,0,0,0,0,0,0,0,0,0,13,0,0,0,0,0,0,0,0,0,0,0,0,0,0,0,0,0,0,0,0,0,0,0,0,0,0,0,0,0,0,0,0,0,0,0,0,0,0,0,0,0,0,0,0,0,0,0,0
-0.550628,0.202772,0.710702,0,0,0,0,-9.57703e-08,-1.35153e-08,7.3631e-08,221,155,156,210,211,220,232,1748,1749,1803,1804,1813,1814,1825,0,0,0,0,0,0,0,0,0,155,156,210,211,220,232,1748,1749,1803,1804,1813,1814,1825,0,0,0,0,0,0,0,0,0,0.0505927,0.041172,0.0501073,0.0442939,0.0418528,0.0445529,0.113213,0.109245,0.11298,0.110471,0.109499,0.100013,0.110611,0,0,0,0,0,0,0,0,0,0.0504186,0.0416508,0.0499312,0.0444108,0.0423122,0.0446901,0.113284,0.109228,0.113056,0.110432,0.109507,0.1,0.110559,0,0,0,0,0,0,0,0,0,1,1,1,1,1,1,1,1,1,1,1,1,1,0,0,0,0,0,0,0,0,0,1,1,1,1,1,1,1,1,1,1,1,1,1,0,0,0,0,0,0,0,0,0,1,0,0,0,0,0,0,0,0,0,0,0,0,0,0,0,0,0,0,0,0,0,0,13,0,0,0,0,0,0,0,0,0,0,0,0,0,0,0,0,0,0,0,0,0,0,0,0,0,0,0,0,0,0,0,0,0,0,0,0,0,0,0,0,0,0,0,0,0,0,0,0
-0.422635,0.550311,0.459665,0,0,0,0,-6.62686e-08,-1.24534e-07,-2.65477e-08,222,223,233,234,1815,1816,1826,1827,0,0,0,0,0,0,0,0,0,0,0,0,0,0,0,223,233,234,1815,1816,1826,1827,0,0,0,0,0,0,0,0,0,0,0,0,0,0,0,0.0442063,0.039627,0.0477996,0.100011,0.110393,0.108542,0.111911,0,0,0,0,0,0,0,0,0,0,0,0,0,0,0,0.0446024,0.0400322,0.0473747,0.1,0.11052,0.108543,0.111808,0,0,0,0,0,0,0,0,0,0,0,0,0,0,0,1,1,1,1,1,1,1,0,0,0,0,0,0,0,0,0,0,0,0,0,0,0,1,1,1,1,1,1,1,0,0,0,0,0,0,0,0,0,0,0,0,0,0,0,1,0,0,0,0,0,0,0,0,0,0,0,0,0,0,0,0,0,0,0,0,0,0,7,0,0,0,0,0,0,0,0,0,0,0,0,0,0,0,0,0,0,0,0,0,0,0,0,0,0,0,0,0,0,0,0,0,0,0,0,0,0,0,0,0,0,0,0,0,0,0,0
-0.437826,0.526108,0.493394,0,0,0,0,-6.93247e-08,-1.08228e-07,-1.65262e-08,223,212,222,224,234,235,1805,1815,1816,1817,1827,1828,0,0,0,0,0,0,0,0,0,0,0,212,222,224,234,235,1805,1815,1816,1817,1827,1828,0,0,0,0,0,0,0,0,0,0,0,0.0379582,0.0442063,0.043832,0.0401868,0.0488913,0.107953,0.11055,0.100114,0.110301,0.108849,0.112455,0,0,0,0,0,0,0,0,0,0,0,0.0386348,0.0446024,0.0443298,0.0409668,0.0487575,0.107978,0.110522,0.1,0.110398,0.108931,0.112468,0,0,0,0,0,0,0,0,0,0,0,1,1,1,1,1,1,1,1,1,1,1,0,0,0,0,0,0,0,0,0,0,0,1,1,1,1,1,1,1,1,1,1,1,0,0,0,0,0,0,0,0,0,0,0,1,0,0,0,0,0,0,0,0,0,0,0,0,0,0,0,0,0,0,0,0,0,0,11,0,0,0,0,0,0,0,0,0,0,0,0,0,0,0,0,0,0,0,0,0,0,0,0,0,0,0,0,0,0,0,0,0,0,0,0,0,0,0,0,0,0,0,0,0,0,0,0
-0.452009,0.5002,0.52578,0,0,0,0,-7.13546e-08,-9.2775e-08,-6.43824e-09,224,212,213,223,225,235,236,1805,1806,1816,1817,1818,1828,1829,0,0,0,0,0,0,0,0,0,212,213,223,225,235,236,1805,1806,1816,1817,1818,1828,1829,0,0,0,0,0,0,0,0,0,0.0474866,0.0384346,0.043832,0.0440372,0.0406311,0.0502134,0.111764,0.108078,0.11039,0.100044,0.110372,0.109003,0.113058,0,0,0,0,0,0,0,0,0,0.0471406,0.0390183,0.0443298,0.0444505,0.0411874,0.0499209,0.111711,0.108132,0.1104,0.1,0.110452,0.109025,0.113036,0,0,0,0,0,0,0,0,0,1,1,1,1,1,1,1,1,1,1,1,1,1,0,0,0,0,0,0,0,0,0,1,1,1,1,1,1,1,1,1,1,1,1,1,0,0,0,0,0,0,0,0,0,1,0,0,0,0,0,0,0,0,0,0,0,0,0,0,0,0,0,0,0,0,0,0,13,0,0,0,0,0,0,0,0,0,0,0,0,0,0,0,0,0,0,0,0,0,0,0,0,0,0,0,0,0,0,0,0,0,0,0,0,0,0,0,0,0,0,0,0,0,0,0,0
-0.465043,0.472328,0.557285,0,0,0,0,-7.31098e-08,-7.8573e-08,3.80042e-09,225,213,214,224,226,236,237,1806,1807,1817,1818,1819,1829,1830,0,0,0,0,0,0,0,0,0,213,214,224,226,236,237,1806,1807,1817,1818,1819,1829,1830,0,0,0,0,0,0,0,0,0,0.0481525,0.0388635,0.0440372,0.0448252,0.0408831,0.0513299,0.112058,0.108275,0.110407,0.100034,0.110732,0.109103,0.113591,0,0,0,0,0,0,0,0,0,0.0478083,0.0393885,0.0444505,0.0451989,0.0413831,0.0510126,0.112027,0.108282,0.110453,0.1,0.110789,0.109109,0.113579,0,0,0,0,0,0,0,0,0,1,1,1,1,1,1,1,1,1,1,1,1,1,0,0,0,0,0,0,0,0,0,1,1,1,1,1,1,1,1,1,1,1,1,1,0,0,0,0,0,0,0,0,0,1,0,0,0,0,0,0,0,0,0,0,0,0,0,0,0,0,0,0,0,0,0,0,13,0,0,0,0,0,0,0,0,0,0,0,0,0,0,0,0,0,0,0,0,0,0,0,0,0,0,0,0,0,0,0,0,0,0,0,0,0,0,0,0,0,0,0,0,0,0,0,0
-0.476752,0.442315,0.588453,0,0,0,0,-7.47773e-08,-6.55202e-08,1.38818e-08,226,214,215,225,227,237,238,1807,1808,1818,1819,1820,1830,1831,0,0,0,0,0,0,0,0,0,214,215,225,227,237,238,1807,1808,1818,1819,1820,1830,1831,0,0,0,0,0,0,0,0,0,0.0495457,0.0396947,0.0448252,0.04547,0.0407985,0.0514278,0.112758,0.108608,0.11074,0.100027,0.111029,0.109051,0.11362,0,0,0,0,0,0,0,0,0,0.0492606,0.040132,0.0451989,0.0458475,0.0412395,0.0511178,0.112727,0.108586,0.11079,0.1,0.111085,0.10905,0.113632,0,0,0,0,0,0,0,0,0,1,1,1,1,1,1,1,1,1,1,1,1,1,0,0,0,0,0,0,0,0,0,1,1,1,1,1,1,1,1,1,1,1,1,1,0,0,0,0,0,0,0,0,0,1,0,0,0,0,0,0,0,0,0,0,0,0,0,0,0,0,0,0,0,0,0,0,13,0,0,0,0,0,0,0,0,0,0,0,0,0,0,0,0,0,0,0,0,0,0,0,0,0,0,0,0,0,0,0,0,0,0,0,0,0,0,0,0,0,0,0,0,0,0,0,0
-0.487471,0.40999,0.618581,0,0,0,0,-7.65027e-08,-5.37103e-08,2.37984e-08,227,215,216,226,228,238,239,1808,1809,1819,1820,1821,1831,1832,0,0,0,0,0,0,0,0,0,215,216,226,228,238,239,1808,1809,1819,1820,1821,1831,1832,0,0,0,0,0,0,0,0,0,0.0506056,0.0408192,0.04547,0.0454286,0.0409009,0.0509111,0.113254,0.109069,0.111036,0.100019,0.111019,0.109085,0.113353,0,0,0,0,0,0,0,0,0,0.0503129,0.0411955,0.0458475,0.0458074,0.0412789,0.0506048,0.113245,0.109029,0.111085,0.1,0.111067,0.109067,0.113376,0,0,0,0,0,0,0,0,0,1,1,1,1,1,1,1,1,1,1,1,1,1,0,0,0,0,0,0,0,0,0,1,1,1,1,1,1,1,1,1,1,1,1,1,0,0,0,0,0,0,0,0,0,1,0,0,0,0,0,0,0,0,0,0,0,0,0,0,0,0,0,0,0,0,0,0,13,0,0,0,0,0,0,0,0,0,0,0,0,0,0,0,0,0,0,0,0,0,0,0,0,0,0,0,0,0,0,0,0,0,0,0,0,0,0,0,0,0,0,0,0,0,0,0,0
-0.497225,0.375764,0.646815,0,0,0,0,-7.83037e-08,-4.33289e-08,3.33232e-08,228,216,217,227,229,239,240,1809,1810,1820,1821,1822,1832,1833,0,0,0,0,0,0,0,0,0,216,217,227,229,239,240,1809,1810,1820,1821,1822,1832,1833,0,0,0,0,0,0,0,0,0,0.0503939,0.0418462,0.0454286,0.0449936,0.0412865,0.0503417,0.113139,0.10949,0.111017,0.100014,0.110835,0.10924,0.113068,0,0,0,0,0,0,0,0,0,0.0501159,0.0421595,0.0458074,0.0453872,0.0416075,0.0500479,0.113148,0.109439,0.111065,0.1,0.110874,0.109207,0.113101,0,0,0,0,0,0,0,0,0,1,1,1,1,1,1,1,1,1,1,1,1,1,0,0,0,0,0,0,0,0,0,1,1,1,1,1,1,1,1,1,1,1,1,1,0,0,0,0,0,0,0,0,0,1,0,0,0,0,0,0,0,0,0,0,0,0,0,0,0,0,0,0,0,0,0,0,13,0,0,0,0,0,0,0,0,0,0,0,0,0,0,0,0,0,0,0,0,0,0,0,0,0,0,0,0,0,0,0,0,0,0,0,0,0,0,0,0,0,0,0,0,0,0,0,0
-0.50587,0.340077,0.672818,0,0,0,0,-8.00611e-08,-3.44109e-08,4.22228e-08,229,217,218,228,230,240,241,1810,1811,1821,1822,1823,1833,1834,0,0,0,0,0,0,0,0,0,217,218,228,230,240,241,1810,1811,1821,1822,1823,1833,1834,0,0,0,0,0,0,0,0,0,0.050282,0.0426934,0.0449936,0.0443458,0.0418216,0.0498802,0.113067,0.109841,0.110825,0.100011,0.110561,0.109459,0.112844,0,0,0,0,0,0,0,0,0,0.0500128,0.0429553,0.0453872,0.0447587,0.0420922,0.0496045,0.113097,0.109784,0.110872,0.1,0.110589,0.109415,0.112883,0,0,0,0,0,0,0,0,0,1,1,1,1,1,1,1,1,1,1,1,1,1,0,0,0,0,0,0,0,0,0,1,1,1,1,1,1,1,1,1,1,1,1,1,0,0,0,0,0,0,0,0,0,1,0,0,0,0,0,0,0,0,0,0,0,0,0,0,0,0,0,0,0,0,0,0,13,0,0,0,0,0,0,0,0,0,0,0,0,0,0,0,0,0,0,0,0,0,0,0,0,0,0,0,0,0,0,0,0,0,0,0,0,0,0,0,0,0,0,0,0,0,0,0,0
-0.513282,0.303299,0.696461,0,0,0,0,-8.16526e-08,-2.68983e-08,5.031e-08,230,218,219,229,231,241,242,1811,1812,1822,1823,1824,1834,1835,0,0,0,0,0,0,0,0,0,218,219,229,231,241,242,1811,1812,1822,1823,1824,1834,1835,0,0,0,0,0,0,0,0,0,0.0502036,0.0433995,0.0443458,0.0436453,0.0424426,0.0497326,0.113017,0.110131,0.110544,0.100009,0.110269,0.10972,0.11278,0,0,0,0,0,0,0,0,0,0.0499526,0.043616,0.0447587,0.0440812,0.0426727,0.049483,0.113067,0.110074,0.110586,0.1,0.110286,0.109666,0.112824,0,0,0,0,0,0,0,0,0,1,1,1,1,1,1,1,1,1,1,1,1,1,0,0,0,0,0,0,0,0,0,1,1,1,1,1,1,1,1,1,1,1,1,1,0,0,0,0,0,0,0,0,0,1,0,0,0,0,0,0,0,0,0,0,0,0,0,0,0,0,0,0,0,0,0,0,13,0,0,0,0,0,0,0,0,0,0,0,0,0,0,0,0,0,0,0,0,0,0,0,0,0,0,0,0,0,0,0,0,0,0,0,0,0,0,0,0,0,0,0,0,0,0,0,0
-0.519369,0.265691,0.717756,0,0,0,0,-8.29672e-08,-2.06664e-08,5.74514e-08,231,219,220,230,232,242,243,1812,1813,1823,1824,1825,1835,1836,0,0,0,0,0,0,0,0,0,219,220,230,232,242,243,1812,1813,1823,1824,1825,1835,1836,0,0,0,0,0,0,0,0,0,0.0502188,0.044016,0.0436453,0.0430889,0.0432198,0.0503356,0.113017,0.110382,0.110249,0.100008,0.110048,0.110056,0.113084,0,0,0,0,0,0,0,0,0,0.0499919,0.0441923,0.0440812,0.043552,0.0434186,0.0501143,0.113086,0.110331,0.110282,0.1,0.110051,0.109992,0.113133,0,0,0,0,0,0,0,0,0,1,1,1,1,1,1,1,1,1,1,1,1,1,0,0,0,0,0,0,0,0,0,1,1,1,1,1,1,1,1,1,1,1,1,1,0,0,0,0,0,0,0,0,0,1,0,0,0,0,0,0,0,0,0,0,0,0,0,0,0,0,0,0,0,0,0,0,13,0,0,0,0,0,0,0,0,0,0,0,0,0,0,0,0,0,0,0,0,0,0,0,0,0,0,0,0,0,0,0,0,0,0,0,0,0,0,0,0,0,0,0,0,0,0,0,0
-0.524109,0.227314,0.736768,0,0,0,0,-8.39215e-08,-1.55392e-08,6.35868e-08,232,154,155,220,221,231,243,1747,1748,1813,1814,1824,1825,1836,0,0,0,0,0,0,0,0,0,154,155,220,221,231,243,1747,1748,1813,1814,1824,1825,1836,0,0,0,0,0,0,0,0,0,0.0514542,0.0427196,0.0504097,0.0445529,0.0430889,0.0443098,0.113636,0.109921,0.113111,0.110605,0.110026,0.100011,0.110521,0,0,0,0,0,0,0,0,0,0.0512578,0.0432159,0.0502112,0.0446901,0.043552,0.0444719,0.113702,0.109904,0.113194,0.110556,0.110047,0.1,0.110461,0,0,0,0,0,0,0,0,0,1,1,1,1,1,1,1,1,1,1,1,1,1,0,0,0,0,0,0,0,0,0,1,1,1,1,1,1,1,1,1,1,1,1,1,0,0,0,0,0,0,0,0,0,1,0,0,0,0,0,0,0,0,0,0,0,0,0,0,0,0,0,0,0,0,0,0,13,0,0,0,0,0,0,0,0,0,0,0,0,0,0,0,0,0,0,0,0,0,0,0,0,0,0,0,0,0,0,0,0,0,0,0,0,0,0,0,0,0,0,0,0,0,0,0,0
-0.390033,0.570905,0.468793,0,0,0,0,-5.6398e-08,-1.33368e-07,-3.9433e-08,233,222,234,244,245,1815,1826,1827,1837,1838,0,0,0,0,0,0,0,0,0,0,0,0,0,222,234,244,245,1815,1826,1827,1837,1838,0,0,0,0,0,0,0,0,0,0,0,0,0,0.039627,0.0452214,0.0389499,0.0479392,0.108458,0.100059,0.110919,0.108315,0.112024,0,0,0,0,0,0,0,0,0,0,0,0,0,0.0400322,0.0455449,0.0396474,0.0476479,0.108541,0.1,0.110948,0.108386,0.111936,0,0,0,0,0,0,0,0,0,0,0,0,0,1,1,1,1,1,1,1,1,1,0,0,0,0,0,0,0,0,0,0,0,0,0,1,1,1,1,1,1,1,1,1,0,0,0,0,0,0,0,0,0,0,0,0,0,1,0,0,0,0,0,0,0,0,0,0,0,0,0,0,0,0,0,0,0,0,0,0,9,0,0,0,0,0,0,0,0,0,0,0,0,0,0,0,0,0,0,0,0,0,0,0,0,0,0,0,0,0,0,0,0,0,0,0,0,0,0,0,0,0,0,0,0,0,0,0,0
-0.405517,0.547422,0.504201,0,0,0,0,-5.8205e-08,-1.16367e-07,-2.92918e-08,234,222,223,233,235,245,246,1815,1816,1826,1827,1828,1838,1839,0,0,0,0,0,0,0,0,0,222,223,233,235,245,246,1815,1816,1826,1827,1828,1838,1839,0,0,0,0,0,0,0,0,0,0.0477996,0.0401868,0.0452214,0.0454443,0.0399829,0.0491491,0.111863,0.108894,0.11089,0.100045,0.110992,0.108746,0.112565,0,0,0,0,0,0,0,0,0,0.0473747,0.0409668,0.0455449,0.0457132,0.0406783,0.0488351,0.111818,0.108929,0.110952,0.1,0.111025,0.108811,0.112505,0,0,0,0,0,0,0,0,0,1,1,1,1,1,1,1,1,1,1,1,1,1,0,0,0,0,0,0,0,0,0,1,1,1,1,1,1,1,1,1,1,1,1,1,0,0,0,0,0,0,0,0,0,1,0,0,0,0,0,0,0,0,0,0,0,0,0,0,0,0,0,0,0,0,0,0,13,0,0,0,0,0,0,0,0,0,0,0,0,0,0,0,0,0,0,0,0,0,0,0,0,0,0,0,0,0,0,0,0,0,0,0,0,0,0,0,0,0,0,0,0,0,0,0,0
-0.420084,0.521733,0.538742,0,0,0,0,-5.99929e-08,-1.0004e-07,-1.90834e-08,235,223,224,234,236,246,247,1816,1817,1827,1828,1829,1839,1840,0,0,0,0,0,0,0,0,0,223,224,234,236,246,247,1816,1817,1827,1828,1829,1839,1840,0,0,0,0,0,0,0,0,0,0.0488913,0.0406311,0.0454443,0.045493,0.0408263,0.0501456,0.112578,0.109002,0.110994,0.100044,0.111006,0.109085,0.113014,0,0,0,0,0,0,0,0,0,0.0487575,0.0411874,0.0457132,0.0458474,0.0414523,0.0498825,0.11248,0.109023,0.111028,0.1,0.111087,0.109137,0.113016,0,0,0,0,0,0,0,0,0,1,1,1,1,1,1,1,1,1,1,1,1,1,0,0,0,0,0,0,0,0,0,1,1,1,1,1,1,1,1,1,1,1,1,1,0,0,0,0,0,0,0,0,0,1,0,0,0,0,0,0,0,0,0,0,0,0,0,0,0,0,0,0,0,0,0,0,13,0,0,0,0,0,0,0,0,0,0,0,0,0,0,0,0,0,0,0,0,0,0,0,0,0,0,0,0,0,0,0,0,0,0,0,0,0,0,0,0,0,0,0,0,0,0,0,0
-0.433673,0.493953,0.572107,0,0,0,0,-6.17223e-08,-8.49186e-08,-8.72884e-09,236,224,225,235,237,247,248,1817,1818,1828,1829,1830,1840,1841,0,0,0,0,0,0,0,0,0,224,225,235,237,247,248,1817,1818,1828,1829,1830,1840,1841,0,0,0,0,0,0,0,0,0,0.0502134,0.0408831,0.045493,0.0456141,0.0414306,0.0509482,0.113099,0.109103,0.111058,0.100033,0.111067,0.109335,0.113387,0,0,0,0,0,0,0,0,0,0.0499209,0.0413831,0.0458474,0.0459691,0.0419362,0.050638,0.113049,0.109106,0.111089,0.1,0.111143,0.109344,0.113391,0,0,0,0,0,0,0,0,0,1,1,1,1,1,1,1,1,1,1,1,1,1,0,0,0,0,0,0,0,0,0,1,1,1,1,1,1,1,1,1,1,1,1,1,0,0,0,0,0,0,0,0,0,1,0,0,0,0,0,0,0,0,0,0,0,0,0,0,0,0,0,0,0,0,0,0,13,0,0,0,0,0,0,0,0,0,0,0,0,0,0,0,0,0,0,0,0,0,0,0,0,0,0,0,0,0,0,0,0,0,0,0,0,0,0,0,0,0,0,0,0,0,0,0,0
-0.446156,0.464156,0.604309,0,0,0,0,-6.34746e-08,-7.11535e-08,1.61592e-09,237,225,226,236,238,248,249,1818,1819,1829,1830,1831,1841,1842,0,0,0,0,0,0,0,0,0,225,226,236,238,248,249,1818,1819,1829,1830,1831,1841,1842,0,0,0,0,0,0,0,0,0,0.0513299,0.0407985,0.0456141,0.0456695,0.0417295,0.0513172,0.113624,0.109072,0.111104,0.100023,0.111102,0.109451,0.11355,0,0,0,0,0,0,0,0,0,0.0510126,0.0412395,0.0459691,0.0460227,0.0421672,0.0509874,0.113592,0.109047,0.111144,0.1,0.111167,0.109444,0.113566,0,0,0,0,0,0,0,0,0,1,1,1,1,1,1,1,1,1,1,1,1,1,0,0,0,0,0,0,0,0,0,1,1,1,1,1,1,1,1,1,1,1,1,1,0,0,0,0,0,0,0,0,0,1,0,0,0,0,0,0,0,0,0,0,0,0,0,0,0,0,0,0,0,0,0,0,13,0,0,0,0,0,0,0,0,0,0,0,0,0,0,0,0,0,0,0,0,0,0,0,0,0,0,0,0,0,0,0,0,0,0,0,0,0,0,0,0,0,0,0,0,0,0,0,0
-0.457529,0.432417,0.635115,0,0,0,0,-6.52842e-08,-5.87923e-08,1.17475e-08,238,226,227,237,239,249,250,1819,1820,1830,1831,1832,1842,1843,0,0,0,0,0,0,0,0,0,226,227,237,239,249,250,1819,1820,1830,1831,1832,1842,1843,0,0,0,0,0,0,0,0,0,0.0514278,0.0409009,0.0456695,0.0455468,0.0418477,0.0512478,0.113662,0.109109,0.111124,0.100016,0.111058,0.10949,0.113501,0,0,0,0,0,0,0,0,0,0.0511178,0.0412789,0.0460227,0.045905,0.0422274,0.0509149,0.113645,0.109064,0.111167,0.1,0.111113,0.109471,0.11353,0,0,0,0,0,0,0,0,0,1,1,1,1,1,1,1,1,1,1,1,1,1,0,0,0,0,0,0,0,0,0,1,1,1,1,1,1,1,1,1,1,1,1,1,0,0,0,0,0,0,0,0,0,1,0,0,0,0,0,0,0,0,0,0,0,0,0,0,0,0,0,0,0,0,0,0,13,0,0,0,0,0,0,0,0,0,0,0,0,0,0,0,0,0,0,0,0,0,0,0,0,0,0,0,0,0,0,0,0,0,0,0,0,0,0,0,0,0,0,0,0,0,0,0,0
-0.467788,0.398906,0.664206,0,0,0,0,-6.71191e-08,-4.78736e-08,2.14892e-08,239,227,228,238,240,250,251,1820,1821,1831,1832,1833,1843,1844,0,0,0,0,0,0,0,0,0,227,228,238,240,250,251,1820,1821,1831,1832,1833,1843,1844,0,0,0,0,0,0,0,0,0,0.0509111,0.0412865,0.0455468,0.0452047,0.0418846,0.0508098,0.113384,0.109262,0.111066,0.10001,0.110919,0.109496,0.113278,0,0,0,0,0,0,0,0,0,0.0506048,0.0416075,0.045905,0.0455739,0.0422087,0.0504836,0.113389,0.109204,0.111112,0.1,0.11096,0.109464,0.113316,0,0,0,0,0,0,0,0,0,1,1,1,1,1,1,1,1,1,1,1,1,1,0,0,0,0,0,0,0,0,0,1,1,1,1,1,1,1,1,1,1,1,1,1,0,0,0,0,0,0,0,0,0,1,0,0,0,0,0,0,0,0,0,0,0,0,0,0,0,0,0,0,0,0,0,0,13,0,0,0,0,0,0,0,0,0,0,0,0,0,0,0,0,0,0,0,0,0,0,0,0,0,0,0,0,0,0,0,0,0,0,0,0,0,0,0,0,0,0,0,0,0,0,0,0
-0.476885,0.363889,0.691308,0,0,0,0,-6.89043e-08,-3.84007e-08,3.06582e-08,240,228,229,239,241,251,252,1821,1822,1832,1833,1834,1844,1845,0,0,0,0,0,0,0,0,0,228,229,239,241,251,252,1821,1822,1832,1833,1834,1844,1845,0,0,0,0,0,0,0,0,0,0.0503417,0.0418216,0.0452047,0.0446736,0.0418617,0.05009,0.113087,0.109477,0.11091,0.100007,0.1107,0.109477,0.112928,0,0,0,0,0,0,0,0,0,0.0500479,0.0420922,0.0455739,0.0450617,0.042136,0.0497829,0.113113,0.109411,0.110959,0.1,0.110727,0.109434,0.11297,0,0,0,0,0,0,0,0,0,1,1,1,1,1,1,1,1,1,1,1,1,1,0,0,0,0,0,0,0,0,0,1,1,1,1,1,1,1,1,1,1,1,1,1,0,0,0,0,0,0,0,0,0,1,0,0,0,0,0,0,0,0,0,0,0,0,0,0,0,0,0,0,0,0,0,0,13,0,0,0,0,0,0,0,0,0,0,0,0,0,0,0,0,0,0,0,0,0,0,0,0,0,0,0,0,0,0,0,0,0,0,0,0,0,0,0,0,0,0,0,0,0,0,0,0
-0.484729,0.327674,0.71626,0,0,0,0,-7.05406e-08,-3.03315e-08,3.90779e-08,241,229,230,240,242,252,253,1822,1823,1833,1834,1835,1845,1846,0,0,0,0,0,0,0,0,0,229,230,240,242,252,253,1822,1823,1833,1834,1835,1845,1846,0,0,0,0,0,0,0,0,0,0.0498802,0.0424426,0.0446736,0.0441131,0.0417755,0.0492384,0.112846,0.109729,0.110675,0.100005,0.110473,0.109433,0.112526,0,0,0,0,0,0,0,0,0,0.0496045,0.0426727,0.0450617,0.0445253,0.042008,0.0489619,0.112895,0.109662,0.110724,0.1,0.110485,0.10938,0.11257,0,0,0,0,0,0,0,0,0,1,1,1,1,1,1,1,1,1,1,1,1,1,0,0,0,0,0,0,0,0,0,1,1,1,1,1,1,1,1,1,1,1,1,1,0,0,0,0,0,0,0,0,0,1,0,0,0,0,0,0,0,0,0,0,0,0,0,0,0,0,0,0,0,0,0,0,13,0,0,0,0,0,0,0,0,0,0,0,0,0,0,0,0,0,0,0,0,0,0,0,0,0,0,0,0,0,0,0,0,0,0,0,0,0,0,0,0,0,0,0,0,0,0,0,0
-0.491162,0.290502,0.739126,0,0,0,0,-7.19033e-08,-2.35663e-08,4.65888e-08,242,230,231,241,243,253,254,1823,1824,1834,1835,1836,1846,1847,0,0,0,0,0,0,0,0,0,230,231,241,243,253,254,1823,1824,1834,1835,1836,1846,1847,0,0,0,0,0,0,0,0,0,0.0497326,0.0432198,0.0441131,0.0439774,0.0417034,0.0502824,0.112764,0.11005,0.110435,0.100005,0.110447,0.1094,0.113048,0,0,0,0,0,0,0,0,0,0.049483,0.0434186,0.0445253,0.0444263,0.0419073,0.050039,0.112835,0.109988,0.110482,0.1,0.110441,0.109338,0.113096,0,0,0,0,0,0,0,0,0,1,1,1,1,1,1,1,1,1,1,1,1,1,0,0,0,0,0,0,0,0,0,1,1,1,1,1,1,1,1,1,1,1,1,1,0,0,0,0,0,0,0,0,0,1,0,0,0,0,0,0,0,0,0,0,0,0,0,0,0,0,0,0,0,0,0,0,13,0,0,0,0,0,0,0,0,0,0,0,0,0,0,0,0,0,0,0,0,0,0,0,0,0,0,0,0,0,0,0,0,0,0,0,0,0,0,0,0,0,0,0,0,0,0,0,0
-0.496004,0.252242,0.760263,0,0,0,0,-7.28354e-08,-1.79141e-08,5.31294e-08,243,153,154,231,232,242,254,1746,1747,1824,1825,1835,1836,1847,0,0,0,0,0,0,0,0,0,153,154,231,232,242,254,1746,1747,1824,1825,1835,1836,1847,0,0,0,0,0,0,0,0,0,0.0513939,0.044635,0.0503356,0.0443098,0.0439774,0.04192,0.113606,0.110784,0.113054,0.110517,0.110397,0.100008,0.10948,0,0,0,0,0,0,0,0,0,0.0511873,0.0451261,0.0501143,0.0444719,0.0444263,0.0420882,0.113667,0.110756,0.113146,0.110457,0.110437,0.1,0.109416,0,0,0,0,0,0,0,0,0,1,1,1,1,1,1,1,1,1,1,1,1,1,0,0,0,0,0,0,0,0,0,1,1,1,1,1,1,1,1,1,1,1,1,1,0,0,0,0,0,0,0,0,0,1,0,0,0,0,0,0,0,0,0,0,0,0,0,0,0,0,0,0,0,0,0,0,13,0,0,0,0,0,0,0,0,0,0,0,0,0,0,0,0,0,0,0,0,0,0,0,0,0,0,0,0,0,0,0,0,0,0,0,0,0,0,0,0,0,0,0,0,0,0,0,0
-0.356855,0.589933,0.476158,0,0,0,0,-4.70315e-08,-1.425e-07,-5.14447e-08,244,233,245,256,257,1826,1837,1838,1849,1850,0,0,0,0,0,0,0,0,0,0,0,0,0,233,245,256,257,1826,1837,1838,1849,1850,0,0,0,0,0,0,0,0,0,0,0,0,0,0.0389499,0.0458528,0.0381558,0.0476954,0.108319,0.100072,0.111171,0.10808,0.111901,0,0,0,0,0,0,0,0,0,0,0,0,0,0.0396474,0.0461157,0.0390779,0.0474603,0.108385,0.1,0.111212,0.108155,0.111846,0,0,0,0,0,0,0,0,0,0,0,0,0,1,1,1,1,1,1,1,1,1,0,0,0,0,0,0,0,0,0,0,0,0,0,1,1,1,1,1,1,1,1,1,0,0,0,0,0,0,0,0,0,0,0,0,0,1,0,0,0,0,0,0,0,0,0,0,0,0,0,0,0,0,0,0,0,0,0,0,9,0,0,0,0,0,0,0,0,0,0,0,0,0,0,0,0,0,0,0,0,0,0,0,0,0,0,0,0,0,0,0,0,0,0,0,0,0,0,0,0,0,0,0,0,0,0,0,0
-0.372071,0.567441,0.513105,0,0,0,0,-4.83879e-08,-1.24707e-07,-4.17286e-08,245,233,234,244,246,257,258,1826,1827,1837,1838,1839,1850,1851,0,0,0,0,0,0,0,0,0,233,234,244,246,257,258,1826,1827,1837,1838,1839,1850,1851,0,0,0,0,0,0,0,0,0,0.0479392,0.0399829,0.0458528,0.046261,0.0393631,0.048765,0.112007,0.108739,0.111187,0.100048,0.111349,0.108521,0.112379,0,0,0,0,0,0,0,0,0,0.0476479,0.0406783,0.0461157,0.046537,0.0400827,0.0484733,0.111946,0.10881,0.111217,0.1,0.111407,0.108565,0.11233,0,0,0,0,0,0,0,0,0,1,1,1,1,1,1,1,1,1,1,1,1,1,0,0,0,0,0,0,0,0,0,1,1,1,1,1,1,1,1,1,1,1,1,1,0,0,0,0,0,0,0,0,0,1,0,0,0,0,0,0,0,0,0,0,0,0,0,0,0,0,0,0,0,0,0,0,13,0,0,0,0,0,0,0,0,0,0,0,0,0,0,0,0,0,0,0,0,0,0,0,0,0,0,0,0,0,0,0,0,0,0,0,0,0,0,0,0,0,0,0,0,0,0,0,0
-0.386586,0.542549,0.549296,0,0,0,0,-4.97445e-08,-1.07765e-07,-3.16099e-08,246,234,235,245,247,258,259,1827,1828,1838,1839,1840,1851,1852,0,0,0,0,0,0,0,0,0,234,235,245,247,258,259,1827,1828,1838,1839,1840,1851,1852,0,0,0,0,0,0,0,0,0,0.0491491,0.0408263,0.046261,0.0465206,0.0403274,0.0496154,0.112573,0.10911,0.111375,0.100037,0.111463,0.108893,0.112753,0,0,0,0,0,0,0,0,0,0.0488351,0.0414523,0.046537,0.0467905,0.0409457,0.0493097,0.112516,0.109135,0.111411,0.1,0.111525,0.108924,0.112735,0,0,0,0,0,0,0,0,0,1,1,1,1,1,1,1,1,1,1,1,1,1,0,0,0,0,0,0,0,0,0,1,1,1,1,1,1,1,1,1,1,1,1,1,0,0,0,0,0,0,0,0,0,1,0,0,0,0,0,0,0,0,0,0,0,0,0,0,0,0,0,0,0,0,0,0,13,0,0,0,0,0,0,0,0,0,0,0,0,0,0,0,0,0,0,0,0,0,0,0,0,0,0,0,0,0,0,0,0,0,0,0,0,0,0,0,0,0,0,0,0,0,0,0,0
-0.400375,0.515319,0.584403,0,0,0,0,-5.12897e-08,-9.19422e-08,-2.12792e-08,247,235,236,246,248,259,260,1828,1829,1839,1840,1841,1852,1853,0,0,0,0,0,0,0,0,0,235,236,246,248,259,260,1828,1829,1839,1840,1841,1852,1853,0,0,0,0,0,0,0,0,0,0.0501456,0.0414306,0.0465206,0.0465799,0.0411282,0.0502673,0.113087,0.109346,0.111497,0.100029,0.111491,0.10921,0.11304,0,0,0,0,0,0,0,0,0,0.0498825,0.0419362,0.0467905,0.0468771,0.0416576,0.0499511,0.113028,0.109341,0.111528,0.1,0.111565,0.109225,0.11305,0,0,0,0,0,0,0,0,0,1,1,1,1,1,1,1,1,1,1,1,1,1,0,0,0,0,0,0,0,0,0,1,1,1,1,1,1,1,1,1,1,1,1,1,0,0,0,0,0,0,0,0,0,1,0,0,0,0,0,0,0,0,0,0,0,0,0,0,0,0,0,0,0,0,0,0,13,0,0,0,0,0,0,0,0,0,0,0,0,0,0,0,0,0,0,0,0,0,0,0,0,0,0,0,0,0,0,0,0,0,0,0,0,0,0,0,0,0,0,0,0,0,0,0,0
-0.413331,0.485907,0.618119,0,0,0,0,-5.29841e-08,-7.74429e-08,-1.08415e-08,248,236,237,247,249,260,261,1829,1830,1840,1841,1842,1853,1854,0,0,0,0,0,0,0,0,0,236,237,247,249,260,261,1829,1830,1840,1841,1842,1853,1854,0,0,0,0,0,0,0,0,0,0.0509482,0.0417295,0.0465799,0.0464845,0.0417667,0.0507154,0.113445,0.109468,0.111533,0.100018,0.111456,0.10947,0.113236,0,0,0,0,0,0,0,0,0,0.050638,0.0421672,0.0468771,0.0467928,0.0422135,0.0503704,0.113403,0.109441,0.111567,0.1,0.111525,0.109463,0.113258,0,0,0,0,0,0,0,0,0,1,1,1,1,1,1,1,1,1,1,1,1,1,0,0,0,0,0,0,0,0,0,1,1,1,1,1,1,1,1,1,1,1,1,1,0,0,0,0,0,0,0,0,0,1,0,0,0,0,0,0,0,0,0,0,0,0,0,0,0,0,0,0,0,0,0,0,13,0,0,0,0,0,0,0,0,0,0,0,0,0,0,0,0,0,0,0,0,0,0,0,0,0,0,0,0,0,0,0,0,0,0,0,0,0,0,0,0,0,0,0,0,0,0,0,0
-0.425345,0.454497,0.650211,0,0,0,0,-5.48005e-08,-6.43705e-08,-4.94855e-10,249,237,238,248,250,261,262,1830,1831,1841,1842,1843,1854,1855,0,0,0,0,0,0,0,0,0,237,238,248,250,261,262,1830,1831,1841,1842,1843,1854,1855,0,0,0,0,0,0,0,0,0,0.0513172,0.0418477,0.0464845,0.0462139,0.0422281,0.0509077,0.113603,0.109516,0.111487,0.10001,0.111346,0.109657,0.113314,0,0,0,0,0,0,0,0,0,0.0509874,0.0422274,0.0467928,0.0465349,0.0426128,0.0505465,0.113578,0.109468,0.111526,0.1,0.111405,0.109637,0.113346,0,0,0,0,0,0,0,0,0,1,1,1,1,1,1,1,1,1,1,1,1,1,0,0,0,0,0,0,0,0,0,1,1,1,1,1,1,1,1,1,1,1,1,1,0,0,0,0,0,0,0,0,0,1,0,0,0,0,0,0,0,0,0,0,0,0,0,0,0,0,0,0,0,0,0,0,13,0,0,0,0,0,0,0,0,0,0,0,0,0,0,0,0,0,0,0,0,0,0,0,0,0,0,0,0,0,0,0,0,0,0,0,0,0,0,0,0,0,0,0,0,0,0,0,0
-0.436337,0.421308,0.680434,0,0,0,0,-5.66846e-08,-5.27749e-08,9.54774e-09,250,238,239,249,251,262,263,1831,1832,1842,1843,1844,1855,1856,0,0,0,0,0,0,0,0,0,238,239,249,251,262,263,1831,1832,1842,1843,1844,1855,1856,0,0,0,0,0,0,0,0,0,0.0512478,0.0418846,0.0462139,0.0457443,0.042517,0.0508292,0.113546,0.109523,0.111362,0.100005,0.111149,0.109772,0.113266,0,0,0,0,0,0,0,0,0,0.0509149,0.0422087,0.0465349,0.0460836,0.0428474,0.0504664,0.113543,0.10946,0.111405,0.1,0.111196,0.10974,0.113306,0,0,0,0,0,0,0,0,0,1,1,1,1,1,1,1,1,1,1,1,1,1,0,0,0,0,0,0,0,0,0,1,1,1,1,1,1,1,1,1,1,1,1,1,0,0,0,0,0,0,0,0,0,1,0,0,0,0,0,0,0,0,0,0,0,0,0,0,0,0,0,0,0,0,0,0,13,0,0,0,0,0,0,0,0,0,0,0,0,0,0,0,0,0,0,0,0,0,0,0,0,0,0,0,0,0,0,0,0,0,0,0,0,0,0,0,0,0,0,0,0,0,0,0,0
-0.446243,0.386609,0.708548,0,0,0,0,-5.85625e-08,-4.26627e-08,1.90914e-08,251,239,240,250,252,263,264,1832,1833,1843,1844,1845,1856,1857,0,0,0,0,0,0,0,0,0,239,240,250,252,263,264,1832,1833,1843,1844,1845,1856,1857,0,0,0,0,0,0,0,0,0,0.0508098,0.0418617,0.0457443,0.0450716,0.0426299,0.0504684,0.113308,0.109503,0.11115,0.100001,0.110868,0.109811,0.113088,0,0,0,0,0,0,0,0,0,0.0504836,0.042136,0.0460836,0.0454348,0.0429102,0.0501193,0.113328,0.10943,0.111194,0.1,0.110898,0.109768,0.113135,0,0,0,0,0,0,0,0,0,1,1,1,1,1,1,1,1,1,1,1,1,1,0,0,0,0,0,0,0,0,0,1,1,1,1,1,1,1,1,1,1,1,1,1,0,0,0,0,0,0,0,0,0,1,0,0,0,0,0,0,0,0,0,0,0,0,0,0,0,0,0,0,0,0,0,0,13,0,0,0,0,0,0,0,0,0,0,0,0,0,0,0,0,0,0,0,0,0,0,0,0,0,0,0,0,0,0,0,0,0,0,0,0,0,0,0,0,0,0,0,0,0,0,0,0
-0.454972,0.350724,0.734383,0,0,0,0,-6.03457e-08,-3.39989e-08,2.79479e-08,252,240,241,251,253,264,265,1833,1834,1844,1845,1846,1857,1858,0,0,0,0,0,0,0,0,0,240,241,251,253,264,265,1833,1834,1844,1845,1846,1857,1858,0,0,0,0,0,0,0,0,0,0.05009,0.0417755,0.0450716,0.0442092,0.0424846,0.0497836,0.112938,0.109452,0.110849,0.0999996,0.110509,0.109738,0.112764,0,0,0,0,0,0,0,0,0,0.0497829,0.042008,0.0454348,0.0446,0.0427187,0.0494663,0.112982,0.109376,0.110895,0.1,0.11052,0.109686,0.112815,0,0,0,0,0,0,0,0,0,1,1,1,1,1,1,1,1,1,1,1,1,1,0,0,0,0,0,0,0,0,0,1,1,1,1,1,1,1,1,1,1,1,1,1,0,0,0,0,0,0,0,0,0,1,0,0,0,0,0,0,0,0,0,0,0,0,0,0,0,0,0,0,0,0,0,0,13,0,0,0,0,0,0,0,0,0,0,0,0,0,0,0,0,0,0,0,0,0,0,0,0,0,0,0,0,0,0,0,0,0,0,0,0,0,0,0,0,0,0,0,0,0,0,0,0
-0.462328,0.31404,0.757935,0,0,0,0,-6.1909e-08,-2.67128e-08,3.59204e-08,253,241,242,252,254,265,266,1834,1835,1845,1846,1847,1858,1859,0,0,0,0,0,0,0,0,0,241,242,252,254,265,266,1834,1835,1845,1846,1847,1858,1859,0,0,0,0,0,0,0,0,0,0.0492384,0.0417034,0.0442092,0.0453904,0.0418253,0.0506862,0.112512,0.109407,0.110469,0.100001,0.111077,0.109449,0.113225,0,0,0,0,0,0,0,0,0,0.0489619,0.0419073,0.0446,0.0458141,0.0420225,0.0504067,0.112581,0.109334,0.110516,0.1,0.111071,0.109387,0.113278,0,0,0,0,0,0,0,0,0,1,1,1,1,1,1,1,1,1,1,1,1,1,0,0,0,0,0,0,0,0,0,1,1,1,1,1,1,1,1,1,1,1,1,1,0,0,0,0,0,0,0,0,0,1,0,0,0,0,0,0,0,0,0,0,0,0,0,0,0,0,0,0,0,0,0,0,13,0,0,0,0,0,0,0,0,0,0,0,0,0,0,0,0,0,0,0,0,0,0,0,0,0,0,0,0,0,0,0,0,0,0,0,0,0,0,0,0,0,0,0,0,0,0,0,0
-0.467734,0.275283,0.780933,0,0,0,0,-6.29658e-08,-2.04603e-08,4.30417e-08,254,152,153,242,243,253,266,1745,1746,1835,1836,1846,1847,1859,0,0,0,0,0,0,0,0,0,152,153,242,243,253,266,1745,1746,1835,1836,1846,1847,1859,0,0,0,0,0,0,0,0,0,0.0515201,0.0457994,0.0502824,0.04192,0.0453904,0.0413222,0.113655,0.111308,0.113013,0.109481,0.111022,0.100003,0.109237,0,0,0,0,0,0,0,0,0,0.0512859,0.0462707,0.050039,0.0420882,0.0458141,0.0414995,0.113716,0.111282,0.113108,0.109412,0.111067,0.1,0.109166,0,0,0,0,0,0,0,0,0,1,1,1,1,1,1,1,1,1,1,1,1,1,0,0,0,0,0,0,0,0,0,1,1,1,1,1,1,1,1,1,1,1,1,1,0,0,0,0,0,0,0,0,0,1,0,0,0,0,0,0,0,0,0,0,0,0,0,0,0,0,0,0,0,0,0,0,13,0,0,0,0,0,0,0,0,0,0,0,0,0,0,0,0,0,0,0,0,0,0,0,0,0,0,0,0,0,0,0,0,0,0,0,0,0,0,0,0,0,0,0,0,0,0,0,0
-0.30927,0.625757,0.442623,0,0,0,0,-3.49346e-08,-1.70133e-07,-7.00721e-08,255,256,267,268,1848,1849,1860,1861,0,0,0,0,0,0,0,0,0,0,0,0,0,0,0,256,267,268,1848,1849,1860,1861,0,0,0,0,0,0,0,0,0,0,0,0,0,0,0,0.0453955,0.0370103,0.0463592,0.100007,0.110882,0.107541,0.111247,0,0,0,0,0,0,0,0,0,0,0,0,0,0,0,0.0457791,0.0374097,0.0459439,0.1,0.11106,0.107496,0.111137,0,0,0,0,0,0,0,0,0,0,0,0,0,0,0,1,1,1,1,1,1,1,0,0,0,0,0,0,0,0,0,0,0,0,0,0,0,1,1,1,1,1,1,1,0,0,0,0,0,0,0,0,0,0,0,0,0,0,0,1,0,0,0,0,0,0,0,0,0,0,0,0,0,0,0,0,0,0,0,0,0,0,7,0,0,0,0,0,0,0,0,0,0,0,0,0,0,0,0,0,0,0,0,0,0,0,0,0,0,0,0,0,0,0,0,0,0,0,0,0,0,0,0,0,0,0,0,0,0,0,0
-0.323315,0.60728,0.481637,0,0,0,0,-3.83826e-08,-1.51674e-07,-6.22959e-08,256,244,255,257,268,269,1837,1848,1849,1850,1861,1862,0,0,0,0,0,0,0,0,0,0,0,244,255,257,268,269,1837,1848,1849,1850,1861,1862,0,0,0,0,0,0,0,0,0,0,0,0.0381558,0.0453955,0.0460965,0.0374623,0.047022,0.108086,0.111129,0.100154,0.11128,0.107788,0.111595,0,0,0,0,0,0,0,0,0,0,0,0.0390779,0.0457791,0.0464741,0.0384151,0.0470017,0.108155,0.111066,0.1,0.11138,0.107891,0.111629,0,0,0,0,0,0,0,0,0,0,0,1,1,1,1,1,1,1,1,1,1,1,0,0,0,0,0,0,0,0,0,0,0,1,1,1,1,1,1,1,1,1,1,1,0,0,0,0,0,0,0,0,0,0,0,1,0,0,0,0,0,0,0,0,0,0,0,0,0,0,0,0,0,0,0,0,0,0,11,0,0,0,0,0,0,0,0,0,0,0,0,0,0,0,0,0,0,0,0,0,0,0,0,0,0,0,0,0,0,0,0,0,0,0,0,0,0,0,0,0,0,0,0,0,0,0,0
-0.338018,0.586014,0.519801,0,0,0,0,-3.96898e-08,-1.33256e-07,-5.32725e-08,257,244,245,256,258,269,270,1837,1838,1849,1850,1851,1862,1863,0,0,0,0,0,0,0,0,0,244,245,256,258,269,270,1837,1838,1849,1850,1851,1862,1863,0,0,0,0,0,0,0,0,0,0.0476954,0.0393631,0.0460965,0.0467248,0.0387012,0.0480959,0.111948,0.108486,0.111412,0.100055,0.111531,0.108238,0.112043,0,0,0,0,0,0,0,0,0,0.0474603,0.0400827,0.0464741,0.0470053,0.0393922,0.0478919,0.111855,0.108564,0.111386,0.1,0.111628,0.108283,0.112051,0,0,0,0,0,0,0,0,0,1,1,1,1,1,1,1,1,1,1,1,1,1,0,0,0,0,0,0,0,0,0,1,1,1,1,1,1,1,1,1,1,1,1,1,0,0,0,0,0,0,0,0,0,1,0,0,0,0,0,0,0,0,0,0,0,0,0,0,0,0,0,0,0,0,0,0,13,0,0,0,0,0,0,0,0,0,0,0,0,0,0,0,0,0,0,0,0,0,0,0,0,0,0,0,0,0,0,0,0,0,0,0,0,0,0,0,0,0,0,0,0,0,0,0,0
-0.352268,0.562137,0.557351,0,0,0,0,-4.07774e-08,-1.15773e-07,-4.35594e-08,258,245,246,257,259,270,271,1838,1839,1850,1851,1852,1863,1864,0,0,0,0,0,0,0,0,0,245,246,257,259,270,271,1838,1839,1850,1851,1852,1863,1864,0,0,0,0,0,0,0,0,0,0.048765,0.0403274,0.0467248,0.0471237,0.0396928,0.0489034,0.112412,0.108887,0.111615,0.100039,0.111718,0.108636,0.112398,0,0,0,0,0,0,0,0,0,0.0484733,0.0409457,0.0470053,0.0473623,0.040298,0.0486223,0.112339,0.108922,0.111633,0.1,0.111795,0.108655,0.112401,0,0,0,0,0,0,0,0,0,1,1,1,1,1,1,1,1,1,1,1,1,1,0,0,0,0,0,0,0,0,0,1,1,1,1,1,1,1,1,1,1,1,1,1,0,0,0,0,0,0,0,0,0,1,0,0,0,0,0,0,0,0,0,0,0,0,0,0,0,0,0,0,0,0,0,0,13,0,0,0,0,0,0,0,0,0,0,0,0,0,0,0,0,0,0,0,0,0,0,0,0,0,0,0,0,0,0,0,0,0,0,0,0,0,0,0,0,0,0,0,0,0,0,0,0
-0.365993,0.535783,0.593926,0,0,0,0,-4.20712e-08,-9.94018e-08,-3.3426e-08,259,246,247,258,260,271,272,1839,1840,1851,1852,1853,1864,1865,0,0,0,0,0,0,0,0,0,246,247,258,260,271,272,1839,1840,1851,1852,1853,1864,1865,0,0,0,0,0,0,0,0,0,0.0496154,0.0411282,0.0471237,0.0473057,0.0405847,0.0495237,0.112805,0.109225,0.111774,0.100023,0.111806,0.108988,0.112666,0,0,0,0,0,0,0,0,0,0.0493097,0.0416576,0.0473623,0.047535,0.0411134,0.0491977,0.112745,0.109223,0.111799,0.1,0.111876,0.108995,0.11268,0,0,0,0,0,0,0,0,0,1,1,1,1,1,1,1,1,1,1,1,1,1,0,0,0,0,0,0,0,0,0,1,1,1,1,1,1,1,1,1,1,1,1,1,0,0,0,0,0,0,0,0,0,1,0,0,0,0,0,0,0,0,0,0,0,0,0,0,0,0,0,0,0,0,0,0,13,0,0,0,0,0,0,0,0,0,0,0,0,0,0,0,0,0,0,0,0,0,0,0,0,0,0,0,0,0,0,0,0,0,0,0,0,0,0,0,0,0,0,0,0,0,0,0,0
-0.379078,0.507089,0.629186,0,0,0,0,-4.35879e-08,-8.42753e-08,-2.30733e-08,260,247,248,259,261,272,273,1840,1841,1852,1853,1854,1865,1866,0,0,0,0,0,0,0,0,0,247,248,259,261,272,273,1840,1841,1852,1853,1854,1865,1866,0,0,0,0,0,0,0,0,0,0.0502673,0.0417667,0.0473057,0.0472764,0.0413681,0.0499718,0.113108,0.109489,0.11185,0.100013,0.111801,0.109303,0.112857,0,0,0,0,0,0,0,0,0,0.0499511,0.0422135,0.047535,0.0475182,0.0418259,0.0496125,0.11306,0.109461,0.111879,0.1,0.111868,0.109298,0.112884,0,0,0,0,0,0,0,0,0,1,1,1,1,1,1,1,1,1,1,1,1,1,0,0,0,0,0,0,0,0,0,1,1,1,1,1,1,1,1,1,1,1,1,1,0,0,0,0,0,0,0,0,0,1,0,0,0,0,0,0,0,0,0,0,0,0,0,0,0,0,0,0,0,0,0,0,13,0,0,0,0,0,0,0,0,0,0,0,0,0,0,0,0,0,0,0,0,0,0,0,0,0,0,0,0,0,0,0,0,0,0,0,0,0,0,0,0,0,0,0,0,0,0,0,0
-0.391415,0.476244,0.662823,0,0,0,0,-4.52797e-08,-7.05173e-08,-1.2684e-08,261,248,249,260,262,273,274,1841,1842,1853,1854,1855,1866,1867,0,0,0,0,0,0,0,0,0,248,249,260,262,273,274,1841,1842,1853,1854,1855,1866,1867,0,0,0,0,0,0,0,0,0,0.0507154,0.0422281,0.0472764,0.0470503,0.0420317,0.0502485,0.113299,0.109683,0.111836,0.100004,0.111711,0.109576,0.112972,0,0,0,0,0,0,0,0,0,0.0503704,0.0426128,0.0475182,0.0473106,0.0424264,0.0498616,0.113269,0.109634,0.11187,0.1,0.111769,0.109556,0.113006,0,0,0,0,0,0,0,0,0,1,1,1,1,1,1,1,1,1,1,1,1,1,0,0,0,0,0,0,0,0,0,1,1,1,1,1,1,1,1,1,1,1,1,1,0,0,0,0,0,0,0,0,0,1,0,0,0,0,0,0,0,0,0,0,0,0,0,0,0,0,0,0,0,0,0,0,13,0,0,0,0,0,0,0,0,0,0,0,0,0,0,0,0,0,0,0,0,0,0,0,0,0,0,0,0,0,0,0,0,0,0,0,0,0,0,0,0,0,0,0,0,0,0,0,0
-0.402912,0.443466,0.694558,0,0,0,0,-4.70925e-08,-5.82043e-08,-2.46273e-09,262,249,250,261,263,274,275,1842,1843,1854,1855,1856,1867,1868,0,0,0,0,0,0,0,0,0,249,250,261,263,274,275,1842,1843,1854,1855,1856,1867,1868,0,0,0,0,0,0,0,0,0,0.0509077,0.042517,0.0470503,0.046633,0.0425657,0.0503447,0.113368,0.109801,0.111732,0.0999973,0.111539,0.109797,0.113007,0,0,0,0,0,0,0,0,0,0.0505465,0.0428474,0.0473106,0.0469193,0.0429067,0.0499444,0.113357,0.109736,0.11177,0.1,0.111585,0.109765,0.113048,0,0,0,0,0,0,0,0,0,1,1,1,1,1,1,1,1,1,1,1,1,1,0,0,0,0,0,0,0,0,0,1,1,1,1,1,1,1,1,1,1,1,1,1,0,0,0,0,0,0,0,0,0,1,0,0,0,0,0,0,0,0,0,0,0,0,0,0,0,0,0,0,0,0,0,0,13,0,0,0,0,0,0,0,0,0,0,0,0,0,0,0,0,0,0,0,0,0,0,0,0,0,0,0,0,0,0,0,0,0,0,0,0,0,0,0,0,0,0,0,0,0,0,0,0
-0.413492,0.409005,0.724141,0,0,0,0,-4.89584e-08,-4.73675e-08,7.3908e-09,263,250,251,262,264,275,276,1843,1844,1855,1856,1857,1868,1869,0,0,0,0,0,0,0,0,0,250,251,262,264,275,276,1843,1844,1855,1856,1857,1868,1869,0,0,0,0,0,0,0,0,0,0.0508292,0.0426299,0.046633,0.0460243,0.0429567,0.0502663,0.113306,0.10984,0.111543,0.0999932,0.111285,0.109958,0.112965,0,0,0,0,0,0,0,0,0,0.0504664,0.0429102,0.0469193,0.046344,0.0432491,0.0498703,0.113318,0.109764,0.111584,0.1,0.111317,0.109916,0.113012,0,0,0,0,0,0,0,0,0,1,1,1,1,1,1,1,1,1,1,1,1,1,0,0,0,0,0,0,0,0,0,1,1,1,1,1,1,1,1,1,1,1,1,1,0,0,0,0,0,0,0,0,0,1,0,0,0,0,0,0,0,0,0,0,0,0,0,0,0,0,0,0,0,0,0,0,13,0,0,0,0,0,0,0,0,0,0,0,0,0,0,0,0,0,0,0,0,0,0,0,0,0,0,0,0,0,0,0,0,0,0,0,0,0,0,0,0,0,0,0,0,0,0,0,0
-0.423112,0.373141,0.751334,0,0,0,0,-5.08095e-08,-3.79938e-08,1.66981e-08,264,251,252,263,265,276,277,1844,1845,1856,1857,1858,1869,1870,0,0,0,0,0,0,0,0,0,251,252,263,265,276,277,1844,1845,1856,1857,1858,1869,1870,0,0,0,0,0,0,0,0,0,0.0504684,0.0424846,0.0460243,0.045242,0.043196,0.0500536,0.11311,0.109765,0.111273,0.0999915,0.110958,0.110054,0.112868,0,0,0,0,0,0,0,0,0,0.0501193,0.0427187,0.046344,0.0455995,0.0434423,0.0496819,0.113147,0.109682,0.111315,0.1,0.110974,0.110002,0.11292,0,0,0,0,0,0,0,0,0,1,1,1,1,1,1,1,1,1,1,1,1,1,0,0,0,0,0,0,0,0,0,1,1,1,1,1,1,1,1,1,1,1,1,1,0,0,0,0,0,0,0,0,0,1,0,0,0,0,0,0,0,0,0,0,0,0,0,0,0,0,0,0,0,0,0,0,13,0,0,0,0,0,0,0,0,0,0,0,0,0,0,0,0,0,0,0,0,0,0,0,0,0,0,0,0,0,0,0,0,0,0,0,0,0,0,0,0,0,0,0,0,0,0,0,0
-0.431744,0.33617,0.77594,0,0,0,0,-5.25915e-08,-3.00306e-08,2.52955e-08,265,252,253,264,266,277,278,1845,1846,1857,1858,1859,1870,1871,0,0,0,0,0,0,0,0,0,252,253,264,266,277,278,1845,1846,1857,1858,1859,1870,1871,0,0,0,0,0,0,0,0,0,0.0497836,0.0418253,0.045242,0.0456206,0.0432166,0.0499308,0.112762,0.109463,0.110931,0.0999924,0.111168,0.110053,0.112825,0,0,0,0,0,0,0,0,0,0.0494663,0.0420225,0.0455995,0.0460166,0.0434149,0.0496016,0.112826,0.109383,0.110971,0.1,0.111165,0.109991,0.112881,0,0,0,0,0,0,0,0,0,1,1,1,1,1,1,1,1,1,1,1,1,1,0,0,0,0,0,0,0,0,0,1,1,1,1,1,1,1,1,1,1,1,1,1,0,0,0,0,0,0,0,0,0,1,0,0,0,0,0,0,0,0,0,0,0,0,0,0,0,0,0,0,0,0,0,0,13,0,0,0,0,0,0,0,0,0,0,0,0,0,0,0,0,0,0,0,0,0,0,0,0,0,0,0,0,0,0,0,0,0,0,0,0,0,0,0,0,0,0,0,0,0,0,0,0
-0.438371,0.297664,0.799491,0,0,0,0,-5.39281e-08,-2.32531e-08,3.29914e-08,266,151,152,253,254,265,278,1744,1745,1846,1847,1858,1859,1871,0,0,0,0,0,0,0,0,0,151,152,253,254,265,278,1744,1745,1846,1847,1858,1859,1871,0,0,0,0,0,0,0,0,0,0.051483,0.0466412,0.0506862,0.0413222,0.0456206,0.0417745,0.113612,0.111684,0.113195,0.109234,0.111124,0.0999956,0.109435,0,0,0,0,0,0,0,0,0,0.0512037,0.0470813,0.0504067,0.0414995,0.0460166,0.0419582,0.113675,0.111661,0.11329,0.109162,0.111162,0.1,0.109361,0,0,0,0,0,0,0,0,0,1,1,1,1,1,1,1,1,1,1,1,1,1,0,0,0,0,0,0,0,0,0,1,1,1,1,1,1,1,1,1,1,1,1,1,0,0,0,0,0,0,0,0,0,1,0,0,0,0,0,0,0,0,0,0,0,0,0,0,0,0,0,0,0,0,0,0,13,0,0,0,0,0,0,0,0,0,0,0,0,0,0,0,0,0,0,0,0,0,0,0,0,0,0,0,0,0,0,0,0,0,0,0,0,0,0,0,0,0,0,0,0,0,0,0,0
-0.275475,0.640722,0.444536,0,0,0,0,-2.94819e-08,-1.78888e-07,-7.98395e-08,267,255,268,279,280,1848,1860,1861,1872,1873,0,0,0,0,0,0,0,0,0,0,0,0,0,255,268,279,280,1848,1860,1861,1872,1873,0,0,0,0,0,0,0,0,0,0,0,0,0,0.0370103,0.0458332,0.0363515,0.0457215,0.107365,0.100058,0.111161,0.107344,0.111024,0,0,0,0,0,0,0,0,0,0,0,0,0,0.0374097,0.0461008,0.0370241,0.045501,0.107496,0.1,0.111209,0.107348,0.110933,0,0,0,0,0,0,0,0,0,0,0,0,0,1,1,1,1,1,1,1,1,1,0,0,0,0,0,0,0,0,0,0,0,0,0,1,1,1,1,1,1,1,1,1,0,0,0,0,0,0,0,0,0,0,0,0,0,1,0,0,0,0,0,0,0,0,0,0,0,0,0,0,0,0,0,0,0,0,0,0,9,0,0,0,0,0,0,0,0,0,0,0,0,0,0,0,0,0,0,0,0,0,0,0,0,0,0,0,0,0,0,0,0,0,0,0,0,0,0,0,0,0,0,0,0,0,0,0,0
-0.289558,0.62327,0.484509,0,0,0,0,-3.09158e-08,-1.60293e-07,-7.20754e-08,268,255,256,267,269,280,281,1848,1849,1860,1861,1862,1873,1874,0,0,0,0,0,0,0,0,0,255,256,267,269,280,281,1848,1849,1860,1861,1862,1873,1874,0,0,0,0,0,0,0,0,0,0.0463592,0.0374623,0.0458332,0.0465898,0.0369498,0.0465837,0.11121,0.107837,0.11117,0.100052,0.11147,0.107539,0.111367,0,0,0,0,0,0,0,0,0,0.0459439,0.0384151,0.0461008,0.0466963,0.0377344,0.046368,0.111145,0.107891,0.111217,0.1,0.111485,0.107623,0.111333,0,0,0,0,0,0,0,0,0,1,1,1,1,1,1,1,1,1,1,1,1,1,0,0,0,0,0,0,0,0,0,1,1,1,1,1,1,1,1,1,1,1,1,1,0,0,0,0,0,0,0,0,0,1,0,0,0,0,0,0,0,0,0,0,0,0,0,0,0,0,0,0,0,0,0,0,13,0,0,0,0,0,0,0,0,0,0,0,0,0,0,0,0,0,0,0,0,0,0,0,0,0,0,0,0,0,0,0,0,0,0,0,0,0,0,0,0,0,0,0,0,0,0,0,0
-0.303573,0.603124,0.524111,0,0,0,0,-3.20715e-08,-1.41734e-07,-6.38245e-08,269,256,257,268,270,281,282,1849,1850,1861,1862,1863,1874,1875,0,0,0,0,0,0,0,0,0,256,257,268,270,281,282,1849,1850,1861,1862,1863,1874,1875,0,0,0,0,0,0,0,0,0,0.047022,0.0387012,0.0465898,0.0470711,0.0378878,0.0473131,0.111754,0.108247,0.111497,0.100051,0.111674,0.1079,0.111664,0,0,0,0,0,0,0,0,0,0.0470017,0.0393922,0.0466963,0.0472517,0.0386386,0.0471497,0.111638,0.108283,0.111492,0.1,0.111745,0.107981,0.111699,0,0,0,0,0,0,0,0,0,1,1,1,1,1,1,1,1,1,1,1,1,1,0,0,0,0,0,0,0,0,0,1,1,1,1,1,1,1,1,1,1,1,1,1,0,0,0,0,0,0,0,0,0,1,0,0,0,0,0,0,0,0,0,0,0,0,0,0,0,0,0,0,0,0,0,0,13,0,0,0,0,0,0,0,0,0,0,0,0,0,0,0,0,0,0,0,0,0,0,0,0,0,0,0,0,0,0,0,0,0,0,0,0,0,0,0,0,0,0,0,0,0,0,0,0
-0.317443,0.580355,0.562903,0,0,0,0,-3.30085e-08,-1.23909e-07,-5.46673e-08,270,257,258,269,271,282,283,1850,1851,1862,1863,1864,1875,1876,0,0,0,0,0,0,0,0,0,257,258,269,271,282,283,1850,1851,1862,1863,1864,1875,1876,0,0,0,0,0,0,0,0,0,0.0480959,0.0396928,0.0470711,0.0475107,0.0389397,0.048057,0.112134,0.108634,0.111754,0.100035,0.111872,0.108321,0.111981,0,0,0,0,0,0,0,0,0,0.0478919,0.040298,0.0472517,0.0476788,0.039553,0.0478102,0.112059,0.108654,0.111751,0.1,0.111946,0.10835,0.112012,0,0,0,0,0,0,0,0,0,1,1,1,1,1,1,1,1,1,1,1,1,1,0,0,0,0,0,0,0,0,0,1,1,1,1,1,1,1,1,1,1,1,1,1,0,0,0,0,0,0,0,0,0,1,0,0,0,0,0,0,0,0,0,0,0,0,0,0,0,0,0,0,0,0,0,0,13,0,0,0,0,0,0,0,0,0,0,0,0,0,0,0,0,0,0,0,0,0,0,0,0,0,0,0,0,0,0,0,0,0,0,0,0,0,0,0,0,0,0,0,0,0,0,0,0
-0.330934,0.555044,0.60078,0,0,0,0,-3.40793e-08,-1.07106e-07,-4.49059e-08,271,258,259,270,272,283,284,1851,1852,1863,1864,1865,1876,1877,0,0,0,0,0,0,0,0,0,258,259,270,272,283,284,1851,1852,1863,1864,1865,1876,1877,0,0,0,0,0,0,0,0,0,0.0489034,0.0405847,0.0475107,0.0477868,0.0398905,0.0486609,0.112473,0.108997,0.111943,0.100018,0.112004,0.1087,0.112237,0,0,0,0,0,0,0,0,0,0.0486223,0.0411134,0.0476788,0.0479425,0.0404217,0.048346,0.11241,0.108994,0.111952,0.1,0.112071,0.108707,0.112268,0,0,0,0,0,0,0,0,0,1,1,1,1,1,1,1,1,1,1,1,1,1,0,0,0,0,0,0,0,0,0,1,1,1,1,1,1,1,1,1,1,1,1,1,0,0,0,0,0,0,0,0,0,1,0,0,0,0,0,0,0,0,0,0,0,0,0,0,0,0,0,0,0,0,0,0,13,0,0,0,0,0,0,0,0,0,0,0,0,0,0,0,0,0,0,0,0,0,0,0,0,0,0,0,0,0,0,0,0,0,0,0,0,0,0,0,0,0,0,0,0,0,0,0,0
-0.343939,0.527297,0.637448,0,0,0,0,-3.53741e-08,-9.14634e-08,-3.4781e-08,272,259,260,271,273,284,285,1852,1853,1864,1865,1866,1877,1878,0,0,0,0,0,0,0,0,0,259,260,271,273,284,285,1852,1853,1864,1865,1866,1877,1878,0,0,0,0,0,0,0,0,0,0.0495237,0.0413681,0.0477868,0.0478683,0.0407563,0.0491188,0.112738,0.109323,0.112059,0.100006,0.112052,0.109048,0.112429,0,0,0,0,0,0,0,0,0,0.0491977,0.0418259,0.0479425,0.0480269,0.0412199,0.0487522,0.11269,0.109296,0.112075,0.1,0.112111,0.109041,0.112464,0,0,0,0,0,0,0,0,0,1,1,1,1,1,1,1,1,1,1,1,1,1,0,0,0,0,0,0,0,0,0,1,1,1,1,1,1,1,1,1,1,1,1,1,0,0,0,0,0,0,0,0,0,1,0,0,0,0,0,0,0,0,0,0,0,0,0,0,0,0,0,0,0,0,0,0,13,0,0,0,0,0,0,0,0,0,0,0,0,0,0,0,0,0,0,0,0,0,0,0,0,0,0,0,0,0,0,0,0,0,0,0,0,0,0,0,0,0,0,0,0,0,0,0,0
-0.356358,0.49727,0.672598,0,0,0,0,-3.68709e-08,-7.71036e-08,-2.44976e-08,273,260,261,272,274,285,286,1853,1854,1865,1866,1867,1878,1879,0,0,0,0,0,0,0,0,0,260,261,272,274,285,286,1853,1854,1865,1866,1867,1878,1879,0,0,0,0,0,0,0,0,0,0.0499718,0.0420317,0.0478683,0.047751,0.041528,0.0494334,0.112926,0.109601,0.112091,0.0999957,0.112013,0.109363,0.112559,0,0,0,0,0,0,0,0,0,0.0496125,0.0424264,0.0480269,0.047928,0.0419336,0.0490272,0.112893,0.109554,0.112114,0.1,0.112063,0.109345,0.112598,0,0,0,0,0,0,0,0,0,1,1,1,1,1,1,1,1,1,1,1,1,1,0,0,0,0,0,0,0,0,0,1,1,1,1,1,1,1,1,1,1,1,1,1,0,0,0,0,0,0,0,0,0,1,0,0,0,0,0,0,0,0,0,0,0,0,0,0,0,0,0,0,0,0,0,0,13,0,0,0,0,0,0,0,0,0,0,0,0,0,0,0,0,0,0,0,0,0,0,0,0,0,0,0,0,0,0,0,0,0,0,0,0,0,0,0,0,0,0,0,0,0,0,0,0
-0.368098,0.465157,0.705931,0,0,0,0,-3.85218e-08,-6.41225e-08,-1.42527e-08,274,261,262,273,275,286,287,1854,1855,1866,1867,1868,1879,1880,0,0,0,0,0,0,0,0,0,261,262,273,275,286,287,1854,1855,1866,1867,1868,1879,1880,0,0,0,0,0,0,0,0,0,0.0502485,0.0425657,0.047751,0.0474471,0.0422,0.0496085,0.113031,0.109825,0.112036,0.0999881,0.111894,0.109642,0.112629,0,0,0,0,0,0,0,0,0,0.0498616,0.0429067,0.047928,0.0476542,0.0425545,0.0491761,0.113016,0.109763,0.112065,0.1,0.111933,0.109613,0.112671,0,0,0,0,0,0,0,0,0,1,1,1,1,1,1,1,1,1,1,1,1,1,0,0,0,0,0,0,0,0,0,1,1,1,1,1,1,1,1,1,1,1,1,1,0,0,0,0,0,0,0,0,0,1,0,0,0,0,0,0,0,0,0,0,0,0,0,0,0,0,0,0,0,0,0,0,13,0,0,0,0,0,0,0,0,0,0,0,0,0,0,0,0,0,0,0,0,0,0,0,0,0,0,0,0,0,0,0,0,0,0,0,0,0,0,0,0,0,0,0,0,0,0,0,0
-0.379085,0.431178,0.737171,0,0,0,0,-4.02695e-08,-5.25754e-08,-4.24132e-09,275,262,263,274,276,287,288,1855,1856,1867,1868,1869,1880,1881,0,0,0,0,0,0,0,0,0,262,263,274,276,287,288,1855,1856,1867,1868,1869,1880,1881,0,0,0,0,0,0,0,0,0,0.0503447,0.0429567,0.0474471,0.0469885,0.0427699,0.0496591,0.113052,0.109987,0.111899,0.0999829,0.11171,0.109881,0.112648,0,0,0,0,0,0,0,0,0,0.0499444,0.0432491,0.0476542,0.0472361,0.0430785,0.0492184,0.113058,0.109913,0.111933,0.1,0.111735,0.109841,0.112692,0,0,0,0,0,0,0,0,0,1,1,1,1,1,1,1,1,1,1,1,1,1,0,0,0,0,0,0,0,0,0,1,1,1,1,1,1,1,1,1,1,1,1,1,0,0,0,0,0,0,0,0,0,1,0,0,0,0,0,0,0,0,0,0,0,0,0,0,0,0,0,0,0,0,0,0,13,0,0,0,0,0,0,0,0,0,0,0,0,0,0,0,0,0,0,0,0,0,0,0,0,0,0,0,0,0,0,0,0,0,0,0,0,0,0,0,0,0,0,0,0,0,0,0,0
-0.389264,0.395562,0.766082,0,0,0,0,-4.20518e-08,-4.24716e-08,5.3584e-09,276,263,264,275,277,288,289,1856,1857,1868,1869,1870,1881,1882,0,0,0,0,0,0,0,0,0,263,264,275,277,288,289,1856,1857,1868,1869,1870,1881,1882,0,0,0,0,0,0,0,0,0,0.0502663,0.043196,0.0469885,0.0464524,0.0432358,0.0496433,0.112992,0.11008,0.111696,0.0999802,0.111496,0.110078,0.112644,0,0,0,0,0,0,0,0,0,0.0498703,0.0434423,0.0472361,0.0467493,0.0435016,0.0492153,0.113022,0.109998,0.111734,0.1,0.111506,0.110028,0.112691,0,0,0,0,0,0,0,0,0,1,1,1,1,1,1,1,1,1,1,1,1,1,0,0,0,0,0,0,0,0,0,1,1,1,1,1,1,1,1,1,1,1,1,1,0,0,0,0,0,0,0,0,0,1,0,0,0,0,0,0,0,0,0,0,0,0,0,0,0,0,0,0,0,0,0,0,13,0,0,0,0,0,0,0,0,0,0,0,0,0,0,0,0,0,0,0,0,0,0,0,0,0,0,0,0,0,0,0,0,0,0,0,0,0,0,0,0,0,0,0,0,0,0,0,0
-0.398635,0.358496,0.792465,0,0,0,0,-4.38191e-08,-3.37717e-08,1.44051e-08,277,264,265,276,278,289,290,1857,1858,1869,1870,1871,1882,1883,0,0,0,0,0,0,0,0,0,264,265,276,278,289,290,1857,1858,1869,1870,1871,1882,1883,0,0,0,0,0,0,0,0,0,0.0500536,0.0432166,0.0464524,0.0461723,0.0436367,0.0497936,0.112873,0.110068,0.111467,0.0999799,0.111408,0.110249,0.112732,0,0,0,0,0,0,0,0,0,0.0496819,0.0434149,0.0467493,0.0465252,0.0438607,0.049401,0.11293,0.109987,0.111504,0.1,0.111401,0.110188,0.112782,0,0,0,0,0,0,0,0,0,1,1,1,1,1,1,1,1,1,1,1,1,1,0,0,0,0,0,0,0,0,0,1,1,1,1,1,1,1,1,1,1,1,1,1,0,0,0,0,0,0,0,0,0,1,0,0,0,0,0,0,0,0,0,0,0,0,0,0,0,0,0,0,0,0,0,0,13,0,0,0,0,0,0,0,0,0,0,0,0,0,0,0,0,0,0,0,0,0,0,0,0,0,0,0,0,0,0,0,0,0,0,0,0,0,0,0,0,0,0,0,0,0,0,0,0
-0.407254,0.3199,0.816297,0,0,0,0,-4.55383e-08,-2.63617e-08,2.28406e-08,278,150,151,265,266,277,290,1743,1744,1858,1859,1870,1871,1883,0,0,0,0,0,0,0,0,0,150,151,265,266,277,290,1743,1744,1858,1859,1870,1871,1883,0,0,0,0,0,0,0,0,0,0.0510744,0.0472795,0.0499308,0.0417745,0.0461723,0.0441017,0.113381,0.111965,0.112805,0.10943,0.111369,0.0999831,0.110453,0,0,0,0,0,0,0,0,0,0.0507364,0.0476732,0.0496016,0.0419582,0.0465252,0.0442876,0.113441,0.111941,0.112892,0.109357,0.111398,0.1,0.110379,0,0,0,0,0,0,0,0,0,1,1,1,1,1,1,1,1,1,1,1,1,1,0,0,0,0,0,0,0,0,0,1,1,1,1,1,1,1,1,1,1,1,1,1,0,0,0,0,0,0,0,0,0,1,0,0,0,0,0,0,0,0,0,0,0,0,0,0,0,0,0,0,0,0,0,0,13,0,0,0,0,0,0,0,0,0,0,0,0,0,0,0,0,0,0,0,0,0,0,0,0,0,0,0,0,0,0,0,0,0,0,0,0,0,0,0,0,0,0,0,0,0,0,0,0
-0.241719,0.654213,0.444493,0,0,0,0,-2.41186e-08,-1.87556e-07,-8.85449e-08,279,30,267,280,291,1623,1860,1872,1873,1884,0,0,0,0,0,0,0,0,0,0,0,0,0,30,267,280,291,1623,1860,1872,1873,1884,0,0,0,0,0,0,0,0,0,0,0,0,0,0.0360264,0.0363515,0.0463946,0.0450757,0.107257,0.107234,0.100074,0.111375,0.110747,0,0,0,0,0,0,0,0,0,0,0,0,0,0.0368473,0.0370241,0.0465363,0.0449777,0.10728,0.107348,0.1,0.111412,0.110694,0,0,0,0,0,0,0,0,0,0,0,0,0,1,1,1,1,1,1,1,1,1,0,0,0,0,0,0,0,0,0,0,0,0,0,1,1,1,1,1,1,1,1,1,0,0,0,0,0,0,0,0,0,0,0,0,0,1,0,0,0,0,0,0,0,0,0,0,0,0,0,0,0,0,0,0,0,0,0,0,9,0,0,0,0,0,0,0,0,0,0,0,0,0,0,0,0,0,0,0,0,0,0,0,0,0,0,0,0,0,0,0,0,0,0,0,0,0,0,0,0,0,0,0,0,0,0,0,0
-0.25555,0.637678,0.485576,0,0,0,0,-2.49127e-08,-1.68509e-07,-8.13228e-08,280,267,268,279,281,291,292,1860,1861,1872,1873,1874,1884,1885,0,0,0,0,0,0,0,0,0,267,268,279,281,291,292,1860,1861,1872,1873,1874,1884,1885,0,0,0,0,0,0,0,0,0,0.0457215,0.0369498,0.0463946,0.0467564,0.0363792,0.0457772,0.110992,0.107541,0.11142,0.100049,0.111531,0.107336,0.111008,0,0,0,0,0,0,0,0,0,0.045501,0.0377344,0.0465363,0.0468496,0.037134,0.0456162,0.11094,0.107624,0.111421,0.1,0.111558,0.107391,0.110985,0,0,0,0,0,0,0,0,0,1,1,1,1,1,1,1,1,1,1,1,1,1,0,0,0,0,0,0,0,0,0,1,1,1,1,1,1,1,1,1,1,1,1,1,0,0,0,0,0,0,0,0,0,1,0,0,0,0,0,0,0,0,0,0,0,0,0,0,0,0,0,0,0,0,0,0,13,0,0,0,0,0,0,0,0,0,0,0,0,0,0,0,0,0,0,0,0,0,0,0,0,0,0,0,0,0,0,0,0,0,0,0,0,0,0,0,0,0,0,0,0,0,0,0,0
-0.269081,0.618675,0.526097,0,0,0,0,-2.56126e-08,-1.49937e-07,-7.33976e-08,281,268,269,280,282,292,293,1861,1862,1873,1874,1875,1885,1886,0,0,0,0,0,0,0,0,0,268,269,280,282,292,293,1861,1862,1873,1874,1875,1885,1886,0,0,0,0,0,0,0,0,0,0.0465837,0.0378878,0.0467564,0.047287,0.03715,0.0464857,0.111403,0.10794,0.111567,0.10004,0.11176,0.107619,0.111283,0,0,0,0,0,0,0,0,0,0.046368,0.0386386,0.0468496,0.0473469,0.0378693,0.0462874,0.11134,0.107981,0.111566,0.1,0.111791,0.107677,0.111295,0,0,0,0,0,0,0,0,0,1,1,1,1,1,1,1,1,1,1,1,1,1,0,0,0,0,0,0,0,0,0,1,1,1,1,1,1,1,1,1,1,1,1,1,0,0,0,0,0,0,0,0,0,1,0,0,0,0,0,0,0,0,0,0,0,0,0,0,0,0,0,0,0,0,0,0,13,0,0,0,0,0,0,0,0,0,0,0,0,0,0,0,0,0,0,0,0,0,0,0,0,0,0,0,0,0,0,0,0,0,0,0,0,0,0,0,0,0,0,0,0,0,0,0,0
-0.28242,0.597091,0.566,0,0,0,0,-2.6376e-08,-1.31977e-07,-6.48049e-08,282,269,270,281,283,293,294,1862,1863,1874,1875,1876,1886,1887,0,0,0,0,0,0,0,0,0,269,270,281,283,293,294,1862,1863,1874,1875,1876,1886,1887,0,0,0,0,0,0,0,0,0,0.0473131,0.0389397,0.047287,0.0477356,0.0381182,0.0471134,0.111772,0.10834,0.111812,0.100029,0.111955,0.107989,0.111532,0,0,0,0,0,0,0,0,0,0.0471497,0.039553,0.0473469,0.0478056,0.0387453,0.0468882,0.111706,0.108349,0.111799,0.1,0.112008,0.108024,0.111576,0,0,0,0,0,0,0,0,0,1,1,1,1,1,1,1,1,1,1,1,1,1,0,0,0,0,0,0,0,0,0,1,1,1,1,1,1,1,1,1,1,1,1,1,0,0,0,0,0,0,0,0,0,1,0,0,0,0,0,0,0,0,0,0,0,0,0,0,0,0,0,0,0,0,0,0,13,0,0,0,0,0,0,0,0,0,0,0,0,0,0,0,0,0,0,0,0,0,0,0,0,0,0,0,0,0,0,0,0,0,0,0,0,0,0,0,0,0,0,0,0,0,0,0,0
-0.295536,0.572937,0.605029,0,0,0,0,-2.7253e-08,-1.14887e-07,-5.55223e-08,283,270,271,282,284,294,295,1863,1864,1875,1876,1877,1887,1888,0,0,0,0,0,0,0,0,0,270,271,282,284,294,295,1863,1864,1875,1876,1877,1887,1888,0,0,0,0,0,0,0,0,0,0.048057,0.0398905,0.0477356,0.0480805,0.0390955,0.0476875,0.112076,0.108714,0.112024,0.100012,0.112114,0.108374,0.111765,0,0,0,0,0,0,0,0,0,0.0478102,0.0404217,0.0478056,0.0481433,0.0396322,0.0473936,0.112019,0.108706,0.112014,0.1,0.112168,0.108383,0.111814,0,0,0,0,0,0,0,0,0,1,1,1,1,1,1,1,1,1,1,1,1,1,0,0,0,0,0,0,0,0,0,1,1,1,1,1,1,1,1,1,1,1,1,1,0,0,0,0,0,0,0,0,0,1,0,0,0,0,0,0,0,0,0,0,0,0,0,0,0,0,0,0,0,0,0,0,13,0,0,0,0,0,0,0,0,0,0,0,0,0,0,0,0,0,0,0,0,0,0,0,0,0,0,0,0,0,0,0,0,0,0,0,0,0,0,0,0,0,0,0,0,0,0,0,0
-0.308303,0.546291,0.642959,0,0,0,0,-2.83255e-08,-9.88412e-08,-4.57506e-08,284,271,272,283,285,295,296,1864,1865,1876,1877,1878,1888,1889,0,0,0,0,0,0,0,0,0,271,272,283,285,295,296,1864,1865,1876,1877,1878,1888,1889,0,0,0,0,0,0,0,0,0,0.0486609,0.0407563,0.0480805,0.0482639,0.0400115,0.0481502,0.112321,0.109066,0.112176,0.0999981,0.112208,0.10874,0.111954,0,0,0,0,0,0,0,0,0,0.048346,0.0412199,0.0481433,0.0483245,0.0404793,0.047792,0.112276,0.10904,0.112174,0.1,0.112255,0.108732,0.112003,0,0,0,0,0,0,0,0,0,1,1,1,1,1,1,1,1,1,1,1,1,1,0,0,0,0,0,0,0,0,0,1,1,1,1,1,1,1,1,1,1,1,1,1,0,0,0,0,0,0,0,0,0,1,0,0,0,0,0,0,0,0,0,0,0,0,0,0,0,0,0,0,0,0,0,0,13,0,0,0,0,0,0,0,0,0,0,0,0,0,0,0,0,0,0,0,0,0,0,0,0,0,0,0,0,0,0,0,0,0,0,0,0,0,0,0,0,0,0,0,0,0,0,0,0
-0.320627,0.517274,0.679504,0,0,0,0,-2.96e-08,-8.39766e-08,-3.56966e-08,285,272,273,284,286,296,297,1865,1866,1877,1878,1879,1889,1890,0,0,0,0,0,0,0,0,0,272,273,284,286,296,297,1865,1866,1877,1878,1879,1889,1890,0,0,0,0,0,0,0,0,0,0.0491188,0.041528,0.0482639,0.048263,0.0408488,0.0484927,0.112503,0.109386,0.112254,0.0999863,0.112224,0.109079,0.112093,0,0,0,0,0,0,0,0,0,0.0487522,0.0419336,0.0483245,0.0483364,0.0412629,0.0480802,0.112472,0.109343,0.112259,0.1,0.11226,0.10906,0.112141,0,0,0,0,0,0,0,0,0,1,1,1,1,1,1,1,1,1,1,1,1,1,0,0,0,0,0,0,0,0,0,1,1,1,1,1,1,1,1,1,1,1,1,1,0,0,0,0,0,0,0,0,0,1,0,0,0,0,0,0,0,0,0,0,0,0,0,0,0,0,0,0,0,0,0,0,13,0,0,0,0,0,0,0,0,0,0,0,0,0,0,0,0,0,0,0,0,0,0,0,0,0,0,0,0,0,0,0,0,0,0,0,0,0,0,0,0,0,0,0,0,0,0,0,0
-0.332416,0.486049,0.714366,0,0,0,0,-3.10449e-08,-7.04046e-08,-2.55585e-08,286,273,274,285,287,297,298,1866,1867,1878,1879,1880,1890,1891,0,0,0,0,0,0,0,0,0,273,274,285,287,297,298,1866,1867,1878,1879,1880,1890,1891,0,0,0,0,0,0,0,0,0,0.0494334,0.0422,0.048263,0.0480818,0.0416028,0.0487158,0.11262,0.109668,0.11225,0.0999771,0.112162,0.10939,0.112183,0,0,0,0,0,0,0,0,0,0.0490272,0.0425545,0.0483364,0.0481839,0.0419706,0.0482634,0.112606,0.109611,0.112263,0.1,0.112186,0.109361,0.112229,0,0,0,0,0,0,0,0,0,1,1,1,1,1,1,1,1,1,1,1,1,1,0,0,0,0,0,0,0,0,0,1,1,1,1,1,1,1,1,1,1,1,1,1,0,0,0,0,0,0,0,0,0,1,0,0,0,0,0,0,0,0,0,0,0,0,0,0,0,0,0,0,0,0,0,0,13,0,0,0,0,0,0,0,0,0,0,0,0,0,0,0,0,0,0,0,0,0,0,0,0,0,0,0,0,0,0,0,0,0,0,0,0,0,0,0,0,0,0,0,0,0,0,0,0
-0.343593,0.452807,0.747258,0,0,0,0,-3.26128e-08,-5.82023e-08,-1.55277e-08,287,274,275,286,288,298,299,1867,1868,1879,1880,1881,1891,1892,0,0,0,0,0,0,0,0,0,274,275,286,288,298,299,1867,1868,1879,1880,1881,1891,1892,0,0,0,0,0,0,0,0,0,0.0496085,0.0427699,0.0480818,0.0477515,0.0422717,0.0488353,0.112674,0.109907,0.112168,0.0999703,0.112038,0.10967,0.112232,0,0,0,0,0,0,0,0,0,0.0491761,0.0430785,0.0481839,0.0478963,0.0425977,0.0483609,0.11268,0.109839,0.112188,0.1,0.112049,0.109632,0.112277,0,0,0,0,0,0,0,0,0,1,1,1,1,1,1,1,1,1,1,1,1,1,0,0,0,0,0,0,0,0,0,1,1,1,1,1,1,1,1,1,1,1,1,1,0,0,0,0,0,0,0,0,0,1,0,0,0,0,0,0,0,0,0,0,0,0,0,0,0,0,0,0,0,0,0,0,13,0,0,0,0,0,0,0,0,0,0,0,0,0,0,0,0,0,0,0,0,0,0,0,0,0,0,0,0,0,0,0,0,0,0,0,0,0,0,0,0,0,0,0,0,0,0,0,0
-0.354097,0.417748,0.77793,0,0,0,0,-3.42505e-08,-4.74039e-08,-5.78259e-09,288,275,276,287,289,299,300,1868,1869,1880,1881,1882,1892,1893,0,0,0,0,0,0,0,0,0,275,276,287,289,299,300,1868,1869,1880,1881,1882,1892,1893,0,0,0,0,0,0,0,0,0,0.0496591,0.0432358,0.0477515,0.0473579,0.0428615,0.048902,0.112672,0.1101,0.112023,0.099966,0.111892,0.10992,0.112266,0,0,0,0,0,0,0,0,0,0.0492184,0.0435016,0.0478963,0.0475573,0.0431488,0.0484275,0.112701,0.110025,0.112049,0.1,0.111887,0.109873,0.112309,0,0,0,0,0,0,0,0,0,1,1,1,1,1,1,1,1,1,1,1,1,1,0,0,0,0,0,0,0,0,0,1,1,1,1,1,1,1,1,1,1,1,1,1,0,0,0,0,0,0,0,0,0,1,0,0,0,0,0,0,0,0,0,0,0,0,0,0,0,0,0,0,0,0,0,0,13,0,0,0,0,0,0,0,0,0,0,0,0,0,0,0,0,0,0,0,0,0,0,0,0,0,0,0,0,0,0,0,0,0,0,0,0,0,0,0,0,0,0,0,0,0,0,0,0
-0.363883,0.381032,0.806195,0,0,0,0,-3.59045e-08,-3.79944e-08,3.52497e-09,289,276,277,288,290,300,301,1869,1870,1881,1882,1883,1893,1894,0,0,0,0,0,0,0,0,0,276,277,288,290,300,301,1869,1870,1881,1882,1883,1893,1894,0,0,0,0,0,0,0,0,0,0.0496433,0.0436367,0.0473579,0.0471479,0.0433896,0.0490748,0.112644,0.11026,0.111858,0.0999644,0.111839,0.110149,0.112362,0,0,0,0,0,0,0,0,0,0.0492153,0.0438607,0.0475573,0.047411,0.0436414,0.0486244,0.112701,0.110184,0.111886,0.1,0.111818,0.110091,0.112405,0,0,0,0,0,0,0,0,0,1,1,1,1,1,1,1,1,1,1,1,1,1,0,0,0,0,0,0,0,0,0,1,1,1,1,1,1,1,1,1,1,1,1,1,0,0,0,0,0,0,0,0,0,1,0,0,0,0,0,0,0,0,0,0,0,0,0,0,0,0,0,0,0,0,0,0,13,0,0,0,0,0,0,0,0,0,0,0,0,0,0,0,0,0,0,0,0,0,0,0,0,0,0,0,0,0,0,0,0,0,0,0,0,0,0,0,0,0,0,0,0,0,0,0,0
-0.372903,0.342642,0.832037,0,0,0,0,-3.75241e-08,-2.98968e-08,1.22929e-08,290,149,150,277,278,289,301,1742,1743,1870,1871,1882,1883,1894,0,0,0,0,0,0,0,0,0,149,150,277,278,289,301,1742,1743,1870,1871,1882,1883,1894,0,0,0,0,0,0,0,0,0,0.0497618,0.0478495,0.0497936,0.0441017,0.0471479,0.0439417,0.112718,0.112221,0.112704,0.110443,0.111791,0.0999652,0.110395,0,0,0,0,0,0,0,0,0,0.0493617,0.0481793,0.049401,0.0442876,0.047411,0.0441616,0.112763,0.112183,0.112792,0.110374,0.111815,0.1,0.110322,0,0,0,0,0,0,0,0,0,1,1,1,1,1,1,1,1,1,1,1,1,1,0,0,0,0,0,0,0,0,0,1,1,1,1,1,1,1,1,1,1,1,1,1,0,0,0,0,0,0,0,0,0,1,0,0,0,0,0,0,0,0,0,0,0,0,0,0,0,0,0,0,0,0,0,0,13,0,0,0,0,0,0,0,0,0,0,0,0,0,0,0,0,0,0,0,0,0,0,0,0,0,0,0,0,0,0,0,0,0,0,0,0,0,0,0,0,0,0,0,0,0,0,0,0
-0.221558,0.650606,0.484647,0,0,0,0,-1.97818e-08,-1.76573e-07,-8.94037e-08,291,30,31,279,280,292,302,1623,1624,1872,1873,1884,1885,1895,0,0,0,0,0,0,0,0,0,30,31,279,280,292,302,1623,1624,1872,1873,1884,1885,1895,0,0,0,0,0,0,0,0,0,0.0468626,0.035885,0.0450757,0.0363792,0.0469454,0.0448663,0.111607,0.107169,0.110751,0.107306,0.100046,0.111584,0.110606,0,0,0,0,0,0,0,0,0,0.0469011,0.0366596,0.0449777,0.037134,0.0469773,0.044766,0.111593,0.107209,0.110701,0.107391,0.1,0.111619,0.110598,0,0,0,0,0,0,0,0,0,1,1,1,1,1,1,1,1,1,1,1,1,1,0,0,0,0,0,0,0,0,0,1,1,1,1,1,1,1,1,1,1,1,1,1,0,0,0,0,0,0,0,0,0,1,0,0,0,0,0,0,0,0,0,0,0,0,0,0,0,0,0,0,0,0,0,0,13,0,0,0,0,0,0,0,0,0,0,0,0,0,0,0,0,0,0,0,0,0,0,0,0,0,0,0,0,0,0,0,0,0,0,0,0,0,0,0,0,0,0,0,0,0,0,0,0
-0.234668,0.632672,0.526004,0,0,0,0,-2.0248e-08,-1.57871e-07,-8.20342e-08,292,280,281,291,293,302,303,1873,1874,1884,1885,1886,1895,1896,0,0,0,0,0,0,0,0,0,280,281,291,293,302,303,1873,1874,1884,1885,1886,1895,1896,0,0,0,0,0,0,0,0,0,0.0457772,0.03715,0.0469454,0.0473297,0.0364353,0.045505,0.11105,0.107626,0.11164,0.100038,0.111753,0.107362,0.11084,0,0,0,0,0,0,0,0,0,0.0456162,0.0378693,0.0469773,0.0473459,0.0371567,0.0453348,0.110992,0.107678,0.111628,0.1,0.111792,0.107401,0.110857,0,0,0,0,0,0,0,0,0,1,1,1,1,1,1,1,1,1,1,1,1,1,0,0,0,0,0,0,0,0,0,1,1,1,1,1,1,1,1,1,1,1,1,1,0,0,0,0,0,0,0,0,0,1,0,0,0,0,0,0,0,0,0,0,0,0,0,0,0,0,0,0,0,0,0,0,13,0,0,0,0,0,0,0,0,0,0,0,0,0,0,0,0,0,0,0,0,0,0,0,0,0,0,0,0,0,0,0,0,0,0,0,0,0,0,0,0,0,0,0,0,0,0,0,0
-0.247471,0.612289,0.566756,0,0,0,0,-2.0798e-08,-1.39854e-07,-7.39318e-08,293,281,282,292,294,303,304,1874,1875,1885,1886,1887,1896,1897,0,0,0,0,0,0,0,0,0,281,282,292,294,303,304,1874,1875,1885,1886,1887,1896,1897,0,0,0,0,0,0,0,0,0,0.0464857,0.0381182,0.0473297,0.0478107,0.0373135,0.0460819,0.111358,0.10801,0.111814,0.10002,0.111965,0.107678,0.111056,0,0,0,0,0,0,0,0,0,0.0462874,0.0387453,0.0473459,0.0477888,0.0379191,0.0458769,0.111302,0.108025,0.1118,0.1,0.112001,0.107698,0.111105,0,0,0,0,0,0,0,0,0,1,1,1,1,1,1,1,1,1,1,1,1,1,0,0,0,0,0,0,0,0,0,1,1,1,1,1,1,1,1,1,1,1,1,1,0,0,0,0,0,0,0,0,0,1,0,0,0,0,0,0,0,0,0,0,0,0,0,0,0,0,0,0,0,0,0,0,13,0,0,0,0,0,0,0,0,0,0,0,0,0,0,0,0,0,0,0,0,0,0,0,0,0,0,0,0,0,0,0,0,0,0,0,0,0,0,0,0,0,0,0,0,0,0,0,0
-0.2601,0.589362,0.606765,0,0,0,0,-2.14989e-08,-1.22596e-07,-6.51622e-08,294,282,283,293,295,304,305,1875,1876,1886,1887,1888,1897,1898,0,0,0,0,0,0,0,0,0,282,283,293,295,304,305,1875,1876,1886,1887,1888,1897,1898,0,0,0,0,0,0,0,0,0,0.0471134,0.0390955,0.0478107,0.0482125,0.0382487,0.0466149,0.111628,0.108391,0.112031,0.100006,0.112149,0.108037,0.111261,0,0,0,0,0,0,0,0,0,0.0468882,0.0396322,0.0477888,0.0481737,0.0387819,0.0463526,0.111582,0.108383,0.112009,0.1,0.112184,0.10804,0.111326,0,0,0,0,0,0,0,0,0,1,1,1,1,1,1,1,1,1,1,1,1,1,0,0,0,0,0,0,0,0,0,1,1,1,1,1,1,1,1,1,1,1,1,1,0,0,0,0,0,0,0,0,0,1,0,0,0,0,0,0,0,0,0,0,0,0,0,0,0,0,0,0,0,0,0,0,13,0,0,0,0,0,0,0,0,0,0,0,0,0,0,0,0,0,0,0,0,0,0,0,0,0,0,0,0,0,0,0,0,0,0,0,0,0,0,0,0,0,0,0,0,0,0,0,0
-0.272499,0.563924,0.645799,0,0,0,0,-2.23684e-08,-1.06262e-07,-5.58294e-08,295,283,284,294,296,305,306,1876,1877,1887,1888,1889,1898,1899,0,0,0,0,0,0,0,0,0,283,284,294,296,305,306,1876,1877,1887,1888,1889,1898,1899,0,0,0,0,0,0,0,0,0,0.0476875,0.0400115,0.0482125,0.0484876,0.0391831,0.0470719,0.111855,0.108757,0.112212,0.09999,0.112283,0.108403,0.11144,0,0,0,0,0,0,0,0,0,0.0473936,0.0404793,0.0481737,0.0484363,0.0396482,0.0467411,0.11182,0.108731,0.112191,0.1,0.11231,0.10839,0.111507,0,0,0,0,0,0,0,0,0,1,1,1,1,1,1,1,1,1,1,1,1,1,0,0,0,0,0,0,0,0,0,1,1,1,1,1,1,1,1,1,1,1,1,1,0,0,0,0,0,0,0,0,0,1,0,0,0,0,0,0,0,0,0,0,0,0,0,0,0,0,0,0,0,0,0,0,13,0,0,0,0,0,0,0,0,0,0,0,0,0,0,0,0,0,0,0,0,0,0,0,0,0,0,0,0,0,0,0,0,0,0,0,0,0,0,0,0,0,0,0,0,0,0,0,0
-0.284584,0.536058,0.683594,0,0,0,0,-2.34228e-08,-9.09951e-08,-4.6107e-08,296,284,285,295,297,306,307,1877,1878,1888,1889,1890,1899,1900,0,0,0,0,0,0,0,0,0,284,285,295,297,306,307,1877,1878,1888,1889,1890,1899,1900,0,0,0,0,0,0,0,0,0,0.0481502,0.0408488,0.0484876,0.0485968,0.0400569,0.0474343,0.112032,0.109098,0.112332,0.0999762,0.112348,0.108752,0.111584,0,0,0,0,0,0,0,0,0,0.047792,0.0412629,0.0484363,0.0485495,0.0404749,0.0470358,0.11201,0.10906,0.112315,0.1,0.112364,0.108731,0.111646,0,0,0,0,0,0,0,0,0,1,1,1,1,1,1,1,1,1,1,1,1,1,0,0,0,0,0,0,0,0,0,1,1,1,1,1,1,1,1,1,1,1,1,1,0,0,0,0,0,0,0,0,0,1,0,0,0,0,0,0,0,0,0,0,0,0,0,0,0,0,0,0,0,0,0,0,13,0,0,0,0,0,0,0,0,0,0,0,0,0,0,0,0,0,0,0,0,0,0,0,0,0,0,0,0,0,0,0,0,0,0,0,0,0,0,0,0,0,0,0,0,0,0,0,0
-0.296268,0.505896,0.719862,0,0,0,0,-2.46473e-08,-7.69204e-08,-3.6185e-08,297,285,286,296,298,307,308,1878,1879,1889,1890,1891,1900,1901,0,0,0,0,0,0,0,0,0,285,286,296,298,307,308,1878,1879,1889,1890,1891,1900,1901,0,0,0,0,0,0,0,0,0,0.0484927,0.0416028,0.0485968,0.0485348,0.0408627,0.0476935,0.112155,0.10941,0.112378,0.0999648,0.112341,0.109081,0.111687,0,0,0,0,0,0,0,0,0,0.0480802,0.0419706,0.0485495,0.0485097,0.0412409,0.0472401,0.112148,0.10936,0.112368,0.1,0.112344,0.109052,0.111742,0,0,0,0,0,0,0,0,0,1,1,1,1,1,1,1,1,1,1,1,1,1,0,0,0,0,0,0,0,0,0,1,1,1,1,1,1,1,1,1,1,1,1,1,0,0,0,0,0,0,0,0,0,1,0,0,0,0,0,0,0,0,0,0,0,0,0,0,0,0,0,0,0,0,0,0,13,0,0,0,0,0,0,0,0,0,0,0,0,0,0,0,0,0,0,0,0,0,0,0,0,0,0,0,0,0,0,0,0,0,0,0,0,0,0,0,0,0,0,0,0,0,0,0,0
-0.307471,0.473599,0.754315,0,0,0,0,-2.60081e-08,-6.41341e-08,-2.62509e-08,298,286,287,297,299,308,309,1879,1880,1890,1891,1892,1901,1902,0,0,0,0,0,0,0,0,0,286,287,297,299,308,309,1879,1880,1890,1891,1892,1901,1902,0,0,0,0,0,0,0,0,0,0.0487158,0.0422717,0.0485348,0.048324,0.0415949,0.0478605,0.112225,0.10969,0.112349,0.0999559,0.112273,0.109385,0.111756,0,0,0,0,0,0,0,0,0,0.0482634,0.0425977,0.0485097,0.0483382,0.0419368,0.0473708,0.112236,0.109631,0.112347,0.1,0.112261,0.109348,0.111805,0,0,0,0,0,0,0,0,0,1,1,1,1,1,1,1,1,1,1,1,1,1,0,0,0,0,0,0,0,0,0,1,1,1,1,1,1,1,1,1,1,1,1,1,0,0,0,0,0,0,0,0,0,1,0,0,0,0,0,0,0,0,0,0,0,0,0,0,0,0,0,0,0,0,0,0,13,0,0,0,0,0,0,0,0,0,0,0,0,0,0,0,0,0,0,0,0,0,0,0,0,0,0,0,0,0,0,0,0,0,0,0,0,0,0,0,0,0,0,0,0,0,0,0,0
-0.318124,0.439342,0.786691,0,0,0,0,-2.74616e-08,-5.2694e-08,-1.64823e-08,299,287,288,298,300,309,310,1880,1881,1891,1892,1893,1902,1903,0,0,0,0,0,0,0,0,0,287,288,298,300,309,310,1880,1881,1891,1892,1893,1902,1903,0,0,0,0,0,0,0,0,0,0.0488353,0.0428615,0.048324,0.0480316,0.0422549,0.047976,0.11225,0.109936,0.112257,0.0999493,0.112175,0.109664,0.11181,0,0,0,0,0,0,0,0,0,0.0483609,0.0431488,0.0483382,0.0480993,0.0425627,0.0474733,0.112284,0.109871,0.112263,0.1,0.112146,0.109618,0.111854,0,0,0,0,0,0,0,0,0,1,1,1,1,1,1,1,1,1,1,1,1,1,0,0,0,0,0,0,0,0,0,1,1,1,1,1,1,1,1,1,1,1,1,1,0,0,0,0,0,0,0,0,0,1,0,0,0,0,0,0,0,0,0,0,0,0,0,0,0,0,0,0,0,0,0,0,13,0,0,0,0,0,0,0,0,0,0,0,0,0,0,0,0,0,0,0,0,0,0,0,0,0,0,0,0,0,0,0,0,0,0,0,0,0,0,0,0,0,0,0,0,0,0,0,0
-0.328165,0.403277,0.816783,0,0,0,0,-2.89599e-08,-4.26128e-08,-7.03745e-09,300,288,289,299,301,310,311,1881,1882,1892,1893,1894,1903,1904,0,0,0,0,0,0,0,0,0,288,289,299,301,310,311,1881,1882,1892,1893,1894,1903,1904,0,0,0,0,0,0,0,0,0,0.048902,0.0433896,0.0480316,0.047819,0.0428537,0.0481545,0.112256,0.110154,0.112137,0.0999455,0.112122,0.109923,0.111905,0,0,0,0,0,0,0,0,0,0.0484275,0.0436414,0.0480993,0.0479519,0.0431322,0.047664,0.112317,0.110087,0.112146,0.1,0.112075,0.109867,0.111945,0,0,0,0,0,0,0,0,0,1,1,1,1,1,1,1,1,1,1,1,1,1,0,0,0,0,0,0,0,0,0,1,1,1,1,1,1,1,1,1,1,1,1,1,0,0,0,0,0,0,0,0,0,1,0,0,0,0,0,0,0,0,0,0,0,0,0,0,0,0,0,0,0,0,0,0,13,0,0,0,0,0,0,0,0,0,0,0,0,0,0,0,0,0,0,0,0,0,0,0,0,0,0,0,0,0,0,0,0,0,0,0,0,0,0,0,0,0,0,0,0,0,0,0,0
-0.337487,0.365459,0.844524,0,0,0,0,-3.04475e-08,-3.38501e-08,1.95219e-09,301,148,149,289,290,300,311,1741,1742,1882,1883,1893,1894,1904,0,0,0,0,0,0,0,0,0,148,149,289,290,300,311,1741,1742,1882,1883,1893,1894,1904,0,0,0,0,0,0,0,0,0,0.0486051,0.0480078,0.0490748,0.0439417,0.047819,0.0434171,0.112146,0.112262,0.11232,0.110377,0.112065,0.0999443,0.110176,0,0,0,0,0,0,0,0,0,0.0481577,0.048211,0.0486244,0.0441616,0.0479519,0.0436716,0.11218,0.112199,0.112413,0.110318,0.112074,0.1,0.110105,0,0,0,0,0,0,0,0,0,1,1,1,1,1,1,1,1,1,1,1,1,1,0,0,0,0,0,0,0,0,0,1,1,1,1,1,1,1,1,1,1,1,1,1,0,0,0,0,0,0,0,0,0,1,0,0,0,0,0,0,0,0,0,0,0,0,0,0,0,0,0,0,0,0,0,0,13,0,0,0,0,0,0,0,0,0,0,0,0,0,0,0,0,0,0,0,0,0,0,0,0,0,0,0,0,0,0,0,0,0,0,0,0,0,0,0,0,0,0,0,0,0,0,0,0
-0.200496,0.645134,0.523883,0,0,0,0,-1.57037e-08,-1.6549e-07,-8.95514e-08,302,31,32,291,292,303,312,1624,1625,1884,1885,1895,1896,1905,0,0,0,0,0,0,0,0,0,31,32,291,292,303,312,1624,1625,1884,1885,1895,1896,1905,0,0,0,0,0,0,0,0,0,0.0470412,0.0358001,0.0448663,0.0364353,0.0472909,0.04444,0.111664,0.107147,0.110653,0.10735,0.100046,0.111711,0.110376,0,0,0,0,0,0,0,0,0,0.0470286,0.036554,0.044766,0.0371567,0.0472869,0.0443052,0.111654,0.10717,0.110604,0.107401,0.1,0.111765,0.110391,0,0,0,0,0,0,0,0,0,1,1,1,1,1,1,1,1,1,1,1,1,1,0,0,0,0,0,0,0,0,0,1,1,1,1,1,1,1,1,1,1,1,1,1,0,0,0,0,0,0,0,0,0,1,0,0,0,0,0,0,0,0,0,0,0,0,0,0,0,0,0,0,0,0,0,0,13,0,0,0,0,0,0,0,0,0,0,0,0,0,0,0,0,0,0,0,0,0,0,0,0,0,0,0,0,0,0,0,0,0,0,0,0,0,0,0,0,0,0,0,0,0,0,0,0
-0.212774,0.62594,0.565323,0,0,0,0,-1.61466e-08,-1.47449e-07,-8.20193e-08,303,292,293,302,304,312,313,1885,1886,1895,1896,1897,1905,1906,0,0,0,0,0,0,0,0,0,292,293,302,304,312,313,1885,1886,1895,1896,1897,1905,1906,0,0,0,0,0,0,0,0,0,0.045505,0.0373135,0.0472909,0.0477501,0.0365766,0.0449416,0.110916,0.107685,0.111781,0.100018,0.11191,0.107405,0.110547,0,0,0,0,0,0,0,0,0,0.0453348,0.0379191,0.0472869,0.0476709,0.0371408,0.0447957,0.110862,0.107698,0.111774,0.1,0.111946,0.107395,0.110612,0,0,0,0,0,0,0,0,0,1,1,1,1,1,1,1,1,1,1,1,1,1,0,0,0,0,0,0,0,0,0,1,1,1,1,1,1,1,1,1,1,1,1,1,0,0,0,0,0,0,0,0,0,1,0,0,0,0,0,0,0,0,0,0,0,0,0,0,0,0,0,0,0,0,0,0,13,0,0,0,0,0,0,0,0,0,0,0,0,0,0,0,0,0,0,0,0,0,0,0,0,0,0,0,0,0,0,0,0,0,0,0,0,0,0,0,0,0,0,0,0,0,0,0,0
-0.224882,0.604268,0.606112,0,0,0,0,-1.66974e-08,-1.30116e-07,-7.37702e-08,304,293,294,303,305,313,314,1886,1887,1896,1897,1898,1906,1907,0,0,0,0,0,0,0,0,0,293,294,303,305,313,314,1886,1887,1896,1897,1898,1906,1907,0,0,0,0,0,0,0,0,0,0.0460819,0.0382487,0.0477501,0.0481968,0.037407,0.045448,0.111144,0.10805,0.11198,0.100002,0.112113,0.107715,0.110731,0,0,0,0,0,0,0,0,0,0.0458769,0.0387819,0.0476709,0.0480669,0.0379141,0.0452399,0.111111,0.10804,0.111955,0.1,0.112135,0.107696,0.110814,0,0,0,0,0,0,0,0,0,1,1,1,1,1,1,1,1,1,1,1,1,1,0,0,0,0,0,0,0,0,0,1,1,1,1,1,1,1,1,1,1,1,1,1,0,0,0,0,0,0,0,0,0,1,0,0,0,0,0,0,0,0,0,0,0,0,0,0,0,0,0,0,0,0,0,0,13,0,0,0,0,0,0,0,0,0,0,0,0,0,0,0,0,0,0,0,0,0,0,0,0,0,0,0,0,0,0,0,0,0,0,0,0,0,0,0,0,0,0,0,0,0,0,0,0
-0.236815,0.580108,0.646073,0,0,0,0,-1.73954e-08,-1.13599e-07,-6.49238e-08,305,294,295,304,306,314,315,1887,1888,1897,1898,1899,1907,1908,0,0,0,0,0,0,0,0,0,294,295,304,306,314,315,1887,1888,1897,1898,1899,1907,1908,0,0,0,0,0,0,0,0,0,0.0466149,0.0391831,0.0481968,0.0485574,0.0383191,0.0458878,0.11135,0.108416,0.112178,0.0999825,0.112284,0.108061,0.110894,0,0,0,0,0,0,0,0,0,0.0463526,0.0396482,0.0480669,0.0483878,0.038762,0.0456148,0.111331,0.108391,0.112142,0.1,0.112288,0.108033,0.110985,0,0,0,0,0,0,0,0,0,1,1,1,1,1,1,1,1,1,1,1,1,1,0,0,0,0,0,0,0,0,0,1,1,1,1,1,1,1,1,1,1,1,1,1,0,0,0,0,0,0,0,0,0,1,0,0,0,0,0,0,0,0,0,0,0,0,0,0,0,0,0,0,0,0,0,0,13,0,0,0,0,0,0,0,0,0,0,0,0,0,0,0,0,0,0,0,0,0,0,0,0,0,0,0,0,0,0,0,0,0,0,0,0,0,0,0,0,0,0,0,0,0,0,0,0
-0.248547,0.553495,0.684956,0,0,0,0,-1.82519e-08,-9.80328e-08,-5.56077e-08,306,295,296,305,307,315,316,1888,1889,1898,1899,1900,1908,1909,0,0,0,0,0,0,0,0,0,295,296,305,307,315,316,1888,1889,1898,1899,1900,1908,1909,0,0,0,0,0,0,0,0,0,0.0470719,0.0400569,0.0485574,0.0487693,0.0391949,0.0462651,0.111516,0.108765,0.112336,0.0999661,0.112395,0.108405,0.111039,0,0,0,0,0,0,0,0,0,0.0467411,0.0404749,0.0483878,0.0485872,0.0396068,0.0459101,0.111512,0.108731,0.112295,0.1,0.112383,0.108374,0.111121,0,0,0,0,0,0,0,0,0,1,1,1,1,1,1,1,1,1,1,1,1,1,0,0,0,0,0,0,0,0,0,1,1,1,1,1,1,1,1,1,1,1,1,1,0,0,0,0,0,0,0,0,0,1,0,0,0,0,0,0,0,0,0,0,0,0,0,0,0,0,0,0,0,0,0,0,13,0,0,0,0,0,0,0,0,0,0,0,0,0,0,0,0,0,0,0,0,0,0,0,0,0,0,0,0,0,0,0,0,0,0,0,0,0,0,0,0,0,0,0,0,0,0,0,0
-0.259995,0.524528,0.722484,0,0,0,0,-1.92641e-08,-8.35495e-08,-4.59911e-08,307,296,297,306,308,316,317,1889,1890,1899,1900,1901,1909,1910,0,0,0,0,0,0,0,0,0,296,297,306,308,316,317,1889,1890,1899,1900,1901,1909,1910,0,0,0,0,0,0,0,0,0,0.0474343,0.0408627,0.0487693,0.0488201,0.0400276,0.0465544,0.111641,0.109093,0.112427,0.0999519,0.112439,0.108738,0.111152,0,0,0,0,0,0,0,0,0,0.0470358,0.0412409,0.0485872,0.0486494,0.040411,0.0461269,0.111651,0.109052,0.112389,0.1,0.112413,0.108705,0.111222,0,0,0,0,0,0,0,0,0,1,1,1,1,1,1,1,1,1,1,1,1,1,0,0,0,0,0,0,0,0,0,1,1,1,1,1,1,1,1,1,1,1,1,1,0,0,0,0,0,0,0,0,0,1,0,0,0,0,0,0,0,0,0,0,0,0,0,0,0,0,0,0,0,0,0,0,13,0,0,0,0,0,0,0,0,0,0,0,0,0,0,0,0,0,0,0,0,0,0,0,0,0,0,0,0,0,0,0,0,0,0,0,0,0,0,0,0,0,0,0,0,0,0,0,0
-0.271084,0.493341,0.758369,0,0,0,0,-2.04127e-08,-7.02599e-08,-3.62517e-08,308,297,298,307,309,317,318,1890,1891,1900,1901,1902,1910,1911,0,0,0,0,0,0,0,0,0,297,298,307,309,317,318,1890,1891,1900,1901,1902,1910,1911,0,0,0,0,0,0,0,0,0,0.0476935,0.0415949,0.0488201,0.048724,0.0408016,0.0467594,0.111722,0.109395,0.112448,0.0999403,0.112423,0.109056,0.111235,0,0,0,0,0,0,0,0,0,0.0472401,0.0419368,0.0486494,0.0485849,0.0411565,0.0462796,0.111748,0.109347,0.112417,0.1,0.112381,0.109017,0.111293,0,0,0,0,0,0,0,0,0,1,1,1,1,1,1,1,1,1,1,1,1,1,0,0,0,0,0,0,0,0,0,1,1,1,1,1,1,1,1,1,1,1,1,1,0,0,0,0,0,0,0,0,0,1,0,0,0,0,0,0,0,0,0,0,0,0,0,0,0,0,0,0,0,0,0,0,13,0,0,0,0,0,0,0,0,0,0,0,0,0,0,0,0,0,0,0,0,0,0,0,0,0,0,0,0,0,0,0,0,0,0,0,0,0,0,0,0,0,0,0,0,0,0,0,0
-0.281745,0.460081,0.792343,0,0,0,0,-2.16661e-08,-5.82425e-08,-2.65635e-08,309,298,299,308,310,318,319,1891,1892,1901,1902,1903,1911,1912,0,0,0,0,0,0,0,0,0,298,299,308,310,318,319,1891,1892,1901,1902,1903,1911,1912,0,0,0,0,0,0,0,0,0,0.0478605,0.0422549,0.048724,0.0485327,0.0415129,0.0469112,0.111763,0.109669,0.112407,0.0999307,0.112372,0.109354,0.111304,0,0,0,0,0,0,0,0,0,0.0473708,0.0425627,0.0485849,0.0484396,0.0418368,0.0464067,0.11181,0.109617,0.112384,0.1,0.112311,0.109306,0.111353,0,0,0,0,0,0,0,0,0,1,1,1,1,1,1,1,1,1,1,1,1,1,0,0,0,0,0,0,0,0,0,1,1,1,1,1,1,1,1,1,1,1,1,1,0,0,0,0,0,0,0,0,0,1,0,0,0,0,0,0,0,0,0,0,0,0,0,0,0,0,0,0,0,0,0,0,13,0,0,0,0,0,0,0,0,0,0,0,0,0,0,0,0,0,0,0,0,0,0,0,0,0,0,0,0,0,0,0,0,0,0,0,0,0,0,0,0,0,0,0,0,0,0,0,0
-0.291906,0.424887,0.824179,0,0,0,0,-2.29854e-08,-4.75348e-08,-1.70862e-08,310,299,300,309,311,319,320,1892,1893,1902,1903,1904,1912,1913,0,0,0,0,0,0,0,0,0,299,300,309,311,319,320,1892,1893,1902,1903,1904,1912,1913,0,0,0,0,0,0,0,0,0,0.047976,0.0428537,0.0485327,0.048352,0.0421555,0.0471021,0.111786,0.109916,0.11233,0.099924,0.112333,0.109631,0.111403,0,0,0,0,0,0,0,0,0,0.0474733,0.0431322,0.0484396,0.0483185,0.0424567,0.0465988,0.11186,0.109865,0.112312,0.1,0.112252,0.109573,0.111443,0,0,0,0,0,0,0,0,0,1,1,1,1,1,1,1,1,1,1,1,1,1,0,0,0,0,0,0,0,0,0,1,1,1,1,1,1,1,1,1,1,1,1,1,0,0,0,0,0,0,0,0,0,1,0,0,0,0,0,0,0,0,0,0,0,0,0,0,0,0,0,0,0,0,0,0,13,0,0,0,0,0,0,0,0,0,0,0,0,0,0,0,0,0,0,0,0,0,0,0,0,0,0,0,0,0,0,0,0,0,0,0,0,0,0,0,0,0,0,0,0,0,0,0,0
-0.301449,0.387845,0.853755,0,0,0,0,-2.43209e-08,-3.8128e-08,-7.96255e-09,311,147,148,300,301,310,320,1740,1741,1893,1894,1903,1904,1913,0,0,0,0,0,0,0,0,0,147,148,300,301,310,320,1740,1741,1893,1894,1903,1904,1913,0,0,0,0,0,0,0,0,0,0.0474697,0.0483566,0.0481545,0.0434171,0.048352,0.0427421,0.111603,0.112384,0.111845,0.110144,0.11227,0.0999198,0.109894,0,0,0,0,0,0,0,0,0,0.0469984,0.0483916,0.047664,0.0436716,0.0483185,0.0430307,0.11163,0.112287,0.111951,0.110102,0.112252,0.1,0.109823,0,0,0,0,0,0,0,0,0,1,1,1,1,1,1,1,1,1,1,1,1,1,0,0,0,0,0,0,0,0,0,1,1,1,1,1,1,1,1,1,1,1,1,1,0,0,0,0,0,0,0,0,0,1,0,0,0,0,0,0,0,0,0,0,0,0,0,0,0,0,0,0,0,0,0,0,13,0,0,0,0,0,0,0,0,0,0,0,0,0,0,0,0,0,0,0,0,0,0,0,0,0,0,0,0,0,0,0,0,0,0,0,0,0,0,0,0,0,0,0,0,0,0,0,0
-0.178445,0.638067,0.561813,0,0,0,0,-1.22289e-08,-1.54696e-07,-8.90059e-08,312,32,33,302,303,313,321,1625,1626,1895,1896,1905,1906,1914,0,0,0,0,0,0,0,0,0,32,33,302,303,313,321,1625,1626,1895,1896,1905,1906,1914,0,0,0,0,0,0,0,0,0,0.0471425,0.036005,0.04444,0.0365766,0.0476017,0.0437008,0.111686,0.107198,0.110448,0.107403,0.10002,0.111821,0.110014,0,0,0,0,0,0,0,0,0,0.0471708,0.0364755,0.0443052,0.0371408,0.0474884,0.0436556,0.111721,0.107141,0.110396,0.107396,0.1,0.111861,0.110102,0,0,0,0,0,0,0,0,0,1,1,1,1,1,1,1,1,1,1,1,1,1,0,0,0,0,0,0,0,0,0,1,1,1,1,1,1,1,1,1,1,1,1,1,0,0,0,0,0,0,0,0,0,1,0,0,0,0,0,0,0,0,0,0,0,0,0,0,0,0,0,0,0,0,0,0,13,0,0,0,0,0,0,0,0,0,0,0,0,0,0,0,0,0,0,0,0,0,0,0,0,0,0,0,0,0,0,0,0,0,0,0,0,0,0,0,0,0,0,0,0,0,0,0,0
-0.190068,0.617643,0.603209,0,0,0,0,-1.27078e-08,-1.37353e-07,-8.1316e-08,313,303,304,312,314,321,322,1896,1897,1905,1906,1907,1914,1915,0,0,0,0,0,0,0,0,0,303,304,312,314,321,322,1896,1897,1905,1906,1907,1914,1915,0,0,0,0,0,0,0,0,0,0.0449416,0.037407,0.0476017,0.0480509,0.0366306,0.0441934,0.110631,0.107719,0.111888,0.100003,0.11202,0.107429,0.110181,0,0,0,0,0,0,0,0,0,0.0447957,0.0379141,0.0474884,0.0478596,0.0370947,0.0440717,0.110616,0.107698,0.11187,0.1,0.112037,0.107378,0.110287,0,0,0,0,0,0,0,0,0,1,1,1,1,1,1,1,1,1,1,1,1,1,0,0,0,0,0,0,0,0,0,1,1,1,1,1,1,1,1,1,1,1,1,1,0,0,0,0,0,0,0,0,0,1,0,0,0,0,0,0,0,0,0,0,0,0,0,0,0,0,0,0,0,0,0,0,13,0,0,0,0,0,0,0,0,0,0,0,0,0,0,0,0,0,0,0,0,0,0,0,0,0,0,0,0,0,0,0,0,0,0,0,0,0,0,0,0,0,0,0,0,0,0,0,0
-0.20149,0.594798,0.64391,0,0,0,0,-1.32783e-08,-1.20749e-07,-7.29858e-08,314,304,305,313,315,322,323,1897,1898,1906,1907,1908,1915,1916,0,0,0,0,0,0,0,0,0,304,305,313,315,322,323,1897,1898,1906,1907,1908,1915,1916,0,0,0,0,0,0,0,0,0,0.045448,0.0383191,0.0480509,0.0484889,0.0374799,0.044599,0.110813,0.108066,0.112085,0.0999774,0.112222,0.107737,0.110323,0,0,0,0,0,0,0,0,0,0.0452399,0.038762,0.0478596,0.048207,0.0378629,0.0444298,0.110818,0.108034,0.112045,0.1,0.112202,0.107677,0.110448,0,0,0,0,0,0,0,0,0,1,1,1,1,1,1,1,1,1,1,1,1,1,0,0,0,0,0,0,0,0,0,1,1,1,1,1,1,1,1,1,1,1,1,1,0,0,0,0,0,0,0,0,0,1,0,0,0,0,0,0,0,0,0,0,0,0,0,0,0,0,0,0,0,0,0,0,13,0,0,0,0,0,0,0,0,0,0,0,0,0,0,0,0,0,0,0,0,0,0,0,0,0,0,0,0,0,0,0,0,0,0,0,0,0,0,0,0,0,0,0,0,0,0,0,0
-0.212793,0.569504,0.683705,0,0,0,0,-1.39732e-08,-1.04982e-07,-6.41248e-08,315,305,306,314,316,323,324,1898,1899,1907,1908,1909,1916,1917,0,0,0,0,0,0,0,0,0,305,306,314,316,323,324,1898,1899,1907,1908,1909,1916,1917,0,0,0,0,0,0,0,0,0,0.0458878,0.0391949,0.0484889,0.0487978,0.0383075,0.044984,0.110964,0.108408,0.112274,0.0999578,0.112374,0.108057,0.110464,0,0,0,0,0,0,0,0,0,0.0456148,0.0396068,0.048207,0.0484712,0.0386911,0.0447204,0.11099,0.108375,0.11221,0.1,0.112328,0.108005,0.110579,0,0,0,0,0,0,0,0,0,1,1,1,1,1,1,1,1,1,1,1,1,1,0,0,0,0,0,0,0,0,0,1,1,1,1,1,1,1,1,1,1,1,1,1,0,0,0,0,0,0,0,0,0,1,0,0,0,0,0,0,0,0,0,0,0,0,0,0,0,0,0,0,0,0,0,0,13,0,0,0,0,0,0,0,0,0,0,0,0,0,0,0,0,0,0,0,0,0,0,0,0,0,0,0,0,0,0,0,0,0,0,0,0,0,0,0,0,0,0,0,0,0,0,0,0
-0.2239,0.541829,0.722331,0,0,0,0,-1.47983e-08,-9.01844e-08,-5.48814e-08,316,306,307,315,317,324,325,1899,1900,1908,1909,1910,1917,1918,0,0,0,0,0,0,0,0,0,306,307,315,317,324,325,1899,1900,1908,1909,1910,1917,1918,0,0,0,0,0,0,0,0,0,0.0462651,0.0400276,0.0487978,0.0489533,0.0391323,0.0453064,0.111088,0.108739,0.112407,0.0999392,0.112464,0.10838,0.110588,0,0,0,0,0,0,0,0,0,0.0459101,0.040411,0.0484712,0.048621,0.0395117,0.0449431,0.111126,0.108706,0.112336,0.1,0.1124,0.108336,0.11068,0,0,0,0,0,0,0,0,0,1,1,1,1,1,1,1,1,1,1,1,1,1,0,0,0,0,0,0,0,0,0,1,1,1,1,1,1,1,1,1,1,1,1,1,0,0,0,0,0,0,0,0,0,1,0,0,0,0,0,0,0,0,0,0,0,0,0,0,0,0,0,0,0,0,0,0,13,0,0,0,0,0,0,0,0,0,0,0,0,0,0,0,0,0,0,0,0,0,0,0,0,0,0,0,0,0,0,0,0,0,0,0,0,0,0,0,0,0,0,0,0,0,0,0,0
-0.234754,0.511877,0.759499,0,0,0,0,-1.5747e-08,-7.64779e-08,-4.54168e-08,317,307,308,316,318,325,326,1900,1901,1909,1910,1911,1918,1919,0,0,0,0,0,0,0,0,0,307,308,316,318,325,326,1900,1901,1909,1910,1911,1918,1919,0,0,0,0,0,0,0,0,0,0.0465544,0.0408016,0.0489533,0.0489639,0.0399252,0.0455495,0.111175,0.109053,0.112473,0.0999244,0.112495,0.1087,0.110685,0,0,0,0,0,0,0,0,0,0.0461269,0.0411565,0.048621,0.0486547,0.0402911,0.04511,0.111226,0.109017,0.112406,0.1,0.112416,0.108656,0.110756,0,0,0,0,0,0,0,0,0,1,1,1,1,1,1,1,1,1,1,1,1,1,0,0,0,0,0,0,0,0,0,1,1,1,1,1,1,1,1,1,1,1,1,1,0,0,0,0,0,0,0,0,0,1,0,0,0,0,0,0,0,0,0,0,0,0,0,0,0,0,0,0,0,0,0,0,13,0,0,0,0,0,0,0,0,0,0,0,0,0,0,0,0,0,0,0,0,0,0,0,0,0,0,0,0,0,0,0,0,0,0,0,0,0,0,0,0,0,0,0,0,0,0,0,0
-0.245292,0.479773,0.794936,0,0,0,0,-1.68012e-08,-6.39569e-08,-3.58982e-08,318,308,309,317,319,326,327,1901,1902,1910,1911,1912,1919,1920,0,0,0,0,0,0,0,0,0,308,309,317,319,326,327,1901,1902,1910,1911,1912,1919,1920,0,0,0,0,0,0,0,0,0,0.0467594,0.0415129,0.0489639,0.0488783,0.04068,0.045729,0.111227,0.109344,0.112477,0.099911,0.112492,0.109012,0.110764,0,0,0,0,0,0,0,0,0,0.0462796,0.0418368,0.0486547,0.0486025,0.0410138,0.0452552,0.111298,0.109306,0.112421,0.1,0.11239,0.108958,0.110823,0,0,0,0,0,0,0,0,0,1,1,1,1,1,1,1,1,1,1,1,1,1,0,0,0,0,0,0,0,0,0,1,1,1,1,1,1,1,1,1,1,1,1,1,0,0,0,0,0,0,0,0,0,1,0,0,0,0,0,0,0,0,0,0,0,0,0,0,0,0,0,0,0,0,0,0,13,0,0,0,0,0,0,0,0,0,0,0,0,0,0,0,0,0,0,0,0,0,0,0,0,0,0,0,0,0,0,0,0,0,0,0,0,0,0,0,0,0,0,0,0,0,0,0,0
-0.25545,0.445629,0.828404,0,0,0,0,-1.79335e-08,-5.2679e-08,-2.64804e-08,319,309,310,318,320,327,328,1902,1903,1911,1912,1913,1920,1921,0,0,0,0,0,0,0,0,0,309,310,318,320,327,328,1902,1903,1911,1912,1913,1920,1921,0,0,0,0,0,0,0,0,0,0.0469112,0.0421555,0.0488783,0.0487677,0.0413619,0.0459336,0.111259,0.109607,0.112445,0.0999006,0.112484,0.109304,0.110868,0,0,0,0,0,0,0,0,0,0.0464067,0.0424567,0.0486025,0.0485364,0.0416761,0.0454558,0.111358,0.109572,0.112394,0.1,0.112358,0.109238,0.110915,0,0,0,0,0,0,0,0,0,1,1,1,1,1,1,1,1,1,1,1,1,1,0,0,0,0,0,0,0,0,0,1,1,1,1,1,1,1,1,1,1,1,1,1,0,0,0,0,0,0,0,0,0,1,0,0,0,0,0,0,0,0,0,0,0,0,0,0,0,0,0,0,0,0,0,0,13,0,0,0,0,0,0,0,0,0,0,0,0,0,0,0,0,0,0,0,0,0,0,0,0,0,0,0,0,0,0,0,0,0,0,0,0,0,0,0,0,0,0,0,0,0,0,0,0
-0.265108,0.409533,0.859742,0,0,0,0,-1.91022e-08,-4.26615e-08,-1.73086e-08,320,146,147,310,311,319,328,1739,1740,1903,1904,1912,1913,1921,0,0,0,0,0,0,0,0,0,146,147,310,311,319,328,1739,1740,1903,1904,1912,1913,1921,0,0,0,0,0,0,0,0,0,0.0462789,0.0487394,0.0471021,0.0427421,0.0487677,0.0419637,0.11106,0.112515,0.111316,0.109842,0.112413,0.0998927,0.109576,0,0,0,0,0,0,0,0,0,0.045823,0.0485662,0.0465988,0.0430307,0.0485364,0.0422826,0.111084,0.112372,0.111448,0.109822,0.11236,0.1,0.109498,0,0,0,0,0,0,0,0,0,1,1,1,1,1,1,1,1,1,1,1,1,1,0,0,0,0,0,0,0,0,0,1,1,1,1,1,1,1,1,1,1,1,1,1,0,0,0,0,0,0,0,0,0,1,0,0,0,0,0,0,0,0,0,0,0,0,0,0,0,0,0,0,0,0,0,0,13,0,0,0,0,0,0,0,0,0,0,0,0,0,0,0,0,0,0,0,0,0,0,0,0,0,0,0,0,0,0,0,0,0,0,0,0,0,0,0,0,0,0,0,0,0,0,0,0
-0.155779,0.629506,0.598182,0,0,0,0,-9.35876e-09,-1.44247e-07,-8.77764e-08,321,33,34,312,313,322,329,1626,1627,1905,1906,1914,1915,1922,0,0,0,0,0,0,0,0,0,33,34,312,313,322,329,1626,1627,1905,1906,1914,1915,1922,0,0,0,0,0,0,0,0,0,0.0473971,0.0359873,0.0437008,0.0366306,0.0478039,0.0428572,0.111754,0.107227,0.110086,0.107427,0.100011,0.111886,0.10962,0,0,0,0,0,0,0,0,0,0.0472701,0.0364061,0.0436556,0.0370947,0.04759,0.042858,0.111769,0.107116,0.110106,0.10738,0.1,0.11191,0.109752,0,0,0,0,0,0,0,0,0,1,1,1,1,1,1,1,1,1,1,1,1,1,0,0,0,0,0,0,0,0,0,1,1,1,1,1,1,1,1,1,1,1,1,1,0,0,0,0,0,0,0,0,0,1,0,0,0,0,0,0,0,0,0,0,0,0,0,0,0,0,0,0,0,0,0,0,13,0,0,0,0,0,0,0,0,0,0,0,0,0,0,0,0,0,0,0,0,0,0,0,0,0,0,0,0,0,0,0,0,0,0,0,0,0,0,0,0,0,0,0,0,0,0,0,0
-0.166693,0.607989,0.639451,0,0,0,0,-9.87416e-09,-1.27634e-07,-7.99976e-08,322,313,314,321,323,329,330,1906,1907,1914,1915,1916,1922,1923,0,0,0,0,0,0,0,0,0,313,314,321,323,329,330,1906,1907,1914,1915,1916,1922,1923,0,0,0,0,0,0,0,0,0,0.0441934,0.0374799,0.0478039,0.0483013,0.0367501,0.0432167,0.110254,0.107736,0.111942,0.0999748,0.112109,0.107462,0.109734,0,0,0,0,0,0,0,0,0,0.0440717,0.0378629,0.04759,0.0479289,0.0370193,0.0432011,0.110291,0.107679,0.111919,0.1,0.112071,0.10735,0.109903,0,0,0,0,0,0,0,0,0,1,1,1,1,1,1,1,1,1,1,1,1,1,0,0,0,0,0,0,0,0,0,1,1,1,1,1,1,1,1,1,1,1,1,1,0,0,0,0,0,0,0,0,0,1,0,0,0,0,0,0,0,0,0,0,0,0,0,0,0,0,0,0,0,0,0,0,13,0,0,0,0,0,0,0,0,0,0,0,0,0,0,0,0,0,0,0,0,0,0,0,0,0,0,0,0,0,0,0,0,0,0,0,0,0,0,0,0,0,0,0,0,0,0,0,0
-0.177551,0.584047,0.679971,0,0,0,0,-1.04557e-08,-1.11756e-07,-7.16233e-08,323,314,315,322,324,330,331,1907,1908,1915,1916,1917,1923,1924,0,0,0,0,0,0,0,0,0,314,315,322,324,330,331,1907,1908,1915,1916,1917,1923,1924,0,0,0,0,0,0,0,0,0,0.044599,0.0383075,0.0483013,0.0486964,0.0374526,0.0435883,0.110381,0.108049,0.112155,0.0999541,0.112296,0.107732,0.109866,0,0,0,0,0,0,0,0,0,0.0444298,0.0386911,0.0479289,0.0482277,0.0377693,0.0434839,0.110451,0.108007,0.112079,0.1,0.112213,0.107641,0.110027,0,0,0,0,0,0,0,0,0,1,1,1,1,1,1,1,1,1,1,1,1,1,0,0,0,0,0,0,0,0,0,1,1,1,1,1,1,1,1,1,1,1,1,1,0,0,0,0,0,0,0,0,0,1,0,0,0,0,0,0,0,0,0,0,0,0,0,0,0,0,0,0,0,0,0,0,13,0,0,0,0,0,0,0,0,0,0,0,0,0,0,0,0,0,0,0,0,0,0,0,0,0,0,0,0,0,0,0,0,0,0,0,0,0,0,0,0,0,0,0,0,0,0,0,0
-0.188254,0.557728,0.71952,0,0,0,0,-1.11325e-08,-9.67362e-08,-6.28019e-08,324,315,316,323,325,331,332,1908,1909,1916,1917,1918,1924,1925,0,0,0,0,0,0,0,0,0,315,316,323,325,331,332,1908,1909,1916,1917,1918,1924,1925,0,0,0,0,0,0,0,0,0,0.044984,0.0391323,0.0486964,0.048959,0.0382243,0.043934,0.110499,0.108366,0.112326,0.0999291,0.11243,0.108028,0.109993,0,0,0,0,0,0,0,0,0,0.0447204,0.0395117,0.0482277,0.0484447,0.0385727,0.0437074,0.110582,0.108338,0.112221,0.1,0.112316,0.107959,0.110126,0,0,0,0,0,0,0,0,0,1,1,1,1,1,1,1,1,1,1,1,1,1,0,0,0,0,0,0,0,0,0,1,1,1,1,1,1,1,1,1,1,1,1,1,0,0,0,0,0,0,0,0,0,1,0,0,0,0,0,0,0,0,0,0,0,0,0,0,0,0,0,0,0,0,0,0,13,0,0,0,0,0,0,0,0,0,0,0,0,0,0,0,0,0,0,0,0,0,0,0,0,0,0,0,0,0,0,0,0,0,0,0,0,0,0,0,0,0,0,0,0,0,0,0,0
-0.198773,0.529098,0.757817,0,0,0,0,-1.19086e-08,-8.26981e-08,-5.36737e-08,325,316,317,324,326,332,333,1909,1910,1917,1918,1919,1925,1926,0,0,0,0,0,0,0,0,0,316,317,324,326,332,333,1909,1910,1917,1918,1919,1925,1926,0,0,0,0,0,0,0,0,0,0.0453064,0.0399252,0.048959,0.0490574,0.0389845,0.0442466,0.110593,0.108679,0.112437,0.0999095,0.112498,0.108327,0.110114,0,0,0,0,0,0,0,0,0,0.0449431,0.0402911,0.0484447,0.0485639,0.0393663,0.0438826,0.110683,0.108658,0.112324,0.1,0.112373,0.108278,0.110205,0,0,0,0,0,0,0,0,0,1,1,1,1,1,1,1,1,1,1,1,1,1,0,0,0,0,0,0,0,0,0,1,1,1,1,1,1,1,1,1,1,1,1,1,0,0,0,0,0,0,0,0,0,1,0,0,0,0,0,0,0,0,0,0,0,0,0,0,0,0,0,0,0,0,0,0,13,0,0,0,0,0,0,0,0,0,0,0,0,0,0,0,0,0,0,0,0,0,0,0,0,0,0,0,0,0,0,0,0,0,0,0,0,0,0,0,0,0,0,0,0,0,0,0,0
-0.209063,0.498271,0.794565,0,0,0,0,-1.27783e-08,-6.97534e-08,-4.43983e-08,326,317,318,325,327,333,334,1910,1911,1918,1919,1920,1926,1927,0,0,0,0,0,0,0,0,0,317,318,325,327,333,334,1910,1911,1918,1919,1920,1926,1927,0,0,0,0,0,0,0,0,0,0.0455495,0.04068,0.0490574,0.0490723,0.0397796,0.0444534,0.110655,0.108982,0.112476,0.0998915,0.112538,0.108646,0.110205,0,0,0,0,0,0,0,0,0,0.04511,0.0410138,0.0485639,0.0486014,0.0401189,0.0440411,0.110759,0.108959,0.11238,0.1,0.112391,0.108586,0.110275,0,0,0,0,0,0,0,0,0,1,1,1,1,1,1,1,1,1,1,1,1,1,0,0,0,0,0,0,0,0,0,1,1,1,1,1,1,1,1,1,1,1,1,1,0,0,0,0,0,0,0,0,0,1,0,0,0,0,0,0,0,0,0,0,0,0,0,0,0,0,0,0,0,0,0,0,13,0,0,0,0,0,0,0,0,0,0,0,0,0,0,0,0,0,0,0,0,0,0,0,0,0,0,0,0,0,0,0,0,0,0,0,0,0,0,0,0,0,0,0,0,0,0,0,0
-0.219098,0.465328,0.829524,0,0,0,0,-1.37284e-08,-5.79719e-08,-3.51208e-08,327,318,319,326,328,334,335,1911,1912,1919,1920,1921,1927,1928,0,0,0,0,0,0,0,0,0,318,319,326,328,334,335,1911,1912,1919,1920,1921,1927,1928,0,0,0,0,0,0,0,0,0,0.045729,0.0413619,0.0490723,0.0490604,0.0405081,0.0446607,0.110692,0.109257,0.112484,0.0998762,0.112574,0.108955,0.110311,0,0,0,0,0,0,0,0,0,0.0452552,0.0416761,0.0486014,0.048608,0.0408172,0.0442541,0.110826,0.109239,0.112396,0.1,0.112394,0.108876,0.110371,0,0,0,0,0,0,0,0,0,1,1,1,1,1,1,1,1,1,1,1,1,1,0,0,0,0,0,0,0,0,0,1,1,1,1,1,1,1,1,1,1,1,1,1,0,0,0,0,0,0,0,0,0,1,0,0,0,0,0,0,0,0,0,0,0,0,0,0,0,0,0,0,0,0,0,0,13,0,0,0,0,0,0,0,0,0,0,0,0,0,0,0,0,0,0,0,0,0,0,0,0,0,0,0,0,0,0,0,0,0,0,0,0,0,0,0,0,0,0,0,0,0,0,0,0
-0.228767,0.430332,0.86252,0,0,0,0,-1.47267e-08,-4.73893e-08,-2.59796e-08,328,145,146,319,320,327,335,1738,1739,1912,1913,1920,1921,1928,0,0,0,0,0,0,0,0,0,145,146,319,320,327,335,1738,1739,1912,1913,1920,1921,1928,0,0,0,0,0,0,0,0,0,0.0450075,0.0490813,0.0459336,0.0419637,0.0490604,0.0411216,0.110512,0.112624,0.110745,0.109493,0.112493,0.0998638,0.109236,0,0,0,0,0,0,0,0,0,0.0446239,0.0486637,0.0454558,0.0422826,0.048608,0.0414575,0.110537,0.11242,0.110918,0.109499,0.112398,0.1,0.109146,0,0,0,0,0,0,0,0,0,1,1,1,1,1,1,1,1,1,1,1,1,1,0,0,0,0,0,0,0,0,0,1,1,1,1,1,1,1,1,1,1,1,1,1,0,0,0,0,0,0,0,0,0,1,0,0,0,0,0,0,0,0,0,0,0,0,0,0,0,0,0,0,0,0,0,0,13,0,0,0,0,0,0,0,0,0,0,0,0,0,0,0,0,0,0,0,0,0,0,0,0,0,0,0,0,0,0,0,0,0,0,0,0,0,0,0,0,0,0,0,0,0,0,0,0
-0.132502,0.619713,0.632809,0,0,0,0,-7.01904e-09,-1.34219e-07,-8.5955e-08,329,34,35,321,322,330,336,1627,1628,1914,1915,1922,1923,1929,0,0,0,0,0,0,0,0,0,34,35,321,322,330,336,1627,1628,1914,1915,1922,1923,1929,0,0,0,0,0,0,0,0,0,0.0475172,0.0362683,0.0428572,0.0367501,0.0480562,0.0417397,0.111787,0.107246,0.109674,0.107456,0.099972,0.111977,0.109144,0,0,0,0,0,0,0,0,0,0.0473058,0.0363385,0.042858,0.0370193,0.0475963,0.0419373,0.111786,0.107091,0.109755,0.107352,0.1,0.111913,0.109355,0,0,0,0,0,0,0,0,0,1,1,1,1,1,1,1,1,1,1,1,1,1,0,0,0,0,0,0,0,0,0,1,1,1,1,1,1,1,1,1,1,1,1,1,0,0,0,0,0,0,0,0,0,1,0,0,0,0,0,0,0,0,0,0,0,0,0,0,0,0,0,0,0,0,0,0,13,0,0,0,0,0,0,0,0,0,0,0,0,0,0,0,0,0,0,0,0,0,0,0,0,0,0,0,0,0,0,0,0,0,0,0,0,0,0,0,0,0,0,0,0,0,0,0,0
-0.14298,0.597116,0.673907,0,0,0,0,-7.55602e-09,-1.18293e-07,-7.80959e-08,330,322,323,329,331,336,337,1915,1916,1922,1923,1924,1929,1930,0,0,0,0,0,0,0,0,0,322,323,329,331,336,337,1915,1916,1922,1923,1924,1929,1930,0,0,0,0,0,0,0,0,0,0.0432167,0.0374526,0.0480562,0.048468,0.0366795,0.0421348,0.109773,0.107713,0.112003,0.0999528,0.112167,0.107453,0.109266,0,0,0,0,0,0,0,0,0,0.0432011,0.0377693,0.0475963,0.0478925,0.0369152,0.0422141,0.109905,0.107643,0.111923,0.1,0.112054,0.107311,0.109474,0,0,0,0,0,0,0,0,0,1,1,1,1,1,1,1,1,1,1,1,1,1,0,0,0,0,0,0,0,0,0,1,1,1,1,1,1,1,1,1,1,1,1,1,0,0,0,0,0,0,0,0,0,1,0,0,0,0,0,0,0,0,0,0,0,0,0,0,0,0,0,0,0,0,0,0,13,0,0,0,0,0,0,0,0,0,0,0,0,0,0,0,0,0,0,0,0,0,0,0,0,0,0,0,0,0,0,0,0,0,0,0,0,0,0,0,0,0,0,0,0,0,0,0,0
-0.153278,0.572194,0.714181,0,0,0,0,-8.13421e-09,-1.0314e-07,-6.97326e-08,331,323,324,330,332,337,338,1916,1917,1923,1924,1925,1930,1931,0,0,0,0,0,0,0,0,0,323,324,330,332,337,338,1916,1917,1923,1924,1925,1930,1931,0,0,0,0,0,0,0,0,0,0.0435883,0.0382243,0.048468,0.0488518,0.0373852,0.0424107,0.10988,0.107998,0.112185,0.0999255,0.11235,0.107706,0.109377,0,0,0,0,0,0,0,0,0,0.0434839,0.0385727,0.0478925,0.048147,0.0376353,0.042436,0.110029,0.107961,0.112063,0.1,0.112175,0.10759,0.10957,0,0,0,0,0,0,0,0,0,1,1,1,1,1,1,1,1,1,1,1,1,1,0,0,0,0,0,0,0,0,0,1,1,1,1,1,1,1,1,1,1,1,1,1,0,0,0,0,0,0,0,0,0,1,0,0,0,0,0,0,0,0,0,0,0,0,0,0,0,0,0,0,0,0,0,0,13,0,0,0,0,0,0,0,0,0,0,0,0,0,0,0,0,0,0,0,0,0,0,0,0,0,0,0,0,0,0,0,0,0,0,0,0,0,0,0,0,0,0,0,0,0,0,0,0
-0.163424,0.544941,0.753434,0,0,0,0,-8.7796e-09,-8.88509e-08,-6.09871e-08,332,324,325,331,333,338,339,1917,1918,1924,1925,1926,1931,1932,0,0,0,0,0,0,0,0,0,324,325,331,333,338,339,1917,1918,1924,1925,1926,1931,1932,0,0,0,0,0,0,0,0,0,0.043934,0.0389845,0.0488518,0.0490416,0.0380191,0.0428041,0.109973,0.108286,0.112349,0.0998981,0.112448,0.107968,0.109519,0,0,0,0,0,0,0,0,0,0.0437074,0.0393663,0.048147,0.0483325,0.038409,0.0426159,0.110128,0.10828,0.112183,0.1,0.112263,0.107894,0.109649,0,0,0,0,0,0,0,0,0,1,1,1,1,1,1,1,1,1,1,1,1,1,0,0,0,0,0,0,0,0,0,1,1,1,1,1,1,1,1,1,1,1,1,1,0,0,0,0,0,0,0,0,0,1,0,0,0,0,0,0,0,0,0,0,0,0,0,0,0,0,0,0,0,0,0,0,13,0,0,0,0,0,0,0,0,0,0,0,0,0,0,0,0,0,0,0,0,0,0,0,0,0,0,0,0,0,0,0,0,0,0,0,0,0,0,0,0,0,0,0,0,0,0,0,0
-0.173337,0.515469,0.791358,0,0,0,0,-9.49325e-09,-7.55582e-08,-5.20138e-08,333,325,326,332,334,339,340,1918,1919,1925,1926,1927,1932,1933,0,0,0,0,0,0,0,0,0,325,326,332,334,339,340,1918,1919,1925,1926,1927,1932,1933,0,0,0,0,0,0,0,0,0,0.0442466,0.0397796,0.0490416,0.0491239,0.0388063,0.0431196,0.110056,0.108595,0.112422,0.0998675,0.112513,0.108267,0.109643,0,0,0,0,0,0,0,0,0,0.0438826,0.0401189,0.0483325,0.0484505,0.039173,0.0427846,0.110206,0.108588,0.112271,0.1,0.112319,0.1082,0.109722,0,0,0,0,0,0,0,0,0,1,1,1,1,1,1,1,1,1,1,1,1,1,0,0,0,0,0,0,0,0,0,1,1,1,1,1,1,1,1,1,1,1,1,1,0,0,0,0,0,0,0,0,0,1,0,0,0,0,0,0,0,0,0,0,0,0,0,0,0,0,0,0,0,0,0,0,13,0,0,0,0,0,0,0,0,0,0,0,0,0,0,0,0,0,0,0,0,0,0,0,0,0,0,0,0,0,0,0,0,0,0,0,0,0,0,0,0,0,0,0,0,0,0,0,0
-0.183117,0.483842,0.827652,0,0,0,0,-1.02768e-08,-6.33471e-08,-4.29438e-08,334,326,327,333,335,340,341,1919,1920,1926,1927,1928,1933,1934,0,0,0,0,0,0,0,0,0,326,327,333,335,340,341,1919,1920,1926,1927,1928,1933,1934,0,0,0,0,0,0,0,0,0,0.0444534,0.0405081,0.0491239,0.0492206,0.0396136,0.0433128,0.110098,0.108884,0.112449,0.0998492,0.1126,0.108595,0.109747,0,0,0,0,0,0,0,0,0,0.0440411,0.0408172,0.0484505,0.0485365,0.0398971,0.043013,0.110277,0.108878,0.112326,0.1,0.11236,0.108495,0.109822,0,0,0,0,0,0,0,0,0,1,1,1,1,1,1,1,1,1,1,1,1,1,0,0,0,0,0,0,0,0,0,1,1,1,1,1,1,1,1,1,1,1,1,1,0,0,0,0,0,0,0,0,0,1,0,0,0,0,0,0,0,0,0,0,0,0,0,0,0,0,0,0,0,0,0,0,13,0,0,0,0,0,0,0,0,0,0,0,0,0,0,0,0,0,0,0,0,0,0,0,0,0,0,0,0,0,0,0,0,0,0,0,0,0,0,0,0,0,0,0,0,0,0,0,0
-0.1927,0.45008,0.862162,0,0,0,0,-1.11117e-08,-5.22564e-08,-3.39036e-08,335,144,145,327,328,334,341,1737,1738,1920,1921,1927,1928,1934,0,0,0,0,0,0,0,0,0,144,145,327,328,334,341,1737,1738,1920,1921,1927,1928,1934,0,0,0,0,0,0,0,0,0,0.0436488,0.0493477,0.0446607,0.0411216,0.0492206,0.0402483,0.10996,0.112697,0.110142,0.109118,0.112501,0.0998329,0.108887,0,0,0,0,0,0,0,0,0,0.0434099,0.0486538,0.0442541,0.0414575,0.0485365,0.0405684,0.109997,0.112417,0.110373,0.109148,0.112366,0.1,0.108773,0,0,0,0,0,0,0,0,0,1,1,1,1,1,1,1,1,1,1,1,1,1,0,0,0,0,0,0,0,0,0,1,1,1,1,1,1,1,1,1,1,1,1,1,0,0,0,0,0,0,0,0,0,1,0,0,0,0,0,0,0,0,0,0,0,0,0,0,0,0,0,0,0,0,0,0,13,0,0,0,0,0,0,0,0,0,0,0,0,0,0,0,0,0,0,0,0,0,0,0,0,0,0,0,0,0,0,0,0,0,0,0,0,0,0,0,0,0,0,0,0,0,0,0,0
-0.109184,0.60873,0.66564,0,0,0,0,-5.11273e-09,-1.24569e-07,-8.35401e-08,336,35,36,329,330,337,342,1628,1629,1922,1923,1929,1930,1935,0,0,0,0,0,0,0,0,0,35,36,329,330,337,342,1628,1629,1922,1923,1929,1930,1935,0,0,0,0,0,0,0,0,0,0.0478308,0.0362393,0.0417397,0.0366795,0.048176,0.0406902,0.111809,0.107336,0.109142,0.107422,0.0999667,0.112014,0.108765,0,0,0,0,0,0,0,0,0,0.0472744,0.0363884,0.0419373,0.0369152,0.0475157,0.0410262,0.111772,0.107143,0.109357,0.107313,0.1,0.111876,0.10898,0,0,0,0,0,0,0,0,0,1,1,1,1,1,1,1,1,1,1,1,1,1,0,0,0,0,0,0,0,0,0,1,1,1,1,1,1,1,1,1,1,1,1,1,0,0,0,0,0,0,0,0,0,1,0,0,0,0,0,0,0,0,0,0,0,0,0,0,0,0,0,0,0,0,0,0,13,0,0,0,0,0,0,0,0,0,0,0,0,0,0,0,0,0,0,0,0,0,0,0,0,0,0,0,0,0,0,0,0,0,0,0,0,0,0,0,0,0,0,0,0,0,0,0,0
-0.119085,0.585217,0.706507,0,0,0,0,-5.65963e-09,-1.0934e-07,-7.5678e-08,337,330,331,336,338,342,343,1923,1924,1929,1930,1931,1935,1936,0,0,0,0,0,0,0,0,0,330,331,336,338,342,343,1923,1924,1929,1930,1931,1935,1936,0,0,0,0,0,0,0,0,0,0.0421348,0.0373852,0.048176,0.0485996,0.0364055,0.0408695,0.109248,0.107662,0.112008,0.099909,0.112217,0.107384,0.108781,0,0,0,0,0,0,0,0,0,0.0422141,0.0376353,0.0475157,0.0477663,0.0365209,0.0411402,0.109476,0.107592,0.111885,0.1,0.111994,0.107205,0.109018,0,0,0,0,0,0,0,0,0,1,1,1,1,1,1,1,1,1,1,1,1,1,0,0,0,0,0,0,0,0,0,1,1,1,1,1,1,1,1,1,1,1,1,1,0,0,0,0,0,0,0,0,0,1,0,0,0,0,0,0,0,0,0,0,0,0,0,0,0,0,0,0,0,0,0,0,13,0,0,0,0,0,0,0,0,0,0,0,0,0,0,0,0,0,0,0,0,0,0,0,0,0,0,0,0,0,0,0,0,0,0,0,0,0,0,0,0,0,0,0,0,0,0,0,0
-0.128947,0.559373,0.746465,0,0,0,0,-6.22742e-09,-9.48932e-08,-6.73476e-08,338,331,332,337,339,343,344,1924,1925,1930,1931,1932,1936,1937,0,0,0,0,0,0,0,0,0,331,332,337,339,343,344,1924,1925,1930,1931,1932,1936,1937,0,0,0,0,0,0,0,0,0,0.0424107,0.0380191,0.0485996,0.0489099,0.0371272,0.0411628,0.109322,0.107904,0.112194,0.0999156,0.11237,0.107658,0.10887,0,0,0,0,0,0,0,0,0,0.042436,0.038409,0.0477663,0.0479882,0.0374617,0.0413244,0.109572,0.107897,0.112003,0.1,0.112099,0.107523,0.109096,0,0,0,0,0,0,0,0,0,1,1,1,1,1,1,1,1,1,1,1,1,1,0,0,0,0,0,0,0,0,0,1,1,1,1,1,1,1,1,1,1,1,1,1,0,0,0,0,0,0,0,0,0,1,0,0,0,0,0,0,0,0,0,0,0,0,0,0,0,0,0,0,0,0,0,0,13,0,0,0,0,0,0,0,0,0,0,0,0,0,0,0,0,0,0,0,0,0,0,0,0,0,0,0,0,0,0,0,0,0,0,0,0,0,0,0,0,0,0,0,0,0,0,0,0
-0.138418,0.531311,0.785389,0,0,0,0,-6.83293e-09,-8.13292e-08,-5.87282e-08,339,332,333,338,340,344,345,1925,1926,1931,1932,1933,1937,1938,0,0,0,0,0,0,0,0,0,332,333,338,340,344,345,1925,1926,1931,1932,1933,1937,1938,0,0,0,0,0,0,0,0,0,0.0428041,0.0388063,0.0489099,0.0491128,0.0378429,0.0416098,0.109428,0.10819,0.112334,0.0998676,0.11247,0.107901,0.109006,0,0,0,0,0,0,0,0,0,0.0426159,0.039173,0.0479882,0.0481696,0.0382006,0.0415028,0.10965,0.108203,0.112108,0.1,0.112186,0.107812,0.109172,0,0,0,0,0,0,0,0,0,1,1,1,1,1,1,1,1,1,1,1,1,1,0,0,0,0,0,0,0,0,0,1,1,1,1,1,1,1,1,1,1,1,1,1,0,0,0,0,0,0,0,0,0,1,0,0,0,0,0,0,0,0,0,0,0,0,0,0,0,0,0,0,0,0,0,0,13,0,0,0,0,0,0,0,0,0,0,0,0,0,0,0,0,0,0,0,0,0,0,0,0,0,0,0,0,0,0,0,0,0,0,0,0,0,0,0,0,0,0,0,0,0,0,0,0
-0.147752,0.501054,0.822932,0,0,0,0,-7.47807e-09,-6.87481e-08,-4.992e-08,340,333,334,339,341,345,346,1926,1927,1932,1933,1934,1938,1939,0,0,0,0,0,0,0,0,0,333,334,339,341,345,346,1926,1927,1932,1933,1934,1938,1939,0,0,0,0,0,0,0,0,0,0.0431196,0.0396136,0.0491128,0.0492496,0.0386467,0.0420123,0.109499,0.108499,0.1124,0.0998265,0.112564,0.108181,0.109172,0,0,0,0,0,0,0,0,0,0.0427846,0.0398971,0.0481696,0.0483323,0.0389317,0.0417511,0.109723,0.108498,0.112194,0.1,0.112263,0.108104,0.109277,0,0,0,0,0,0,0,0,0,1,1,1,1,1,1,1,1,1,1,1,1,1,0,0,0,0,0,0,0,0,0,1,1,1,1,1,1,1,1,1,1,1,1,1,0,0,0,0,0,0,0,0,0,1,0,0,0,0,0,0,0,0,0,0,0,0,0,0,0,0,0,0,0,0,0,0,13,0,0,0,0,0,0,0,0,0,0,0,0,0,0,0,0,0,0,0,0,0,0,0,0,0,0,0,0,0,0,0,0,0,0,0,0,0,0,0,0,0,0,0,0,0,0,0,0
-0.157141,0.468633,0.858796,0,0,0,0,-8.16293e-09,-5.72143e-08,-4.104e-08,341,143,144,334,335,340,346,1736,1737,1927,1928,1933,1934,1939,0,0,0,0,0,0,0,0,0,143,144,334,335,340,346,1736,1737,1927,1928,1933,1934,1939,0,0,0,0,0,0,0,0,0,0.0422215,0.0495347,0.0433128,0.0402483,0.0492496,0.0394018,0.109433,0.112735,0.109524,0.108734,0.112448,0.0998014,0.108494,0,0,0,0,0,0,0,0,0,0.0421999,0.0485295,0.043013,0.0405684,0.0483323,0.0396244,0.10947,0.112358,0.109823,0.108775,0.11227,0.1,0.108384,0,0,0,0,0,0,0,0,0,1,1,1,1,1,1,1,1,1,1,1,1,1,0,0,0,0,0,0,0,0,0,1,1,1,1,1,1,1,1,1,1,1,1,1,0,0,0,0,0,0,0,0,0,1,0,0,0,0,0,0,0,0,0,0,0,0,0,0,0,0,0,0,0,0,0,0,13,0,0,0,0,0,0,0,0,0,0,0,0,0,0,0,0,0,0,0,0,0,0,0,0,0,0,0,0,0,0,0,0,0,0,0,0,0,0,0,0,0,0,0,0,0,0,0,0
-0.0859219,0.596646,0.696762,0,0,0,0,-3.56015e-09,-1.15271e-07,-8.05796e-08,342,36,37,336,337,343,347,1629,1630,1929,1930,1935,1936,1940,0,0,0,0,0,0,0,0,0,36,37,336,337,343,347,1629,1630,1929,1930,1935,1936,1940,0,0,0,0,0,0,0,0,0,0.0477625,0.0357681,0.0406902,0.0364055,0.0481492,0.0396895,0.111831,0.107235,0.108696,0.107326,0.100013,0.112052,0.108516,0,0,0,0,0,0,0,0,0,0.0473826,0.0357385,0.0410262,0.0365209,0.0475969,0.0402753,0.111832,0.10703,0.108993,0.107195,0.1,0.111923,0.108694,0,0,0,0,0,0,0,0,0,1,1,1,1,1,1,1,1,1,1,1,1,1,0,0,0,0,0,0,0,0,0,1,1,1,1,1,1,1,1,1,1,1,1,1,0,0,0,0,0,0,0,0,0,1,0,0,0,0,0,0,0,0,0,0,0,0,0,0,0,0,0,0,0,0,0,0,13,0,0,0,0,0,0,0,0,0,0,0,0,0,0,0,0,0,0,0,0,0,0,0,0,0,0,0,0,0,0,0,0,0,0,0,0,0,0,0,0,0,0,0,0,0,0,0,0
-0.0954065,0.572338,0.737228,0,0,0,0,-4.1116e-09,-1.00755e-07,-7.27575e-08,343,337,338,342,344,347,348,1930,1931,1935,1936,1937,1940,1941,0,0,0,0,0,0,0,0,0,337,338,342,344,347,348,1930,1931,1935,1936,1937,1940,1941,0,0,0,0,0,0,0,0,0,0.0408695,0.0371272,0.0481492,0.0484488,0.0358633,0.0394762,0.108672,0.107569,0.111985,0.0999297,0.112125,0.107298,0.108427,0,0,0,0,0,0,0,0,0,0.0411402,0.0374617,0.0475969,0.0475734,0.0359937,0.0401493,0.109018,0.107525,0.111912,0.1,0.111903,0.107017,0.108615,0,0,0,0,0,0,0,0,0,1,1,1,1,1,1,1,1,1,1,1,1,1,0,0,0,0,0,0,0,0,0,1,1,1,1,1,1,1,1,1,1,1,1,1,0,0,0,0,0,0,0,0,0,1,0,0,0,0,0,0,0,0,0,0,0,0,0,0,0,0,0,0,0,0,0,0,13,0,0,0,0,0,0,0,0,0,0,0,0,0,0,0,0,0,0,0,0,0,0,0,0,0,0,0,0,0,0,0,0,0,0,0,0,0,0,0,0,0,0,0,0,0,0,0,0
-0.104563,0.545843,0.776743,0,0,0,0,-4.65818e-09,-8.70532e-08,-6.45678e-08,344,338,339,343,345,348,349,1931,1932,1936,1937,1938,1941,1942,0,0,0,0,0,0,0,0,0,338,339,343,345,348,349,1931,1932,1936,1937,1938,1941,1942,0,0,0,0,0,0,0,0,0,0.0411628,0.0378429,0.0484488,0.049009,0.0361238,0.039603,0.108732,0.107789,0.112067,0.0998352,0.112332,0.107421,0.108487,0,0,0,0,0,0,0,0,0,0.0413244,0.0382006,0.0475734,0.0477884,0.0362864,0.0402146,0.109096,0.107815,0.111912,0.1,0.112005,0.107137,0.108648,0,0,0,0,0,0,0,0,0,1,1,1,1,1,1,1,1,1,1,1,1,1,0,0,0,0,0,0,0,0,0,1,1,1,1,1,1,1,1,1,1,1,1,1,0,0,0,0,0,0,0,0,0,1,0,0,0,0,0,0,0,0,0,0,0,0,0,0,0,0,0,0,0,0,0,0,13,0,0,0,0,0,0,0,0,0,0,0,0,0,0,0,0,0,0,0,0,0,0,0,0,0,0,0,0,0,0,0,0,0,0,0,0,0,0,0,0,0,0,0,0,0,0,0,0
-0.113372,0.517011,0.815382,0,0,0,0,-5.21882e-09,-7.41627e-08,-5.60802e-08,345,339,340,344,346,349,350,1932,1933,1937,1938,1939,1942,1943,0,0,0,0,0,0,0,0,0,339,340,344,346,349,350,1932,1933,1937,1938,1939,1942,1943,0,0,0,0,0,0,0,0,0,0.0416098,0.0386467,0.049009,0.0493796,0.036423,0.0401675,0.108821,0.10805,0.112258,0.0997271,0.112482,0.107548,0.108621,0,0,0,0,0,0,0,0,0,0.0415028,0.0389317,0.0477884,0.0480161,0.0366687,0.0403451,0.109172,0.108107,0.112013,0.1,0.112113,0.107292,0.108709,0,0,0,0,0,0,0,0,0,1,1,1,1,1,1,1,1,1,1,1,1,1,0,0,0,0,0,0,0,0,0,1,1,1,1,1,1,1,1,1,1,1,1,1,0,0,0,0,0,0,0,0,0,1,0,0,0,0,0,0,0,0,0,0,0,0,0,0,0,0,0,0,0,0,0,0,13,0,0,0,0,0,0,0,0,0,0,0,0,0,0,0,0,0,0,0,0,0,0,0,0,0,0,0,0,0,0,0,0,0,0,0,0,0,0,0,0,0,0,0,0,0,0,0,0
-0.122251,0.485886,0.852675,0,0,0,0,-5.77609e-09,-6.22005e-08,-4.7392e-08,346,142,143,340,341,345,350,1735,1736,1933,1934,1938,1939,1943,0,0,0,0,0,0,0,0,0,142,143,340,341,345,350,1735,1736,1933,1934,1938,1939,1943,0,0,0,0,0,0,0,0,0,0.0410141,0.0496761,0.0420123,0.0394018,0.0493796,0.036854,0.108999,0.112724,0.108902,0.108311,0.112367,0.0996542,0.107636,0,0,0,0,0,0,0,0,0,0.0410184,0.0483024,0.0417511,0.0396244,0.0480161,0.0370637,0.108968,0.11225,0.109278,0.108387,0.112121,0.1,0.107453,0,0,0,0,0,0,0,0,0,1,1,1,1,1,1,1,1,1,1,1,1,1,0,0,0,0,0,0,0,0,0,1,1,1,1,1,1,1,1,1,1,1,1,1,0,0,0,0,0,0,0,0,0,1,0,0,0,0,0,0,0,0,0,0,0,0,0,0,0,0,0,0,0,0,0,0,13,0,0,0,0,0,0,0,0,0,0,0,0,0,0,0,0,0,0,0,0,0,0,0,0,0,0,0,0,0,0,0,0,0,0,0,0,0,0,0,0,0,0,0,0,0,0,0,0
-0.0630633,0.583406,0.726383,0,0,0,0,-2.29239e-09,-1.06251e-07,-7.70861e-08,347,37,38,342,343,348,351,1630,1631,1935,1936,1940,1941,1944,0,0,0,0,0,0,0,0,0,37,38,342,343,348,351,1630,1631,1935,1936,1940,1941,1944,0,0,0,0,0,0,0,0,0,0.047414,0.0347262,0.0396895,0.0358633,0.0478702,0.0388422,0.111699,0.106931,0.108343,0.107207,0.100159,0.112133,0.108269,0,0,0,0,0,0,0,0,0,0.0474828,0.0349886,0.0402753,0.0359937,0.0481742,0.0393999,0.111881,0.106739,0.108704,0.106981,0.1,0.112176,0.108333,0,0,0,0,0,0,0,0,0,1,1,1,1,1,1,1,1,1,1,1,1,1,0,0,0,0,0,0,0,0,0,1,1,1,1,1,1,1,1,1,1,1,1,1,0,0,0,0,0,0,0,0,0,1,0,0,0,0,0,0,0,0,0,0,0,0,0,0,0,0,0,0,0,0,0,0,13,0,0,0,0,0,0,0,0,0,0,0,0,0,0,0,0,0,0,0,0,0,0,0,0,0,0,0,0,0,0,0,0,0,0,0,0,0,0,0,0,0,0,0,0,0,0,0,0
-0.0723997,0.558396,0.766118,0,0,0,0,-2.84486e-09,-9.25126e-08,-6.93248e-08,348,343,344,347,349,351,352,1936,1937,1940,1941,1942,1944,1945,0,0,0,0,0,0,0,0,0,343,344,347,349,351,352,1936,1937,1940,1941,1942,1944,1945,0,0,0,0,0,0,0,0,0,0.0394762,0.0361238,0.0478702,0.048536,0.0343384,0.0386824,0.10822,0.107273,0.11201,0.100204,0.112507,0.106837,0.108257,0,0,0,0,0,0,0,0,0,0.0401493,0.0362864,0.0481742,0.0489704,0.034598,0.0394267,0.108627,0.107075,0.112211,0.1,0.112561,0.106582,0.108344,0,0,0,0,0,0,0,0,0,1,1,1,1,1,1,1,1,1,1,1,1,1,0,0,0,0,0,0,0,0,0,1,1,1,1,1,1,1,1,1,1,1,1,1,0,0,0,0,0,0,0,0,0,1,0,0,0,0,0,0,0,0,0,0,0,0,0,0,0,0,0,0,0,0,0,0,13,0,0,0,0,0,0,0,0,0,0,0,0,0,0,0,0,0,0,0,0,0,0,0,0,0,0,0,0,0,0,0,0,0,0,0,0,0,0,0,0,0,0,0,0,0,0,0,0
-0.0813396,0.531046,0.805206,0,0,0,0,-3.37243e-09,-7.94781e-08,-6.11761e-08,349,344,345,348,350,352,353,1937,1938,1941,1942,1943,1945,1946,0,0,0,0,0,0,0,0,0,344,345,348,350,352,353,1937,1938,1941,1942,1943,1945,1946,0,0,0,0,0,0,0,0,0,0.039603,0.036423,0.048536,0.0495995,0.0343702,0.0385722,0.1082,0.107331,0.112372,0.100224,0.112956,0.106907,0.108306,0,0,0,0,0,0,0,0,0,0.0402146,0.0366687,0.0489704,0.0498686,0.0345557,0.0395294,0.108649,0.107205,0.112597,0.1,0.113001,0.106556,0.108386,0,0,0,0,0,0,0,0,0,1,1,1,1,1,1,1,1,1,1,1,1,1,0,0,0,0,0,0,0,0,0,1,1,1,1,1,1,1,1,1,1,1,1,1,0,0,0,0,0,0,0,0,0,1,0,0,0,0,0,0,0,0,0,0,0,0,0,0,0,0,0,0,0,0,0,0,13,0,0,0,0,0,0,0,0,0,0,0,0,0,0,0,0,0,0,0,0,0,0,0,0,0,0,0,0,0,0,0,0,0,0,0,0,0,0,0,0,0,0,0,0,0,0,0,0
-0.0898842,0.501135,0.843837,0,0,0,0,-3.87529e-09,-6.71093e-08,-5.26936e-08,350,141,142,345,346,349,353,1734,1735,1938,1939,1942,1943,1946,0,0,0,0,0,0,0,0,0,141,142,345,346,349,353,1734,1735,1938,1939,1942,1943,1946,0,0,0,0,0,0,0,0,0,0.0389583,0.049656,0.0401675,0.036854,0.0495995,0.0347999,0.108616,0.112853,0.108245,0.107351,0.112816,0.100008,0.107072,0,0,0,0,0,0,0,0,0,0.039963,0.0492881,0.0403451,0.0370637,0.0498686,0.0346371,0.108564,0.112786,0.108697,0.107342,0.113038,0.1,0.106576,0,0,0,0,0,0,0,0,0,1,1,1,1,1,1,1,1,1,1,1,1,1,0,0,0,0,0,0,0,0,0,1,1,1,1,1,1,1,1,1,1,1,1,1,0,0,0,0,0,0,0,0,0,1,0,0,0,0,0,0,0,0,0,0,0,0,0,0,0,0,0,0,0,0,0,0,13,0,0,0,0,0,0,0,0,0,0,0,0,0,0,0,0,0,0,0,0,0,0,0,0,0,0,0,0,0,0,0,0,0,0,0,0,0,0,0,0,0,0,0,0,0,0,0,0
-0.0415277,0.5687,0.75517,0,0,0,0,-1.24955e-09,-9.73068e-08,-7.29767e-08,351,38,39,347,348,352,354,1631,1632,1940,1941,1944,1945,1947,0,0,0,0,0,0,0,0,0,38,39,347,348,352,354,1631,1632,1940,1941,1944,1945,1947,0,0,0,0,0,0,0,0,0,0.047443,0.0340093,0.0388422,0.0343384,0.0478455,0.0380074,0.111682,0.10666,0.108081,0.106805,0.10014,0.112125,0.107971,0,0,0,0,0,0,0,0,0,0.0476097,0.0343487,0.0393999,0.034598,0.0482226,0.0385533,0.111942,0.106493,0.108342,0.106583,0.1,0.112201,0.107989,0,0,0,0,0,0,0,0,0,1,1,1,1,1,1,1,1,1,1,1,1,1,0,0,0,0,0,0,0,0,0,1,1,1,1,1,1,1,1,1,1,1,1,1,0,0,0,0,0,0,0,0,0,1,0,0,0,0,0,0,0,0,0,0,0,0,0,0,0,0,0,0,0,0,0,0,13,0,0,0,0,0,0,0,0,0,0,0,0,0,0,0,0,0,0,0,0,0,0,0,0,0,0,0,0,0,0,0,0,0,0,0,0,0,0,0,0,0,0,0,0,0,0,0,0
-0.0509622,0.542902,0.794344,0,0,0,0,-1.7881e-09,-8.42618e-08,-6.52486e-08,352,348,349,351,353,354,355,1941,1942,1944,1945,1946,1947,1948,0,0,0,0,0,0,0,0,0,348,349,351,353,354,355,1941,1942,1944,1945,1946,1947,1948,0,0,0,0,0,0,0,0,0,0.0386824,0.0343702,0.0478455,0.0484534,0.0334637,0.0380663,0.108041,0.106842,0.111938,0.100159,0.112464,0.106484,0.108061,0,0,0,0,0,0,0,0,0,0.0394267,0.0345557,0.0482226,0.0490642,0.033751,0.038788,0.108353,0.106556,0.112236,0.1,0.112608,0.106266,0.108083,0,0,0,0,0,0,0,0,0,1,1,1,1,1,1,1,1,1,1,1,1,1,0,0,0,0,0,0,0,0,0,1,1,1,1,1,1,1,1,1,1,1,1,1,0,0,0,0,0,0,0,0,0,1,0,0,0,0,0,0,0,0,0,0,0,0,0,0,0,0,0,0,0,0,0,0,13,0,0,0,0,0,0,0,0,0,0,0,0,0,0,0,0,0,0,0,0,0,0,0,0,0,0,0,0,0,0,0,0,0,0,0,0,0,0,0,0,0,0,0,0,0,0,0,0
-0.0598402,0.514794,0.8328,0,0,0,0,-2.25811e-09,-7.19145e-08,-5.71709e-08,353,140,141,349,350,352,355,1733,1734,1942,1943,1945,1946,1948,0,0,0,0,0,0,0,0,0,140,141,349,350,352,355,1733,1734,1942,1943,1945,1946,1948,0,0,0,0,0,0,0,0,0,0.0387955,0.0490287,0.0385722,0.0347999,0.0484534,0.0334415,0.108534,0.11284,0.107989,0.106878,0.112255,0.100184,0.106559,0,0,0,0,0,0,0,0,0,0.0395373,0.0501955,0.0395294,0.0346371,0.0490642,0.0336465,0.108387,0.113164,0.108395,0.106576,0.112643,0.1,0.10622,0,0,0,0,0,0,0,0,0,1,1,1,1,1,1,1,1,1,1,1,1,1,0,0,0,0,0,0,0,0,0,1,1,1,1,1,1,1,1,1,1,1,1,1,0,0,0,0,0,0,0,0,0,1,0,0,0,0,0,0,0,0,0,0,0,0,0,0,0,0,0,0,0,0,0,0,13,0,0,0,0,0,0,0,0,0,0,0,0,0,0,0,0,0,0,0,0,0,0,0,0,0,0,0,0,0,0,0,0,0,0,0,0,0,0,0,0,0,0,0,0,0,0,0,0
-0.0210681,0.552637,0.782882,0,0,0,0,-3.79107e-10,-8.85934e-08,-6.83599e-08,354,39,40,351,352,355,356,1632,1633,1944,1945,1947,1948,1949,0,0,0,0,0,0,0,0,0,39,40,351,352,355,356,1632,1633,1944,1945,1947,1948,1949,0,0,0,0,0,0,0,0,0,0.0475483,0.0335205,0.0380074,0.0334637,0.0478822,0.0374038,0.111714,0.106466,0.107777,0.106514,0.100152,0.11218,0.107789,0,0,0,0,0,0,0,0,0,0.0478635,0.0338852,0.0385533,0.033751,0.0484517,0.0379249,0.112064,0.106316,0.107999,0.106267,0.1,0.112313,0.107738,0,0,0,0,0,0,0,0,0,1,1,1,1,1,1,1,1,1,1,1,1,1,0,0,0,0,0,0,0,0,0,1,1,1,1,1,1,1,1,1,1,1,1,1,0,0,0,0,0,0,0,0,0,1,0,0,0,0,0,0,0,0,0,0,0,0,0,0,0,0,0,0,0,0,0,0,13,0,0,0,0,0,0,0,0,0,0,0,0,0,0,0,0,0,0,0,0,0,0,0,0,0,0,0,0,0,0,0,0,0,0,0,0,0,0,0,0,0,0,0,0,0,0,0,0
-0.0304017,0.525972,0.821541,0,0,0,0,-8.85353e-10,-7.62065e-08,-6.06637e-08,355,139,140,352,353,354,356,1732,1733,1945,1946,1947,1948,1949,0,0,0,0,0,0,0,0,0,139,140,352,353,354,356,1732,1733,1945,1946,1947,1948,1949,0,0,0,0,0,0,0,0,0,0.0386466,0.0487085,0.0380663,0.0334415,0.0478822,0.0324725,0.108405,0.11261,0.107824,0.106528,0.111944,0.100183,0.106126,0,0,0,0,0,0,0,0,0,0.039257,0.0496497,0.038788,0.0336465,0.0484517,0.0328503,0.108269,0.112895,0.108093,0.10622,0.112346,0.1,0.105939,0,0,0,0,0,0,0,0,0,1,1,1,1,1,1,1,1,1,1,1,1,1,0,0,0,0,0,0,0,0,0,1,1,1,1,1,1,1,1,1,1,1,1,1,0,0,0,0,0,0,0,0,0,1,0,0,0,0,0,0,0,0,0,0,0,0,0,0,0,0,0,0,0,0,0,0,13,0,0,0,0,0,0,0,0,0,0,0,0,0,0,0,0,0,0,0,0,0,0,0,0,0,0,0,0,0,0,0,0,0,0,0,0,0,0,0,0,0,0,0,0,0,0,0,0
-0.00162426,0.535179,0.809643,0,0,0,0,3.93028e-10,-8.01367e-08,-6.32837e-08,356,40,41,138,139,354,355,1633,1634,1731,1732,1947,1948,1949,0,0,0,0,0,0,0,0,0,40,41,138,139,354,355,1633,1634,1731,1732,1947,1948,1949,0,0,0,0,0,0,0,0,0,0.0480729,0.0334181,0.0389452,0.0488087,0.0374038,0.0324725,0.111961,0.106406,0.108465,0.112624,0.107601,0.106205,0.100172,0,0,0,0,0,0,0,0,0,0.0485479,0.0338549,0.0393905,0.0495748,0.0379249,0.0328503,0.112393,0.106302,0.108323,0.112858,0.107748,0.105939,0.1,0,0,0,0,0,0,0,0,0,1,1,1,1,1,1,1,1,1,1,1,1,1,0,0,0,0,0,0,0,0,0,1,1,1,1,1,1,1,1,1,1,1,1,1,0,0,0,0,0,0,0,0,0,1,0,0,0,0,0,0,0,0,0,0,0,0,0,0,0,0,0,0,0,0,0,0,13,0,0,0,0,0,0,0,0,0,0,0,0,0,0,0,0,0,0,0,0,0,0,0,0,0,0,0,0,0,0,0,0,0,0,0,0,0,0,0,0,0,0,0,0,0,0,0,0
-0.17219,0.676219,0.443321,0,0,0,0,-1.44314e-08,-2.02445e-07,-1.02401e-07,357,30,31,358,368,1623,1624,1950,1951,1961,0,0,0,0,0,0,0,0,0,0,0,0,0,30,31,358,368,1623,1624,1950,1951,1961,0,0,0,0,0,0,0,0,0,0,0,0,0,0.0369975,0.0439188,0.0442477,0.0366216,0.107564,0.110233,0.100097,0.110388,0.107567,0,0,0,0,0,0,0,0,0,0,0,0,0,0.0379177,0.0440933,0.0441014,0.0377371,0.107694,0.1103,0.1,0.110299,0.107623,0,0,0,0,0,0,0,0,0,0,0,0,0,1,1,1,1,1,1,1,1,1,0,0,0,0,0,0,0,0,0,0,0,0,0,1,1,1,1,1,1,1,1,1,0,0,0,0,0,0,0,0,0,0,0,0,0,1,0,0,0,0,0,0,0,0,0,0,0,0,0,0,0,0,0,0,0,0,0,0,9,0,0,0,0,0,0,0,0,0,0,0,0,0,0,0,0,0,0,0,0,0,0,0,0,0,0,0,0,0,0,0,0,0,0,0,0,0,0,0,0,0,0,0,0,0,0,0,0
-0.151325,0.671254,0.482024,0,0,0,0,-1.11672e-08,-1.90007e-07,-1.02158e-07,358,31,32,357,359,368,369,1624,1625,1950,1951,1952,1961,1962,0,0,0,0,0,0,0,0,0,31,32,357,359,368,369,1624,1625,1950,1951,1952,1961,1962,0,0,0,0,0,0,0,0,0,0.0374787,0.0435633,0.0442477,0.0434329,0.0438363,0.0377467,0.107745,0.110049,0.110417,0.100045,0.110054,0.110294,0.107776,0,0,0,0,0,0,0,0,0,0.0381657,0.0436361,0.0441014,0.0435917,0.0442417,0.0381522,0.107792,0.110097,0.110305,0.1,0.110073,0.110375,0.107786,0,0,0,0,0,0,0,0,0,1,1,1,1,1,1,1,1,1,1,1,1,1,0,0,0,0,0,0,0,0,0,1,1,1,1,1,1,1,1,1,1,1,1,1,0,0,0,0,0,0,0,0,0,1,0,0,0,0,0,0,0,0,0,0,0,0,0,0,0,0,0,0,0,0,0,0,13,0,0,0,0,0,0,0,0,0,0,0,0,0,0,0,0,0,0,0,0,0,0,0,0,0,0,0,0,0,0,0,0,0,0,0,0,0,0,0,0,0,0,0,0,0,0,0,0
-0.129965,0.664465,0.519227,0,0,0,0,-8.26464e-09,-1.77807e-07,-1.01083e-07,359,32,33,358,360,369,370,1625,1626,1951,1952,1953,1962,1963,0,0,0,0,0,0,0,0,0,32,33,358,360,369,370,1625,1626,1951,1952,1953,1962,1963,0,0,0,0,0,0,0,0,0,0.0376332,0.04286,0.0434329,0.0430058,0.0437794,0.0396201,0.107897,0.109771,0.110092,0.100197,0.109735,0.110141,0.108705,0,0,0,0,0,0,0,0,0,0.0384449,0.0431733,0.0435917,0.0429142,0.043873,0.0406125,0.107904,0.109894,0.110077,0.1,0.109776,0.11021,0.108765,0,0,0,0,0,0,0,0,0,1,1,1,1,1,1,1,1,1,1,1,1,1,0,0,0,0,0,0,0,0,0,1,1,1,1,1,1,1,1,1,1,1,1,1,0,0,0,0,0,0,0,0,0,1,0,0,0,0,0,0,0,0,0,0,0,0,0,0,0,0,0,0,0,0,0,0,13,0,0,0,0,0,0,0,0,0,0,0,0,0,0,0,0,0,0,0,0,0,0,0,0,0,0,0,0,0,0,0,0,0,0,0,0,0,0,0,0,0,0,0,0,0,0,0,0
-0.106779,0.656682,0.554601,0,0,0,0,-5.86664e-09,-1.66254e-07,-9.95343e-08,360,33,34,359,361,370,371,1626,1627,1952,1953,1954,1963,1964,0,0,0,0,0,0,0,0,0,33,34,359,361,370,371,1626,1627,1952,1953,1954,1963,1964,0,0,0,0,0,0,0,0,0,0.0385798,0.0429643,0.0430058,0.0423824,0.0431243,0.0403523,0.108139,0.109708,0.109845,0.0998567,0.109415,0.109814,0.108735,0,0,0,0,0,0,0,0,0,0.0387093,0.0426961,0.0429142,0.0422915,0.0429193,0.0403836,0.10801,0.109687,0.109779,0.1,0.109512,0.109811,0.108687,0,0,0,0,0,0,0,0,0,1,1,1,1,1,1,1,1,1,1,1,1,1,0,0,0,0,0,0,0,0,0,1,1,1,1,1,1,1,1,1,1,1,1,1,0,0,0,0,0,0,0,0,0,1,0,0,0,0,0,0,0,0,0,0,0,0,0,0,0,0,0,0,0,0,0,0,13,0,0,0,0,0,0,0,0,0,0,0,0,0,0,0,0,0,0,0,0,0,0,0,0,0,0,0,0,0,0,0,0,0,0,0,0,0,0,0,0,0,0,0,0,0,0,0,0
-0.0832577,0.647097,0.588529,0,0,0,0,-3.95002e-09,-1.55008e-07,-9.71317e-08,361,34,35,360,362,371,372,1627,1628,1953,1954,1955,1964,1965,0,0,0,0,0,0,0,0,0,34,35,360,362,371,372,1627,1628,1953,1954,1955,1964,1965,0,0,0,0,0,0,0,0,0,0.0395516,0.0424067,0.0423824,0.0417721,0.0426487,0.04094,0.108686,0.109499,0.109491,0.100075,0.109248,0.109562,0.109204,0,0,0,0,0,0,0,0,0,0.0400562,0.0419343,0.0422915,0.0418149,0.0422916,0.0412341,0.108674,0.109353,0.109538,0.1,0.109344,0.109533,0.109338,0,0,0,0,0,0,0,0,0,1,1,1,1,1,1,1,1,1,1,1,1,1,0,0,0,0,0,0,0,0,0,1,1,1,1,1,1,1,1,1,1,1,1,1,0,0,0,0,0,0,0,0,0,1,0,0,0,0,0,0,0,0,0,0,0,0,0,0,0,0,0,0,0,0,0,0,13,0,0,0,0,0,0,0,0,0,0,0,0,0,0,0,0,0,0,0,0,0,0,0,0,0,0,0,0,0,0,0,0,0,0,0,0,0,0,0,0,0,0,0,0,0,0,0,0
-0.0596881,0.636199,0.62125,0,0,0,0,-2.39444e-09,-1.43973e-07,-9.40804e-08,362,35,36,361,363,372,373,1628,1629,1954,1955,1956,1965,1966,0,0,0,0,0,0,0,0,0,35,36,361,363,372,373,1628,1629,1954,1955,1956,1965,1966,0,0,0,0,0,0,0,0,0,0.0397434,0.0418071,0.0417721,0.0409825,0.0422154,0.0404273,0.108624,0.109274,0.109232,0.099967,0.108955,0.109383,0.108962,0,0,0,0,0,0,0,0,0,0.0397873,0.0414522,0.0418149,0.041028,0.0418057,0.0404547,0.10854,0.109157,0.109354,0.1,0.109007,0.109326,0.108995,0,0,0,0,0,0,0,0,0,1,1,1,1,1,1,1,1,1,1,1,1,1,0,0,0,0,0,0,0,0,0,1,1,1,1,1,1,1,1,1,1,1,1,1,0,0,0,0,0,0,0,0,0,1,0,0,0,0,0,0,0,0,0,0,0,0,0,0,0,0,0,0,0,0,0,0,13,0,0,0,0,0,0,0,0,0,0,0,0,0,0,0,0,0,0,0,0,0,0,0,0,0,0,0,0,0,0,0,0,0,0,0,0,0,0,0,0,0,0,0,0,0,0,0,0
-0.0366282,0.623732,0.652752,0,0,0,0,-1.13648e-09,-1.33159e-07,-9.03069e-08,363,36,37,362,364,373,374,1629,1630,1955,1956,1957,1966,1967,0,0,0,0,0,0,0,0,0,36,37,362,364,373,374,1629,1630,1955,1956,1957,1966,1967,0,0,0,0,0,0,0,0,0,0.0396171,0.0410708,0.0409825,0.0400653,0.0414342,0.0395644,0.10868,0.109041,0.108862,0.10006,0.108661,0.109053,0.108668,0,0,0,0,0,0,0,0,0,0.0397193,0.0409376,0.041028,0.0401804,0.0412505,0.039669,0.108674,0.108943,0.109018,0.1,0.108651,0.109092,0.108656,0,0,0,0,0,0,0,0,0,1,1,1,1,1,1,1,1,1,1,1,1,1,0,0,0,0,0,0,0,0,0,1,1,1,1,1,1,1,1,1,1,1,1,1,0,0,0,0,0,0,0,0,0,1,0,0,0,0,0,0,0,0,0,0,0,0,0,0,0,0,0,0,0,0,0,0,13,0,0,0,0,0,0,0,0,0,0,0,0,0,0,0,0,0,0,0,0,0,0,0,0,0,0,0,0,0,0,0,0,0,0,0,0,0,0,0,0,0,0,0,0,0,0,0,0
-0.0145448,0.60984,0.683158,0,0,0,0,-9.05568e-11,-1.22558e-07,-8.5913e-08,364,37,38,363,365,374,375,1630,1631,1956,1957,1958,1967,1968,0,0,0,0,0,0,0,0,0,37,38,363,365,374,375,1630,1631,1956,1957,1958,1967,1968,0,0,0,0,0,0,0,0,0,0.0389082,0.0402902,0.0400653,0.0391675,0.0406385,0.0387318,0.108431,0.108761,0.108527,0.100071,0.108346,0.108704,0.108349,0,0,0,0,0,0,0,0,0,0.0390219,0.040412,0.0401804,0.0392895,0.0406281,0.0389001,0.108377,0.108727,0.108662,0.1,0.108285,0.108833,0.108329,0,0,0,0,0,0,0,0,0,1,1,1,1,1,1,1,1,1,1,1,1,1,0,0,0,0,0,0,0,0,0,1,1,1,1,1,1,1,1,1,1,1,1,1,0,0,0,0,0,0,0,0,0,1,0,0,0,0,0,0,0,0,0,0,0,0,0,0,0,0,0,0,0,0,0,0,13,0,0,0,0,0,0,0,0,0,0,0,0,0,0,0,0,0,0,0,0,0,0,0,0,0,0,0,0,0,0,0,0,0,0,0,0,0,0,0,0,0,0,0,0,0,0,0,0
0.00659495,0.594595,0.712395,0,0,0,0,7.93377e-10,-1.12261e-07,-8.09871e-08,365,38,39,364,366,375,376,1631,1632,1957,1958,1959,1968,1969,0,0,0,0,0,0,0,0,0,38,39,364,366,375,376,1631,1632,1957,1958,1959,1968,1969,0,0,0,0,0,0,0,0,0,0.0381593,0.0396261,0.0391675,0.0381894,0.0397366,0.0379873,0.10818,0.10853,0.108187,0.100094,0.108001,0.10833,0.108065,0,0,0,0,0,0,0,0,0,0.0383854,0.0399014,0.0392895,0.0383896,0.0399368,0.0381887,0.10811,0.108519,0.108296,0.1,0.107923,0.108548,0.108032,0,0,0,0,0,0,0,0,0,1,1,1,1,1,1,1,1,1,1,1,1,1,0,0,0,0,0,0,0,0,0,1,1,1,1,1,1,1,1,1,1,1,1,1,0,0,0,0,0,0,0,0,0,1,0,0,0,0,0,0,0,0,0,0,0,0,0,0,0,0,0,0,0,0,0,0,13,0,0,0,0,0,0,0,0,0,0,0,0,0,0,0,0,0,0,0,0,0,0,0,0,0,0,0,0,0,0,0,0,0,0,0,0,0,0,0,0,0,0,0,0,0,0,0,0
0.0267488,0.578138,0.740349,0,0,0,0,1.55742e-09,-1.02362e-07,-7.56442e-08,366,39,40,365,367,376,377,1632,1633,1958,1959,1960,1969,1970,0,0,0,0,0,0,0,0,0,39,40,365,367,376,377,1632,1633,1958,1959,1960,1969,1970,0,0,0,0,0,0,0,0,0,0.037622,0.03897,0.0381894,0.0373545,0.0387778,0.0373882,0.10801,0.108296,0.107842,0.100121,0.107702,0.10795,0.107847,0,0,0,0,0,0,0,0,0,0.0378874,0.0394505,0.0383896,0.0376061,0.039161,0.0376369,0.107902,0.108338,0.107933,0.1,0.107614,0.108233,0.107804,0,0,0,0,0,0,0,0,0,1,1,1,1,1,1,1,1,1,1,1,1,1,0,0,0,0,0,0,0,0,0,1,1,1,1,1,1,1,1,1,1,1,1,1,0,0,0,0,0,0,0,0,0,1,0,0,0,0,0,0,0,0,0,0,0,0,0,0,0,0,0,0,0,0,0,0,13,0,0,0,0,0,0,0,0,0,0,0,0,0,0,0,0,0,0,0,0,0,0,0,0,0,0,0,0,0,0,0,0,0,0,0,0,0,0,0,0,0,0,0,0,0,0,0,0
0.0463241,0.56061,0.7669,0,0,0,0,2.21288e-09,-9.29434e-08,-6.99927e-08,367,40,41,136,137,366,377,1633,1634,1729,1730,1959,1960,1970,0,0,0,0,0,0,0,0,0,40,41,136,137,366,377,1633,1634,1729,1730,1959,1960,1970,0,0,0,0,0,0,0,0,0,0.0375484,0.0393292,0.0378092,0.0386441,0.0373545,0.0374978,0.108008,0.108457,0.107939,0.108295,0.107565,0.100138,0.107465,0,0,0,0,0,0,0,0,0,0.0377497,0.0399027,0.0377034,0.0392126,0.0376061,0.0382372,0.10784,0.108523,0.107824,0.108249,0.107623,0.1,0.107865,0,0,0,0,0,0,0,0,0,1,1,1,1,1,1,1,1,1,1,1,1,1,0,0,0,0,0,0,0,0,0,1,1,1,1,1,1,1,1,1,1,1,1,1,0,0,0,0,0,0,0,0,0,1,0,0,0,0,0,0,0,0,0,0,0,0,0,0,0,0,0,0,0,0,0,0,13,0,0,0,0,0,0,0,0,0,0,0,0,0,0,0,0,0,0,0,0,0,0,0,0,0,0,0,0,0,0,0,0,0,0,0,0,0,0,0,0,0,0,0,0,0,0,0,0
-0.136494,0.684393,0.442921,0,0,0,0,-1.02651e-08,-2.08031e-07,-1.07522e-07,368,357,358,369,378,1950,1951,1961,1962,1971,0,0,0,0,0,0,0,0,0,0,0,0,0,357,358,369,378,1950,1951,1961,1962,1971,0,0,0,0,0,0,0,0,0,0,0,0,0,0.0366216,0.0438363,0.0443326,0.039533,0.10748,0.110207,0.100191,0.110339,0.10879,0,0,0,0,0,0,0,0,0,0,0,0,0,0.0377371,0.0442417,0.0438793,0.0410767,0.107623,0.110367,0.1,0.1102,0.108923,0,0,0,0,0,0,0,0,0,0,0,0,0,1,1,1,1,1,1,1,1,1,0,0,0,0,0,0,0,0,0,0,0,0,0,1,1,1,1,1,1,1,1,1,0,0,0,0,0,0,0,0,0,0,0,0,0,1,0,0,0,0,0,0,0,0,0,0,0,0,0,0,0,0,0,0,0,0,0,0,9,0,0,0,0,0,0,0,0,0,0,0,0,0,0,0,0,0,0,0,0,0,0,0,0,0,0,0,0,0,0,0,0,0,0,0,0,0,0,0,0,0,0,0,0,0,0,0,0
-0.114374,0.678886,0.480944,0,0,0,0,-7.54552e-09,-1.94969e-07,-1.06811e-07,369,358,359,368,370,378,379,1951,1952,1961,1962,1963,1971,1972,0,0,0,0,0,0,0,0,0,358,359,368,370,378,379,1951,1952,1961,1962,1963,1971,1972,0,0,0,0,0,0,0,0,0,0.0377467,0.0437794,0.0443326,0.0438292,0.0435814,0.0407229,0.107801,0.110126,0.11045,0.0998521,0.110083,0.110176,0.10886,0,0,0,0,0,0,0,0,0,0.0381522,0.043873,0.0438793,0.0434498,0.0438521,0.0409699,0.107787,0.110203,0.110205,0.1,0.110016,0.110233,0.108896,0,0,0,0,0,0,0,0,0,1,1,1,1,1,1,1,1,1,1,1,1,1,0,0,0,0,0,0,0,0,0,1,1,1,1,1,1,1,1,1,1,1,1,1,0,0,0,0,0,0,0,0,0,1,0,0,0,0,0,0,0,0,0,0,0,0,0,0,0,0,0,0,0,0,0,0,13,0,0,0,0,0,0,0,0,0,0,0,0,0,0,0,0,0,0,0,0,0,0,0,0,0,0,0,0,0,0,0,0,0,0,0,0,0,0,0,0,0,0,0,0,0,0,0,0
-0.0910124,0.671436,0.517272,0,0,0,0,-5.1973e-09,-1.82355e-07,-1.05218e-07,370,359,360,369,371,379,380,1952,1953,1962,1963,1964,1972,1973,0,0,0,0,0,0,0,0,0,359,360,369,371,379,380,1952,1953,1962,1963,1964,1972,1973,0,0,0,0,0,0,0,0,0,0.0396201,0.0431243,0.0438292,0.0434247,0.0431506,0.0422045,0.108833,0.109829,0.110227,0.100171,0.109937,0.109867,0.109788,0,0,0,0,0,0,0,0,0,0.0406125,0.0429193,0.0434498,0.0431756,0.0431405,0.0429108,0.108958,0.109766,0.110045,0.1,0.109935,0.1099,0.1101,0,0,0,0,0,0,0,0,0,1,1,1,1,1,1,1,1,1,1,1,1,1,0,0,0,0,0,0,0,0,0,1,1,1,1,1,1,1,1,1,1,1,1,1,0,0,0,0,0,0,0,0,0,1,0,0,0,0,0,0,0,0,0,0,0,0,0,0,0,0,0,0,0,0,0,0,13,0,0,0,0,0,0,0,0,0,0,0,0,0,0,0,0,0,0,0,0,0,0,0,0,0,0,0,0,0,0,0,0,0,0,0,0,0,0,0,0,0,0,0,0,0,0,0,0
-0.0669341,0.662639,0.552323,0,0,0,0,-3.26726e-09,-1.7004e-07,-1.02928e-07,371,360,361,370,372,380,381,1953,1954,1963,1964,1965,1973,1974,0,0,0,0,0,0,0,0,0,360,361,370,372,380,381,1953,1954,1963,1964,1965,1973,1974,0,0,0,0,0,0,0,0,0,0.0403523,0.0426487,0.0434247,0.0428254,0.0431749,0.0421252,0.108843,0.109586,0.110031,0.0998939,0.109656,0.109853,0.10962,0,0,0,0,0,0,0,0,0,0.0403836,0.0422916,0.0431756,0.0425168,0.0427978,0.0421386,0.108836,0.109512,0.109947,0.1,0.109644,0.109752,0.109747,0,0,0,0,0,0,0,0,0,1,1,1,1,1,1,1,1,1,1,1,1,1,0,0,0,0,0,0,0,0,0,1,1,1,1,1,1,1,1,1,1,1,1,1,0,0,0,0,0,0,0,0,0,1,0,0,0,0,0,0,0,0,0,0,0,0,0,0,0,0,0,0,0,0,0,0,13,0,0,0,0,0,0,0,0,0,0,0,0,0,0,0,0,0,0,0,0,0,0,0,0,0,0,0,0,0,0,0,0,0,0,0,0,0,0,0,0,0,0,0,0,0,0,0,0
-0.0426945,0.652026,0.585995,0,0,0,0,-1.7363e-09,-1.58032e-07,-9.97581e-08,372,361,362,371,373,381,382,1954,1955,1964,1965,1966,1974,1975,0,0,0,0,0,0,0,0,0,361,362,371,373,381,382,1954,1955,1964,1965,1966,1974,1975,0,0,0,0,0,0,0,0,0,0.04094,0.0422154,0.0428254,0.0418443,0.0425669,0.041252,0.109232,0.109414,0.109663,0.100046,0.109316,0.109584,0.109324,0,0,0,0,0,0,0,0,0,0.0412341,0.0418057,0.0425168,0.041775,0.042367,0.0413266,0.10934,0.109307,0.109656,0.1,0.109322,0.109567,0.109382,0,0,0,0,0,0,0,0,0,1,1,1,1,1,1,1,1,1,1,1,1,1,0,0,0,0,0,0,0,0,0,1,1,1,1,1,1,1,1,1,1,1,1,1,0,0,0,0,0,0,0,0,0,1,0,0,0,0,0,0,0,0,0,0,0,0,0,0,0,0,0,0,0,0,0,0,13,0,0,0,0,0,0,0,0,0,0,0,0,0,0,0,0,0,0,0,0,0,0,0,0,0,0,0,0,0,0,0,0,0,0,0,0,0,0,0,0,0,0,0,0,0,0,0,0
-0.0195075,0.639792,0.618609,0,0,0,0,-4.76454e-10,-1.46186e-07,-9.58134e-08,373,362,363,372,374,382,383,1955,1956,1965,1966,1967,1975,1976,0,0,0,0,0,0,0,0,0,362,363,372,374,382,383,1955,1956,1965,1966,1967,1975,1976,0,0,0,0,0,0,0,0,0,0.0404273,0.0414342,0.0418443,0.0410068,0.0420624,0.0404626,0.108963,0.109133,0.109293,0.100034,0.108998,0.109333,0.108997,0,0,0,0,0,0,0,0,0,0.0404547,0.0412505,0.041775,0.0409685,0.0418526,0.0404937,0.108997,0.109074,0.109334,0.1,0.108978,0.109348,0.109015,0,0,0,0,0,0,0,0,0,1,1,1,1,1,1,1,1,1,1,1,1,1,0,0,0,0,0,0,0,0,0,1,1,1,1,1,1,1,1,1,1,1,1,1,0,0,0,0,0,0,0,0,0,1,0,0,0,0,0,0,0,0,0,0,0,0,0,0,0,0,0,0,0,0,0,0,13,0,0,0,0,0,0,0,0,0,0,0,0,0,0,0,0,0,0,0,0,0,0,0,0,0,0,0,0,0,0,0,0,0,0,0,0,0,0,0,0,0,0,0,0,0,0,0,0
0.00278524,0.625986,0.650136,0,0,0,0,5.69293e-10,-1.34585e-07,-9.11831e-08,374,363,364,373,375,383,384,1956,1957,1966,1967,1968,1976,1977,0,0,0,0,0,0,0,0,0,363,364,373,375,383,384,1956,1957,1966,1967,1968,1976,1977,0,0,0,0,0,0,0,0,0,0.0395644,0.0406385,0.0410068,0.0401637,0.0413653,0.0395177,0.108677,0.108827,0.10893,0.100052,0.108697,0.109012,0.108635,0,0,0,0,0,0,0,0,0,0.039669,0.0406281,0.0409685,0.0401204,0.0412588,0.0396625,0.108657,0.108816,0.10899,0.1,0.108623,0.109097,0.108655,0,0,0,0,0,0,0,0,0,1,1,1,1,1,1,1,1,1,1,1,1,1,0,0,0,0,0,0,0,0,0,1,1,1,1,1,1,1,1,1,1,1,1,1,0,0,0,0,0,0,0,0,0,1,0,0,0,0,0,0,0,0,0,0,0,0,0,0,0,0,0,0,0,0,0,0,13,0,0,0,0,0,0,0,0,0,0,0,0,0,0,0,0,0,0,0,0,0,0,0,0,0,0,0,0,0,0,0,0,0,0,0,0,0,0,0,0,0,0,0,0,0,0,0,0
0.0240903,0.610712,0.680565,0,0,0,0,1.46572e-09,-1.23292e-07,-8.59738e-08,375,364,365,374,376,384,385,1957,1958,1967,1968,1969,1977,1978,0,0,0,0,0,0,0,0,0,364,365,374,376,384,385,1957,1958,1967,1968,1969,1977,1978,0,0,0,0,0,0,0,0,0,0.0387318,0.0397366,0.0401637,0.0393171,0.0404935,0.038675,0.108378,0.108492,0.108604,0.100075,0.108395,0.108649,0.108293,0,0,0,0,0,0,0,0,0,0.0389001,0.0399368,0.0401204,0.0392731,0.040588,0.0388674,0.10833,0.108533,0.108635,0.1,0.108275,0.108818,0.108318,0,0,0,0,0,0,0,0,0,1,1,1,1,1,1,1,1,1,1,1,1,1,0,0,0,0,0,0,0,0,0,1,1,1,1,1,1,1,1,1,1,1,1,1,0,0,0,0,0,0,0,0,0,1,0,0,0,0,0,0,0,0,0,0,0,0,0,0,0,0,0,0,0,0,0,0,13,0,0,0,0,0,0,0,0,0,0,0,0,0,0,0,0,0,0,0,0,0,0,0,0,0,0,0,0,0,0,0,0,0,0,0,0,0,0,0,0,0,0,0,0,0,0,0,0
0.0444894,0.594105,0.709787,0,0,0,0,2.25391e-09,-1.12404e-07,-8.03032e-08,376,365,366,375,377,385,386,1958,1959,1968,1969,1970,1978,1979,0,0,0,0,0,0,0,0,0,365,366,375,377,385,386,1958,1959,1968,1969,1970,1978,1979,0,0,0,0,0,0,0,0,0,0.0379873,0.0387778,0.0393171,0.038497,0.039473,0.0380768,0.108127,0.108141,0.108297,0.100098,0.108111,0.108214,0.108045,0,0,0,0,0,0,0,0,0,0.0381887,0.039161,0.0392731,0.0385563,0.0398364,0.0381818,0.108033,0.10822,0.108287,0.1,0.107986,0.108508,0.108031,0,0,0,0,0,0,0,0,0,1,1,1,1,1,1,1,1,1,1,1,1,1,0,0,0,0,0,0,0,0,0,1,1,1,1,1,1,1,1,1,1,1,1,1,0,0,0,0,0,0,0,0,0,1,0,0,0,0,0,0,0,0,0,0,0,0,0,0,0,0,0,0,0,0,0,0,13,0,0,0,0,0,0,0,0,0,0,0,0,0,0,0,0,0,0,0,0,0,0,0,0,0,0,0,0,0,0,0,0,0,0,0,0,0,0,0,0,0,0,0,0,0,0,0,0
0.0640003,0.576258,0.737766,0,0,0,0,2.9599e-09,-1.01997e-07,-7.42716e-08,377,135,136,366,367,376,386,1728,1729,1959,1960,1969,1970,1979,0,0,0,0,0,0,0,0,0,135,136,366,367,376,386,1728,1729,1959,1960,1969,1970,1979,0,0,0,0,0,0,0,0,0,0.038322,0.0388403,0.0373882,0.0374978,0.038497,0.0384604,0.10809,0.108226,0.107937,0.107672,0.108012,0.100135,0.107797,0,0,0,0,0,0,0,0,0,0.0386891,0.0387898,0.0376369,0.0382372,0.0385563,0.0389856,0.108021,0.10808,0.107804,0.107854,0.107997,0.1,0.108164,0,0,0,0,0,0,0,0,0,1,1,1,1,1,1,1,1,1,1,1,1,1,0,0,0,0,0,0,0,0,0,1,1,1,1,1,1,1,1,1,1,1,1,1,0,0,0,0,0,0,0,0,0,1,0,0,0,0,0,0,0,0,0,0,0,0,0,0,0,0,0,0,0,0,0,0,13,0,0,0,0,0,0,0,0,0,0,0,0,0,0,0,0,0,0,0,0,0,0,0,0,0,0,0,0,0,0,0,0,0,0,0,0,0,0,0,0,0,0,0,0,0,0,0,0
-0.0974918,0.690841,0.442585,0,0,0,0,-6.54516e-09,-2.12536e-07,-1.11579e-07,378,368,369,379,387,1961,1962,1971,1972,1980,0,0,0,0,0,0,0,0,0,0,0,0,0,368,369,379,387,1961,1962,1971,1972,1980,0,0,0,0,0,0,0,0,0,0,0,0,0,0.039533,0.0435814,0.044442,0.0428643,0.108918,0.110179,0.100455,0.110535,0.110431,0,0,0,0,0,0,0,0,0,0,0,0,0,0.0410767,0.0438521,0.0442098,0.0445857,0.109212,0.110163,0.1,0.110397,0.110891,0,0,0,0,0,0,0,0,0,0,0,0,0,1,1,1,1,1,1,1,1,1,0,0,0,0,0,0,0,0,0,0,0,0,0,1,1,1,1,1,1,1,1,1,0,0,0,0,0,0,0,0,0,0,0,0,0,1,0,0,0,0,0,0,0,0,0,0,0,0,0,0,0,0,0,0,0,0,0,0,9,0,0,0,0,0,0,0,0,0,0,0,0,0,0,0,0,0,0,0,0,0,0,0,0,0,0,0,0,0,0,0,0,0,0,0,0,0,0,0,0,0,0,0,0,0,0,0,0
-0.0740711,0.684614,0.479838,0,0,0,0,-4.32886e-09,-1.9883e-07,-1.10336e-07,379,369,370,378,380,387,388,1962,1963,1971,1972,1973,1980,1981,0,0,0,0,0,0,0,0,0,369,370,378,380,387,388,1962,1963,1971,1972,1973,1980,1981,0,0,0,0,0,0,0,0,0,0.0407229,0.0431506,0.044442,0.0442569,0.0437209,0.0434523,0.108987,0.109844,0.110647,0.09989,0.110311,0.110345,0.110255,0,0,0,0,0,0,0,0,0,0.0409699,0.0431405,0.0442098,0.0437334,0.0435989,0.0438807,0.109139,0.109876,0.110408,0.1,0.11018,0.110102,0.110555,0,0,0,0,0,0,0,0,0,1,1,1,1,1,1,1,1,1,1,1,1,1,0,0,0,0,0,0,0,0,0,1,1,1,1,1,1,1,1,1,1,1,1,1,0,0,0,0,0,0,0,0,0,1,0,0,0,0,0,0,0,0,0,0,0,0,0,0,0,0,0,0,0,0,0,0,13,0,0,0,0,0,0,0,0,0,0,0,0,0,0,0,0,0,0,0,0,0,0,0,0,0,0,0,0,0,0,0,0,0,0,0,0,0,0,0,0,0,0,0,0,0,0,0,0
-0.0491329,0.676336,0.51545,0,0,0,0,-2.47795e-09,-1.85613e-07,-1.08071e-07,380,370,371,379,381,388,389,1963,1964,1972,1973,1974,1981,1982,0,0,0,0,0,0,0,0,0,370,371,379,381,388,389,1963,1964,1972,1973,1974,1981,1982,0,0,0,0,0,0,0,0,0,0.0422045,0.0431749,0.0442569,0.043296,0.0432869,0.0427712,0.109826,0.109793,0.110371,0.100105,0.109938,0.110038,0.11002,0,0,0,0,0,0,0,0,0,0.0429108,0.0427978,0.0437334,0.0431365,0.0433332,0.0430969,0.110103,0.10973,0.110192,0.1,0.109913,0.109987,0.110188,0,0,0,0,0,0,0,0,0,1,1,1,1,1,1,1,1,1,1,1,1,1,0,0,0,0,0,0,0,0,0,1,1,1,1,1,1,1,1,1,1,1,1,1,0,0,0,0,0,0,0,0,0,1,0,0,0,0,0,0,0,0,0,0,0,0,0,0,0,0,0,0,0,0,0,0,13,0,0,0,0,0,0,0,0,0,0,0,0,0,0,0,0,0,0,0,0,0,0,0,0,0,0,0,0,0,0,0,0,0,0,0,0,0,0,0,0,0,0,0,0,0,0,0,0
-0.0250308,0.666265,0.549979,0,0,0,0,-9.32509e-10,-1.72567e-07,-1.04883e-07,381,371,372,380,382,389,390,1964,1965,1973,1974,1975,1982,1983,0,0,0,0,0,0,0,0,0,371,372,380,382,389,390,1964,1965,1973,1974,1975,1982,1983,0,0,0,0,0,0,0,0,0,0.0421252,0.0425669,0.043296,0.0425668,0.0430927,0.0422847,0.109624,0.109576,0.110006,0.100034,0.109611,0.109874,0.109749,0,0,0,0,0,0,0,0,0,0.0421386,0.042367,0.0431365,0.0424458,0.04297,0.0422596,0.109749,0.109547,0.109925,0.1,0.109608,0.109829,0.109803,0,0,0,0,0,0,0,0,0,1,1,1,1,1,1,1,1,1,1,1,1,1,0,0,0,0,0,0,0,0,0,1,1,1,1,1,1,1,1,1,1,1,1,1,0,0,0,0,0,0,0,0,0,1,0,0,0,0,0,0,0,0,0,0,0,0,0,0,0,0,0,0,0,0,0,0,13,0,0,0,0,0,0,0,0,0,0,0,0,0,0,0,0,0,0,0,0,0,0,0,0,0,0,0,0,0,0,0,0,0,0,0,0,0,0,0,0,0,0,0,0,0,0,0,0
-0.00158804,0.654389,0.583465,0,0,0,0,3.30402e-10,-1.59743e-07,-1.00838e-07,382,372,373,381,383,390,391,1965,1966,1974,1975,1976,1983,1984,0,0,0,0,0,0,0,0,0,372,373,381,383,390,391,1965,1966,1974,1975,1976,1983,1984,0,0,0,0,0,0,0,0,0,0.041252,0.0420624,0.0425668,0.0418011,0.0427355,0.0413167,0.109336,0.109359,0.109629,0.100036,0.109306,0.109649,0.109349,0,0,0,0,0,0,0,0,0,0.0413266,0.0418526,0.0424458,0.0416833,0.0425141,0.041391,0.109383,0.109329,0.109621,0.1,0.109278,0.109633,0.109412,0,0,0,0,0,0,0,0,0,1,1,1,1,1,1,1,1,1,1,1,1,1,0,0,0,0,0,0,0,0,0,1,1,1,1,1,1,1,1,1,1,1,1,1,0,0,0,0,0,0,0,0,0,1,0,0,0,0,0,0,0,0,0,0,0,0,0,0,0,0,0,0,0,0,0,0,13,0,0,0,0,0,0,0,0,0,0,0,0,0,0,0,0,0,0,0,0,0,0,0,0,0,0,0,0,0,0,0,0,0,0,0,0,0,0,0,0,0,0,0,0,0,0,0,0
0.0208587,0.640813,0.61601,0,0,0,0,1.39221e-09,-1.47141e-07,-9.60368e-08,383,373,374,382,384,391,392,1966,1967,1975,1976,1977,1984,1985,0,0,0,0,0,0,0,0,0,373,374,382,384,391,392,1966,1967,1975,1976,1977,1984,1985,0,0,0,0,0,0,0,0,0,0.0404626,0.0413653,0.0418011,0.0410232,0.0421558,0.040449,0.109009,0.10908,0.109289,0.100035,0.10902,0.109375,0.108947,0,0,0,0,0,0,0,0,0,0.0404937,0.0412588,0.0416833,0.0408746,0.0419707,0.040515,0.109016,0.109081,0.109291,0.1,0.108934,0.109401,0.109026,0,0,0,0,0,0,0,0,0,1,1,1,1,1,1,1,1,1,1,1,1,1,0,0,0,0,0,0,0,0,0,1,1,1,1,1,1,1,1,1,1,1,1,1,0,0,0,0,0,0,0,0,0,1,0,0,0,0,0,0,0,0,0,0,0,0,0,0,0,0,0,0,0,0,0,0,13,0,0,0,0,0,0,0,0,0,0,0,0,0,0,0,0,0,0,0,0,0,0,0,0,0,0,0,0,0,0,0,0,0,0,0,0,0,0,0,0,0,0,0,0,0,0,0,0
0.0422183,0.625636,0.647574,0,0,0,0,2.31654e-09,-1.3484e-07,-9.06002e-08,384,374,375,383,385,392,393,1967,1968,1976,1977,1978,1985,1986,0,0,0,0,0,0,0,0,0,374,375,383,385,392,393,1967,1968,1976,1977,1978,1985,1986,0,0,0,0,0,0,0,0,0,0.0395177,0.0404935,0.0410232,0.0402916,0.0414107,0.0394234,0.108659,0.108749,0.10897,0.100067,0.108744,0.109,0.108596,0,0,0,0,0,0,0,0,0,0.0396625,0.040588,0.0408746,0.0400631,0.0413447,0.0396638,0.108656,0.108802,0.108947,0.1,0.108596,0.109136,0.108658,0,0,0,0,0,0,0,0,0,1,1,1,1,1,1,1,1,1,1,1,1,1,0,0,0,0,0,0,0,0,0,1,1,1,1,1,1,1,1,1,1,1,1,1,0,0,0,0,0,0,0,0,0,1,0,0,0,0,0,0,0,0,0,0,0,0,0,0,0,0,0,0,0,0,0,0,13,0,0,0,0,0,0,0,0,0,0,0,0,0,0,0,0,0,0,0,0,0,0,0,0,0,0,0,0,0,0,0,0,0,0,0,0,0,0,0,0,0,0,0,0,0,0,0,0
0.0626468,0.609011,0.678065,0,0,0,0,3.14337e-09,-1.22929e-07,-8.46557e-08,385,375,376,384,386,393,394,1968,1969,1977,1978,1979,1986,1987,0,0,0,0,0,0,0,0,0,375,376,384,386,393,394,1968,1969,1977,1978,1979,1986,1987,0,0,0,0,0,0,0,0,0,0.038675,0.039473,0.0402916,0.0396362,0.040385,0.0386651,0.108342,0.108345,0.108684,0.100052,0.108473,0.108599,0.108216,0,0,0,0,0,0,0,0,0,0.0388674,0.0398364,0.0400631,0.0393639,0.0406382,0.0389393,0.108318,0.108495,0.108608,0.1,0.108309,0.108841,0.10816,0,0,0,0,0,0,0,0,0,1,1,1,1,1,1,1,1,1,1,1,1,1,0,0,0,0,0,0,0,0,0,1,1,1,1,1,1,1,1,1,1,1,1,1,0,0,0,0,0,0,0,0,0,1,0,0,0,0,0,0,0,0,0,0,0,0,0,0,0,0,0,0,0,0,0,0,13,0,0,0,0,0,0,0,0,0,0,0,0,0,0,0,0,0,0,0,0,0,0,0,0,0,0,0,0,0,0,0,0,0,0,0,0,0,0,0,0,0,0,0,0,0,0,0,0
0.0823629,0.591012,0.707363,0,0,0,0,3.90426e-09,-1.11507e-07,-7.82895e-08,386,134,135,376,377,385,394,1727,1728,1969,1970,1978,1979,1987,0,0,0,0,0,0,0,0,0,134,135,376,377,385,394,1727,1728,1969,1970,1978,1979,1987,0,0,0,0,0,0,0,0,0,0.0385116,0.0394608,0.0380768,0.0384604,0.0396362,0.0394752,0.108105,0.108371,0.108133,0.107972,0.108422,0.100038,0.108146,0,0,0,0,0,0,0,0,0,0.0388138,0.0389981,0.0381818,0.0389856,0.0393639,0.0397187,0.10809,0.108152,0.108031,0.108152,0.108321,0.1,0.108452,0,0,0,0,0,0,0,0,0,1,1,1,1,1,1,1,1,1,1,1,1,1,0,0,0,0,0,0,0,0,0,1,1,1,1,1,1,1,1,1,1,1,1,1,0,0,0,0,0,0,0,0,0,1,0,0,0,0,0,0,0,0,0,0,0,0,0,0,0,0,0,0,0,0,0,0,13,0,0,0,0,0,0,0,0,0,0,0,0,0,0,0,0,0,0,0,0,0,0,0,0,0,0,0,0,0,0,0,0,0,0,0,0,0,0,0,0,0,0,0,0,0,0,0,0
-0.0548908,0.69556,0.442105,0,0,0,0,-3.19626e-09,-2.15752e-07,-1.14536e-07,387,378,379,388,395,1971,1972,1980,1981,1988,0,0,0,0,0,0,0,0,0,0,0,0,0,378,379,388,395,1971,1972,1980,1981,1988,0,0,0,0,0,0,0,0,0,0,0,0,0,0.0428643,0.0437209,0.0439119,0.0433208,0.110394,0.110219,0.100521,0.110466,0.110611,0,0,0,0,0,0,0,0,0,0,0,0,0,0.0445857,0.0435989,0.0441969,0.0448631,0.110895,0.110078,0.1,0.110385,0.111025,0,0,0,0,0,0,0,0,0,0,0,0,0,1,1,1,1,1,1,1,1,1,0,0,0,0,0,0,0,0,0,0,0,0,0,1,1,1,1,1,1,1,1,1,0,0,0,0,0,0,0,0,0,0,0,0,0,1,0,0,0,0,0,0,0,0,0,0,0,0,0,0,0,0,0,0,0,0,0,0,9,0,0,0,0,0,0,0,0,0,0,0,0,0,0,0,0,0,0,0,0,0,0,0,0,0,0,0,0,0,0,0,0,0,0,0,0,0,0,0,0,0,0,0,0,0,0,0,0
-0.0308059,0.688242,0.478085,0,0,0,0,-1.45577e-09,-2.01569e-07,-1.1246e-07,388,379,380,387,389,395,396,1972,1973,1980,1981,1982,1988,1989,0,0,0,0,0,0,0,0,0,379,380,387,389,395,396,1972,1973,1980,1981,1982,1988,1989,0,0,0,0,0,0,0,0,0,0.0434523,0.0432869,0.0439119,0.0437008,0.0439198,0.0433706,0.110224,0.109955,0.110544,0.100145,0.110176,0.110483,0.110323,0,0,0,0,0,0,0,0,0,0.0438807,0.0433332,0.0441969,0.0436688,0.043822,0.0440702,0.110557,0.109964,0.110398,0.1,0.110145,0.110203,0.110645,0,0,0,0,0,0,0,0,0,1,1,1,1,1,1,1,1,1,1,1,1,1,0,0,0,0,0,0,0,0,0,1,1,1,1,1,1,1,1,1,1,1,1,1,0,0,0,0,0,0,0,0,0,1,0,0,0,0,0,0,0,0,0,0,0,0,0,0,0,0,0,0,0,0,0,0,13,0,0,0,0,0,0,0,0,0,0,0,0,0,0,0,0,0,0,0,0,0,0,0,0,0,0,0,0,0,0,0,0,0,0,0,0,0,0,0,0,0,0,0,0,0,0,0,0
-0.00649398,0.678784,0.513146,0,0,0,0,4.3219e-11,-1.87567e-07,-1.09324e-07,389,380,381,388,390,396,397,1973,1974,1981,1982,1983,1989,1990,0,0,0,0,0,0,0,0,0,380,381,388,390,396,397,1973,1974,1981,1982,1983,1989,1990,0,0,0,0,0,0,0,0,0,0.0427712,0.0430927,0.0437008,0.0430987,0.0436015,0.0429011,0.110027,0.109812,0.110257,0.100105,0.109863,0.110179,0.110069,0,0,0,0,0,0,0,0,0,0.0430969,0.04297,0.0436688,0.0430348,0.0435329,0.0432111,0.11019,0.109809,0.110159,0.1,0.109862,0.110077,0.110242,0,0,0,0,0,0,0,0,0,1,1,1,1,1,1,1,1,1,1,1,1,1,0,0,0,0,0,0,0,0,0,1,1,1,1,1,1,1,1,1,1,1,1,1,0,0,0,0,0,0,0,0,0,1,0,0,0,0,0,0,0,0,0,0,0,0,0,0,0,0,0,0,0,0,0,0,13,0,0,0,0,0,0,0,0,0,0,0,0,0,0,0,0,0,0,0,0,0,0,0,0,0,0,0,0,0,0,0,0,0,0,0,0,0,0,0,0,0,0,0,0,0,0,0,0
0.0171556,0.667422,0.547338,0,0,0,0,1.31523e-09,-1.73765e-07,-1.0526e-07,390,381,382,389,391,397,398,1974,1975,1982,1983,1984,1990,1991,0,0,0,0,0,0,0,0,0,381,382,389,391,397,398,1974,1975,1982,1983,1984,1990,1991,0,0,0,0,0,0,0,0,0,0.0422847,0.0427355,0.0430987,0.042364,0.0433048,0.0424103,0.10976,0.109633,0.109931,0.100039,0.109545,0.109964,0.10972,0,0,0,0,0,0,0,0,0,0.0422596,0.0425141,0.0430348,0.0423207,0.0431441,0.0423117,0.109805,0.109614,0.109876,0.1,0.109549,0.109908,0.109829,0,0,0,0,0,0,0,0,0,1,1,1,1,1,1,1,1,1,1,1,1,1,0,0,0,0,0,0,0,0,0,1,1,1,1,1,1,1,1,1,1,1,1,1,0,0,0,0,0,0,0,0,0,1,0,0,0,0,0,0,0,0,0,0,0,0,0,0,0,0,0,0,0,0,0,0,13,0,0,0,0,0,0,0,0,0,0,0,0,0,0,0,0,0,0,0,0,0,0,0,0,0,0,0,0,0,0,0,0,0,0,0,0,0,0,0,0,0,0,0,0,0,0,0,0
0.0396377,0.654221,0.58073,0,0,0,0,2.41259e-09,-1.60191e-07,-1.00371e-07,391,382,383,390,392,398,399,1975,1976,1983,1984,1985,1991,1992,0,0,0,0,0,0,0,0,0,382,383,390,392,398,399,1975,1976,1983,1984,1985,1991,1992,0,0,0,0,0,0,0,0,0,0.0413167,0.0421558,0.042364,0.0418876,0.0431613,0.0410278,0.109355,0.109386,0.10956,0.100048,0.109325,0.109757,0.109269,0,0,0,0,0,0,0,0,0,0.041391,0.0419707,0.0423207,0.0415539,0.0426607,0.0413981,0.109413,0.109383,0.109563,0.1,0.109219,0.109699,0.109417,0,0,0,0,0,0,0,0,0,1,1,1,1,1,1,1,1,1,1,1,1,1,0,0,0,0,0,0,0,0,0,1,1,1,1,1,1,1,1,1,1,1,1,1,0,0,0,0,0,0,0,0,0,1,0,0,0,0,0,0,0,0,0,0,0,0,0,0,0,0,0,0,0,0,0,0,13,0,0,0,0,0,0,0,0,0,0,0,0,0,0,0,0,0,0,0,0,0,0,0,0,0,0,0,0,0,0,0,0,0,0,0,0,0,0,0,0,0,0,0,0,0,0,0,0
0.0611953,0.639306,0.613401,0,0,0,0,3.36698e-09,-1.46844e-07,-9.47798e-08,392,383,384,391,393,399,400,1976,1977,1984,1985,1986,1992,1993,0,0,0,0,0,0,0,0,0,383,384,391,393,399,400,1976,1977,1984,1985,1986,1992,1993,0,0,0,0,0,0,0,0,0,0.040449,0.0414107,0.0418876,0.0410836,0.0421529,0.0395631,0.108962,0.109052,0.109317,0.099961,0.109023,0.109378,0.108547,0,0,0,0,0,0,0,0,0,0.040515,0.0413447,0.0415539,0.0407772,0.0420884,0.0396649,0.109026,0.10912,0.109233,0.1,0.10889,0.109454,0.108499,0,0,0,0,0,0,0,0,0,1,1,1,1,1,1,1,1,1,1,1,1,1,0,0,0,0,0,0,0,0,0,1,1,1,1,1,1,1,1,1,1,1,1,1,0,0,0,0,0,0,0,0,0,1,0,0,0,0,0,0,0,0,0,0,0,0,0,0,0,0,0,0,0,0,0,0,13,0,0,0,0,0,0,0,0,0,0,0,0,0,0,0,0,0,0,0,0,0,0,0,0,0,0,0,0,0,0,0,0,0,0,0,0,0,0,0,0,0,0,0,0,0,0,0,0
0.0814561,0.622748,0.645074,0,0,0,0,4.25215e-09,-1.33912e-07,-8.86024e-08,393,384,385,392,394,400,401,1977,1978,1985,1986,1987,1993,1994,0,0,0,0,0,0,0,0,0,384,385,392,394,400,401,1977,1978,1985,1986,1987,1993,1994,0,0,0,0,0,0,0,0,0,0.0394234,0.040385,0.0410836,0.040298,0.0412995,0.0388743,0.108617,0.108669,0.108982,0.100073,0.108699,0.108958,0.108345,0,0,0,0,0,0,0,0,0,0.0396638,0.0406382,0.0407772,0.0398769,0.0413809,0.0392943,0.108658,0.108826,0.108904,0.1,0.108506,0.10914,0.108325,0,0,0,0,0,0,0,0,0,1,1,1,1,1,1,1,1,1,1,1,1,1,0,0,0,0,0,0,0,0,0,1,1,1,1,1,1,1,1,1,1,1,1,1,0,0,0,0,0,0,0,0,0,1,0,0,0,0,0,0,0,0,0,0,0,0,0,0,0,0,0,0,0,0,0,0,13,0,0,0,0,0,0,0,0,0,0,0,0,0,0,0,0,0,0,0,0,0,0,0,0,0,0,0,0,0,0,0,0,0,0,0,0,0,0,0,0,0,0,0,0,0,0,0,0
0.101007,0.604918,0.675468,0,0,0,0,5.07465e-09,-1.21532e-07,-8.20215e-08,394,133,134,385,386,393,401,1726,1727,1978,1979,1986,1987,1994,0,0,0,0,0,0,0,0,0,133,134,385,386,393,401,1726,1727,1978,1979,1986,1987,1994,0,0,0,0,0,0,0,0,0,0.0387259,0.0398914,0.0386651,0.0394752,0.040298,0.0405637,0.108177,0.108461,0.108265,0.108237,0.108667,0.099947,0.108607,0,0,0,0,0,0,0,0,0,0.0391068,0.0393307,0.0389393,0.0397187,0.0398769,0.0406489,0.108172,0.108273,0.108152,0.108433,0.108508,0.1,0.108818,0,0,0,0,0,0,0,0,0,1,1,1,1,1,1,1,1,1,1,1,1,1,0,0,0,0,0,0,0,0,0,1,1,1,1,1,1,1,1,1,1,1,1,1,0,0,0,0,0,0,0,0,0,1,0,0,0,0,0,0,0,0,0,0,0,0,0,0,0,0,0,0,0,0,0,0,13,0,0,0,0,0,0,0,0,0,0,0,0,0,0,0,0,0,0,0,0,0,0,0,0,0,0,0,0,0,0,0,0,0,0,0,0,0,0,0,0,0,0,0,0,0,0,0,0
-0.0117107,0.698183,0.439804,0,0,0,0,-1.26997e-10,-2.18047e-07,-1.15936e-07,395,387,388,396,402,1980,1981,1988,1989,1995,0,0,0,0,0,0,0,0,0,0,0,0,0,387,388,396,402,1980,1981,1988,1989,1995,0,0,0,0,0,0,0,0,0,0,0,0,0,0.0433208,0.0439198,0.0438723,0.0436648,0.11058,0.110391,0.100422,0.110417,0.110686,0,0,0,0,0,0,0,0,0,0,0,0,0,0.0448631,0.043822,0.0441075,0.0450249,0.111028,0.11018,0.1,0.110339,0.111104,0,0,0,0,0,0,0,0,0,0,0,0,0,1,1,1,1,1,1,1,1,1,0,0,0,0,0,0,0,0,0,0,0,0,0,1,1,1,1,1,1,1,1,1,0,0,0,0,0,0,0,0,0,0,0,0,0,1,0,0,0,0,0,0,0,0,0,0,0,0,0,0,0,0,0,0,0,0,0,0,9,0,0,0,0,0,0,0,0,0,0,0,0,0,0,0,0,0,0,0,0,0,0,0,0,0,0,0,0,0,0,0,0,0,0,0,0,0,0,0,0,0,0,0,0,0,0,0,0
0.0124608,0.68954,0.475382,0,0,0,0,1.27106e-09,-2.03041e-07,-1.12978e-07,396,388,389,395,397,402,403,1981,1982,1988,1989,1990,1995,1996,0,0,0,0,0,0,0,0,0,388,389,395,397,402,403,1981,1982,1988,1989,1990,1995,1996,0,0,0,0,0,0,0,0,0,0.0433706,0.0436015,0.0438723,0.0435465,0.0441811,0.043275,0.110321,0.110094,0.110483,0.100157,0.11012,0.110582,0.110282,0,0,0,0,0,0,0,0,0,0.0440702,0.0435329,0.0441075,0.0435359,0.0440129,0.0441494,0.110647,0.110056,0.110353,0.1,0.110081,0.11029,0.110685,0,0,0,0,0,0,0,0,0,1,1,1,1,1,1,1,1,1,1,1,1,1,0,0,0,0,0,0,0,0,0,1,1,1,1,1,1,1,1,1,1,1,1,1,0,0,0,0,0,0,0,0,0,1,0,0,0,0,0,0,0,0,0,0,0,0,0,0,0,0,0,0,0,0,0,0,13,0,0,0,0,0,0,0,0,0,0,0,0,0,0,0,0,0,0,0,0,0,0,0,0,0,0,0,0,0,0,0,0,0,0,0,0,0,0,0,0,0,0,0,0,0,0,0,0
0.0363053,0.678769,0.510192,0,0,0,0,2.53164e-09,-1.8824e-07,-1.08964e-07,397,389,390,396,398,403,404,1982,1983,1989,1990,1991,1996,1997,0,0,0,0,0,0,0,0,0,389,390,396,398,403,404,1982,1983,1989,1990,1991,1996,1997,0,0,0,0,0,0,0,0,0,0.0429011,0.0433048,0.0435465,0.0430844,0.0439392,0.0428079,0.110079,0.109898,0.110202,0.100105,0.109792,0.110338,0.109985,0,0,0,0,0,0,0,0,0,0.0432111,0.0431441,0.0435359,0.0428757,0.0436992,0.0432247,0.110243,0.109888,0.110095,0.1,0.109788,0.110153,0.110251,0,0,0,0,0,0,0,0,0,1,1,1,1,1,1,1,1,1,1,1,1,1,0,0,0,0,0,0,0,0,0,1,1,1,1,1,1,1,1,1,1,1,1,1,0,0,0,0,0,0,0,0,0,1,0,0,0,0,0,0,0,0,0,0,0,0,0,0,0,0,0,0,0,0,0,0,13,0,0,0,0,0,0,0,0,0,0,0,0,0,0,0,0,0,0,0,0,0,0,0,0,0,0,0,0,0,0,0,0,0,0,0,0,0,0,0,0,0,0,0,0,0,0,0,0
0.0594366,0.666155,0.544281,0,0,0,0,3.64914e-09,-1.73675e-07,-1.04082e-07,398,390,391,397,399,404,405,1983,1984,1990,1991,1992,1997,1998,0,0,0,0,0,0,0,0,0,390,391,397,399,404,405,1983,1984,1990,1991,1992,1997,1998,0,0,0,0,0,0,0,0,0,0.0424103,0.0431613,0.0430844,0.0423288,0.0437375,0.0405523,0.109737,0.109743,0.109863,0.0998763,0.109515,0.110046,0.10891,0,0,0,0,0,0,0,0,0,0.0423117,0.0426607,0.0428757,0.0421559,0.0432843,0.0404537,0.109829,0.109681,0.109803,0.1,0.109473,0.109972,0.108876,0,0,0,0,0,0,0,0,0,1,1,1,1,1,1,1,1,1,1,1,1,1,0,0,0,0,0,0,0,0,0,1,1,1,1,1,1,1,1,1,1,1,1,1,0,0,0,0,0,0,0,0,0,1,0,0,0,0,0,0,0,0,0,0,0,0,0,0,0,0,0,0,0,0,0,0,13,0,0,0,0,0,0,0,0,0,0,0,0,0,0,0,0,0,0,0,0,0,0,0,0,0,0,0,0,0,0,0,0,0,0,0,0,0,0,0,0,0,0,0,0,0,0,0,0
0.0804818,0.651506,0.57796,0,0,0,0,4.67934e-09,-1.59321e-07,-9.83809e-08,399,391,392,398,400,405,406,1984,1985,1991,1992,1993,1998,1999,0,0,0,0,0,0,0,0,0,391,392,398,400,405,406,1984,1985,1991,1992,1993,1998,1999,0,0,0,0,0,0,0,0,0,0.0410278,0.0421529,0.0423288,0.0415762,0.0430218,0.0394383,0.109241,0.109352,0.109491,0.10011,0.109222,0.109758,0.108664,0,0,0,0,0,0,0,0,0,0.0413981,0.0420884,0.0421559,0.0412901,0.0428243,0.040037,0.109418,0.109437,0.109489,0.1,0.10909,0.109756,0.108676,0,0,0,0,0,0,0,0,0,1,1,1,1,1,1,1,1,1,1,1,1,1,0,0,0,0,0,0,0,0,0,1,1,1,1,1,1,1,1,1,1,1,1,1,0,0,0,0,0,0,0,0,0,1,0,0,0,0,0,0,0,0,0,0,0,0,0,0,0,0,0,0,0,0,0,0,13,0,0,0,0,0,0,0,0,0,0,0,0,0,0,0,0,0,0,0,0,0,0,0,0,0,0,0,0,0,0,0,0,0,0,0,0,0,0,0,0,0,0,0,0,0,0,0,0
0.100478,0.635461,0.610691,0,0,0,0,5.61228e-09,-1.45389e-07,-9.21561e-08,400,392,393,399,401,406,407,1985,1986,1992,1993,1994,1999,2000,0,0,0,0,0,0,0,0,0,392,393,399,401,406,407,1985,1986,1992,1993,1994,1999,2000,0,0,0,0,0,0,0,0,0,0.0395631,0.0412995,0.0415762,0.0408204,0.042289,0.0386096,0.108497,0.108941,0.10919,0.0999093,0.10885,0.109424,0.10815,0,0,0,0,0,0,0,0,0,0.0396649,0.0413809,0.0412901,0.0404509,0.0423074,0.0388113,0.108417,0.109125,0.109099,0.1,0.108732,0.109521,0.108051,0,0,0,0,0,0,0,0,0,1,1,1,1,1,1,1,1,1,1,1,1,1,0,0,0,0,0,0,0,0,0,1,1,1,1,1,1,1,1,1,1,1,1,1,0,0,0,0,0,0,0,0,0,1,0,0,0,0,0,0,0,0,0,0,0,0,0,0,0,0,0,0,0,0,0,0,13,0,0,0,0,0,0,0,0,0,0,0,0,0,0,0,0,0,0,0,0,0,0,0,0,0,0,0,0,0,0,0,0,0,0,0,0,0,0,0,0,0,0,0,0,0,0,0,0
0.119892,0.617824,0.641969,0,0,0,0,6.5148e-09,-1.32095e-07,-8.53671e-08,401,132,133,393,394,400,407,1725,1726,1986,1987,1993,1994,2000,0,0,0,0,0,0,0,0,0,132,133,393,394,400,407,1725,1726,1986,1987,1993,1994,2000,0,0,0,0,0,0,0,0,0,0.0385664,0.0400952,0.0388743,0.0405637,0.0408204,0.0416201,0.10815,0.108577,0.108341,0.108627,0.10885,0.100003,0.109095,0,0,0,0,0,0,0,0,0,0.0389768,0.039744,0.0392943,0.0406489,0.0404509,0.0417109,0.108118,0.10844,0.108282,0.108815,0.108734,0.1,0.109266,0,0,0,0,0,0,0,0,0,1,1,1,1,1,1,1,1,1,1,1,1,1,0,0,0,0,0,0,0,0,0,1,1,1,1,1,1,1,1,1,1,1,1,1,0,0,0,0,0,0,0,0,0,1,0,0,0,0,0,0,0,0,0,0,0,0,0,0,0,0,0,0,0,0,0,0,13,0,0,0,0,0,0,0,0,0,0,0,0,0,0,0,0,0,0,0,0,0,0,0,0,0,0,0,0,0,0,0,0,0,0,0,0,0,0,0,0,0,0,0,0,0,0,0,0
0.03184,0.698282,0.436652,0,0,0,0,2.77288e-09,-2.18932e-07,-1.15709e-07,402,395,396,403,408,1988,1989,1995,1996,2001,0,0,0,0,0,0,0,0,0,0,0,0,0,395,396,403,408,1988,1989,1995,1996,2001,0,0,0,0,0,0,0,0,0,0,0,0,0,0.0436648,0.0441811,0.0436294,0.0439726,0.110684,0.11052,0.100406,0.110329,0.11068,0,0,0,0,0,0,0,0,0,0,0,0,0,0.0450249,0.0440129,0.043943,0.0450469,0.111106,0.110269,0.1,0.110259,0.111118,0,0,0,0,0,0,0,0,0,0,0,0,0,1,1,1,1,1,1,1,1,1,0,0,0,0,0,0,0,0,0,0,0,0,0,1,1,1,1,1,1,1,1,1,0,0,0,0,0,0,0,0,0,0,0,0,0,1,0,0,0,0,0,0,0,0,0,0,0,0,0,0,0,0,0,0,0,0,0,0,9,0,0,0,0,0,0,0,0,0,0,0,0,0,0,0,0,0,0,0,0,0,0,0,0,0,0,0,0,0,0,0,0,0,0,0,0,0,0,0,0,0,0,0,0,0,0,0,0
0.055579,0.688372,0.471891,0,0,0,0,4.00068e-09,-2.03206e-07,-1.11876e-07,403,396,397,402,404,408,409,1989,1990,1995,1996,1997,2001,2002,0,0,0,0,0,0,0,0,0,396,397,402,404,408,409,1989,1990,1995,1996,1997,2001,2002,0,0,0,0,0,0,0,0,0,0.043275,0.0439392,0.0436294,0.0433839,0.0446438,0.0429147,0.110289,0.110253,0.110376,0.100183,0.11004,0.11068,0.110205,0,0,0,0,0,0,0,0,0,0.0441494,0.0436992,0.043943,0.043342,0.0441496,0.0441051,0.110686,0.110133,0.110275,0.1,0.109989,0.110355,0.110667,0,0,0,0,0,0,0,0,0,1,1,1,1,1,1,1,1,1,1,1,1,1,0,0,0,0,0,0,0,0,0,1,1,1,1,1,1,1,1,1,1,1,1,1,0,0,0,0,0,0,0,0,0,1,0,0,0,0,0,0,0,0,0,0,0,0,0,0,0,0,0,0,0,0,0,0,13,0,0,0,0,0,0,0,0,0,0,0,0,0,0,0,0,0,0,0,0,0,0,0,0,0,0,0,0,0,0,0,0,0,0,0,0,0,0,0,0,0,0,0,0,0,0,0,0
0.0788858,0.676407,0.506472,0,0,0,0,5.16913e-09,-1.87712e-07,-1.07053e-07,404,397,398,403,405,409,410,1990,1991,1996,1997,1998,2002,2003,0,0,0,0,0,0,0,0,0,397,398,403,405,409,410,1990,1991,1996,1997,1998,2002,2003,0,0,0,0,0,0,0,0,0,0.0428079,0.0437375,0.0433839,0.0427048,0.0441264,0.0403189,0.10998,0.109956,0.110109,0.100019,0.109646,0.110439,0.108971,0,0,0,0,0,0,0,0,0,0.0432247,0.0432843,0.043342,0.0426459,0.0438133,0.0407846,0.110251,0.109954,0.110006,0.1,0.109665,0.110207,0.109043,0,0,0,0,0,0,0,0,0,1,1,1,1,1,1,1,1,1,1,1,1,1,0,0,0,0,0,0,0,0,0,1,1,1,1,1,1,1,1,1,1,1,1,1,0,0,0,0,0,0,0,0,0,1,0,0,0,0,0,0,0,0,0,0,0,0,0,0,0,0,0,0,0,0,0,0,13,0,0,0,0,0,0,0,0,0,0,0,0,0,0,0,0,0,0,0,0,0,0,0,0,0,0,0,0,0,0,0,0,0,0,0,0,0,0,0,0,0,0,0,0,0,0,0,0
0.099703,0.662559,0.541092,0,0,0,0,6.27106e-09,-1.7234e-07,-1.01476e-07,405,398,399,404,406,410,411,1991,1992,1997,1998,1999,2003,2004,0,0,0,0,0,0,0,0,0,398,399,404,406,410,411,1991,1992,1997,1998,1999,2003,2004,0,0,0,0,0,0,0,0,0,0.0405523,0.0430218,0.0427048,0.0420393,0.0439977,0.0385169,0.108791,0.109659,0.109612,0.0998683,0.109386,0.110181,0.108121,0,0,0,0,0,0,0,0,0,0.0404537,0.0428243,0.0426459,0.0419244,0.0437474,0.03855,0.108709,0.109746,0.109684,0.1,0.109352,0.110151,0.107945,0,0,0,0,0,0,0,0,0,1,1,1,1,1,1,1,1,1,1,1,1,1,0,0,0,0,0,0,0,0,0,1,1,1,1,1,1,1,1,1,1,1,1,1,0,0,0,0,0,0,0,0,0,1,0,0,0,0,0,0,0,0,0,0,0,0,0,0,0,0,0,0,0,0,0,0,13,0,0,0,0,0,0,0,0,0,0,0,0,0,0,0,0,0,0,0,0,0,0,0,0,0,0,0,0,0,0,0,0,0,0,0,0,0,0,0,0,0,0,0,0,0,0,0,0
0.119503,0.646824,0.574673,0,0,0,0,7.29765e-09,-1.57455e-07,-9.51546e-08,406,399,400,405,407,411,412,1992,1993,1998,1999,2000,2004,2005,0,0,0,0,0,0,0,0,0,399,400,405,407,411,412,1992,1993,1998,1999,2000,2004,2005,0,0,0,0,0,0,0,0,0,0.0394383,0.042289,0.0420393,0.040926,0.0430775,0.038172,0.108568,0.109355,0.10938,0.100097,0.108956,0.109828,0.108062,0,0,0,0,0,0,0,0,0,0.040037,0.0423074,0.0419244,0.0409527,0.0432497,0.03867,0.108554,0.109517,0.109356,0.1,0.10894,0.109932,0.107994,0,0,0,0,0,0,0,0,0,1,1,1,1,1,1,1,1,1,1,1,1,1,0,0,0,0,0,0,0,0,0,1,1,1,1,1,1,1,1,1,1,1,1,1,0,0,0,0,0,0,0,0,0,1,0,0,0,0,0,0,0,0,0,0,0,0,0,0,0,0,0,0,0,0,0,0,13,0,0,0,0,0,0,0,0,0,0,0,0,0,0,0,0,0,0,0,0,0,0,0,0,0,0,0,0,0,0,0,0,0,0,0,0,0,0,0,0,0,0,0,0,0,0,0,0
0.138471,0.629855,0.606722,0,0,0,0,8.27325e-09,-1.43294e-07,-8.83624e-08,407,131,132,400,401,406,412,1724,1725,1993,1994,1999,2000,2005,0,0,0,0,0,0,0,0,0,131,132,400,401,406,412,1724,1725,1993,1994,1999,2000,2005,0,0,0,0,0,0,0,0,0,0.0384464,0.0403476,0.0386096,0.0416201,0.040926,0.0427644,0.108105,0.10868,0.108132,0.109074,0.108998,0.0999917,0.109625,0,0,0,0,0,0,0,0,0,0.0388321,0.040176,0.0388113,0.0417109,0.0409527,0.0426883,0.108059,0.108617,0.108052,0.109262,0.108943,0.1,0.109687,0,0,0,0,0,0,0,0,0,1,1,1,1,1,1,1,1,1,1,1,1,1,0,0,0,0,0,0,0,0,0,1,1,1,1,1,1,1,1,1,1,1,1,1,0,0,0,0,0,0,0,0,0,1,0,0,0,0,0,0,0,0,0,0,0,0,0,0,0,0,0,0,0,0,0,0,13,0,0,0,0,0,0,0,0,0,0,0,0,0,0,0,0,0,0,0,0,0,0,0,0,0,0,0,0,0,0,0,0,0,0,0,0,0,0,0,0,0,0,0,0,0,0,0,0
0.075573,0.695955,0.432702,0,0,0,0,5.59718e-09,-2.18437e-07,-1.13871e-07,408,402,403,409,413,1995,1996,2001,2002,2006,0,0,0,0,0,0,0,0,0,0,0,0,0,402,403,409,413,1995,1996,2001,2002,2006,0,0,0,0,0,0,0,0,0,0,0,0,0,0.0439726,0.0446438,0.0430778,0.0408921,0.110724,0.110668,0.100203,0.110124,0.109187,0,0,0,0,0,0,0,0,0,0,0,0,0,0.0450469,0.0441496,0.0437143,0.0414295,0.111118,0.110335,0.1,0.110151,0.10938,0,0,0,0,0,0,0,0,0,0,0,0,0,1,1,1,1,1,1,1,1,1,0,0,0,0,0,0,0,0,0,0,0,0,0,1,1,1,1,1,1,1,1,1,0,0,0,0,0,0,0,0,0,0,0,0,0,1,0,0,0,0,0,0,0,0,0,0,0,0,0,0,0,0,0,0,0,0,0,0,9,0,0,0,0,0,0,0,0,0,0,0,0,0,0,0,0,0,0,0,0,0,0,0,0,0,0,0,0,0,0,0,0,0,0,0,0,0,0,0,0,0,0,0,0,0,0,0,0
0.0981342,0.684791,0.46766,0,0,0,0,6.90726e-09,-2.02168e-07,-1.09137e-07,409,403,404,408,410,413,414,1996,1997,2001,2002,2003,2006,2007,0,0,0,0,0,0,0,0,0,403,404,408,410,413,414,1996,1997,2001,2002,2003,2006,2007,0,0,0,0,0,0,0,0,0,0.0429147,0.0441264,0.0430778,0.0425329,0.0449508,0.0395872,0.110174,0.110342,0.110079,0.100322,0.109815,0.110751,0.108928,0,0,0,0,0,0,0,0,0,0.0441051,0.0438133,0.0437143,0.0430386,0.04451,0.0410507,0.110666,0.110189,0.110168,0.1,0.109835,0.110489,0.109186,0,0,0,0,0,0,0,0,0,1,1,1,1,1,1,1,1,1,1,1,1,1,0,0,0,0,0,0,0,0,0,1,1,1,1,1,1,1,1,1,1,1,1,1,0,0,0,0,0,0,0,0,0,1,0,0,0,0,0,0,0,0,0,0,0,0,0,0,0,0,0,0,0,0,0,0,13,0,0,0,0,0,0,0,0,0,0,0,0,0,0,0,0,0,0,0,0,0,0,0,0,0,0,0,0,0,0,0,0,0,0,0,0,0,0,0,0,0,0,0,0,0,0,0,0
0.118764,0.671927,0.50256,0,0,0,0,8.19603e-09,-1.86022e-07,-1.03789e-07,410,404,405,409,411,414,415,1997,1998,2002,2003,2004,2007,2008,0,0,0,0,0,0,0,0,0,404,405,409,411,414,415,1997,1998,2002,2003,2004,2007,2008,0,0,0,0,0,0,0,0,0,0.0403189,0.0439977,0.0425329,0.0419326,0.0446923,0.0377639,0.10882,0.110063,0.109765,0.100047,0.109364,0.110688,0.10791,0,0,0,0,0,0,0,0,0,0.0407846,0.0437474,0.0430386,0.0423594,0.0445171,0.0383099,0.10883,0.110145,0.109853,0.1,0.109538,0.110495,0.107849,0,0,0,0,0,0,0,0,0,1,1,1,1,1,1,1,1,1,1,1,1,1,0,0,0,0,0,0,0,0,0,1,1,1,1,1,1,1,1,1,1,1,1,1,0,0,0,0,0,0,0,0,0,1,0,0,0,0,0,0,0,0,0,0,0,0,0,0,0,0,0,0,0,0,0,0,13,0,0,0,0,0,0,0,0,0,0,0,0,0,0,0,0,0,0,0,0,0,0,0,0,0,0,0,0,0,0,0,0,0,0,0,0,0,0,0,0,0,0,0,0,0,0,0,0
0.137618,0.657163,0.536982,0,0,0,0,9.35591e-09,-1.70239e-07,-9.77312e-08,411,405,406,410,412,415,416,1998,1999,2003,2004,2005,2008,2009,0,0,0,0,0,0,0,0,0,405,406,410,412,415,416,1998,1999,2003,2004,2005,2008,2009,0,0,0,0,0,0,0,0,0,0.0385169,0.0430775,0.0419326,0.0413373,0.044232,0.0380846,0.108052,0.109763,0.109414,0.100023,0.109115,0.110363,0.107998,0,0,0,0,0,0,0,0,0,0.03855,0.0432497,0.0423594,0.0414135,0.0440758,0.0384703,0.107946,0.109926,0.109542,0.1,0.109134,0.110298,0.107914,0,0,0,0,0,0,0,0,0,1,1,1,1,1,1,1,1,1,1,1,1,1,0,0,0,0,0,0,0,0,0,1,1,1,1,1,1,1,1,1,1,1,1,1,0,0,0,0,0,0,0,0,0,1,0,0,0,0,0,0,0,0,0,0,0,0,0,0,0,0,0,0,0,0,0,0,13,0,0,0,0,0,0,0,0,0,0,0,0,0,0,0,0,0,0,0,0,0,0,0,0,0,0,0,0,0,0,0,0,0,0,0,0,0,0,0,0,0,0,0,0,0,0,0,0
0.156859,0.640761,0.569685,0,0,0,0,1.04095e-08,-1.55146e-07,-9.08875e-08,412,130,131,406,407,411,416,1723,1724,1999,2000,2004,2005,2009,0,0,0,0,0,0,0,0,0,130,131,406,407,411,416,1723,1724,1999,2000,2004,2005,2009,0,0,0,0,0,0,0,0,0,0.0381467,0.0405642,0.038172,0.0427644,0.0413373,0.0436355,0.108002,0.108786,0.108052,0.109567,0.109156,0.100023,0.110047,0,0,0,0,0,0,0,0,0,0.0386529,0.0406094,0.03867,0.0426883,0.0414135,0.0435609,0.107987,0.108796,0.107995,0.109682,0.109137,0.1,0.11007,0,0,0,0,0,0,0,0,0,1,1,1,1,1,1,1,1,1,1,1,1,1,0,0,0,0,0,0,0,0,0,1,1,1,1,1,1,1,1,1,1,1,1,1,0,0,0,0,0,0,0,0,0,1,0,0,0,0,0,0,0,0,0,0,0,0,0,0,0,0,0,0,0,0,0,0,13,0,0,0,0,0,0,0,0,0,0,0,0,0,0,0,0,0,0,0,0,0,0,0,0,0,0,0,0,0,0,0,0,0,0,0,0,0,0,0,0,0,0,0,0,0,0,0,0
0.115876,0.692044,0.427,0,0,0,0,8.31779e-09,-2.17457e-07,-1.10719e-07,413,408,409,414,417,2001,2002,2006,2007,2010,0,0,0,0,0,0,0,0,0,0,0,0,0,408,409,414,417,2001,2002,2006,2007,2010,0,0,0,0,0,0,0,0,0,0,0,0,0,0.0408921,0.0449508,0.0431653,0.0376929,0.109043,0.110683,0.099935,0.110063,0.107556,0,0,0,0,0,0,0,0,0,0,0,0,0,0.0414295,0.04451,0.0436437,0.037753,0.109064,0.110503,0.1,0.110098,0.107628,0,0,0,0,0,0,0,0,0,0,0,0,0,1,1,1,1,1,1,1,1,1,0,0,0,0,0,0,0,0,0,0,0,0,0,1,1,1,1,1,1,1,1,1,0,0,0,0,0,0,0,0,0,0,0,0,0,1,0,0,0,0,0,0,0,0,0,0,0,0,0,0,0,0,0,0,0,0,0,0,9,0,0,0,0,0,0,0,0,0,0,0,0,0,0,0,0,0,0,0,0,0,0,0,0,0,0,0,0,0,0,0,0,0,0,0,0,0,0,0,0,0,0,0,0,0,0,0,0
0.137049,0.67966,0.462519,0,0,0,0,1.02847e-08,-2.00448e-07,-1.05268e-07,414,409,410,413,415,417,418,2002,2003,2006,2007,2008,2010,2011,0,0,0,0,0,0,0,0,0,409,410,413,415,417,418,2002,2003,2006,2007,2008,2010,2011,0,0,0,0,0,0,0,0,0,0.0395872,0.0446923,0.0431653,0.0420305,0.045138,0.0367024,0.108785,0.110602,0.110005,0.100321,0.109545,0.110727,0.107585,0,0,0,0,0,0,0,0,0,0.0410507,0.0445171,0.0436437,0.0427311,0.0451257,0.0379851,0.108924,0.110488,0.110104,0.1,0.109698,0.110771,0.10772,0,0,0,0,0,0,0,0,0,1,1,1,1,1,1,1,1,1,1,1,1,1,0,0,0,0,0,0,0,0,0,1,1,1,1,1,1,1,1,1,1,1,1,1,0,0,0,0,0,0,0,0,0,1,0,0,0,0,0,0,0,0,0,0,0,0,0,0,0,0,0,0,0,0,0,0,13,0,0,0,0,0,0,0,0,0,0,0,0,0,0,0,0,0,0,0,0,0,0,0,0,0,0,0,0,0,0,0,0,0,0,0,0,0,0,0,0,0,0,0,0,0,0,0,0
0.15572,0.665954,0.497592,0,0,0,0,1.1826e-08,-1.83699e-07,-9.96453e-08,415,410,411,414,416,418,419,2003,2004,2007,2008,2009,2011,2012,0,0,0,0,0,0,0,0,0,410,411,414,416,418,419,2003,2004,2007,2008,2009,2011,2012,0,0,0,0,0,0,0,0,0,0.0377639,0.044232,0.0420305,0.0414232,0.0451298,0.0374495,0.107863,0.110254,0.109605,0.100061,0.109163,0.110824,0.107739,0,0,0,0,0,0,0,0,0,0.0383099,0.0440758,0.0427311,0.041828,0.0447612,0.0382047,0.10785,0.110292,0.109703,0.1,0.109309,0.110607,0.107808,0,0,0,0,0,0,0,0,0,1,1,1,1,1,1,1,1,1,1,1,1,1,0,0,0,0,0,0,0,0,0,1,1,1,1,1,1,1,1,1,1,1,1,1,0,0,0,0,0,0,0,0,0,1,0,0,0,0,0,0,0,0,0,0,0,0,0,0,0,0,0,0,0,0,0,0,13,0,0,0,0,0,0,0,0,0,0,0,0,0,0,0,0,0,0,0,0,0,0,0,0,0,0,0,0,0,0,0,0,0,0,0,0,0,0,0,0,0,0,0,0,0,0,0,0
0.174622,0.650414,0.531015,0,0,0,0,1.29966e-08,-1.67662e-07,-9.29083e-08,416,129,130,411,412,415,419,1722,1723,2004,2005,2008,2009,2012,0,0,0,0,0,0,0,0,0,129,130,411,412,415,419,1722,1723,2004,2005,2008,2009,2012,0,0,0,0,0,0,0,0,0,0.0378504,0.0408596,0.0380846,0.0436355,0.0414232,0.0445855,0.107879,0.108926,0.107974,0.109978,0.109235,0.100035,0.1105,0,0,0,0,0,0,0,0,0,0.0384311,0.0410329,0.0384703,0.0435609,0.041828,0.04431,0.107898,0.108973,0.107914,0.110064,0.109313,0.1,0.110404,0,0,0,0,0,0,0,0,0,1,1,1,1,1,1,1,1,1,1,1,1,1,0,0,0,0,0,0,0,0,0,1,1,1,1,1,1,1,1,1,1,1,1,1,0,0,0,0,0,0,0,0,0,1,0,0,0,0,0,0,0,0,0,0,0,0,0,0,0,0,0,0,0,0,0,0,13,0,0,0,0,0,0,0,0,0,0,0,0,0,0,0,0,0,0,0,0,0,0,0,0,0,0,0,0,0,0,0,0,0,0,0,0,0,0,0,0,0,0,0,0,0,0,0,0
0.152619,0.686468,0.420702,0,0,0,0,1.05241e-08,-2.15917e-07,-1.06529e-07,417,413,414,418,2006,2007,2010,2011,0,0,0,0,0,0,0,0,0,0,0,0,0,0,0,413,414,418,2006,2007,2010,2011,0,0,0,0,0,0,0,0,0,0,0,0,0,0,0,0.0376929,0.045138,0.0430308,0.107714,0.110807,0.0999471,0.109755,0,0,0,0,0,0,0,0,0,0,0,0,0,0,0,0.037753,0.0451257,0.0430295,0.107629,0.110763,0.1,0.109827,0,0,0,0,0,0,0,0,0,0,0,0,0,0,0,1,1,1,1,1,1,1,0,0,0,0,0,0,0,0,0,0,0,0,0,0,0,1,1,1,1,1,1,1,0,0,0,0,0,0,0,0,0,0,0,0,0,0,0,1,0,0,0,0,0,0,0,0,0,0,0,0,0,0,0,0,0,0,0,0,0,0,7,0,0,0,0,0,0,0,0,0,0,0,0,0,0,0,0,0,0,0,0,0,0,0,0,0,0,0,0,0,0,0,0,0,0,0,0,0,0,0,0,0,0,0,0,0,0,0,0
0.172683,0.673323,0.456426,0,0,0,0,1.45355e-08,-1.9792e-07,-1.01219e-07,418,414,415,417,419,420,2007,2008,2010,2011,2012,2013,0,0,0,0,0,0,0,0,0,0,0,414,415,417,419,420,2007,2008,2010,2011,2012,2013,0,0,0,0,0,0,0,0,0,0,0,0.0367024,0.0451298,0.0430308,0.0418994,0.0369482,0.107603,0.110692,0.109994,0.100044,0.109355,0.107536,0,0,0,0,0,0,0,0,0,0,0,0.0379851,0.0447612,0.0430295,0.0421893,0.0378686,0.107721,0.110599,0.109833,0.1,0.109463,0.107674,0,0,0,0,0,0,0,0,0,0,0,1,1,1,1,1,1,1,1,1,1,1,0,0,0,0,0,0,0,0,0,0,0,1,1,1,1,1,1,1,1,1,1,1,0,0,0,0,0,0,0,0,0,0,0,1,0,0,0,0,0,0,0,0,0,0,0,0,0,0,0,0,0,0,0,0,0,0,11,0,0,0,0,0,0,0,0,0,0,0,0,0,0,0,0,0,0,0,0,0,0,0,0,0,0,0,0,0,0,0,0,0,0,0,0,0,0,0,0,0,0,0,0,0,0,0,0
0.19179,0.658618,0.490694,0,0,0,0,1.60226e-08,-1.80842e-07,-9.43663e-08,419,128,129,415,416,418,420,1721,1722,2008,2009,2011,2012,2013,0,0,0,0,0,0,0,0,0,128,129,415,416,418,420,1721,1722,2008,2009,2011,2012,2013,0,0,0,0,0,0,0,0,0,0.0374431,0.0411763,0.0374495,0.0445855,0.0418994,0.0451681,0.1077,0.109065,0.107751,0.110429,0.109489,0.100043,0.110767,0,0,0,0,0,0,0,0,0,0.0381687,0.0414409,0.0382047,0.04431,0.0421893,0.0449166,0.107793,0.109144,0.107808,0.110397,0.109467,0.1,0.110678,0,0,0,0,0,0,0,0,0,1,1,1,1,1,1,1,1,1,1,1,1,1,0,0,0,0,0,0,0,0,0,1,1,1,1,1,1,1,1,1,1,1,1,1,0,0,0,0,0,0,0,0,0,1,0,0,0,0,0,0,0,0,0,0,0,0,0,0,0,0,0,0,0,0,0,0,13,0,0,0,0,0,0,0,0,0,0,0,0,0,0,0,0,0,0,0,0,0,0,0,0,0,0,0,0,0,0,0,0,0,0,0,0,0,0,0,0,0,0,0,0,0,0,0,0
0.207956,0.665177,0.449031,0,0,0,0,1.94899e-08,-1.94496e-07,-9.50537e-08,420,127,128,418,419,1720,1721,2011,2012,2013,0,0,0,0,0,0,0,0,0,0,0,0,0,127,128,418,419,1720,1721,2011,2012,2013,0,0,0,0,0,0,0,0,0,0,0,0,0,0.0372135,0.0415629,0.0369482,0.0451681,0.107581,0.109277,0.107589,0.110752,0.100087,0,0,0,0,0,0,0,0,0,0,0,0,0,0.0378822,0.0418344,0.0378686,0.0449166,0.10768,0.10931,0.107675,0.11067,0.1,0,0,0,0,0,0,0,0,0,0,0,0,0,1,1,1,1,1,1,1,1,1,0,0,0,0,0,0,0,0,0,0,0,0,0,1,1,1,1,1,1,1,1,1,0,0,0,0,0,0,0,0,0,0,0,0,0,1,0,0,0,0,0,0,0,0,0,0,0,0,0,0,0,0,0,0,0,0,0,0,9,0,0,0,0,0,0,0,0,0,0,0,0,0,0,0,0,0,0,0,0,0,0,0,0,0,0,0,0,0,0,0,0,0,0,0,0,0,0,0,0,0,0,0,0,0,0,0,0
0.276016,0.643664,0.435087,0,0,0,0,2.91302e-08,-1.84083e-07,-7.97631e-08,421,127,422,432,1720,2014,2015,2025,0,0,0,0,0,0,0,0,0,0,0,0,0,0,0,127,422,432,1720,2014,2015,2025,0,0,0,0,0,0,0,0,0,0,0,0,0,0,0,0.0356253,0.0462529,0.0446507,0.107009,0.100009,0.111191,0.110545,0,0,0,0,0,0,0,0,0,0,0,0,0,0,0,0.0360108,0.0458272,0.0450348,0.106964,0.1,0.111086,0.110718,0,0,0,0,0,0,0,0,0,0,0,0,0,0,0,1,1,1,1,1,1,1,0,0,0,0,0,0,0,0,0,0,0,0,0,0,0,1,1,1,1,1,1,1,0,0,0,0,0,0,0,0,0,0,0,0,0,0,0,1,0,0,0,0,0,0,0,0,0,0,0,0,0,0,0,0,0,0,0,0,0,0,7,0,0,0,0,0,0,0,0,0,0,0,0,0,0,0,0,0,0,0,0,0,0,0,0,0,0,0,0,0,0,0,0,0,0,0,0,0,0,0,0,0,0,0,0,0,0,0,0
0.26018,0.638507,0.478237,0,0,0,0,2.63575e-08,-1.71603e-07,-8.01502e-08,422,127,128,421,423,432,433,1720,1721,2014,2015,2016,2025,2026,0,0,0,0,0,0,0,0,0,127,128,421,423,432,433,1720,1721,2014,2015,2016,2025,2026,0,0,0,0,0,0,0,0,0,0.0449694,0.0350744,0.0462529,0.045724,0.035615,0.0452709,0.110757,0.106835,0.111158,0.100046,0.110956,0.107094,0.110877,0,0,0,0,0,0,0,0,0,0.0452174,0.0358559,0.0458272,0.0454381,0.0365039,0.0454222,0.110808,0.106907,0.111096,0.1,0.110908,0.10715,0.110895,0,0,0,0,0,0,0,0,0,1,1,1,1,1,1,1,1,1,1,1,1,1,0,0,0,0,0,0,0,0,0,1,1,1,1,1,1,1,1,1,1,1,1,1,0,0,0,0,0,0,0,0,0,1,0,0,0,0,0,0,0,0,0,0,0,0,0,0,0,0,0,0,0,0,0,0,13,0,0,0,0,0,0,0,0,0,0,0,0,0,0,0,0,0,0,0,0,0,0,0,0,0,0,0,0,0,0,0,0,0,0,0,0,0,0,0,0,0,0,0,0,0,0,0,0
0.243944,0.631397,0.520386,0,0,0,0,2.21705e-08,-1.59048e-07,-7.98496e-08,423,128,129,422,424,433,434,1721,1722,2015,2016,2017,2026,2027,0,0,0,0,0,0,0,0,0,128,129,422,424,433,434,1721,1722,2015,2016,2017,2026,2027,0,0,0,0,0,0,0,0,0,0.0453191,0.0350215,0.045724,0.0451111,0.0356997,0.0456125,0.110901,0.106814,0.110978,0.100035,0.110638,0.107082,0.111004,0,0,0,0,0,0,0,0,0,0.0454564,0.0357152,0.0454381,0.0448596,0.0364296,0.0457112,0.110918,0.106856,0.110916,0.1,0.110645,0.107123,0.111028,0,0,0,0,0,0,0,0,0,1,1,1,1,1,1,1,1,1,1,1,1,1,0,0,0,0,0,0,0,0,0,1,1,1,1,1,1,1,1,1,1,1,1,1,0,0,0,0,0,0,0,0,0,1,0,0,0,0,0,0,0,0,0,0,0,0,0,0,0,0,0,0,0,0,0,0,13,0,0,0,0,0,0,0,0,0,0,0,0,0,0,0,0,0,0,0,0,0,0,0,0,0,0,0,0,0,0,0,0,0,0,0,0,0,0,0,0,0,0,0,0,0,0,0,0
0.226915,0.622647,0.561233,0,0,0,0,1.8363e-08,-1.47045e-07,-7.88446e-08,424,129,130,423,425,434,435,1722,1723,2016,2017,2018,2027,2028,0,0,0,0,0,0,0,0,0,129,130,423,425,434,435,1722,1723,2016,2017,2018,2027,2028,0,0,0,0,0,0,0,0,0,0.0455974,0.0349711,0.0451111,0.0443798,0.0356906,0.0458845,0.11102,0.106793,0.1107,0.100021,0.11027,0.107064,0.111096,0,0,0,0,0,0,0,0,0,0.0456576,0.0355775,0.0448596,0.0441313,0.0363168,0.0459102,0.111011,0.106806,0.110653,0.1,0.110318,0.107082,0.111121,0,0,0,0,0,0,0,0,0,1,1,1,1,1,1,1,1,1,1,1,1,1,0,0,0,0,0,0,0,0,0,1,1,1,1,1,1,1,1,1,1,1,1,1,0,0,0,0,0,0,0,0,0,1,0,0,0,0,0,0,0,0,0,0,0,0,0,0,0,0,0,0,0,0,0,0,13,0,0,0,0,0,0,0,0,0,0,0,0,0,0,0,0,0,0,0,0,0,0,0,0,0,0,0,0,0,0,0,0,0,0,0,0,0,0,0,0,0,0,0,0,0,0,0,0
0.209161,0.612448,0.600607,0,0,0,0,1.51268e-08,-1.35653e-07,-7.72569e-08,425,130,131,424,426,435,436,1723,1724,2017,2018,2019,2028,2029,0,0,0,0,0,0,0,0,0,130,131,424,426,435,436,1723,1724,2017,2018,2019,2028,2029,0,0,0,0,0,0,0,0,0,0.0458183,0.0349476,0.0443798,0.0435042,0.0356407,0.0461029,0.1111,0.106778,0.110348,0.100005,0.109851,0.107034,0.111168,0,0,0,0,0,0,0,0,0,0.0458015,0.0354391,0.0441313,0.0432763,0.0361705,0.0460237,0.111078,0.106755,0.110325,0.1,0.10994,0.107028,0.111174,0,0,0,0,0,0,0,0,0,1,1,1,1,1,1,1,1,1,1,1,1,1,0,0,0,0,0,0,0,0,0,1,1,1,1,1,1,1,1,1,1,1,1,1,0,0,0,0,0,0,0,0,0,1,0,0,0,0,0,0,0,0,0,0,0,0,0,0,0,0,0,0,0,0,0,0,13,0,0,0,0,0,0,0,0,0,0,0,0,0,0,0,0,0,0,0,0,0,0,0,0,0,0,0,0,0,0,0,0,0,0,0,0,0,0,0,0,0,0,0,0,0,0,0,0
0.190859,0.600981,0.638372,0,0,0,0,1.24155e-08,-1.2487e-07,-7.51824e-08,426,131,132,425,427,436,437,1724,1725,2018,2019,2020,2029,2030,0,0,0,0,0,0,0,0,0,131,132,425,427,436,437,1724,1725,2018,2019,2020,2029,2030,0,0,0,0,0,0,0,0,0,0.0460402,0.0348741,0.0435042,0.0425291,0.0355383,0.0462665,0.111169,0.106754,0.109924,0.0999874,0.109404,0.106984,0.111218,0,0,0,0,0,0,0,0,0,0.0458853,0.0353038,0.0432763,0.0423165,0.0359944,0.0460602,0.111117,0.106706,0.109945,0.1,0.109522,0.106963,0.111191,0,0,0,0,0,0,0,0,0,1,1,1,1,1,1,1,1,1,1,1,1,1,0,0,0,0,0,0,0,0,0,1,1,1,1,1,1,1,1,1,1,1,1,1,0,0,0,0,0,0,0,0,0,1,0,0,0,0,0,0,0,0,0,0,0,0,0,0,0,0,0,0,0,0,0,0,13,0,0,0,0,0,0,0,0,0,0,0,0,0,0,0,0,0,0,0,0,0,0,0,0,0,0,0,0,0,0,0,0,0,0,0,0,0,0,0,0,0,0,0,0,0,0,0,0
0.172158,0.588432,0.674448,0,0,0,0,1.01548e-08,-1.1468e-07,-7.26973e-08,427,132,133,426,428,437,438,1725,1726,2019,2020,2021,2030,2031,0,0,0,0,0,0,0,0,0,132,133,426,428,437,438,1725,1726,2019,2020,2021,2030,2031,0,0,0,0,0,0,0,0,0,0.0462187,0.0348157,0.0425291,0.0414566,0.0354,0.046392,0.111217,0.106738,0.109456,0.0999651,0.108932,0.106917,0.111253,0,0,0,0,0,0,0,0,0,0.0459179,0.035181,0.0423165,0.0412754,0.0357917,0.0460347,0.111133,0.106661,0.109527,0.1,0.109078,0.106888,0.11118,0,0,0,0,0,0,0,0,0,1,1,1,1,1,1,1,1,1,1,1,1,1,0,0,0,0,0,0,0,0,0,1,1,1,1,1,1,1,1,1,1,1,1,1,0,0,0,0,0,0,0,0,0,1,0,0,0,0,0,0,0,0,0,0,0,0,0,0,0,0,0,0,0,0,0,0,13,0,0,0,0,0,0,0,0,0,0,0,0,0,0,0,0,0,0,0,0,0,0,0,0,0,0,0,0,0,0,0,0,0,0,0,0,0,0,0,0,0,0,0,0,0,0,0,0
0.153233,0.574965,0.708787,0,0,0,0,8.27336e-09,-1.05067e-07,-6.9863e-08,428,133,134,427,429,438,439,1726,1727,2020,2021,2022,2031,2032,0,0,0,0,0,0,0,0,0,133,134,427,429,438,439,1726,1727,2020,2021,2022,2031,2032,0,0,0,0,0,0,0,0,0,0.0463881,0.0347945,0.0414566,0.0402887,0.0352278,0.0465178,0.111254,0.106733,0.108949,0.0999378,0.108453,0.106832,0.111293,0,0,0,0,0,0,0,0,0,0.0459215,0.035088,0.0412754,0.0401836,0.0355641,0.0459733,0.111135,0.106628,0.109082,0.1,0.108623,0.106804,0.111152,0,0,0,0,0,0,0,0,0,1,1,1,1,1,1,1,1,1,1,1,1,1,0,0,0,0,0,0,0,0,0,1,1,1,1,1,1,1,1,1,1,1,1,1,0,0,0,0,0,0,0,0,0,1,0,0,0,0,0,0,0,0,0,0,0,0,0,0,0,0,0,0,0,0,0,0,13,0,0,0,0,0,0,0,0,0,0,0,0,0,0,0,0,0,0,0,0,0,0,0,0,0,0,0,0,0,0,0,0,0,0,0,0,0,0,0,0,0,0,0,0,0,0,0,0
0.134339,0.56069,0.741381,0,0,0,0,6.71017e-09,-9.60017e-08,-6.67138e-08,429,134,135,428,430,439,440,1727,1728,2021,2022,2023,2032,2033,0,0,0,0,0,0,0,0,0,134,135,428,430,439,440,1727,1728,2021,2022,2023,2032,2033,0,0,0,0,0,0,0,0,0,0.0466465,0.0346423,0.0402887,0.0391959,0.0349599,0.0466013,0.111329,0.106738,0.108418,0.0999259,0.107998,0.10672,0.111319,0,0,0,0,0,0,0,0,0,0.0459407,0.0350552,0.0401836,0.0390962,0.0353096,0.0459281,0.111144,0.106616,0.108626,0.1,0.10818,0.106711,0.111132,0,0,0,0,0,0,0,0,0,1,1,1,1,1,1,1,1,1,1,1,1,1,0,0,0,0,0,0,0,0,0,1,1,1,1,1,1,1,1,1,1,1,1,1,0,0,0,0,0,0,0,0,0,1,0,0,0,0,0,0,0,0,0,0,0,0,0,0,0,0,0,0,0,0,0,0,13,0,0,0,0,0,0,0,0,0,0,0,0,0,0,0,0,0,0,0,0,0,0,0,0,0,0,0,0,0,0,0,0,0,0,0,0,0,0,0,0,0,0,0,0,0,0,0,0
0.115365,0.545814,0.772285,0,0,0,0,5.40729e-09,-8.74792e-08,-6.33379e-08,430,135,136,429,431,440,441,1728,1729,2022,2023,2024,2033,2034,0,0,0,0,0,0,0,0,0,135,136,429,431,440,441,1728,1729,2022,2023,2024,2033,2034,0,0,0,0,0,0,0,0,0,0.0468185,0.0341606,0.0391959,0.0379979,0.0347991,0.047029,0.111368,0.1066,0.107908,0.0998344,0.107617,0.10661,0.1115,0,0,0,0,0,0,0,0,0,0.0460736,0.034221,0.0390962,0.0381912,0.0350138,0.0460388,0.111206,0.106374,0.108182,0.1,0.107819,0.106604,0.111184,0,0,0,0,0,0,0,0,0,1,1,1,1,1,1,1,1,1,1,1,1,1,0,0,0,0,0,0,0,0,0,1,1,1,1,1,1,1,1,1,1,1,1,1,0,0,0,0,0,0,0,0,0,1,0,0,0,0,0,0,0,0,0,0,0,0,0,0,0,0,0,0,0,0,0,0,13,0,0,0,0,0,0,0,0,0,0,0,0,0,0,0,0,0,0,0,0,0,0,0,0,0,0,0,0,0,0,0,0,0,0,0,0,0,0,0,0,0,0,0,0,0,0,0,0
0.0972614,0.52996,0.801692,0,0,0,0,4.31639e-09,-7.93691e-08,-5.95759e-08,431,71,72,136,137,430,441,1664,1665,1729,1730,2023,2024,2034,0,0,0,0,0,0,0,0,0,71,72,136,137,430,441,1664,1665,1729,1730,2023,2024,2034,0,0,0,0,0,0,0,0,0,0.0389882,0.0478192,0.0474935,0.034277,0.0379979,0.0341024,0.108321,0.111865,0.111744,0.106828,0.107417,0.0999575,0.106399,0,0,0,0,0,0,0,0,0,0.0398026,0.0469515,0.0471502,0.0345088,0.0381912,0.0346132,0.108463,0.111609,0.111689,0.106489,0.107821,0.1,0.106459,0,0,0,0,0,0,0,0,0,1,1,1,1,1,1,1,1,1,1,1,1,1,0,0,0,0,0,0,0,0,0,1,1,1,1,1,1,1,1,1,1,1,1,1,0,0,0,0,0,0,0,0,0,1,0,0,0,0,0,0,0,0,0,0,0,0,0,0,0,0,0,0,0,0,0,0,13,0,0,0,0,0,0,0,0,0,0,0,0,0,0,0,0,0,0,0,0,0,0,0,0,0,0,0,0,0,0,0,0,0,0,0,0,0,0,0,0,0,0,0,0,0,0,0,0
0.292953,0.62586,0.472367,0,0,0,0,3.28984e-08,-1.65282e-07,-7.20396e-08,432,421,422,433,442,443,2014,2015,2025,2026,2035,2036,0,0,0,0,0,0,0,0,0,0,0,421,422,433,442,443,2014,2015,2025,2026,2035,2036,0,0,0,0,0,0,0,0,0,0,0,0.0446507,0.035615,0.0464287,0.0364779,0.0448752,0.110784,0.107071,0.10014,0.111306,0.107363,0.110745,0,0,0,0,0,0,0,0,0,0,0,0.0450348,0.0365039,0.0463346,0.0372639,0.0453265,0.110724,0.107151,0.1,0.111321,0.10744,0.11085,0,0,0,0,0,0,0,0,0,0,0,1,1,1,1,1,1,1,1,1,1,1,0,0,0,0,0,0,0,0,0,0,0,1,1,1,1,1,1,1,1,1,1,1,0,0,0,0,0,0,0,0,0,0,0,1,0,0,0,0,0,0,0,0,0,0,0,0,0,0,0,0,0,0,0,0,0,0,11,0,0,0,0,0,0,0,0,0,0,0,0,0,0,0,0,0,0,0,0,0,0,0,0,0,0,0,0,0,0,0,0,0,0,0,0,0,0,0,0,0,0,0,0,0,0,0,0
0.277139,0.619202,0.515509,0,0,0,0,2.79266e-08,-1.5314e-07,-7.18581e-08,433,422,423,432,434,443,444,2015,2016,2025,2026,2027,2036,2037,0,0,0,0,0,0,0,0,0,422,423,432,434,443,444,2015,2016,2025,2026,2027,2036,2037,0,0,0,0,0,0,0,0,0,0.0452709,0.0356997,0.0464287,0.0460858,0.0365793,0.0455036,0.110893,0.107051,0.111442,0.100048,0.11108,0.107401,0.110975,0,0,0,0,0,0,0,0,0,0.0454222,0.0364296,0.0463346,0.0458702,0.0372587,0.0457244,0.110901,0.107124,0.111331,0.1,0.111106,0.107439,0.111033,0,0,0,0,0,0,0,0,0,1,1,1,1,1,1,1,1,1,1,1,1,1,0,0,0,0,0,0,0,0,0,1,1,1,1,1,1,1,1,1,1,1,1,1,0,0,0,0,0,0,0,0,0,1,0,0,0,0,0,0,0,0,0,0,0,0,0,0,0,0,0,0,0,0,0,0,13,0,0,0,0,0,0,0,0,0,0,0,0,0,0,0,0,0,0,0,0,0,0,0,0,0,0,0,0,0,0,0,0,0,0,0,0,0,0,0,0,0,0,0,0,0,0,0,0
0.260368,0.610752,0.557595,0,0,0,0,2.33731e-08,-1.4137e-07,-7.12046e-08,434,423,424,433,435,444,445,2016,2017,2026,2027,2028,2037,2038,0,0,0,0,0,0,0,0,0,423,424,433,435,444,445,2016,2017,2026,2027,2028,2037,2038,0,0,0,0,0,0,0,0,0,0.0456125,0.0356906,0.0460858,0.0454834,0.0365696,0.0458912,0.111045,0.107045,0.111176,0.100028,0.110766,0.107399,0.111123,0,0,0,0,0,0,0,0,0,0.0457112,0.0363168,0.0458702,0.0452204,0.037189,0.0459974,0.111034,0.107082,0.111115,0.1,0.110809,0.107414,0.111159,0,0,0,0,0,0,0,0,0,1,1,1,1,1,1,1,1,1,1,1,1,1,0,0,0,0,0,0,0,0,0,1,1,1,1,1,1,1,1,1,1,1,1,1,0,0,0,0,0,0,0,0,0,1,0,0,0,0,0,0,0,0,0,0,0,0,0,0,0,0,0,0,0,0,0,0,13,0,0,0,0,0,0,0,0,0,0,0,0,0,0,0,0,0,0,0,0,0,0,0,0,0,0,0,0,0,0,0,0,0,0,0,0,0,0,0,0,0,0,0,0,0,0,0,0
0.24275,0.600754,0.598318,0,0,0,0,1.94699e-08,-1.30199e-07,-7.00277e-08,435,424,425,434,436,445,446,2017,2018,2027,2028,2029,2038,2039,0,0,0,0,0,0,0,0,0,424,425,434,436,445,446,2017,2018,2027,2028,2029,2038,2039,0,0,0,0,0,0,0,0,0,0.0458845,0.0356407,0.0454834,0.0447067,0.0365248,0.0461613,0.111153,0.107021,0.110856,0.100008,0.110378,0.10737,0.111218,0,0,0,0,0,0,0,0,0,0.0459102,0.0361705,0.0452204,0.0444224,0.0370675,0.0461622,0.111126,0.107028,0.110816,0.1,0.110448,0.107368,0.111236,0,0,0,0,0,0,0,0,0,1,1,1,1,1,1,1,1,1,1,1,1,1,0,0,0,0,0,0,0,0,0,1,1,1,1,1,1,1,1,1,1,1,1,1,0,0,0,0,0,0,0,0,0,1,0,0,0,0,0,0,0,0,0,0,0,0,0,0,0,0,0,0,0,0,0,0,13,0,0,0,0,0,0,0,0,0,0,0,0,0,0,0,0,0,0,0,0,0,0,0,0,0,0,0,0,0,0,0,0,0,0,0,0,0,0,0,0,0,0,0,0,0,0,0,0
0.224443,0.589393,0.637491,0,0,0,0,1.61814e-08,-1.19636e-07,-6.83706e-08,436,425,426,435,437,446,447,2018,2019,2028,2029,2030,2039,2040,0,0,0,0,0,0,0,0,0,425,426,435,437,446,447,2018,2019,2028,2029,2030,2039,2040,0,0,0,0,0,0,0,0,0,0.0461029,0.0355383,0.0447067,0.0437986,0.0364266,0.0463472,0.111227,0.106982,0.110464,0.0999893,0.109944,0.10732,0.111279,0,0,0,0,0,0,0,0,0,0.0460237,0.0359944,0.0444224,0.0435049,0.0369007,0.0462325,0.111179,0.106963,0.110455,0.1,0.11004,0.107305,0.11127,0,0,0,0,0,0,0,0,0,1,1,1,1,1,1,1,1,1,1,1,1,1,0,0,0,0,0,0,0,0,0,1,1,1,1,1,1,1,1,1,1,1,1,1,0,0,0,0,0,0,0,0,0,1,0,0,0,0,0,0,0,0,0,0,0,0,0,0,0,0,0,0,0,0,0,0,13,0,0,0,0,0,0,0,0,0,0,0,0,0,0,0,0,0,0,0,0,0,0,0,0,0,0,0,0,0,0,0,0,0,0,0,0,0,0,0,0,0,0,0,0,0,0,0,0
0.205609,0.576859,0.674994,0,0,0,0,1.34216e-08,-1.09669e-07,-6.62978e-08,437,426,427,436,438,447,448,2019,2020,2029,2030,2031,2040,2041,0,0,0,0,0,0,0,0,0,426,427,436,438,447,448,2019,2020,2029,2030,2031,2040,2041,0,0,0,0,0,0,0,0,0,0.0462665,0.0354,0.0437986,0.0427824,0.0362789,0.0464752,0.111273,0.106931,0.110015,0.0999684,0.109479,0.107249,0.111315,0,0,0,0,0,0,0,0,0,0.0460602,0.0357917,0.0435049,0.0424963,0.0366934,0.0462244,0.111197,0.106887,0.110046,0.1,0.1096,0.107227,0.111267,0,0,0,0,0,0,0,0,0,1,1,1,1,1,1,1,1,1,1,1,1,1,0,0,0,0,0,0,0,0,0,1,1,1,1,1,1,1,1,1,1,1,1,1,0,0,0,0,0,0,0,0,0,1,0,0,0,0,0,0,0,0,0,0,0,0,0,0,0,0,0,0,0,0,0,0,13,0,0,0,0,0,0,0,0,0,0,0,0,0,0,0,0,0,0,0,0,0,0,0,0,0,0,0,0,0,0,0,0,0,0,0,0,0,0,0,0,0,0,0,0,0,0,0,0
0.186424,0.563327,0.710759,0,0,0,0,1.11076e-08,-1.00274e-07,-6.38646e-08,438,427,428,437,439,448,449,2020,2021,2030,2031,2032,2041,2042,0,0,0,0,0,0,0,0,0,427,428,437,439,448,449,2020,2021,2030,2031,2032,2041,2042,0,0,0,0,0,0,0,0,0,0.046392,0.0352278,0.0427824,0.0416812,0.0360811,0.0465752,0.111296,0.10687,0.109523,0.0999446,0.109001,0.107156,0.111344,0,0,0,0,0,0,0,0,0,0.0460347,0.0355641,0.0424963,0.0414318,0.0364487,0.0461617,0.111186,0.106804,0.109605,0.1,0.109145,0.107136,0.111238,0,0,0,0,0,0,0,0,0,1,1,1,1,1,1,1,1,1,1,1,1,1,0,0,0,0,0,0,0,0,0,1,1,1,1,1,1,1,1,1,1,1,1,1,0,0,0,0,0,0,0,0,0,1,0,0,0,0,0,0,0,0,0,0,0,0,0,0,0,0,0,0,0,0,0,0,13,0,0,0,0,0,0,0,0,0,0,0,0,0,0,0,0,0,0,0,0,0,0,0,0,0,0,0,0,0,0,0,0,0,0,0,0,0,0,0,0,0,0,0,0,0,0,0,0
0.167089,0.548935,0.744764,0,0,0,0,9.16667e-09,-9.1422e-08,-6.11107e-08,439,428,429,438,440,449,450,2021,2022,2031,2032,2033,2042,2043,0,0,0,0,0,0,0,0,0,428,429,438,440,449,450,2021,2022,2031,2032,2033,2042,2043,0,0,0,0,0,0,0,0,0,0.0465178,0.0349599,0.0416812,0.0405815,0.0358131,0.0466607,0.111317,0.106788,0.109004,0.0999237,0.108547,0.107038,0.111369,0,0,0,0,0,0,0,0,0,0.0459733,0.0353096,0.0414318,0.0403706,0.036167,0.0460872,0.111158,0.10671,0.109149,0.1,0.108701,0.10703,0.111205,0,0,0,0,0,0,0,0,0,1,1,1,1,1,1,1,1,1,1,1,1,1,0,0,0,0,0,0,0,0,0,1,1,1,1,1,1,1,1,1,1,1,1,1,0,0,0,0,0,0,0,0,0,1,0,0,0,0,0,0,0,0,0,0,0,0,0,0,0,0,0,0,0,0,0,0,13,0,0,0,0,0,0,0,0,0,0,0,0,0,0,0,0,0,0,0,0,0,0,0,0,0,0,0,0,0,0,0,0,0,0,0,0,0,0,0,0,0,0,0,0,0,0,0,0
0.147685,0.533825,0.777044,0,0,0,0,7.53433e-09,-8.30884e-08,-5.80834e-08,440,429,430,439,441,450,451,2022,2023,2032,2033,2034,2043,2044,0,0,0,0,0,0,0,0,0,429,430,439,441,450,451,2022,2023,2032,2033,2034,2043,2044,0,0,0,0,0,0,0,0,0,0.0466013,0.0347991,0.0405815,0.0395169,0.0355312,0.0469058,0.111321,0.106703,0.108497,0.0998924,0.108158,0.106907,0.111474,0,0,0,0,0,0,0,0,0,0.0459281,0.0350138,0.0403706,0.0394733,0.0358419,0.046101,0.111138,0.106602,0.108704,0.1,0.108333,0.106909,0.111212,0,0,0,0,0,0,0,0,0,1,1,1,1,1,1,1,1,1,1,1,1,1,0,0,0,0,0,0,0,0,0,1,1,1,1,1,1,1,1,1,1,1,1,1,0,0,0,0,0,0,0,0,0,1,0,0,0,0,0,0,0,0,0,0,0,0,0,0,0,0,0,0,0,0,0,0,13,0,0,0,0,0,0,0,0,0,0,0,0,0,0,0,0,0,0,0,0,0,0,0,0,0,0,0,0,0,0,0,0,0,0,0,0,0,0,0,0,0,0,0,0,0,0,0,0
0.128581,0.517908,0.807757,0,0,0,0,6.14319e-09,-7.51828e-08,-5.47397e-08,441,72,73,430,431,440,451,1665,1666,2023,2024,2033,2034,2044,0,0,0,0,0,0,0,0,0,72,73,430,431,440,451,1665,1666,2023,2024,2033,2034,2044,0,0,0,0,0,0,0,0,0,0.039611,0.0474725,0.047029,0.0341024,0.0395169,0.0350325,0.108251,0.111737,0.111455,0.106559,0.108021,0.0998926,0.106702,0,0,0,0,0,0,0,0,0,0.0396313,0.0465484,0.0460388,0.0346132,0.0394733,0.0354466,0.108397,0.11142,0.11119,0.106457,0.108335,0.1,0.106763,0,0,0,0,0,0,0,0,0,1,1,1,1,1,1,1,1,1,1,1,1,1,0,0,0,0,0,0,0,0,0,1,1,1,1,1,1,1,1,1,1,1,1,1,0,0,0,0,0,0,0,0,0,1,0,0,0,0,0,0,0,0,0,0,0,0,0,0,0,0,0,0,0,0,0,0,13,0,0,0,0,0,0,0,0,0,0,0,0,0,0,0,0,0,0,0,0,0,0,0,0,0,0,0,0,0,0,0,0,0,0,0,0,0,0,0,0,0,0,0,0,0,0,0,0
0.325628,0.612019,0.463919,0,0,0,0,4.03055e-08,-1.58458e-07,-6.25213e-08,442,432,443,452,453,2025,2035,2036,2045,2046,0,0,0,0,0,0,0,0,0,0,0,0,0,432,443,452,453,2025,2035,2036,2045,2046,0,0,0,0,0,0,0,0,0,0,0,0,0,0.0364779,0.0474982,0.0376459,0.0447983,0.107407,0.100055,0.111796,0.107652,0.110728,0,0,0,0,0,0,0,0,0,0,0,0,0,0.0372639,0.0471386,0.0380769,0.0451776,0.107441,0.1,0.111697,0.107756,0.110781,0,0,0,0,0,0,0,0,0,0,0,0,0,1,1,1,1,1,1,1,1,1,0,0,0,0,0,0,0,0,0,0,0,0,0,1,1,1,1,1,1,1,1,1,0,0,0,0,0,0,0,0,0,0,0,0,0,1,0,0,0,0,0,0,0,0,0,0,0,0,0,0,0,0,0,0,0,0,0,0,9,0,0,0,0,0,0,0,0,0,0,0,0,0,0,0,0,0,0,0,0,0,0,0,0,0,0,0,0,0,0,0,0,0,0,0,0,0,0,0,0,0,0,0,0,0,0,0,0
0.310368,0.605637,0.508444,0,0,0,0,3.46803e-08,-1.46857e-07,-6.28343e-08,443,432,433,442,444,453,454,2025,2026,2035,2036,2037,2046,2047,0,0,0,0,0,0,0,0,0,432,433,442,444,453,454,2025,2026,2035,2036,2037,2046,2047,0,0,0,0,0,0,0,0,0,0.0448752,0.0365793,0.0474982,0.047065,0.0373819,0.045357,0.110859,0.107393,0.111794,0.100054,0.111547,0.107703,0.110935,0,0,0,0,0,0,0,0,0,0.0453265,0.0372587,0.0471386,0.0468047,0.0381344,0.0456778,0.110855,0.10744,0.111708,0.1,0.11154,0.10778,0.11101,0,0,0,0,0,0,0,0,0,1,1,1,1,1,1,1,1,1,1,1,1,1,0,0,0,0,0,0,0,0,0,1,1,1,1,1,1,1,1,1,1,1,1,1,0,0,0,0,0,0,0,0,0,1,0,0,0,0,0,0,0,0,0,0,0,0,0,0,0,0,0,0,0,0,0,0,13,0,0,0,0,0,0,0,0,0,0,0,0,0,0,0,0,0,0,0,0,0,0,0,0,0,0,0,0,0,0,0,0,0,0,0,0,0,0,0,0,0,0,0,0,0,0,0,0
0.293962,0.597515,0.551803,0,0,0,0,2.93297e-08,-1.35379e-07,-6.25721e-08,444,433,434,443,445,454,455,2026,2027,2036,2037,2038,2047,2048,0,0,0,0,0,0,0,0,0,433,434,443,445,454,455,2026,2027,2036,2037,2038,2047,2048,0,0,0,0,0,0,0,0,0,0.0455036,0.0365696,0.047065,0.0465249,0.0374803,0.0458271,0.111038,0.107376,0.111623,0.100035,0.111251,0.107748,0.111118,0,0,0,0,0,0,0,0,0,0.0457244,0.037189,0.0468047,0.0462455,0.0381108,0.0460259,0.111038,0.107415,0.11155,0.1,0.11128,0.107772,0.111171,0,0,0,0,0,0,0,0,0,1,1,1,1,1,1,1,1,1,1,1,1,1,0,0,0,0,0,0,0,0,0,1,1,1,1,1,1,1,1,1,1,1,1,1,0,0,0,0,0,0,0,0,0,1,0,0,0,0,0,0,0,0,0,0,0,0,0,0,0,0,0,0,0,0,0,0,13,0,0,0,0,0,0,0,0,0,0,0,0,0,0,0,0,0,0,0,0,0,0,0,0,0,0,0,0,0,0,0,0,0,0,0,0,0,0,0,0,0,0,0,0,0,0,0,0
0.276592,0.58776,0.593846,0,0,0,0,2.46758e-08,-1.24451e-07,-6.18069e-08,445,434,435,444,446,455,456,2027,2028,2037,2038,2039,2048,2049,0,0,0,0,0,0,0,0,0,434,435,444,446,455,456,2027,2028,2037,2038,2039,2048,2049,0,0,0,0,0,0,0,0,0,0.0458912,0.0365248,0.0465249,0.0458264,0.0374753,0.0461547,0.111182,0.107349,0.111341,0.100014,0.110889,0.107739,0.111241,0,0,0,0,0,0,0,0,0,0.0459974,0.0370675,0.0462455,0.0455132,0.0380234,0.0462478,0.111164,0.107369,0.111288,0.1,0.110943,0.107739,0.111275,0,0,0,0,0,0,0,0,0,1,1,1,1,1,1,1,1,1,1,1,1,1,0,0,0,0,0,0,0,0,0,1,1,1,1,1,1,1,1,1,1,1,1,1,0,0,0,0,0,0,0,0,0,1,0,0,0,0,0,0,0,0,0,0,0,0,0,0,0,0,0,0,0,0,0,0,13,0,0,0,0,0,0,0,0,0,0,0,0,0,0,0,0,0,0,0,0,0,0,0,0,0,0,0,0,0,0,0,0,0,0,0,0,0,0,0,0,0,0,0,0,0,0,0,0
0.258392,0.576558,0.634384,0,0,0,0,2.07195e-08,-1.14137e-07,-6.0583e-08,446,435,436,445,447,456,457,2028,2029,2038,2039,2040,2049,2050,0,0,0,0,0,0,0,0,0,435,436,445,447,456,457,2028,2029,2038,2039,2040,2049,2050,0,0,0,0,0,0,0,0,0,0.0461613,0.0364266,0.0458264,0.0449875,0.0373994,0.0463767,0.111277,0.107306,0.110978,0.0999946,0.110473,0.107698,0.111319,0,0,0,0,0,0,0,0,0,0.0461622,0.0369007,0.0455132,0.0446438,0.0378804,0.0463619,0.111241,0.107306,0.11095,0.1,0.110548,0.107684,0.111328,0,0,0,0,0,0,0,0,0,1,1,1,1,1,1,1,1,1,1,1,1,1,0,0,0,0,0,0,0,0,0,1,1,1,1,1,1,1,1,1,1,1,1,1,0,0,0,0,0,0,0,0,0,1,0,0,0,0,0,0,0,0,0,0,0,0,0,0,0,0,0,0,0,0,0,0,13,0,0,0,0,0,0,0,0,0,0,0,0,0,0,0,0,0,0,0,0,0,0,0,0,0,0,0,0,0,0,0,0,0,0,0,0,0,0,0,0,0,0,0,0,0,0,0,0
0.239525,0.564097,0.673278,0,0,0,0,1.7374e-08,-1.04426e-07,-5.89516e-08,447,436,437,446,448,457,458,2029,2030,2039,2040,2041,2050,2051,0,0,0,0,0,0,0,0,0,436,437,446,448,457,458,2029,2030,2039,2040,2041,2050,2051,0,0,0,0,0,0,0,0,0,0.0463472,0.0362789,0.0449875,0.0440317,0.0372622,0.0465227,0.111333,0.107247,0.110553,0.0999742,0.110019,0.10763,0.111365,0,0,0,0,0,0,0,0,0,0.0462325,0.0366934,0.0446438,0.0436698,0.0376874,0.0463867,0.111274,0.107227,0.110555,0.1,0.110114,0.10761,0.111341,0,0,0,0,0,0,0,0,0,1,1,1,1,1,1,1,1,1,1,1,1,1,0,0,0,0,0,0,0,0,0,1,1,1,1,1,1,1,1,1,1,1,1,1,0,0,0,0,0,0,0,0,0,1,0,0,0,0,0,0,0,0,0,0,0,0,0,0,0,0,0,0,0,0,0,0,13,0,0,0,0,0,0,0,0,0,0,0,0,0,0,0,0,0,0,0,0,0,0,0,0,0,0,0,0,0,0,0,0,0,0,0,0,0,0,0,0,0,0,0,0,0,0,0,0
0.220169,0.550559,0.710437,0,0,0,0,1.45471e-08,-9.52918e-08,-5.69615e-08,448,437,438,447,449,458,459,2030,2031,2040,2041,2042,2051,2052,0,0,0,0,0,0,0,0,0,437,438,447,449,458,459,2030,2031,2040,2041,2042,2051,2052,0,0,0,0,0,0,0,0,0,0.0464752,0.0360811,0.0440317,0.0429885,0.0370666,0.0466236,0.11136,0.107172,0.110078,0.0999517,0.109547,0.107538,0.111394,0,0,0,0,0,0,0,0,0,0.0462244,0.0364487,0.0436698,0.0426286,0.0374491,0.0463462,0.111271,0.107135,0.110119,0.1,0.109658,0.107518,0.111323,0,0,0,0,0,0,0,0,0,1,1,1,1,1,1,1,1,1,1,1,1,1,0,0,0,0,0,0,0,0,0,1,1,1,1,1,1,1,1,1,1,1,1,1,0,0,0,0,0,0,0,0,0,1,0,0,0,0,0,0,0,0,0,0,0,0,0,0,0,0,0,0,0,0,0,0,13,0,0,0,0,0,0,0,0,0,0,0,0,0,0,0,0,0,0,0,0,0,0,0,0,0,0,0,0,0,0,0,0,0,0,0,0,0,0,0,0,0,0,0,0,0,0,0,0
0.200506,0.5361,0.745825,0,0,0,0,1.21562e-08,-8.67019e-08,-5.46505e-08,449,438,439,448,450,459,460,2031,2032,2041,2042,2043,2052,2053,0,0,0,0,0,0,0,0,0,438,439,448,450,459,460,2031,2032,2041,2042,2043,2052,2053,0,0,0,0,0,0,0,0,0,0.0465752,0.0358131,0.0429885,0.0419198,0.0368074,0.0467115,0.111372,0.107078,0.109571,0.0999288,0.109086,0.107419,0.111421,0,0,0,0,0,0,0,0,0,0.0461617,0.036167,0.0426286,0.0415784,0.0371683,0.0462789,0.111243,0.107029,0.109662,0.1,0.109207,0.107411,0.111292,0,0,0,0,0,0,0,0,0,1,1,1,1,1,1,1,1,1,1,1,1,1,0,0,0,0,0,0,0,0,0,1,1,1,1,1,1,1,1,1,1,1,1,1,0,0,0,0,0,0,0,0,0,1,0,0,0,0,0,0,0,0,0,0,0,0,0,0,0,0,0,0,0,0,0,0,13,0,0,0,0,0,0,0,0,0,0,0,0,0,0,0,0,0,0,0,0,0,0,0,0,0,0,0,0,0,0,0,0,0,0,0,0,0,0,0,0,0,0,0,0,0,0,0,0
0.180675,0.520854,0.779464,0,0,0,0,1.01272e-08,-7.8619e-08,-5.20512e-08,450,439,440,449,451,460,461,2032,2033,2042,2043,2044,2053,2054,0,0,0,0,0,0,0,0,0,439,440,449,451,460,461,2032,2033,2042,2043,2044,2053,2054,0,0,0,0,0,0,0,0,0,0.0466607,0.0355312,0.0419198,0.0409144,0.0365013,0.0468881,0.111374,0.106979,0.10906,0.0998997,0.108688,0.107276,0.111491,0,0,0,0,0,0,0,0,0,0.0460872,0.0358419,0.0415784,0.0406555,0.0368443,0.0462629,0.111209,0.106908,0.109211,0.1,0.108819,0.107288,0.111285,0,0,0,0,0,0,0,0,0,1,1,1,1,1,1,1,1,1,1,1,1,1,0,0,0,0,0,0,0,0,0,1,1,1,1,1,1,1,1,1,1,1,1,1,0,0,0,0,0,0,0,0,0,1,0,0,0,0,0,0,0,0,0,0,0,0,0,0,0,0,0,0,0,0,0,0,13,0,0,0,0,0,0,0,0,0,0,0,0,0,0,0,0,0,0,0,0,0,0,0,0,0,0,0,0,0,0,0,0,0,0,0,0,0,0,0,0,0,0,0,0,0,0,0,0
0.160867,0.50483,0.811477,0,0,0,0,8.38398e-09,-7.09711e-08,-4.91513e-08,451,73,74,440,441,450,461,1666,1667,2033,2034,2043,2044,2054,0,0,0,0,0,0,0,0,0,73,74,440,441,450,461,1666,1667,2033,2034,2043,2044,2054,0,0,0,0,0,0,0,0,0,0.0405553,0.0473143,0.0469058,0.0350325,0.0409144,0.0360847,0.108624,0.111667,0.111445,0.106835,0.108584,0.0998752,0.107085,0,0,0,0,0,0,0,0,0,0.0403945,0.0465088,0.046101,0.0354466,0.0406555,0.0364667,0.108711,0.1114,0.111217,0.106762,0.108822,0.1,0.107145,0,0,0,0,0,0,0,0,0,1,1,1,1,1,1,1,1,1,1,1,1,1,0,0,0,0,0,0,0,0,0,1,1,1,1,1,1,1,1,1,1,1,1,1,0,0,0,0,0,0,0,0,0,1,0,0,0,0,0,0,0,0,0,0,0,0,0,0,0,0,0,0,0,0,0,0,13,0,0,0,0,0,0,0,0,0,0,0,0,0,0,0,0,0,0,0,0,0,0,0,0,0,0,0,0,0,0,0,0,0,0,0,0,0,0,0,0,0,0,0,0,0,0,0,0
0.358352,0.596558,0.453558,0,0,0,0,4.79729e-08,-1.51557e-07,-5.17761e-08,452,442,453,462,2035,2045,2046,2055,0,0,0,0,0,0,0,0,0,0,0,0,0,0,0,442,453,462,2035,2045,2046,2055,0,0,0,0,0,0,0,0,0,0,0,0,0,0,0,0.0376459,0.0483225,0.0445081,0.10776,0.10001,0.112149,0.110529,0,0,0,0,0,0,0,0,0,0,0,0,0,0,0,0.0380769,0.0478395,0.0449464,0.107758,0.1,0.112029,0.110675,0,0,0,0,0,0,0,0,0,0,0,0,0,0,0,1,1,1,1,1,1,1,0,0,0,0,0,0,0,0,0,0,0,0,0,0,0,1,1,1,1,1,1,1,0,0,0,0,0,0,0,0,0,0,0,0,0,0,0,1,0,0,0,0,0,0,0,0,0,0,0,0,0,0,0,0,0,0,0,0,0,0,7,0,0,0,0,0,0,0,0,0,0,0,0,0,0,0,0,0,0,0,0,0,0,0,0,0,0,0,0,0,0,0,0,0,0,0,0,0,0,0,0,0,0,0,0,0,0,0,0
0.343365,0.590745,0.499128,0,0,0,0,4.25263e-08,-1.40437e-07,-5.27264e-08,453,442,443,452,454,462,463,2035,2036,2045,2046,2047,2055,2056,0,0,0,0,0,0,0,0,0,442,443,452,454,462,463,2035,2036,2045,2046,2047,2055,2056,0,0,0,0,0,0,0,0,0,0.0447983,0.0373819,0.0483225,0.0479907,0.0381205,0.0452599,0.110715,0.107712,0.112108,0.10005,0.111995,0.108077,0.11091,0,0,0,0,0,0,0,0,0,0.0451776,0.0381344,0.0478395,0.0476542,0.0389876,0.0455438,0.110785,0.107782,0.112041,0.1,0.111941,0.108119,0.110947,0,0,0,0,0,0,0,0,0,1,1,1,1,1,1,1,1,1,1,1,1,1,0,0,0,0,0,0,0,0,0,1,1,1,1,1,1,1,1,1,1,1,1,1,0,0,0,0,0,0,0,0,0,1,0,0,0,0,0,0,0,0,0,0,0,0,0,0,0,0,0,0,0,0,0,0,13,0,0,0,0,0,0,0,0,0,0,0,0,0,0,0,0,0,0,0,0,0,0,0,0,0,0,0,0,0,0,0,0,0,0,0,0,0,0,0,0,0,0,0,0,0,0,0,0
0.327533,0.582922,0.543752,0,0,0,0,3.63783e-08,-1.29158e-07,-5.2941e-08,454,443,444,453,455,463,464,2036,2037,2046,2047,2048,2056,2057,0,0,0,0,0,0,0,0,0,443,444,453,455,463,464,2036,2037,2046,2047,2048,2056,2057,0,0,0,0,0,0,0,0,0,0.045357,0.0374803,0.0479907,0.0474997,0.0383407,0.0457004,0.110992,0.107733,0.112025,0.100041,0.111719,0.1081,0.111086,0,0,0,0,0,0,0,0,0,0.0456778,0.0381108,0.0476542,0.0471978,0.0390138,0.0459669,0.111014,0.107773,0.111952,0.1,0.111725,0.10813,0.111143,0,0,0,0,0,0,0,0,0,1,1,1,1,1,1,1,1,1,1,1,1,1,0,0,0,0,0,0,0,0,0,1,1,1,1,1,1,1,1,1,1,1,1,1,0,0,0,0,0,0,0,0,0,1,0,0,0,0,0,0,0,0,0,0,0,0,0,0,0,0,0,0,0,0,0,0,13,0,0,0,0,0,0,0,0,0,0,0,0,0,0,0,0,0,0,0,0,0,0,0,0,0,0,0,0,0,0,0,0,0,0,0,0,0,0,0,0,0,0,0,0,0,0,0,0
0.310556,0.573437,0.587088,0,0,0,0,3.08935e-08,-1.18466e-07,-5.26111e-08,455,444,445,454,456,464,465,2037,2038,2047,2048,2049,2057,2058,0,0,0,0,0,0,0,0,0,444,445,454,456,464,465,2037,2038,2047,2048,2049,2057,2058,0,0,0,0,0,0,0,0,0,0.0458271,0.0374753,0.0474997,0.0468696,0.038411,0.0460636,0.111176,0.107715,0.111795,0.100021,0.11138,0.108112,0.111225,0,0,0,0,0,0,0,0,0,0.0460259,0.0380234,0.0471978,0.0465408,0.0389678,0.0462476,0.111175,0.10774,0.111735,0.1,0.111417,0.108113,0.111273,0,0,0,0,0,0,0,0,0,1,1,1,1,1,1,1,1,1,1,1,1,1,0,0,0,0,0,0,0,0,0,1,1,1,1,1,1,1,1,1,1,1,1,1,0,0,0,0,0,0,0,0,0,1,0,0,0,0,0,0,0,0,0,0,0,0,0,0,0,0,0,0,0,0,0,0,13,0,0,0,0,0,0,0,0,0,0,0,0,0,0,0,0,0,0,0,0,0,0,0,0,0,0,0,0,0,0,0,0,0,0,0,0,0,0,0,0,0,0,0,0,0,0,0,0
0.292595,0.562436,0.628959,0,0,0,0,2.61798e-08,-1.08409e-07,-5.18304e-08,456,445,446,455,457,465,466,2038,2039,2048,2049,2050,2058,2059,0,0,0,0,0,0,0,0,0,445,446,455,457,465,466,2038,2039,2048,2049,2050,2058,2059,0,0,0,0,0,0,0,0,0,0.0461547,0.0373994,0.0468696,0.0460968,0.0383766,0.0463205,0.111297,0.107676,0.111467,0.100002,0.110985,0.108086,0.111321,0,0,0,0,0,0,0,0,0,0.0462478,0.0378804,0.0465408,0.0457276,0.0388582,0.0464093,0.111278,0.107685,0.111426,0.1,0.111041,0.108071,0.111349,0,0,0,0,0,0,0,0,0,1,1,1,1,1,1,1,1,1,1,1,1,1,0,0,0,0,0,0,0,0,0,1,1,1,1,1,1,1,1,1,1,1,1,1,0,0,0,0,0,0,0,0,0,1,0,0,0,0,0,0,0,0,0,0,0,0,0,0,0,0,0,0,0,0,0,0,13,0,0,0,0,0,0,0,0,0,0,0,0,0,0,0,0,0,0,0,0,0,0,0,0,0,0,0,0,0,0,0,0,0,0,0,0,0,0,0,0,0,0,0,0,0,0,0,0
0.273819,0.550101,0.66921,0,0,0,0,2.21594e-08,-9.89744e-08,-5.06588e-08,457,446,447,456,458,466,467,2039,2040,2049,2050,2051,2059,2060,0,0,0,0,0,0,0,0,0,446,447,456,458,466,467,2039,2040,2049,2050,2051,2059,2060,0,0,0,0,0,0,0,0,0,0.0463767,0.0372622,0.0460968,0.0452018,0.0382656,0.0464897,0.11137,0.107616,0.111067,0.0999816,0.110545,0.108028,0.111379,0,0,0,0,0,0,0,0,0,0.0463619,0.0376874,0.0457276,0.0447949,0.0386905,0.0464731,0.111332,0.10761,0.111049,0.1,0.110617,0.108005,0.111379,0,0,0,0,0,0,0,0,0,1,1,1,1,1,1,1,1,1,1,1,1,1,0,0,0,0,0,0,0,0,0,1,1,1,1,1,1,1,1,1,1,1,1,1,0,0,0,0,0,0,0,0,0,1,0,0,0,0,0,0,0,0,0,0,0,0,0,0,0,0,0,0,0,0,0,0,13,0,0,0,0,0,0,0,0,0,0,0,0,0,0,0,0,0,0,0,0,0,0,0,0,0,0,0,0,0,0,0,0,0,0,0,0,0,0,0,0,0,0,0,0,0,0,0,0
0.254405,0.536611,0.707737,0,0,0,0,1.87347e-08,-9.01287e-08,-4.91404e-08,458,447,448,457,459,467,468,2040,2041,2050,2051,2052,2060,2061,0,0,0,0,0,0,0,0,0,447,448,457,459,467,468,2040,2041,2050,2051,2052,2060,2061,0,0,0,0,0,0,0,0,0,0.0465227,0.0370666,0.0452018,0.0442151,0.0380875,0.0466006,0.111407,0.107536,0.110612,0.0999601,0.110081,0.107942,0.111415,0,0,0,0,0,0,0,0,0,0.0463867,0.0374491,0.0447949,0.043782,0.0384701,0.046464,0.111344,0.107519,0.110623,0.1,0.110164,0.107918,0.111376,0,0,0,0,0,0,0,0,0,1,1,1,1,1,1,1,1,1,1,1,1,1,0,0,0,0,0,0,0,0,0,1,1,1,1,1,1,1,1,1,1,1,1,1,0,0,0,0,0,0,0,0,0,1,0,0,0,0,0,0,0,0,0,0,0,0,0,0,0,0,0,0,0,0,0,0,13,0,0,0,0,0,0,0,0,0,0,0,0,0,0,0,0,0,0,0,0,0,0,0,0,0,0,0,0,0,0,0,0,0,0,0,0,0,0,0,0,0,0,0,0,0,0,0,0
0.234534,0.522133,0.744487,0,0,0,0,1.58147e-08,-8.18338e-08,-4.73091e-08,459,448,449,458,460,468,469,2041,2042,2051,2052,2053,2061,2062,0,0,0,0,0,0,0,0,0,448,449,458,460,468,469,2041,2042,2051,2052,2053,2061,2062,0,0,0,0,0,0,0,0,0,0.0466236,0.0368074,0.0442151,0.0431895,0.0378446,0.046691,0.111421,0.107438,0.110119,0.0999369,0.10962,0.107828,0.111443,0,0,0,0,0,0,0,0,0,0.0463462,0.0371683,0.043782,0.0427458,0.0382012,0.0464184,0.111326,0.107411,0.110169,0.1,0.109709,0.107813,0.111356,0,0,0,0,0,0,0,0,0,1,1,1,1,1,1,1,1,1,1,1,1,1,0,0,0,0,0,0,0,0,0,1,1,1,1,1,1,1,1,1,1,1,1,1,0,0,0,0,0,0,0,0,0,1,0,0,0,0,0,0,0,0,0,0,0,0,0,0,0,0,0,0,0,0,0,0,13,0,0,0,0,0,0,0,0,0,0,0,0,0,0,0,0,0,0,0,0,0,0,0,0,0,0,0,0,0,0,0,0,0,0,0,0,0,0,0,0,0,0,0,0,0,0,0,0
0.214364,0.506803,0.779465,0,0,0,0,1.33175e-08,-7.40448e-08,-4.51891e-08,460,449,450,459,461,469,470,2042,2043,2052,2053,2054,2062,2063,0,0,0,0,0,0,0,0,0,449,450,459,461,469,470,2042,2043,2052,2053,2054,2062,2063,0,0,0,0,0,0,0,0,0,0.0467115,0.0365013,0.0431895,0.0422205,0.037544,0.0468356,0.111427,0.107328,0.109615,0.09991,0.109214,0.107685,0.111497,0,0,0,0,0,0,0,0,0,0.0462789,0.0368443,0.0427458,0.0418033,0.0378863,0.0464005,0.111296,0.107287,0.109714,0.1,0.109303,0.10769,0.111348,0,0,0,0,0,0,0,0,0,1,1,1,1,1,1,1,1,1,1,1,1,1,0,0,0,0,0,0,0,0,0,1,1,1,1,1,1,1,1,1,1,1,1,1,0,0,0,0,0,0,0,0,0,1,0,0,0,0,0,0,0,0,0,0,0,0,0,0,0,0,0,0,0,0,0,0,13,0,0,0,0,0,0,0,0,0,0,0,0,0,0,0,0,0,0,0,0,0,0,0,0,0,0,0,0,0,0,0,0,0,0,0,0,0,0,0,0,0,0,0,0,0,0,0,0
0.194036,0.490678,0.812772,0,0,0,0,1.1161e-08,-6.66952e-08,-4.27783e-08,461,74,75,450,451,460,470,1667,1668,2043,2044,2053,2054,2063,0,0,0,0,0,0,0,0,0,74,75,450,451,460,470,1667,1668,2043,2044,2053,2054,2063,0,0,0,0,0,0,0,0,0,0.0416566,0.0471696,0.0468881,0.0360847,0.0422205,0.0371669,0.109027,0.11163,0.111471,0.107198,0.109141,0.0998822,0.107503,0,0,0,0,0,0,0,0,0,0.0413041,0.046551,0.0462629,0.0364667,0.0418033,0.0375235,0.109091,0.111419,0.111289,0.107144,0.109307,0.1,0.10755,0,0,0,0,0,0,0,0,0,1,1,1,1,1,1,1,1,1,1,1,1,1,0,0,0,0,0,0,0,0,0,1,1,1,1,1,1,1,1,1,1,1,1,1,0,0,0,0,0,0,0,0,0,1,0,0,0,0,0,0,0,0,0,0,0,0,0,0,0,0,0,0,0,0,0,0,13,0,0,0,0,0,0,0,0,0,0,0,0,0,0,0,0,0,0,0,0,0,0,0,0,0,0,0,0,0,0,0,0,0,0,0,0,0,0,0,0,0,0,0,0,0,0,0,0
0.37591,0.574367,0.487912,0,0,0,0,5.17829e-08,-1.33696e-07,-4.20944e-08,462,452,453,463,471,472,2045,2046,2055,2056,2064,2065,0,0,0,0,0,0,0,0,0,0,0,452,453,463,471,472,2045,2046,2055,2056,2064,2065,0,0,0,0,0,0,0,0,0,0,0,0.0445081,0.0381205,0.0485317,0.0390188,0.0447444,0.110708,0.108028,0.10014,0.112284,0.108398,0.110719,0,0,0,0,0,0,0,0,0,0,0,0.0449464,0.0389876,0.0484025,0.0397724,0.0452871,0.110678,0.10812,0.1,0.112299,0.108436,0.110829,0,0,0,0,0,0,0,0,0,0,0,1,1,1,1,1,1,1,1,1,1,1,0,0,0,0,0,0,0,0,0,0,0,1,1,1,1,1,1,1,1,1,1,1,0,0,0,0,0,0,0,0,0,0,0,1,0,0,0,0,0,0,0,0,0,0,0,0,0,0,0,0,0,0,0,0,0,0,11,0,0,0,0,0,0,0,0,0,0,0,0,0,0,0,0,0,0,0,0,0,0,0,0,0,0,0,0,0,0,0,0,0,0,0,0,0,0,0,0,0,0,0,0,0,0,0,0
0.360842,0.566972,0.533449,0,0,0,0,4.4678e-08,-1.22791e-07,-4.24896e-08,463,453,454,462,464,472,473,2046,2047,2055,2056,2057,2065,2066,0,0,0,0,0,0,0,0,0,453,454,462,464,472,473,2046,2047,2055,2056,2057,2065,2066,0,0,0,0,0,0,0,0,0,0.0452599,0.0383407,0.0485317,0.0483355,0.0392532,0.0454245,0.110925,0.108071,0.112425,0.100049,0.112125,0.108439,0.110976,0,0,0,0,0,0,0,0,0,0.0455438,0.0390138,0.0484025,0.0480637,0.0398523,0.045791,0.110951,0.108132,0.11231,0.1,0.112136,0.10847,0.11106,0,0,0,0,0,0,0,0,0,1,1,1,1,1,1,1,1,1,1,1,1,1,0,0,0,0,0,0,0,0,0,1,1,1,1,1,1,1,1,1,1,1,1,1,0,0,0,0,0,0,0,0,0,1,0,0,0,0,0,0,0,0,0,0,0,0,0,0,0,0,0,0,0,0,0,0,13,0,0,0,0,0,0,0,0,0,0,0,0,0,0,0,0,0,0,0,0,0,0,0,0,0,0,0,0,0,0,0,0,0,0,0,0,0,0,0,0,0,0,0,0,0,0,0,0
0.344429,0.557785,0.577974,0,0,0,0,3.82619e-08,-1.12331e-07,-4.25141e-08,464,454,455,463,465,473,474,2047,2048,2056,2057,2058,2066,2067,0,0,0,0,0,0,0,0,0,454,455,463,465,473,474,2047,2048,2056,2057,2058,2066,2067,0,0,0,0,0,0,0,0,0,0.0457004,0.038411,0.0483355,0.0478175,0.0393131,0.0458572,0.111133,0.108086,0.112215,0.100031,0.111839,0.108469,0.111154,0,0,0,0,0,0,0,0,0,0.0459669,0.0389678,0.0480637,0.0474923,0.0398556,0.0461346,0.111145,0.108115,0.112147,0.1,0.111864,0.108472,0.11122,0,0,0,0,0,0,0,0,0,1,1,1,1,1,1,1,1,1,1,1,1,1,0,0,0,0,0,0,0,0,0,1,1,1,1,1,1,1,1,1,1,1,1,1,0,0,0,0,0,0,0,0,0,1,0,0,0,0,0,0,0,0,0,0,0,0,0,0,0,0,0,0,0,0,0,0,13,0,0,0,0,0,0,0,0,0,0,0,0,0,0,0,0,0,0,0,0,0,0,0,0,0,0,0,0,0,0,0,0,0,0,0,0,0,0,0,0,0,0,0,0,0,0,0,0
0.326857,0.547025,0.621125,0,0,0,0,3.26962e-08,-1.02529e-07,-4.21566e-08,465,455,456,464,466,474,475,2048,2049,2057,2058,2059,2067,2068,0,0,0,0,0,0,0,0,0,455,456,464,466,474,475,2048,2049,2057,2058,2059,2067,2068,0,0,0,0,0,0,0,0,0,0.0460636,0.0383766,0.0478175,0.0471188,0.0393155,0.0461569,0.111276,0.10806,0.111924,0.10001,0.111471,0.108463,0.111272,0,0,0,0,0,0,0,0,0,0.0462476,0.0388582,0.0474923,0.0467444,0.0397895,0.0463475,0.111276,0.108072,0.111874,0.1,0.111513,0.108446,0.111319,0,0,0,0,0,0,0,0,0,1,1,1,1,1,1,1,1,1,1,1,1,1,0,0,0,0,0,0,0,0,0,1,1,1,1,1,1,1,1,1,1,1,1,1,0,0,0,0,0,0,0,0,0,1,0,0,0,0,0,0,0,0,0,0,0,0,0,0,0,0,0,0,0,0,0,0,13,0,0,0,0,0,0,0,0,0,0,0,0,0,0,0,0,0,0,0,0,0,0,0,0,0,0,0,0,0,0,0,0,0,0,0,0,0,0,0,0,0,0,0,0,0,0,0,0
0.308309,0.534861,0.662697,0,0,0,0,2.79098e-08,-9.33746e-08,-4.1445e-08,466,456,457,465,467,475,476,2049,2050,2058,2059,2060,2068,2069,0,0,0,0,0,0,0,0,0,456,457,465,467,475,476,2049,2050,2058,2059,2060,2068,2069,0,0,0,0,0,0,0,0,0,0.0463205,0.0382656,0.0471188,0.0462856,0.0392416,0.0463545,0.111368,0.108005,0.111553,0.0999904,0.111049,0.108423,0.111346,0,0,0,0,0,0,0,0,0,0.0464093,0.0386905,0.0467444,0.0458615,0.0396583,0.0464546,0.111352,0.108006,0.111521,0.1,0.111103,0.108394,0.11137,0,0,0,0,0,0,0,0,0,1,1,1,1,1,1,1,1,1,1,1,1,1,0,0,0,0,0,0,0,0,0,1,1,1,1,1,1,1,1,1,1,1,1,1,0,0,0,0,0,0,0,0,0,1,0,0,0,0,0,0,0,0,0,0,0,0,0,0,0,0,0,0,0,0,0,0,13,0,0,0,0,0,0,0,0,0,0,0,0,0,0,0,0,0,0,0,0,0,0,0,0,0,0,0,0,0,0,0,0,0,0,0,0,0,0,0,0,0,0,0,0,0,0,0,0
0.288969,0.521473,0.70256,0,0,0,0,2.37988e-08,-8.483e-08,-4.04124e-08,467,457,458,466,468,476,477,2050,2051,2059,2060,2061,2069,2070,0,0,0,0,0,0,0,0,0,457,458,466,468,476,477,2050,2051,2059,2060,2061,2069,2070,0,0,0,0,0,0,0,0,0,0.0464897,0.0380875,0.0462856,0.0453542,0.0390945,0.0464819,0.111417,0.107928,0.11112,0.0999699,0.110597,0.10835,0.111392,0,0,0,0,0,0,0,0,0,0.0464731,0.0384701,0.0458615,0.0448853,0.0394667,0.0464829,0.111382,0.107919,0.111111,0.1,0.110658,0.108317,0.111384,0,0,0,0,0,0,0,0,0,1,1,1,1,1,1,1,1,1,1,1,1,1,0,0,0,0,0,0,0,0,0,1,1,1,1,1,1,1,1,1,1,1,1,1,0,0,0,0,0,0,0,0,0,1,0,0,0,0,0,0,0,0,0,0,0,0,0,0,0,0,0,0,0,0,0,0,13,0,0,0,0,0,0,0,0,0,0,0,0,0,0,0,0,0,0,0,0,0,0,0,0,0,0,0,0,0,0,0,0,0,0,0,0,0,0,0,0,0,0,0,0,0,0,0,0
0.26902,0.507027,0.740643,0,0,0,0,2.02652e-08,-7.68501e-08,-3.90852e-08,468,458,459,467,469,477,478,2051,2052,2060,2061,2062,2070,2071,0,0,0,0,0,0,0,0,0,458,459,467,469,477,478,2051,2052,2060,2061,2062,2070,2071,0,0,0,0,0,0,0,0,0,0.0466006,0.0378446,0.0453542,0.0443754,0.0388786,0.0465791,0.111438,0.107829,0.110645,0.0999476,0.110141,0.108246,0.111425,0,0,0,0,0,0,0,0,0,0.046464,0.0382012,0.0448853,0.0438713,0.0392198,0.0464684,0.111379,0.107813,0.110664,0.1,0.110204,0.108219,0.111378,0,0,0,0,0,0,0,0,0,1,1,1,1,1,1,1,1,1,1,1,1,1,0,0,0,0,0,0,0,0,0,1,1,1,1,1,1,1,1,1,1,1,1,1,0,0,0,0,0,0,0,0,0,1,0,0,0,0,0,0,0,0,0,0,0,0,0,0,0,0,0,0,0,0,0,0,13,0,0,0,0,0,0,0,0,0,0,0,0,0,0,0,0,0,0,0,0,0,0,0,0,0,0,0,0,0,0,0,0,0,0,0,0,0,0,0,0,0,0,0,0,0,0,0,0
0.248628,0.491666,0.776939,0,0,0,0,1.72204e-08,-6.93831e-08,-3.74806e-08,469,459,460,468,470,478,479,2052,2053,2061,2062,2063,2071,2072,0,0,0,0,0,0,0,0,0,459,460,468,470,478,479,2052,2053,2061,2062,2063,2071,2072,0,0,0,0,0,0,0,0,0,0.046691,0.037544,0.0443754,0.0434405,0.0385995,0.0467093,0.111448,0.107716,0.110152,0.0999223,0.109727,0.108111,0.111474,0,0,0,0,0,0,0,0,0,0.0464184,0.0378863,0.0438713,0.0429233,0.038922,0.0464663,0.111358,0.10769,0.110209,0.1,0.109787,0.1081,0.111377,0,0,0,0,0,0,0,0,0,1,1,1,1,1,1,1,1,1,1,1,1,1,0,0,0,0,0,0,0,0,0,1,1,1,1,1,1,1,1,1,1,1,1,1,0,0,0,0,0,0,0,0,0,1,0,0,0,0,0,0,0,0,0,0,0,0,0,0,0,0,0,0,0,0,0,0,13,0,0,0,0,0,0,0,0,0,0,0,0,0,0,0,0,0,0,0,0,0,0,0,0,0,0,0,0,0,0,0,0,0,0,0,0,0,0,0,0,0,0,0,0,0,0,0,0
0.227927,0.475472,0.811527,0,0,0,0,1.45778e-08,-6.23621e-08,-3.55983e-08,470,75,76,460,461,469,479,1668,1669,2053,2054,2062,2063,2072,0,0,0,0,0,0,0,0,0,75,76,460,461,469,479,1668,1669,2053,2054,2062,2063,2072,0,0,0,0,0,0,0,0,0,0.0427789,0.0469816,0.0468356,0.0371669,0.0434405,0.0382541,0.109473,0.111578,0.111482,0.10759,0.109683,0.0998928,0.107938,0,0,0,0,0,0,0,0,0,0.0422847,0.0465775,0.0464005,0.0375235,0.0429233,0.0385751,0.10951,0.11143,0.111351,0.107549,0.109791,0.1,0.107963,0,0,0,0,0,0,0,0,0,1,1,1,1,1,1,1,1,1,1,1,1,1,0,0,0,0,0,0,0,0,0,1,1,1,1,1,1,1,1,1,1,1,1,1,0,0,0,0,0,0,0,0,0,1,0,0,0,0,0,0,0,0,0,0,0,0,0,0,0,0,0,0,0,0,0,0,13,0,0,0,0,0,0,0,0,0,0,0,0,0,0,0,0,0,0,0,0,0,0,0,0,0,0,0,0,0,0,0,0,0,0,0,0,0,0,0,0,0,0,0,0,0,0,0,0
0.407871,0.556892,0.473928,0,0,0,0,6.22268e-08,-1.26548e-07,-3.07123e-08,471,462,472,480,481,2055,2064,2065,2073,2074,0,0,0,0,0,0,0,0,0,0,0,0,0,462,472,480,481,2055,2064,2065,2073,2074,0,0,0,0,0,0,0,0,0,0,0,0,0,0.0390188,0.049417,0.0400512,0.0444798,0.108365,0.10005,0.112695,0.108648,0.110599,0,0,0,0,0,0,0,0,0,0,0,0,0,0.0397724,0.0490331,0.0404533,0.0448678,0.108438,0.1,0.112604,0.108715,0.110637,0,0,0,0,0,0,0,0,0,0,0,0,0,1,1,1,1,1,1,1,1,1,0,0,0,0,0,0,0,0,0,0,0,0,0,1,1,1,1,1,1,1,1,1,0,0,0,0,0,0,0,0,0,0,0,0,0,1,0,0,0,0,0,0,0,0,0,0,0,0,0,0,0,0,0,0,0,0,0,0,9,0,0,0,0,0,0,0,0,0,0,0,0,0,0,0,0,0,0,0,0,0,0,0,0,0,0,0,0,0,0,0,0,0,0,0,0,0,0,0,0,0,0,0,0,0,0,0,0
0.393707,0.549691,0.52072,0,0,0,0,5.42729e-08,-1.16315e-07,-3.12756e-08,472,462,463,471,473,481,482,2055,2056,2064,2065,2066,2074,2075,0,0,0,0,0,0,0,0,0,462,463,471,473,481,482,2055,2056,2064,2065,2066,2074,2075,0,0,0,0,0,0,0,0,0,0.0447444,0.0392532,0.049417,0.0491387,0.039948,0.0450296,0.110824,0.108443,0.112694,0.100051,0.112528,0.108699,0.110818,0,0,0,0,0,0,0,0,0,0.0452871,0.0398523,0.0490331,0.0488299,0.0405878,0.045471,0.110831,0.108472,0.112616,0.1,0.112505,0.108772,0.110912,0,0,0,0,0,0,0,0,0,1,1,1,1,1,1,1,1,1,1,1,1,1,0,0,0,0,0,0,0,0,0,1,1,1,1,1,1,1,1,1,1,1,1,1,0,0,0,0,0,0,0,0,0,1,0,0,0,0,0,0,0,0,0,0,0,0,0,0,0,0,0,0,0,0,0,0,13,0,0,0,0,0,0,0,0,0,0,0,0,0,0,0,0,0,0,0,0,0,0,0,0,0,0,0,0,0,0,0,0,0,0,0,0,0,0,0,0,0,0,0,0,0,0,0,0
0.377968,0.540839,0.566421,0,0,0,0,4.68733e-08,-1.06154e-07,-3.16065e-08,473,463,464,472,474,482,483,2056,2057,2065,2066,2067,2075,2076,0,0,0,0,0,0,0,0,0,463,464,472,474,482,483,2056,2057,2065,2066,2067,2075,2076,0,0,0,0,0,0,0,0,0,0.0454245,0.0393131,0.0491387,0.0486841,0.0401105,0.0455319,0.111038,0.108454,0.112584,0.100036,0.112268,0.108784,0.111027,0,0,0,0,0,0,0,0,0,0.045791,0.0398556,0.0488299,0.0483542,0.0406487,0.0458872,0.111062,0.108474,0.112517,0.1,0.112276,0.108799,0.111104,0,0,0,0,0,0,0,0,0,1,1,1,1,1,1,1,1,1,1,1,1,1,0,0,0,0,0,0,0,0,0,1,1,1,1,1,1,1,1,1,1,1,1,1,0,0,0,0,0,0,0,0,0,1,0,0,0,0,0,0,0,0,0,0,0,0,0,0,0,0,0,0,0,0,0,0,13,0,0,0,0,0,0,0,0,0,0,0,0,0,0,0,0,0,0,0,0,0,0,0,0,0,0,0,0,0,0,0,0,0,0,0,0,0,0,0,0,0,0,0,0,0,0,0,0
0.360933,0.530351,0.610805,0,0,0,0,4.03784e-08,-9.65965e-08,-3.16369e-08,474,464,465,473,475,483,484,2057,2058,2066,2067,2068,2076,2077,0,0,0,0,0,0,0,0,0,464,465,473,475,483,484,2057,2058,2066,2067,2068,2076,2077,0,0,0,0,0,0,0,0,0,0.0458572,0.0393155,0.0486841,0.0480506,0.0401712,0.0458765,0.111205,0.108439,0.11234,0.100017,0.111925,0.10881,0.111168,0,0,0,0,0,0,0,0,0,0.0461346,0.0397895,0.0483542,0.0476803,0.0406382,0.0461572,0.111221,0.108448,0.112287,0.1,0.111954,0.108795,0.11123,0,0,0,0,0,0,0,0,0,1,1,1,1,1,1,1,1,1,1,1,1,1,0,0,0,0,0,0,0,0,0,1,1,1,1,1,1,1,1,1,1,1,1,1,0,0,0,0,0,0,0,0,0,1,0,0,0,0,0,0,0,0,0,0,0,0,0,0,0,0,0,0,0,0,0,0,13,0,0,0,0,0,0,0,0,0,0,0,0,0,0,0,0,0,0,0,0,0,0,0,0,0,0,0,0,0,0,0,0,0,0,0,0,0,0,0,0,0,0,0,0,0,0,0,0
0.342764,0.518401,0.653653,0,0,0,0,3.4741e-08,-8.77112e-08,-3.13691e-08,475,465,466,474,476,484,485,2058,2059,2067,2068,2069,2077,2078,0,0,0,0,0,0,0,0,0,465,466,474,476,484,485,2058,2059,2067,2068,2069,2077,2078,0,0,0,0,0,0,0,0,0,0.0461569,0.0392416,0.0480506,0.0472768,0.0401507,0.0461069,0.111316,0.108396,0.112002,0.0999993,0.111524,0.108796,0.11126,0,0,0,0,0,0,0,0,0,0.0463475,0.0396583,0.0476803,0.0468561,0.0405565,0.0463128,0.111321,0.108396,0.111964,0.1,0.111565,0.108763,0.111302,0,0,0,0,0,0,0,0,0,1,1,1,1,1,1,1,1,1,1,1,1,1,0,0,0,0,0,0,0,0,0,1,1,1,1,1,1,1,1,1,1,1,1,1,0,0,0,0,0,0,0,0,0,1,0,0,0,0,0,0,0,0,0,0,0,0,0,0,0,0,0,0,0,0,0,0,13,0,0,0,0,0,0,0,0,0,0,0,0,0,0,0,0,0,0,0,0,0,0,0,0,0,0,0,0,0,0,0,0,0,0,0,0,0,0,0,0,0,0,0,0,0,0,0,0
0.323644,0.505162,0.694814,0,0,0,0,2.98567e-08,-7.9465e-08,-3.08203e-08,476,466,467,475,477,485,486,2059,2060,2068,2069,2070,2078,2079,0,0,0,0,0,0,0,0,0,466,467,475,477,485,486,2059,2060,2068,2069,2070,2078,2079,0,0,0,0,0,0,0,0,0,0.0463545,0.0390945,0.0472768,0.0463995,0.0400502,0.0462577,0.11138,0.108326,0.111594,0.0999803,0.111086,0.108744,0.111319,0,0,0,0,0,0,0,0,0,0.0464546,0.0394667,0.0468561,0.0459257,0.040407,0.0463845,0.111371,0.108319,0.111574,0.1,0.111133,0.108702,0.111337,0,0,0,0,0,0,0,0,0,1,1,1,1,1,1,1,1,1,1,1,1,1,0,0,0,0,0,0,0,0,0,1,1,1,1,1,1,1,1,1,1,1,1,1,0,0,0,0,0,0,0,0,0,1,0,0,0,0,0,0,0,0,0,0,0,0,0,0,0,0,0,0,0,0,0,0,13,0,0,0,0,0,0,0,0,0,0,0,0,0,0,0,0,0,0,0,0,0,0,0,0,0,0,0,0,0,0,0,0,0,0,0,0,0,0,0,0,0,0,0,0,0,0,0,0
0.303757,0.4908,0.734199,0,0,0,0,2.56229e-08,-7.18056e-08,-3.00069e-08,477,467,468,476,478,486,487,2060,2061,2069,2070,2071,2079,2080,0,0,0,0,0,0,0,0,0,467,468,476,478,486,487,2060,2061,2069,2070,2071,2079,2080,0,0,0,0,0,0,0,0,0,0.0464819,0.0388786,0.0463995,0.0454681,0.0398747,0.0463702,0.111411,0.108233,0.111139,0.0999597,0.110639,0.108657,0.111363,0,0,0,0,0,0,0,0,0,0.0464829,0.0392198,0.0459257,0.0449447,0.0401946,0.0464096,0.111385,0.10822,0.111141,0.1,0.110685,0.108615,0.111349,0,0,0,0,0,0,0,0,0,1,1,1,1,1,1,1,1,1,1,1,1,1,0,0,0,0,0,0,0,0,0,1,1,1,1,1,1,1,1,1,1,1,1,1,0,0,0,0,0,0,0,0,0,1,0,0,0,0,0,0,0,0,0,0,0,0,0,0,0,0,0,0,0,0,0,0,13,0,0,0,0,0,0,0,0,0,0,0,0,0,0,0,0,0,0,0,0,0,0,0,0,0,0,0,0,0,0,0,0,0,0,0,0,0,0,0,0,0,0,0,0,0,0,0,0
0.28328,0.475461,0.771785,0,0,0,0,2.19467e-08,-6.46738e-08,-2.89384e-08,478,468,469,477,479,487,488,2061,2062,2070,2071,2072,2080,2081,0,0,0,0,0,0,0,0,0,468,469,477,479,487,488,2061,2062,2070,2071,2072,2080,2081,0,0,0,0,0,0,0,0,0,0.0465791,0.0385995,0.0454681,0.0445682,0.0396308,0.046501,0.111428,0.108121,0.110662,0.0999365,0.110224,0.108536,0.111415,0,0,0,0,0,0,0,0,0,0.0464684,0.038922,0.0449447,0.0440076,0.0399245,0.0464383,0.111379,0.108101,0.110692,0.1,0.110264,0.108506,0.111363,0,0,0,0,0,0,0,0,0,1,1,1,1,1,1,1,1,1,1,1,1,1,0,0,0,0,0,0,0,0,0,1,1,1,1,1,1,1,1,1,1,1,1,1,0,0,0,0,0,0,0,0,0,1,0,0,0,0,0,0,0,0,0,0,0,0,0,0,0,0,0,0,0,0,0,0,13,0,0,0,0,0,0,0,0,0,0,0,0,0,0,0,0,0,0,0,0,0,0,0,0,0,0,0,0,0,0,0,0,0,0,0,0,0,0,0,0,0,0,0,0,0,0,0,0
0.262347,0.459239,0.807632,0,0,0,0,1.87381e-08,-5.79997e-08,-2.7612e-08,479,76,77,469,470,478,488,1669,1670,2062,2063,2071,2072,2081,0,0,0,0,0,0,0,0,0,76,77,469,470,478,488,1669,1670,2062,2063,2071,2072,2081,0,0,0,0,0,0,0,0,0,0.0438634,0.0467379,0.0467093,0.0382541,0.0445682,0.0393209,0.10993,0.111507,0.111459,0.107996,0.110203,0.0999088,0.108379,0,0,0,0,0,0,0,0,0,0.0432927,0.0465462,0.0464663,0.0385751,0.0440076,0.0396,0.109948,0.111414,0.111379,0.107963,0.11027,0.1,0.108374,0,0,0,0,0,0,0,0,0,1,1,1,1,1,1,1,1,1,1,1,1,1,0,0,0,0,0,0,0,0,0,1,1,1,1,1,1,1,1,1,1,1,1,1,0,0,0,0,0,0,0,0,0,1,0,0,0,0,0,0,0,0,0,0,0,0,0,0,0,0,0,0,0,0,0,0,13,0,0,0,0,0,0,0,0,0,0,0,0,0,0,0,0,0,0,0,0,0,0,0,0,0,0,0,0,0,0,0,0,0,0,0,0,0,0,0,0,0,0,0,0,0,0,0,0
0.439251,0.537851,0.457901,0,0,0,0,7.33138e-08,-1.19904e-07,-1.82128e-08,480,471,481,489,2064,2073,2074,2082,0,0,0,0,0,0,0,0,0,0,0,0,0,0,0,471,481,489,2064,2073,2074,2082,0,0,0,0,0,0,0,0,0,0,0,0,0,0,0,0.0400512,0.0499868,0.0438242,0.108695,0.100013,0.112955,0.110241,0,0,0,0,0,0,0,0,0,0,0,0,0,0,0,0.0404533,0.0495359,0.0442266,0.108717,0.1,0.112849,0.110348,0,0,0,0,0,0,0,0,0,0,0,0,0,0,0,1,1,1,1,1,1,1,0,0,0,0,0,0,0,0,0,0,0,0,0,0,0,1,1,1,1,1,1,1,0,0,0,0,0,0,0,0,0,0,0,0,0,0,0,1,0,0,0,0,0,0,0,0,0,0,0,0,0,0,0,0,0,0,0,0,0,0,7,0,0,0,0,0,0,0,0,0,0,0,0,0,0,0,0,0,0,0,0,0,0,0,0,0,0,0,0,0,0,0,0,0,0,0,0,0,0,0,0,0,0,0,0,0,0,0,0
0.425735,0.531238,0.505569,0,0,0,0,6.50157e-08,-1.0999e-07,-1.9332e-08,481,471,472,480,482,489,490,2064,2065,2073,2074,2075,2082,2083,0,0,0,0,0,0,0,0,0,471,472,480,482,489,490,2064,2065,2073,2074,2075,2082,2083,0,0,0,0,0,0,0,0,0,0.0444798,0.039948,0.0499868,0.049873,0.0405095,0.0445897,0.110565,0.108736,0.112902,0.100043,0.112902,0.108971,0.110643,0,0,0,0,0,0,0,0,0,0.0448678,0.0405878,0.0495359,0.0494888,0.0411706,0.0449758,0.110639,0.108774,0.112863,0.1,0.112826,0.109015,0.110686,0,0,0,0,0,0,0,0,0,1,1,1,1,1,1,1,1,1,1,1,1,1,0,0,0,0,0,0,0,0,0,1,1,1,1,1,1,1,1,1,1,1,1,1,0,0,0,0,0,0,0,0,0,1,0,0,0,0,0,0,0,0,0,0,0,0,0,0,0,0,0,0,0,0,0,0,13,0,0,0,0,0,0,0,0,0,0,0,0,0,0,0,0,0,0,0,0,0,0,0,0,0,0,0,0,0,0,0,0,0,0,0,0,0,0,0,0,0,0,0,0,0,0,0,0
0.41087,0.522681,0.5524,0,0,0,0,5.67625e-08,-1.00068e-07,-1.99887e-08,482,472,473,481,483,490,491,2065,2066,2074,2075,2076,2083,2084,0,0,0,0,0,0,0,0,0,472,473,481,483,490,491,2065,2066,2074,2075,2076,2083,2084,0,0,0,0,0,0,0,0,0,0.0450296,0.0401105,0.049873,0.0494575,0.0407355,0.0450843,0.11087,0.108785,0.112894,0.10004,0.11266,0.109048,0.110849,0,0,0,0,0,0,0,0,0,0.045471,0.0406487,0.0494888,0.049116,0.0413009,0.0454849,0.110914,0.108801,0.112839,0.1,0.112644,0.109071,0.110918,0,0,0,0,0,0,0,0,0,1,1,1,1,1,1,1,1,1,1,1,1,1,0,0,0,0,0,0,0,0,0,1,1,1,1,1,1,1,1,1,1,1,1,1,0,0,0,0,0,0,0,0,0,1,0,0,0,0,0,0,0,0,0,0,0,0,0,0,0,0,0,0,0,0,0,0,13,0,0,0,0,0,0,0,0,0,0,0,0,0,0,0,0,0,0,0,0,0,0,0,0,0,0,0,0,0,0,0,0,0,0,0,0,0,0,0,0,0,0,0,0,0,0,0,0
0.394538,0.512482,0.597956,0,0,0,0,4.93054e-08,-9.07296e-08,-2.03808e-08,483,473,474,482,484,491,492,2066,2067,2075,2076,2077,2084,2085,0,0,0,0,0,0,0,0,0,473,474,482,484,491,492,2066,2067,2075,2076,2077,2084,2085,0,0,0,0,0,0,0,0,0,0.0455319,0.0401712,0.0494575,0.0488837,0.040896,0.0454715,0.111073,0.108791,0.112708,0.100023,0.112341,0.109111,0.111007,0,0,0,0,0,0,0,0,0,0.0458872,0.0406382,0.049116,0.0485222,0.0413633,0.0458225,0.111105,0.108798,0.112656,0.1,0.112357,0.109099,0.111074,0,0,0,0,0,0,0,0,0,1,1,1,1,1,1,1,1,1,1,1,1,1,0,0,0,0,0,0,0,0,0,1,1,1,1,1,1,1,1,1,1,1,1,1,0,0,0,0,0,0,0,0,0,1,0,0,0,0,0,0,0,0,0,0,0,0,0,0,0,0,0,0,0,0,0,0,13,0,0,0,0,0,0,0,0,0,0,0,0,0,0,0,0,0,0,0,0,0,0,0,0,0,0,0,0,0,0,0,0,0,0,0,0,0,0,0,0,0,0,0,0,0,0,0,0
0.376912,0.500773,0.642022,0,0,0,0,4.27472e-08,-8.20871e-08,-2.05265e-08,484,474,475,483,485,492,493,2067,2068,2076,2077,2078,2085,2086,0,0,0,0,0,0,0,0,0,474,475,483,485,492,493,2067,2068,2076,2077,2078,2085,2086,0,0,0,0,0,0,0,0,0,0.0458765,0.0401507,0.0488837,0.0481682,0.0409527,0.0457397,0.111207,0.108768,0.112407,0.100007,0.111962,0.109129,0.111118,0,0,0,0,0,0,0,0,0,0.0461572,0.0405565,0.0485222,0.0477641,0.0413494,0.0460338,0.11123,0.108765,0.112368,0.1,0.111994,0.109094,0.111172,0,0,0,0,0,0,0,0,0,1,1,1,1,1,1,1,1,1,1,1,1,1,0,0,0,0,0,0,0,0,0,1,1,1,1,1,1,1,1,1,1,1,1,1,0,0,0,0,0,0,0,0,0,1,0,0,0,0,0,0,0,0,0,0,0,0,0,0,0,0,0,0,0,0,0,0,13,0,0,0,0,0,0,0,0,0,0,0,0,0,0,0,0,0,0,0,0,0,0,0,0,0,0,0,0,0,0,0,0,0,0,0,0,0,0,0,0,0,0,0,0,0,0,0,0
0.35817,0.487722,0.684432,0,0,0,0,3.70094e-08,-7.41205e-08,-2.04416e-08,485,475,476,484,486,493,494,2068,2069,2077,2078,2079,2086,2087,0,0,0,0,0,0,0,0,0,475,476,484,486,493,494,2068,2069,2077,2078,2079,2086,2087,0,0,0,0,0,0,0,0,0,0.0461069,0.0400502,0.0481682,0.047345,0.0409183,0.0459224,0.111289,0.108715,0.112029,0.0999904,0.111542,0.109106,0.111193,0,0,0,0,0,0,0,0,0,0.0463128,0.040407,0.0477641,0.0468888,0.0412594,0.0461565,0.111303,0.108704,0.112004,0.1,0.111581,0.109057,0.11123,0,0,0,0,0,0,0,0,0,1,1,1,1,1,1,1,1,1,1,1,1,1,0,0,0,0,0,0,0,0,0,1,1,1,1,1,1,1,1,1,1,1,1,1,0,0,0,0,0,0,0,0,0,1,0,0,0,0,0,0,0,0,0,0,0,0,0,0,0,0,0,0,0,0,0,0,13,0,0,0,0,0,0,0,0,0,0,0,0,0,0,0,0,0,0,0,0,0,0,0,0,0,0,0,0,0,0,0,0,0,0,0,0,0,0,0,0,0,0,0,0,0,0,0,0
0.338502,0.473491,0.725079,0,0,0,0,3.1992e-08,-6.67715e-08,-2.01341e-08,486,476,477,485,487,494,495,2069,2070,2078,2079,2080,2087,2088,0,0,0,0,0,0,0,0,0,476,477,485,487,494,495,2069,2070,2078,2079,2080,2087,2088,0,0,0,0,0,0,0,0,0,0.0462577,0.0398747,0.047345,0.0464623,0.0408005,0.0460623,0.111335,0.108634,0.111597,0.099972,0.111107,0.109045,0.111253,0,0,0,0,0,0,0,0,0,0.0463845,0.0401946,0.0468888,0.0459523,0.0410979,0.0462313,0.111337,0.108617,0.11159,0.1,0.111146,0.10899,0.111265,0,0,0,0,0,0,0,0,0,1,1,1,1,1,1,1,1,1,1,1,1,1,0,0,0,0,0,0,0,0,0,1,1,1,1,1,1,1,1,1,1,1,1,1,0,0,0,0,0,0,0,0,0,1,0,0,0,0,0,0,0,0,0,0,0,0,0,0,0,0,0,0,0,0,0,0,13,0,0,0,0,0,0,0,0,0,0,0,0,0,0,0,0,0,0,0,0,0,0,0,0,0,0,0,0,0,0,0,0,0,0,0,0,0,0,0,0,0,0,0,0,0,0,0,0
0.318088,0.458222,0.763923,0,0,0,0,2.76002e-08,-5.99728e-08,-1.96054e-08,487,477,478,486,488,495,496,2070,2071,2079,2080,2081,2088,2089,0,0,0,0,0,0,0,0,0,477,478,486,488,495,496,2070,2071,2079,2080,2081,2088,2089,0,0,0,0,0,0,0,0,0,0.0463702,0.0396308,0.0464623,0.045601,0.040607,0.0462124,0.111362,0.10853,0.111139,0.0999514,0.110699,0.108947,0.111318,0,0,0,0,0,0,0,0,0,0.0464096,0.0399245,0.0459523,0.0450434,0.0408703,0.0463067,0.111349,0.108507,0.111154,0.1,0.11073,0.108896,0.111301,0,0,0,0,0,0,0,0,0,1,1,1,1,1,1,1,1,1,1,1,1,1,0,0,0,0,0,0,0,0,0,1,1,1,1,1,1,1,1,1,1,1,1,1,0,0,0,0,0,0,0,0,0,1,0,0,0,0,0,0,0,0,0,0,0,0,0,0,0,0,0,0,0,0,0,0,13,0,0,0,0,0,0,0,0,0,0,0,0,0,0,0,0,0,0,0,0,0,0,0,0,0,0,0,0,0,0,0,0,0,0,0,0,0,0,0,0,0,0,0,0,0,0,0,0
0.29707,0.442019,0.801006,0,0,0,0,2.37424e-08,-5.36491e-08,-1.88479e-08,488,77,78,478,479,487,496,1670,1671,2071,2072,2080,2081,2089,0,0,0,0,0,0,0,0,0,77,78,478,479,487,496,1670,1671,2071,2072,2080,2081,2089,0,0,0,0,0,0,0,0,0,0.044884,0.046442,0.046501,0.0393209,0.045601,0.0403422,0.110382,0.111412,0.111398,0.10841,0.110693,0.0999267,0.10881,0,0,0,0,0,0,0,0,0,0.0442986,0.0464397,0.0464383,0.0396,0.0450434,0.04058,0.110395,0.111364,0.111363,0.108376,0.110737,0.1,0.108776,0,0,0,0,0,0,0,0,0,1,1,1,1,1,1,1,1,1,1,1,1,1,0,0,0,0,0,0,0,0,0,1,1,1,1,1,1,1,1,1,1,1,1,1,0,0,0,0,0,0,0,0,0,1,0,0,0,0,0,0,0,0,0,0,0,0,0,0,0,0,0,0,0,0,0,0,13,0,0,0,0,0,0,0,0,0,0,0,0,0,0,0,0,0,0,0,0,0,0,0,0,0,0,0,0,0,0,0,0,0,0,0,0,0,0,0,0,0,0,0,0,0,0,0,0
0.456674,0.51157,0.488336,0,0,0,0,7.70407e-08,-1.03909e-07,-6.95127e-09,489,480,481,490,497,498,2073,2074,2082,2083,2090,2091,0,0,0,0,0,0,0,0,0,0,0,480,481,490,497,498,2073,2074,2082,2083,2090,2091,0,0,0,0,0,0,0,0,0,0,0,0.0438242,0.0405095,0.0502792,0.0410517,0.043667,0.110363,0.10897,0.1001,0.113122,0.109096,0.110268,0,0,0,0,0,0,0,0,0,0,0,0.0442266,0.0411706,0.0500471,0.0414877,0.0442671,0.110349,0.109018,0.1,0.1131,0.109149,0.110366,0,0,0,0,0,0,0,0,0,0,0,1,1,1,1,1,1,1,1,1,1,1,0,0,0,0,0,0,0,0,0,0,0,1,1,1,1,1,1,1,1,1,1,1,0,0,0,0,0,0,0,0,0,0,0,1,0,0,0,0,0,0,0,0,0,0,0,0,0,0,0,0,0,0,0,0,0,0,11,0,0,0,0,0,0,0,0,0,0,0,0,0,0,0,0,0,0,0,0,0,0,0,0,0,0,0,0,0,0,0,0,0,0,0,0,0,0,0,0,0,0,0,0,0,0,0,0
0.442799,0.503442,0.535975,0,0,0,0,6.79499e-08,-9.42403e-08,-7.87712e-09,490,481,482,489,491,498,499,2074,2075,2082,2083,2084,2091,2092,0,0,0,0,0,0,0,0,0,481,482,489,491,498,499,2074,2075,2082,2083,2084,2091,2092,0,0,0,0,0,0,0,0,0,0.0445897,0.0407355,0.0502792,0.0500907,0.0412205,0.0444528,0.110632,0.109037,0.113196,0.100043,0.11298,0.10923,0.110583,0,0,0,0,0,0,0,0,0,0.0449758,0.0413009,0.0500471,0.049773,0.0417287,0.0449066,0.110687,0.109074,0.113114,0.1,0.112965,0.109252,0.110654,0,0,0,0,0,0,0,0,0,1,1,1,1,1,1,1,1,1,1,1,1,1,0,0,0,0,0,0,0,0,0,1,1,1,1,1,1,1,1,1,1,1,1,1,0,0,0,0,0,0,0,0,0,1,0,0,0,0,0,0,0,0,0,0,0,0,0,0,0,0,0,0,0,0,0,0,13,0,0,0,0,0,0,0,0,0,0,0,0,0,0,0,0,0,0,0,0,0,0,0,0,0,0,0,0,0,0,0,0,0,0,0,0,0,0,0,0,0,0,0,0,0,0,0,0
0.427352,0.493526,0.582581,0,0,0,0,5.95208e-08,-8.50614e-08,-8.55484e-09,491,482,483,490,492,499,500,2075,2076,2083,2084,2085,2092,2093,0,0,0,0,0,0,0,0,0,482,483,490,492,499,500,2075,2076,2083,2084,2085,2092,2093,0,0,0,0,0,0,0,0,0,0.0450843,0.040896,0.0500907,0.0496012,0.0414419,0.0449192,0.110876,0.109092,0.113029,0.10003,0.112706,0.109337,0.110778,0,0,0,0,0,0,0,0,0,0.0454849,0.0413633,0.049773,0.0492594,0.0419021,0.0453277,0.110919,0.109101,0.112978,0.1,0.112714,0.109327,0.110846,0,0,0,0,0,0,0,0,0,1,1,1,1,1,1,1,1,1,1,1,1,1,0,0,0,0,0,0,0,0,0,1,1,1,1,1,1,1,1,1,1,1,1,1,0,0,0,0,0,0,0,0,0,1,0,0,0,0,0,0,0,0,0,0,0,0,0,0,0,0,0,0,0,0,0,0,13,0,0,0,0,0,0,0,0,0,0,0,0,0,0,0,0,0,0,0,0,0,0,0,0,0,0,0,0,0,0,0,0,0,0,0,0,0,0,0,0,0,0,0,0,0,0,0,0
0.410447,0.48207,0.627783,0,0,0,0,5.19918e-08,-7.66178e-08,-9.05606e-09,492,483,484,491,493,500,501,2076,2077,2084,2085,2086,2093,2094,0,0,0,0,0,0,0,0,0,483,484,491,493,500,501,2076,2077,2084,2085,2086,2093,2094,0,0,0,0,0,0,0,0,0,0.0454715,0.0409527,0.0496012,0.0489498,0.0415991,0.0452404,0.111038,0.109102,0.112764,0.100015,0.112355,0.1094,0.110913,0,0,0,0,0,0,0,0,0,0.0458225,0.0413494,0.0492594,0.0485721,0.0419873,0.0456046,0.111074,0.109097,0.112726,0.1,0.112381,0.109364,0.110974,0,0,0,0,0,0,0,0,0,1,1,1,1,1,1,1,1,1,1,1,1,1,0,0,0,0,0,0,0,0,0,1,1,1,1,1,1,1,1,1,1,1,1,1,0,0,0,0,0,0,0,0,0,1,0,0,0,0,0,0,0,0,0,0,0,0,0,0,0,0,0,0,0,0,0,0,13,0,0,0,0,0,0,0,0,0,0,0,0,0,0,0,0,0,0,0,0,0,0,0,0,0,0,0,0,0,0,0,0,0,0,0,0,0,0,0,0,0,0,0,0,0,0,0,0
0.392259,0.469232,0.671378,0,0,0,0,4.53339e-08,-6.8896e-08,-9.39187e-09,493,484,485,492,494,501,502,2077,2078,2085,2086,2087,2094,2095,0,0,0,0,0,0,0,0,0,484,485,492,494,501,502,2077,2078,2085,2086,2087,2094,2095,0,0,0,0,0,0,0,0,0,0.0457397,0.0409183,0.0489498,0.0481839,0.0416568,0.0454681,0.111142,0.109075,0.112416,0.0999995,0.111957,0.109417,0.111011,0,0,0,0,0,0,0,0,0,0.0460338,0.0412594,0.0485721,0.0477598,0.0419837,0.0457881,0.111172,0.10906,0.112392,0.1,0.111992,0.109364,0.111059,0,0,0,0,0,0,0,0,0,1,1,1,1,1,1,1,1,1,1,1,1,1,0,0,0,0,0,0,0,0,0,1,1,1,1,1,1,1,1,1,1,1,1,1,0,0,0,0,0,0,0,0,0,1,0,0,0,0,0,0,0,0,0,0,0,0,0,0,0,0,0,0,0,0,0,0,13,0,0,0,0,0,0,0,0,0,0,0,0,0,0,0,0,0,0,0,0,0,0,0,0,0,0,0,0,0,0,0,0,0,0,0,0,0,0,0,0,0,0,0,0,0,0,0,0
0.372979,0.455166,0.713236,0,0,0,0,3.9458e-08,-6.18318e-08,-9.56145e-09,494,485,486,493,495,502,503,2078,2079,2086,2087,2088,2095,2096,0,0,0,0,0,0,0,0,0,485,486,493,495,502,503,2078,2079,2086,2087,2088,2095,2096,0,0,0,0,0,0,0,0,0,0.0459224,0.0408005,0.0481839,0.0473544,0.04162,0.0456523,0.111206,0.109016,0.11201,0.0999835,0.11154,0.109392,0.111093,0,0,0,0,0,0,0,0,0,0.0461565,0.0410979,0.0477598,0.0468796,0.041897,0.0459264,0.111229,0.108993,0.112002,0.1,0.111577,0.109328,0.111123,0,0,0,0,0,0,0,0,0,1,1,1,1,1,1,1,1,1,1,1,1,1,0,0,0,0,0,0,0,0,0,1,1,1,1,1,1,1,1,1,1,1,1,1,0,0,0,0,0,0,0,0,0,1,0,0,0,0,0,0,0,0,0,0,0,0,0,0,0,0,0,0,0,0,0,0,13,0,0,0,0,0,0,0,0,0,0,0,0,0,0,0,0,0,0,0,0,0,0,0,0,0,0,0,0,0,0,0,0,0,0,0,0,0,0,0,0,0,0,0,0,0,0,0,0
0.352791,0.440008,0.7533,0,0,0,0,3.42713e-08,-5.53483e-08,-9.55636e-09,495,486,487,494,496,503,504,2079,2080,2087,2088,2089,2096,2097,0,0,0,0,0,0,0,0,0,486,487,494,496,503,504,2079,2080,2087,2088,2089,2096,2097,0,0,0,0,0,0,0,0,0,0.0460623,0.040607,0.0473544,0.0465402,0.0414974,0.045847,0.11125,0.108928,0.111575,0.0999657,0.111145,0.109325,0.111183,0,0,0,0,0,0,0,0,0,0.0462313,0.0408703,0.0468796,0.0460175,0.0417336,0.0460694,0.111264,0.108899,0.111586,0.1,0.111176,0.109259,0.11119,0,0,0,0,0,0,0,0,0,1,1,1,1,1,1,1,1,1,1,1,1,1,0,0,0,0,0,0,0,0,0,1,1,1,1,1,1,1,1,1,1,1,1,1,0,0,0,0,0,0,0,0,0,1,0,0,0,0,0,0,0,0,0,0,0,0,0,0,0,0,0,0,0,0,0,0,13,0,0,0,0,0,0,0,0,0,0,0,0,0,0,0,0,0,0,0,0,0,0,0,0,0,0,0,0,0,0,0,0,0,0,0,0,0,0,0,0,0,0,0,0,0,0,0,0
0.331844,0.423862,0.791595,0,0,0,0,2.96827e-08,-4.93635e-08,-9.36254e-09,496,78,79,487,488,495,504,1671,1672,2080,2081,2088,2089,2097,0,0,0,0,0,0,0,0,0,78,79,487,488,495,504,1671,1672,2080,2081,2088,2089,2097,0,0,0,0,0,0,0,0,0,0.0458368,0.0461028,0.0462124,0.0403422,0.0465402,0.0412929,0.110823,0.111295,0.111298,0.10882,0.111149,0.0999448,0.109217,0,0,0,0,0,0,0,0,0,0.045282,0.0462567,0.0463067,0.04058,0.0460175,0.0414956,0.110839,0.111278,0.1113,0.108779,0.111184,0.1,0.109159,0,0,0,0,0,0,0,0,0,1,1,1,1,1,1,1,1,1,1,1,1,1,0,0,0,0,0,0,0,0,0,1,1,1,1,1,1,1,1,1,1,1,1,1,0,0,0,0,0,0,0,0,0,1,0,0,0,0,0,0,0,0,0,0,0,0,0,0,0,0,0,0,0,0,0,0,13,0,0,0,0,0,0,0,0,0,0,0,0,0,0,0,0,0,0,0,0,0,0,0,0,0,0,0,0,0,0,0,0,0,0,0,0,0,0,0,0,0,0,0,0,0,0,0,0
0.486244,0.491277,0.46836,0,0,0,0,9.00109e-08,-9.78083e-08,5.36152e-09,497,489,498,505,2082,2090,2091,2098,0,0,0,0,0,0,0,0,0,0,0,0,0,0,0,489,498,505,2082,2090,2091,2098,0,0,0,0,0,0,0,0,0,0,0,0,0,0,0,0.0410517,0.0510304,0.042931,0.109141,0.100005,0.113444,0.109854,0,0,0,0,0,0,0,0,0,0,0,0,0,0,0,0.0414877,0.0505379,0.0433502,0.109151,0.1,0.113344,0.109959,0,0,0,0,0,0,0,0,0,0,0,0,0,0,0,1,1,1,1,1,1,1,0,0,0,0,0,0,0,0,0,0,0,0,0,0,0,1,1,1,1,1,1,1,0,0,0,0,0,0,0,0,0,0,0,0,0,0,0,1,0,0,0,0,0,0,0,0,0,0,0,0,0,0,0,0,0,0,0,0,0,0,7,0,0,0,0,0,0,0,0,0,0,0,0,0,0,0,0,0,0,0,0,0,0,0,0,0,0,0,0,0,0,0,0,0,0,0,0,0,0,0,0,0,0,0,0,0,0,0,0
0.473436,0.483325,0.517112,0,0,0,0,8.04326e-08,-8.87797e-08,4.47792e-09,498,489,490,497,499,505,506,2082,2083,2090,2091,2092,2098,2099,0,0,0,0,0,0,0,0,0,489,490,497,499,505,506,2082,2083,2090,2091,2092,2098,2099,0,0,0,0,0,0,0,0,0,0.043667,0.0412205,0.0510304,0.0506601,0.0411024,0.0436746,0.110331,0.109232,0.113398,0.100044,0.113271,0.109212,0.110245,0,0,0,0,0,0,0,0,0,0.0442671,0.0417287,0.0505379,0.0503261,0.041718,0.0441494,0.110366,0.109255,0.113359,0.1,0.113239,0.109248,0.110313,0,0,0,0,0,0,0,0,0,1,1,1,1,1,1,1,1,1,1,1,1,1,0,0,0,0,0,0,0,0,0,1,1,1,1,1,1,1,1,1,1,1,1,1,0,0,0,0,0,0,0,0,0,1,0,0,0,0,0,0,0,0,0,0,0,0,0,0,0,0,0,0,0,0,0,0,13,0,0,0,0,0,0,0,0,0,0,0,0,0,0,0,0,0,0,0,0,0,0,0,0,0,0,0,0,0,0,0,0,0,0,0,0,0,0,0,0,0,0,0,0,0,0,0,0
0.459031,0.473662,0.56471,0,0,0,0,7.10241e-08,-7.97332e-08,3.62396e-09,499,490,491,498,500,506,507,2083,2084,2091,2092,2093,2099,2100,0,0,0,0,0,0,0,0,0,490,491,498,500,506,507,2083,2084,2091,2092,2093,2099,2100,0,0,0,0,0,0,0,0,0,0.0444528,0.0414419,0.0506601,0.0502076,0.041652,0.0442172,0.110608,0.109319,0.113293,0.100034,0.113017,0.10943,0.110479,0,0,0,0,0,0,0,0,0,0.0449066,0.0419021,0.0503261,0.0498815,0.0421249,0.0446613,0.110654,0.10933,0.113253,0.1,0.113019,0.109422,0.110544,0,0,0,0,0,0,0,0,0,1,1,1,1,1,1,1,1,1,1,1,1,1,0,0,0,0,0,0,0,0,0,1,1,1,1,1,1,1,1,1,1,1,1,1,0,0,0,0,0,0,0,0,0,1,0,0,0,0,0,0,0,0,0,0,0,0,0,0,0,0,0,0,0,0,0,0,13,0,0,0,0,0,0,0,0,0,0,0,0,0,0,0,0,0,0,0,0,0,0,0,0,0,0,0,0,0,0,0,0,0,0,0,0,0,0,0,0,0,0,0,0,0,0,0,0
0.443036,0.462438,0.610959,0,0,0,0,6.24957e-08,-7.14275e-08,2.85866e-09,500,491,492,499,501,507,508,2084,2085,2092,2093,2094,2100,2101,0,0,0,0,0,0,0,0,0,491,492,499,501,507,508,2084,2085,2092,2093,2094,2100,2101,0,0,0,0,0,0,0,0,0,0.0449192,0.0415991,0.0502076,0.0496132,0.0419954,0.0445955,0.110804,0.109374,0.113065,0.100021,0.112694,0.109568,0.110639,0,0,0,0,0,0,0,0,0,0.0453277,0.0419873,0.0498815,0.0492652,0.0423818,0.0450099,0.110845,0.109368,0.113032,0.1,0.112717,0.109533,0.110702,0,0,0,0,0,0,0,0,0,1,1,1,1,1,1,1,1,1,1,1,1,1,0,0,0,0,0,0,0,0,0,1,1,1,1,1,1,1,1,1,1,1,1,1,0,0,0,0,0,0,0,0,0,1,0,0,0,0,0,0,0,0,0,0,0,0,0,0,0,0,0,0,0,0,0,0,13,0,0,0,0,0,0,0,0,0,0,0,0,0,0,0,0,0,0,0,0,0,0,0,0,0,0,0,0,0,0,0,0,0,0,0,0,0,0,0,0,0,0,0,0,0,0,0,0
0.425591,0.449813,0.655656,0,0,0,0,5.48723e-08,-6.39001e-08,2.17309e-09,501,492,493,500,502,508,509,2085,2086,2093,2094,2095,2101,2102,0,0,0,0,0,0,0,0,0,492,493,500,502,508,509,2085,2086,2093,2094,2095,2101,2102,0,0,0,0,0,0,0,0,0,0.0452404,0.0416568,0.0496132,0.0489076,0.0421986,0.0448803,0.110934,0.109386,0.112749,0.100007,0.112323,0.109646,0.110764,0,0,0,0,0,0,0,0,0,0.0456046,0.0419837,0.0492652,0.0485228,0.0425152,0.0452644,0.110972,0.109367,0.112729,0.1,0.112358,0.109592,0.110818,0,0,0,0,0,0,0,0,0,1,1,1,1,1,1,1,1,1,1,1,1,1,0,0,0,0,0,0,0,0,0,1,1,1,1,1,1,1,1,1,1,1,1,1,0,0,0,0,0,0,0,0,0,1,0,0,0,0,0,0,0,0,0,0,0,0,0,0,0,0,0,0,0,0,0,0,13,0,0,0,0,0,0,0,0,0,0,0,0,0,0,0,0,0,0,0,0,0,0,0,0,0,0,0,0,0,0,0,0,0,0,0,0,0,0,0,0,0,0,0,0,0,0,0,0
0.406883,0.435926,0.698657,0,0,0,0,4.80793e-08,-5.70795e-08,1.58028e-09,502,493,494,501,503,509,510,2086,2087,2094,2095,2096,2102,2103,0,0,0,0,0,0,0,0,0,493,494,501,503,509,510,2086,2087,2094,2095,2096,2102,2103,0,0,0,0,0,0,0,0,0,0.0454681,0.04162,0.0489076,0.0481395,0.0422834,0.0451312,0.111021,0.10936,0.112373,0.0999935,0.111931,0.109674,0.11088,0,0,0,0,0,0,0,0,0,0.0457881,0.041897,0.0485228,0.0477115,0.0425437,0.045485,0.111057,0.109331,0.112369,0.1,0.11197,0.109605,0.11092,0,0,0,0,0,0,0,0,0,1,1,1,1,1,1,1,1,1,1,1,1,1,0,0,0,0,0,0,0,0,0,1,1,1,1,1,1,1,1,1,1,1,1,1,0,0,0,0,0,0,0,0,0,1,0,0,0,0,0,0,0,0,0,0,0,0,0,0,0,0,0,0,0,0,0,0,13,0,0,0,0,0,0,0,0,0,0,0,0,0,0,0,0,0,0,0,0,0,0,0,0,0,0,0,0,0,0,0,0,0,0,0,0,0,0,0,0,0,0,0,0,0,0,0,0
0.387102,0.420901,0.739892,0,0,0,0,4.20301e-08,-5.08784e-08,1.10102e-09,503,494,495,502,504,510,511,2087,2088,2095,2096,2097,2103,2104,0,0,0,0,0,0,0,0,0,494,495,502,504,510,511,2087,2088,2095,2096,2097,2103,2104,0,0,0,0,0,0,0,0,0,0.0456523,0.0414974,0.0481395,0.0473881,0.0422658,0.0454073,0.111089,0.109301,0.111967,0.0999786,0.111559,0.109654,0.11101,0,0,0,0,0,0,0,0,0,0.0459264,0.0417336,0.0477115,0.046918,0.0424797,0.0457281,0.111121,0.109263,0.11198,0.1,0.111595,0.109578,0.111032,0,0,0,0,0,0,0,0,0,1,1,1,1,1,1,1,1,1,1,1,1,1,0,0,0,0,0,0,0,0,0,1,1,1,1,1,1,1,1,1,1,1,1,1,0,0,0,0,0,0,0,0,0,1,0,0,0,0,0,0,0,0,0,0,0,0,0,0,0,0,0,0,0,0,0,0,13,0,0,0,0,0,0,0,0,0,0,0,0,0,0,0,0,0,0,0,0,0,0,0,0,0,0,0,0,0,0,0,0,0,0,0,0,0,0,0,0,0,0,0,0,0,0,0,0
0.366394,0.404836,0.779373,0,0,0,0,3.6636e-08,-4.52058e-08,7.57805e-10,504,79,80,495,496,503,511,1672,1673,2088,2089,2096,2097,2104,0,0,0,0,0,0,0,0,0,79,80,495,496,503,511,1672,1673,2088,2089,2096,2097,2104,0,0,0,0,0,0,0,0,0,0.0467299,0.045735,0.045847,0.0412929,0.0473881,0.0421481,0.111251,0.11116,0.111162,0.109213,0.111569,0.0999613,0.109586,0,0,0,0,0,0,0,0,0,0.0462311,0.0460102,0.0460694,0.0414956,0.046918,0.0423235,0.111275,0.111163,0.111188,0.109163,0.111604,0.1,0.109512,0,0,0,0,0,0,0,0,0,1,1,1,1,1,1,1,1,1,1,1,1,1,0,0,0,0,0,0,0,0,0,1,1,1,1,1,1,1,1,1,1,1,1,1,0,0,0,0,0,0,0,0,0,1,0,0,0,0,0,0,0,0,0,0,0,0,0,0,0,0,0,0,0,0,0,0,13,0,0,0,0,0,0,0,0,0,0,0,0,0,0,0,0,0,0,0,0,0,0,0,0,0,0,0,0,0,0,0,0,0,0,0,0,0,0,0,0,0,0,0,0,0,0,0,0
0.502168,0.462706,0.496166,0,0,0,0,9.38991e-08,-8.36632e-08,1.67358e-08,505,497,498,506,512,513,2090,2091,2098,2099,2105,2106,0,0,0,0,0,0,0,0,0,0,0,497,498,506,512,513,2090,2091,2098,2099,2105,2106,0,0,0,0,0,0,0,0,0,0,0,0.042931,0.0411024,0.0509742,0.0404023,0.0427724,0.109966,0.109217,0.100088,0.11345,0.108825,0.10988,0,0,0,0,0,0,0,0,0,0,0,0.0433502,0.041718,0.0507364,0.0408013,0.0433787,0.109959,0.10925,0.1,0.113443,0.108863,0.109972,0,0,0,0,0,0,0,0,0,0,0,1,1,1,1,1,1,1,1,1,1,1,0,0,0,0,0,0,0,0,0,0,0,1,1,1,1,1,1,1,1,1,1,1,0,0,0,0,0,0,0,0,0,0,0,1,0,0,0,0,0,0,0,0,0,0,0,0,0,0,0,0,0,0,0,0,0,0,11,0,0,0,0,0,0,0,0,0,0,0,0,0,0,0,0,0,0,0,0,0,0,0,0,0,0,0,0,0,0,0,0,0,0,0,0,0,0,0,0,0,0,0,0,0,0,0,0
0.489141,0.45316,0.544514,0,0,0,0,8.37187e-08,-7.48461e-08,1.5882e-08,506,498,499,505,507,513,514,2091,2092,2098,2099,2100,2106,2107,0,0,0,0,0,0,0,0,0,498,499,505,507,513,514,2091,2092,2098,2099,2100,2106,2107,0,0,0,0,0,0,0,0,0,0.0436746,0.041652,0.0509742,0.0506435,0.0413085,0.043379,0.110268,0.109405,0.113528,0.100041,0.113243,0.109259,0.110115,0,0,0,0,0,0,0,0,0,0.0441494,0.0421249,0.0507364,0.0503552,0.0417584,0.0438728,0.110313,0.109425,0.113458,0.1,0.113253,0.109266,0.11019,0,0,0,0,0,0,0,0,0,1,1,1,1,1,1,1,1,1,1,1,1,1,0,0,0,0,0,0,0,0,0,1,1,1,1,1,1,1,1,1,1,1,1,1,0,0,0,0,0,0,0,0,0,1,0,0,0,0,0,0,0,0,0,0,0,0,0,0,0,0,0,0,0,0,0,0,13,0,0,0,0,0,0,0,0,0,0,0,0,0,0,0,0,0,0,0,0,0,0,0,0,0,0,0,0,0,0,0,0,0,0,0,0,0,0,0,0,0,0,0,0,0,0,0,0
0.474292,0.442095,0.591651,0,0,0,0,7.42166e-08,-6.66365e-08,1.49835e-08,507,499,500,506,508,514,515,2092,2093,2099,2100,2101,2107,2108,0,0,0,0,0,0,0,0,0,499,500,506,508,514,515,2092,2093,2099,2100,2101,2107,2108,0,0,0,0,0,0,0,0,0,0.0442172,0.0419954,0.0506435,0.0501288,0.0419679,0.0437981,0.1105,0.109541,0.113301,0.100027,0.112962,0.109548,0.110294,0,0,0,0,0,0,0,0,0,0.0446613,0.0423818,0.0503552,0.0498151,0.042349,0.0442494,0.110542,0.109537,0.113267,0.1,0.112987,0.10952,0.110359,0,0,0,0,0,0,0,0,0,1,1,1,1,1,1,1,1,1,1,1,1,1,0,0,0,0,0,0,0,0,0,1,1,1,1,1,1,1,1,1,1,1,1,1,0,0,0,0,0,0,0,0,0,1,0,0,0,0,0,0,0,0,0,0,0,0,0,0,0,0,0,0,0,0,0,0,13,0,0,0,0,0,0,0,0,0,0,0,0,0,0,0,0,0,0,0,0,0,0,0,0,0,0,0,0,0,0,0,0,0,0,0,0,0,0,0,0,0,0,0,0,0,0,0,0
0.457809,0.429646,0.637326,0,0,0,0,6.56174e-08,-5.92443e-08,1.40538e-08,508,500,501,507,509,515,516,2093,2094,2100,2101,2102,2108,2109,0,0,0,0,0,0,0,0,0,500,501,507,509,515,516,2093,2094,2100,2101,2102,2108,2109,0,0,0,0,0,0,0,0,0,0.0445955,0.0421986,0.0501288,0.0494957,0.0424117,0.044136,0.110659,0.109617,0.113015,0.100014,0.112626,0.109733,0.110444,0,0,0,0,0,0,0,0,0,0.0450099,0.0425152,0.0498151,0.0491532,0.0427209,0.0445639,0.1107,0.109595,0.113,0.1,0.112663,0.109681,0.110501,0,0,0,0,0,0,0,0,0,1,1,1,1,1,1,1,1,1,1,1,1,1,0,0,0,0,0,0,0,0,0,1,1,1,1,1,1,1,1,1,1,1,1,1,0,0,0,0,0,0,0,0,0,1,0,0,0,0,0,0,0,0,0,0,0,0,0,0,0,0,0,0,0,0,0,0,13,0,0,0,0,0,0,0,0,0,0,0,0,0,0,0,0,0,0,0,0,0,0,0,0,0,0,0,0,0,0,0,0,0,0,0,0,0,0,0,0,0,0,0,0,0,0,0,0
0.439885,0.415924,0.681374,0,0,0,0,5.78765e-08,-5.26133e-08,1.31214e-08,509,501,502,508,510,516,517,2094,2095,2101,2102,2103,2109,2110,0,0,0,0,0,0,0,0,0,501,502,508,510,516,517,2094,2095,2101,2102,2103,2109,2110,0,0,0,0,0,0,0,0,0,0.0448803,0.0422834,0.0494957,0.0488051,0.0426937,0.0444752,0.110775,0.109643,0.112675,0.100002,0.11227,0.109847,0.110601,0,0,0,0,0,0,0,0,0,0.0452644,0.0425437,0.0491532,0.0484283,0.0429409,0.0448849,0.110816,0.109609,0.112675,0.1,0.112312,0.109777,0.110646,0,0,0,0,0,0,0,0,0,1,1,1,1,1,1,1,1,1,1,1,1,1,0,0,0,0,0,0,0,0,0,1,1,1,1,1,1,1,1,1,1,1,1,1,0,0,0,0,0,0,0,0,0,1,0,0,0,0,0,0,0,0,0,0,0,0,0,0,0,0,0,0,0,0,0,0,13,0,0,0,0,0,0,0,0,0,0,0,0,0,0,0,0,0,0,0,0,0,0,0,0,0,0,0,0,0,0,0,0,0,0,0,0,0,0,0,0,0,0,0,0,0,0,0,0
0.420711,0.401027,0.72371,0,0,0,0,5.09179e-08,-4.66471e-08,1.22243e-08,510,502,503,509,511,517,518,2095,2096,2102,2103,2104,2110,2111,0,0,0,0,0,0,0,0,0,502,503,509,511,517,518,2095,2096,2102,2103,2104,2110,2111,0,0,0,0,0,0,0,0,0,0.0451312,0.0422658,0.0488051,0.0481453,0.0428466,0.0448898,0.110876,0.109628,0.112306,0.0999895,0.111938,0.109902,0.110796,0,0,0,0,0,0,0,0,0,0.045485,0.0424797,0.0484283,0.0477345,0.0430427,0.0452811,0.110917,0.109582,0.112323,0.1,0.111981,0.109822,0.110827,0,0,0,0,0,0,0,0,0,1,1,1,1,1,1,1,1,1,1,1,1,1,0,0,0,0,0,0,0,0,0,1,1,1,1,1,1,1,1,1,1,1,1,1,0,0,0,0,0,0,0,0,0,1,0,0,0,0,0,0,0,0,0,0,0,0,0,0,0,0,0,0,0,0,0,0,13,0,0,0,0,0,0,0,0,0,0,0,0,0,0,0,0,0,0,0,0,0,0,0,0,0,0,0,0,0,0,0,0,0,0,0,0,0,0,0,0,0,0,0,0,0,0,0,0
0.400432,0.385036,0.764343,0,0,0,0,4.46582e-08,-4.12448e-08,1.13967e-08,511,80,81,503,504,510,518,1673,1674,2096,2097,2103,2104,2111,0,0,0,0,0,0,0,0,0,80,81,503,504,510,518,1673,1674,2096,2097,2103,2104,2111,0,0,0,0,0,0,0,0,0,0.0475799,0.0453665,0.0454073,0.0421481,0.0481453,0.042871,0.111667,0.11102,0.11099,0.109575,0.111951,0.0999756,0.109897,0,0,0,0,0,0,0,0,0,0.0471467,0.0457308,0.0457281,0.0423235,0.0477345,0.0430257,0.111703,0.111033,0.111029,0.109516,0.111991,0.1,0.109816,0,0,0,0,0,0,0,0,0,1,1,1,1,1,1,1,1,1,1,1,1,1,0,0,0,0,0,0,0,0,0,1,1,1,1,1,1,1,1,1,1,1,1,1,0,0,0,0,0,0,0,0,0,1,0,0,0,0,0,0,0,0,0,0,0,0,0,0,0,0,0,0,0,0,0,0,13,0,0,0,0,0,0,0,0,0,0,0,0,0,0,0,0,0,0,0,0,0,0,0,0,0,0,0,0,0,0,0,0,0,0,0,0,0,0,0,0,0,0,0,0,0,0,0,0
0.528568,0.442179,0.473494,0,0,0,0,1.07937e-07,-7.84094e-08,2.81973e-08,512,505,513,519,2098,2105,2106,2112,0,0,0,0,0,0,0,0,0,0,0,0,0,0,0,505,513,519,2098,2105,2106,2112,0,0,0,0,0,0,0,0,0,0,0,0,0,0,0,0.0404023,0.0511294,0.0428002,0.108855,0.100007,0.113488,0.109798,0,0,0,0,0,0,0,0,0,0,0,0,0,0,0,0.0408013,0.0506598,0.0431883,0.108865,0.1,0.113405,0.109887,0,0,0,0,0,0,0,0,0,0,0,0,0,0,0,1,1,1,1,1,1,1,0,0,0,0,0,0,0,0,0,0,0,0,0,0,0,1,1,1,1,1,1,1,0,0,0,0,0,0,0,0,0,0,0,0,0,0,0,1,0,0,0,0,0,0,0,0,0,0,0,0,0,0,0,0,0,0,0,0,0,0,7,0,0,0,0,0,0,0,0,0,0,0,0,0,0,0,0,0,0,0,0,0,0,0,0,0,0,0,0,0,0,0,0,0,0,0,0,0,0,0,0,0,0,0,0,0,0,0,0
0.517164,0.432407,0.522368,0,0,0,0,9.73541e-08,-7.04077e-08,2.78056e-08,513,505,506,512,514,519,520,2098,2099,2105,2106,2107,2112,2113,0,0,0,0,0,0,0,0,0,505,506,512,514,519,520,2098,2099,2105,2106,2107,2112,2113,0,0,0,0,0,0,0,0,0,0.0427724,0.0413085,0.0511294,0.0508299,0.0402196,0.0427783,0.109942,0.109261,0.113442,0.100038,0.11335,0.108831,0.109853,0,0,0,0,0,0,0,0,0,0.0433787,0.0417584,0.0506598,0.050517,0.0407753,0.0432472,0.109971,0.109269,0.11342,0.1,0.113334,0.108853,0.109914,0,0,0,0,0,0,0,0,0,1,1,1,1,1,1,1,1,1,1,1,1,1,0,0,0,0,0,0,0,0,0,1,1,1,1,1,1,1,1,1,1,1,1,1,0,0,0,0,0,0,0,0,0,1,0,0,0,0,0,0,0,0,0,0,0,0,0,0,0,0,0,0,0,0,0,0,13,0,0,0,0,0,0,0,0,0,0,0,0,0,0,0,0,0,0,0,0,0,0,0,0,0,0,0,0,0,0,0,0,0,0,0,0,0,0,0,0,0,0,0,0,0,0,0,0
0.503753,0.421349,0.570134,0,0,0,0,8.70059e-08,-6.23336e-08,2.70135e-08,514,506,507,513,515,520,521,2099,2100,2106,2107,2108,2113,2114,0,0,0,0,0,0,0,0,0,506,507,513,515,520,521,2099,2100,2106,2107,2108,2113,2114,0,0,0,0,0,0,0,0,0,0.043379,0.0419679,0.0508299,0.0504167,0.0412993,0.0429576,0.110151,0.109529,0.113371,0.10003,0.113119,0.109263,0.109931,0,0,0,0,0,0,0,0,0,0.0438728,0.042349,0.050517,0.0501252,0.0417036,0.0434207,0.110189,0.109523,0.113348,0.1,0.11314,0.109244,0.109991,0,0,0,0,0,0,0,0,0,1,1,1,1,1,1,1,1,1,1,1,1,1,0,0,0,0,0,0,0,0,0,1,1,1,1,1,1,1,1,1,1,1,1,1,0,0,0,0,0,0,0,0,0,1,0,0,0,0,0,0,0,0,0,0,0,0,0,0,0,0,0,0,0,0,0,0,13,0,0,0,0,0,0,0,0,0,0,0,0,0,0,0,0,0,0,0,0,0,0,0,0,0,0,0,0,0,0,0,0,0,0,0,0,0,0,0,0,0,0,0,0,0,0,0,0
0.488493,0.408996,0.616571,0,0,0,0,7.74833e-08,-5.50323e-08,2.59956e-08,515,507,508,514,516,521,522,2100,2101,2107,2108,2109,2114,2115,0,0,0,0,0,0,0,0,0,507,508,514,516,521,522,2100,2101,2107,2108,2109,2114,2115,0,0,0,0,0,0,0,0,0,0.0437981,0.0424117,0.0504167,0.0498879,0.0420833,0.0432227,0.110318,0.109707,0.113164,0.100019,0.112836,0.109586,0.110048,0,0,0,0,0,0,0,0,0,0.0442494,0.0427209,0.0501252,0.0495842,0.0423939,0.0436726,0.110357,0.109684,0.113153,0.1,0.112873,0.10954,0.110103,0,0,0,0,0,0,0,0,0,1,1,1,1,1,1,1,1,1,1,1,1,1,0,0,0,0,0,0,0,0,0,1,1,1,1,1,1,1,1,1,1,1,1,1,0,0,0,0,0,0,0,0,0,1,0,0,0,0,0,0,0,0,0,0,0,0,0,0,0,0,0,0,0,0,0,0,13,0,0,0,0,0,0,0,0,0,0,0,0,0,0,0,0,0,0,0,0,0,0,0,0,0,0,0,0,0,0,0,0,0,0,0,0,0,0,0,0,0,0,0,0,0,0,0,0
0.4716,0.395388,0.661496,0,0,0,0,6.88113e-08,-4.85329e-08,2.48454e-08,516,508,509,515,517,522,523,2101,2102,2108,2109,2110,2115,2116,0,0,0,0,0,0,0,0,0,508,509,515,517,522,523,2101,2102,2108,2109,2110,2115,2116,0,0,0,0,0,0,0,0,0,0.044136,0.0426937,0.0498879,0.0493095,0.0426687,0.043621,0.110458,0.109818,0.112881,0.100009,0.112534,0.109829,0.11023,0,0,0,0,0,0,0,0,0,0.0445639,0.0429409,0.0495842,0.0489833,0.0429082,0.0440632,0.110498,0.109781,0.112886,0.1,0.112581,0.109763,0.110277,0,0,0,0,0,0,0,0,0,1,1,1,1,1,1,1,1,1,1,1,1,1,0,0,0,0,0,0,0,0,0,1,1,1,1,1,1,1,1,1,1,1,1,1,0,0,0,0,0,0,0,0,0,1,0,0,0,0,0,0,0,0,0,0,0,0,0,0,0,0,0,0,0,0,0,0,13,0,0,0,0,0,0,0,0,0,0,0,0,0,0,0,0,0,0,0,0,0,0,0,0,0,0,0,0,0,0,0,0,0,0,0,0,0,0,0,0,0,0,0,0,0,0,0,0
0.453274,0.380576,0.704811,0,0,0,0,6.09344e-08,-4.27426e-08,2.3631e-08,517,509,510,516,518,523,524,2102,2103,2109,2110,2111,2116,2117,0,0,0,0,0,0,0,0,0,509,510,516,518,523,524,2102,2103,2109,2110,2111,2116,2117,0,0,0,0,0,0,0,0,0,0.0444752,0.0428466,0.0493095,0.0487991,0.0431181,0.0442643,0.110601,0.109877,0.112569,0.0999984,0.112272,0.110013,0.110528,0,0,0,0,0,0,0,0,0,0.0448849,0.0430427,0.0489833,0.0484476,0.0432995,0.0447012,0.110643,0.109827,0.112592,0.1,0.112322,0.109935,0.110563,0,0,0,0,0,0,0,0,0,1,1,1,1,1,1,1,1,1,1,1,1,1,0,0,0,0,0,0,0,0,0,1,1,1,1,1,1,1,1,1,1,1,1,1,0,0,0,0,0,0,0,0,0,1,0,0,0,0,0,0,0,0,0,0,0,0,0,0,0,0,0,0,0,0,0,0,13,0,0,0,0,0,0,0,0,0,0,0,0,0,0,0,0,0,0,0,0,0,0,0,0,0,0,0,0,0,0,0,0,0,0,0,0,0,0,0,0,0,0,0,0,0,0,0,0
0.433649,0.364604,0.746537,0,0,0,0,5.37764e-08,-3.7553e-08,2.24049e-08,518,81,82,510,511,517,524,1674,1675,2103,2104,2110,2111,2117,0,0,0,0,0,0,0,0,0,81,82,510,511,517,524,1674,1675,2103,2104,2110,2111,2117,0,0,0,0,0,0,0,0,0,0.0484132,0.0450571,0.0448898,0.042871,0.0487991,0.0434196,0.112083,0.110899,0.110781,0.109886,0.112287,0.0999874,0.11013,0,0,0,0,0,0,0,0,0,0.0480448,0.0454826,0.0452811,0.0430257,0.0484476,0.0435573,0.112129,0.110918,0.110823,0.10982,0.112333,0.1,0.110049,0,0,0,0,0,0,0,0,0,1,1,1,1,1,1,1,1,1,1,1,1,1,0,0,0,0,0,0,0,0,0,1,1,1,1,1,1,1,1,1,1,1,1,1,0,0,0,0,0,0,0,0,0,1,0,0,0,0,0,0,0,0,0,0,0,0,0,0,0,0,0,0,0,0,0,0,13,0,0,0,0,0,0,0,0,0,0,0,0,0,0,0,0,0,0,0,0,0,0,0,0,0,0,0,0,0,0,0,0,0,0,0,0,0,0,0,0,0,0,0,0,0,0,0,0
0.542726,0.411329,0.499566,0,0,0,0,1.1142e-07,-6.6156e-08,3.93842e-08,519,512,513,520,525,526,2105,2106,2112,2113,2118,2119,0,0,0,0,0,0,0,0,0,0,0,512,513,520,525,526,2105,2106,2112,2113,2118,2119,0,0,0,0,0,0,0,0,0,0,0,0.0428002,0.0402196,0.0502486,0.0402289,0.0425863,0.109894,0.10883,0.100068,0.113085,0.108751,0.10979,0,0,0,0,0,0,0,0,0,0,0,0.0431883,0.0407753,0.0500287,0.0405921,0.0431303,0.109886,0.108855,0.1,0.113092,0.108777,0.109862,0,0,0,0,0,0,0,0,0,0,0,1,1,1,1,1,1,1,1,1,1,1,0,0,0,0,0,0,0,0,0,0,0,1,1,1,1,1,1,1,1,1,1,1,0,0,0,0,0,0,0,0,0,0,0,1,0,0,0,0,0,0,0,0,0,0,0,0,0,0,0,0,0,0,0,0,0,0,11,0,0,0,0,0,0,0,0,0,0,0,0,0,0,0,0,0,0,0,0,0,0,0,0,0,0,0,0,0,0,0,0,0,0,0,0,0,0,0,0,0,0,0,0,0,0,0,0
0.530949,0.400399,0.547176,0,0,0,0,1.00559e-07,-5.84784e-08,3.86835e-08,520,513,514,519,521,526,527,2106,2107,2112,2113,2114,2119,2120,0,0,0,0,0,0,0,0,0,513,514,519,521,526,527,2106,2107,2112,2113,2114,2119,2120,0,0,0,0,0,0,0,0,0,0.0427783,0.0412993,0.0502486,0.0502104,0.0406476,0.0424492,0.109875,0.109244,0.113155,0.100034,0.113034,0.108959,0.10971,0,0,0,0,0,0,0,0,0,0.0432472,0.0417036,0.0500287,0.0499512,0.0410324,0.0429197,0.109912,0.109247,0.113107,0.1,0.113054,0.108961,0.109771,0,0,0,0,0,0,0,0,0,1,1,1,1,1,1,1,1,1,1,1,1,1,0,0,0,0,0,0,0,0,0,1,1,1,1,1,1,1,1,1,1,1,1,1,0,0,0,0,0,0,0,0,0,1,0,0,0,0,0,0,0,0,0,0,0,0,0,0,0,0,0,0,0,0,0,0,13,0,0,0,0,0,0,0,0,0,0,0,0,0,0,0,0,0,0,0,0,0,0,0,0,0,0,0,0,0,0,0,0,0,0,0,0,0,0,0,0,0,0,0,0,0,0,0,0
0.517152,0.38815,0.593874,0,0,0,0,9.02587e-08,-5.13165e-08,3.77048e-08,521,514,515,520,522,527,528,2107,2108,2113,2114,2115,2120,2121,0,0,0,0,0,0,0,0,0,514,515,520,522,527,528,2107,2108,2113,2114,2115,2120,2121,0,0,0,0,0,0,0,0,0,0.0429576,0.0420833,0.0502104,0.0498979,0.0412697,0.0423366,0.109953,0.109564,0.113079,0.100023,0.11286,0.109224,0.109667,0,0,0,0,0,0,0,0,0,0.0434207,0.0423939,0.0499512,0.0496292,0.0415815,0.0427919,0.109989,0.109543,0.113068,0.1,0.112896,0.109194,0.109716,0,0,0,0,0,0,0,0,0,1,1,1,1,1,1,1,1,1,1,1,1,1,0,0,0,0,0,0,0,0,0,1,1,1,1,1,1,1,1,1,1,1,1,1,0,0,0,0,0,0,0,0,0,1,0,0,0,0,0,0,0,0,0,0,0,0,0,0,0,0,0,0,0,0,0,0,13,0,0,0,0,0,0,0,0,0,0,0,0,0,0,0,0,0,0,0,0,0,0,0,0,0,0,0,0,0,0,0,0,0,0,0,0,0,0,0,0,0,0,0,0,0,0,0,0
0.501562,0.374638,0.639307,0,0,0,0,8.07482e-08,-4.49236e-08,3.64788e-08,522,515,516,521,523,528,529,2108,2109,2114,2115,2116,2121,2122,0,0,0,0,0,0,0,0,0,515,516,521,523,528,529,2108,2109,2114,2115,2116,2121,2122,0,0,0,0,0,0,0,0,0,0.0432227,0.0426687,0.0498979,0.0495083,0.0419386,0.0424956,0.110064,0.109804,0.112899,0.100014,0.112651,0.109505,0.109742,0,0,0,0,0,0,0,0,0,0.0436726,0.0429082,0.0496292,0.0492295,0.0421774,0.0429473,0.1101,0.109767,0.112909,0.1,0.1127,0.109448,0.109785,0,0,0,0,0,0,0,0,0,1,1,1,1,1,1,1,1,1,1,1,1,1,0,0,0,0,0,0,0,0,0,1,1,1,1,1,1,1,1,1,1,1,1,1,0,0,0,0,0,0,0,0,0,1,0,0,0,0,0,0,0,0,0,0,0,0,0,0,0,0,0,0,0,0,0,0,13,0,0,0,0,0,0,0,0,0,0,0,0,0,0,0,0,0,0,0,0,0,0,0,0,0,0,0,0,0,0,0,0,0,0,0,0,0,0,0,0,0,0,0,0,0,0,0,0
0.484388,0.359853,0.683325,0,0,0,0,7.20149e-08,-3.92578e-08,3.5086e-08,523,516,517,522,524,529,530,2109,2110,2115,2116,2117,2122,2123,0,0,0,0,0,0,0,0,0,516,517,522,524,529,530,2109,2110,2115,2116,2117,2122,2123,0,0,0,0,0,0,0,0,0,0.043621,0.0431181,0.0495083,0.0492772,0.0427055,0.0433643,0.110236,0.109992,0.112684,0.100005,0.112525,0.109821,0.110136,0,0,0,0,0,0,0,0,0,0.0440632,0.0432995,0.0492295,0.0489828,0.0428748,0.043823,0.110273,0.109939,0.112713,0.1,0.11258,0.10975,0.11017,0,0,0,0,0,0,0,0,0,1,1,1,1,1,1,1,1,1,1,1,1,1,0,0,0,0,0,0,0,0,0,1,1,1,1,1,1,1,1,1,1,1,1,1,0,0,0,0,0,0,0,0,0,1,0,0,0,0,0,0,0,0,0,0,0,0,0,0,0,0,0,0,0,0,0,0,13,0,0,0,0,0,0,0,0,0,0,0,0,0,0,0,0,0,0,0,0,0,0,0,0,0,0,0,0,0,0,0,0,0,0,0,0,0,0,0,0,0,0,0,0,0,0,0,0
0.465728,0.343762,0.725999,0,0,0,0,6.39833e-08,-3.42076e-08,3.35986e-08,524,82,83,517,518,523,530,1675,1676,2110,2111,2116,2117,2123,0,0,0,0,0,0,0,0,0,82,83,517,518,523,530,1675,1676,2110,2111,2116,2117,2123,0,0,0,0,0,0,0,0,0,0.0492999,0.0449432,0.0442643,0.0434196,0.0492772,0.0435937,0.112528,0.11086,0.11052,0.110123,0.112541,0.0999967,0.110197,0,0,0,0,0,0,0,0,0,0.0489905,0.0454057,0.0447012,0.0435573,0.0489828,0.0437157,0.112584,0.110882,0.110559,0.110053,0.112592,0.1,0.110119,0,0,0,0,0,0,0,0,0,1,1,1,1,1,1,1,1,1,1,1,1,1,0,0,0,0,0,0,0,0,0,1,1,1,1,1,1,1,1,1,1,1,1,1,0,0,0,0,0,0,0,0,0,1,0,0,0,0,0,0,0,0,0,0,0,0,0,0,0,0,0,0,0,0,0,0,13,0,0,0,0,0,0,0,0,0,0,0,0,0,0,0,0,0,0,0,0,0,0,0,0,0,0,0,0,0,0,0,0,0,0,0,0,0,0,0,0,0,0,0,0,0,0,0,0
0.566683,0.389176,0.476037,0,0,0,0,1.26286e-07,-6.12547e-08,5.02939e-08,525,519,526,531,2112,2118,2119,2124,0,0,0,0,0,0,0,0,0,0,0,0,0,0,0,519,526,531,2112,2118,2119,2124,0,0,0,0,0,0,0,0,0,0,0,0,0,0,0,0.0402289,0.0498326,0.0424261,0.10877,0.10001,0.112856,0.109634,0,0,0,0,0,0,0,0,0,0,0,0,0,0,0,0.0405921,0.0494198,0.0427757,0.108778,0.1,0.112794,0.109706,0,0,0,0,0,0,0,0,0,0,0,0,0,0,0,1,1,1,1,1,1,1,0,0,0,0,0,0,0,0,0,0,0,0,0,0,0,1,1,1,1,1,1,1,0,0,0,0,0,0,0,0,0,0,0,0,0,0,0,1,0,0,0,0,0,0,0,0,0,0,0,0,0,0,0,0,0,0,0,0,0,0,7,0,0,0,0,0,0,0,0,0,0,0,0,0,0,0,0,0,0,0,0,0,0,0,0,0,0,0,0,0,0,0,0,0,0,0,0,0,0,0,0,0,0,0,0,0,0,0,0
0.556013,0.378773,0.523589,0,0,0,0,1.14752e-07,-5.47661e-08,4.98853e-08,526,519,520,525,527,531,532,2112,2113,2118,2119,2120,2124,2125,0,0,0,0,0,0,0,0,0,519,520,525,527,531,532,2112,2113,2118,2119,2120,2124,2125,0,0,0,0,0,0,0,0,0,0.0425863,0.0406476,0.0498326,0.049653,0.0410274,0.0422959,0.10984,0.108971,0.112805,0.100031,0.11278,0.10914,0.109638,0,0,0,0,0,0,0,0,0,0.0431303,0.0410324,0.0494198,0.0493761,0.0414937,0.0427234,0.10986,0.108963,0.112808,0.1,0.112772,0.109155,0.109684,0,0,0,0,0,0,0,0,0,1,1,1,1,1,1,1,1,1,1,1,1,1,0,0,0,0,0,0,0,0,0,1,1,1,1,1,1,1,1,1,1,1,1,1,0,0,0,0,0,0,0,0,0,1,0,0,0,0,0,0,0,0,0,0,0,0,0,0,0,0,0,0,0,0,0,0,13,0,0,0,0,0,0,0,0,0,0,0,0,0,0,0,0,0,0,0,0,0,0,0,0,0,0,0,0,0,0,0,0,0,0,0,0,0,0,0,0,0,0,0,0,0,0,0,0
0.543503,0.367002,0.570176,0,0,0,0,1.03683e-07,-4.79734e-08,4.89779e-08,527,520,521,526,528,532,533,2113,2114,2119,2120,2121,2125,2126,0,0,0,0,0,0,0,0,0,520,521,526,528,532,533,2113,2114,2119,2120,2121,2125,2126,0,0,0,0,0,0,0,0,0,0.0424492,0.0412697,0.049653,0.0493855,0.0411207,0.0419903,0.109738,0.109219,0.112783,0.100024,0.112632,0.10915,0.109519,0,0,0,0,0,0,0,0,0,0.0429197,0.0415815,0.0493761,0.0491346,0.0414465,0.0424306,0.109769,0.109196,0.112786,0.1,0.112655,0.109136,0.109559,0,0,0,0,0,0,0,0,0,1,1,1,1,1,1,1,1,1,1,1,1,1,0,0,0,0,0,0,0,0,0,1,1,1,1,1,1,1,1,1,1,1,1,1,0,0,0,0,0,0,0,0,0,1,0,0,0,0,0,0,0,0,0,0,0,0,0,0,0,0,0,0,0,0,0,0,13,0,0,0,0,0,0,0,0,0,0,0,0,0,0,0,0,0,0,0,0,0,0,0,0,0,0,0,0,0,0,0,0,0,0,0,0,0,0,0,0,0,0,0,0,0,0,0,0
0.529242,0.353884,0.615602,0,0,0,0,9.34067e-08,-4.17761e-08,4.77245e-08,528,521,522,527,529,533,534,2114,2115,2120,2121,2122,2126,2127,0,0,0,0,0,0,0,0,0,521,522,527,529,533,534,2114,2115,2120,2121,2122,2126,2127,0,0,0,0,0,0,0,0,0,0.0423366,0.0419386,0.0493855,0.0490722,0.0411405,0.0415585,0.10968,0.109487,0.11265,0.100017,0.112464,0.109156,0.109344,0,0,0,0,0,0,0,0,0,0.0427919,0.0421774,0.0491346,0.048831,0.0413917,0.0420013,0.109713,0.109451,0.112668,0.1,0.112507,0.109114,0.109376,0,0,0,0,0,0,0,0,0,1,1,1,1,1,1,1,1,1,1,1,1,1,0,0,0,0,0,0,0,0,0,1,1,1,1,1,1,1,1,1,1,1,1,1,0,0,0,0,0,0,0,0,0,1,0,0,0,0,0,0,0,0,0,0,0,0,0,0,0,0,0,0,0,0,0,0,13,0,0,0,0,0,0,0,0,0,0,0,0,0,0,0,0,0,0,0,0,0,0,0,0,0,0,0,0,0,0,0,0,0,0,0,0,0,0,0,0,0,0,0,0,0,0,0,0
0.513454,0.339314,0.659721,0,0,0,0,8.39466e-08,-3.6263e-08,4.62503e-08,529,522,523,528,530,534,535,2115,2116,2121,2122,2123,2127,2128,0,0,0,0,0,0,0,0,0,522,523,528,530,534,535,2115,2116,2121,2122,2123,2127,2128,0,0,0,0,0,0,0,0,0,0.0424956,0.0427055,0.0490722,0.0492004,0.041266,0.0429035,0.109749,0.109805,0.112484,0.10001,0.112512,0.1092,0.109935,0,0,0,0,0,0,0,0,0,0.0429473,0.0428748,0.048831,0.0489563,0.0414494,0.0433544,0.109781,0.109754,0.112519,0.1,0.112567,0.10914,0.109963,0,0,0,0,0,0,0,0,0,1,1,1,1,1,1,1,1,1,1,1,1,1,0,0,0,0,0,0,0,0,0,1,1,1,1,1,1,1,1,1,1,1,1,1,0,0,0,0,0,0,0,0,0,1,0,0,0,0,0,0,0,0,0,0,0,0,0,0,0,0,0,0,0,0,0,0,13,0,0,0,0,0,0,0,0,0,0,0,0,0,0,0,0,0,0,0,0,0,0,0,0,0,0,0,0,0,0,0,0,0,0,0,0,0,0,0,0,0,0,0,0,0,0,0,0
0.496239,0.322974,0.702818,0,0,0,0,7.51963e-08,-3.13032e-08,4.47136e-08,530,83,84,523,524,529,535,1676,1677,2116,2117,2122,2123,2128,0,0,0,0,0,0,0,0,0,83,84,523,524,529,535,1676,1677,2116,2117,2122,2123,2128,0,0,0,0,0,0,0,0,0,0.0503529,0.0444837,0.0433643,0.0435937,0.0492004,0.041216,0.11306,0.110653,0.110135,0.110192,0.112526,0.100005,0.109169,0,0,0,0,0,0,0,0,0,0.050097,0.0449457,0.043823,0.0437157,0.0489563,0.0413546,0.113125,0.110673,0.110166,0.110123,0.112579,0.1,0.1091,0,0,0,0,0,0,0,0,0,1,1,1,1,1,1,1,1,1,1,1,1,1,0,0,0,0,0,0,0,0,0,1,1,1,1,1,1,1,1,1,1,1,1,1,0,0,0,0,0,0,0,0,0,1,0,0,0,0,0,0,0,0,0,0,0,0,0,0,0,0,0,0,0,0,0,0,13,0,0,0,0,0,0,0,0,0,0,0,0,0,0,0,0,0,0,0,0,0,0,0,0,0,0,0,0,0,0,0,0,0,0,0,0,0,0,0,0,0,0,0,0,0,0,0,0
0.579554,0.355891,0.498982,0,0,0,0,1.29646e-07,-5.10954e-08,6.11564e-08,531,525,526,532,536,537,2118,2119,2124,2125,2129,2130,0,0,0,0,0,0,0,0,0,0,0,525,526,532,536,537,2118,2119,2124,2125,2129,2130,0,0,0,0,0,0,0,0,0,0,0,0.0424261,0.0410274,0.0494228,0.0419661,0.0416298,0.109718,0.109145,0.100048,0.112682,0.109473,0.109357,0,0,0,0,0,0,0,0,0,0,0,0.0427757,0.0414937,0.0492354,0.0422635,0.0421137,0.109704,0.109157,0.1,0.112704,0.109484,0.10942,0,0,0,0,0,0,0,0,0,0,0,1,1,1,1,1,1,1,1,1,1,1,0,0,0,0,0,0,0,0,0,0,0,1,1,1,1,1,1,1,1,1,1,1,0,0,0,0,0,0,0,0,0,0,0,1,0,0,0,0,0,0,0,0,0,0,0,0,0,0,0,0,0,0,0,0,0,0,11,0,0,0,0,0,0,0,0,0,0,0,0,0,0,0,0,0,0,0,0,0,0,0,0,0,0,0,0,0,0,0,0,0,0,0,0,0,0,0,0,0,0,0,0,0,0,0,0
0.568041,0.344816,0.545752,0,0,0,0,1.17823e-07,-4.48078e-08,6.00336e-08,532,526,527,531,533,537,538,2119,2120,2124,2125,2126,2130,2131,0,0,0,0,0,0,0,0,0,526,527,531,533,537,538,2119,2120,2124,2125,2126,2130,2131,0,0,0,0,0,0,0,0,0,0.0422959,0.0411207,0.0494228,0.0490814,0.0419584,0.0416809,0.109657,0.109157,0.112741,0.100026,0.1125,0.109453,0.109388,0,0,0,0,0,0,0,0,0,0.0427234,0.0414465,0.0492354,0.048851,0.0422331,0.0421309,0.109682,0.109139,0.112718,0.1,0.112517,0.109472,0.109429,0,0,0,0,0,0,0,0,0,1,1,1,1,1,1,1,1,1,1,1,1,1,0,0,0,0,0,0,0,0,0,1,1,1,1,1,1,1,1,1,1,1,1,1,0,0,0,0,0,0,0,0,0,1,0,0,0,0,0,0,0,0,0,0,0,0,0,0,0,0,0,0,0,0,0,0,13,0,0,0,0,0,0,0,0,0,0,0,0,0,0,0,0,0,0,0,0,0,0,0,0,0,0,0,0,0,0,0,0,0,0,0,0,0,0,0,0,0,0,0,0,0,0,0,0
0.554694,0.332513,0.591353,0,0,0,0,1.06619e-07,-3.88932e-08,5.86068e-08,533,527,528,532,534,538,539,2120,2121,2125,2126,2127,2131,2132,0,0,0,0,0,0,0,0,0,527,528,532,534,538,539,2120,2121,2125,2126,2127,2131,2132,0,0,0,0,0,0,0,0,0,0.0419903,0.0411405,0.0490814,0.0484426,0.041702,0.0414983,0.109524,0.10915,0.112512,0.100019,0.112184,0.109379,0.109318,0,0,0,0,0,0,0,0,0,0.0424306,0.0413917,0.048851,0.0482237,0.041957,0.0419301,0.109556,0.109117,0.11253,0.1,0.112215,0.109354,0.109344,0,0,0,0,0,0,0,0,0,1,1,1,1,1,1,1,1,1,1,1,1,1,0,0,0,0,0,0,0,0,0,1,1,1,1,1,1,1,1,1,1,1,1,1,0,0,0,0,0,0,0,0,0,1,0,0,0,0,0,0,0,0,0,0,0,0,0,0,0,0,0,0,0,0,0,0,13,0,0,0,0,0,0,0,0,0,0,0,0,0,0,0,0,0,0,0,0,0,0,0,0,0,0,0,0,0,0,0,0,0,0,0,0,0,0,0,0,0,0,0,0,0,0,0,0
0.539836,0.318921,0.635412,0,0,0,0,9.62955e-08,-3.36498e-08,5.68806e-08,534,528,529,533,535,539,540,2121,2122,2126,2127,2128,2132,2133,0,0,0,0,0,0,0,0,0,528,529,533,535,539,540,2121,2122,2126,2127,2128,2132,2133,0,0,0,0,0,0,0,0,0,0.0415585,0.041266,0.0484426,0.0498078,0.0410096,0.0427295,0.109339,0.10919,0.112188,0.100013,0.11283,0.109086,0.109863,0,0,0,0,0,0,0,0,0,0.0420013,0.0414494,0.0482237,0.0495948,0.0412106,0.0431683,0.109373,0.109142,0.112227,0.1,0.112878,0.109039,0.109881,0,0,0,0,0,0,0,0,0,1,1,1,1,1,1,1,1,1,1,1,1,1,0,0,0,0,0,0,0,0,0,1,1,1,1,1,1,1,1,1,1,1,1,1,0,0,0,0,0,0,0,0,0,1,0,0,0,0,0,0,0,0,0,0,0,0,0,0,0,0,0,0,0,0,0,0,13,0,0,0,0,0,0,0,0,0,0,0,0,0,0,0,0,0,0,0,0,0,0,0,0,0,0,0,0,0,0,0,0,0,0,0,0,0,0,0,0,0,0,0,0,0,0,0,0
0.523442,0.302584,0.679516,0,0,0,0,8.66132e-08,-2.87782e-08,5.5166e-08,535,84,85,529,530,534,540,1677,1678,2122,2123,2127,2128,2133,0,0,0,0,0,0,0,0,0,84,85,529,530,534,540,1677,1678,2122,2123,2127,2128,2133,0,0,0,0,0,0,0,0,0,0.0505804,0.0439243,0.0429035,0.041216,0.0498078,0.0407048,0.113195,0.110407,0.10993,0.109168,0.112831,0.100009,0.108949,0,0,0,0,0,0,0,0,0,0.0503681,0.0443819,0.0433544,0.0413546,0.0495948,0.0408498,0.113259,0.110419,0.109959,0.109103,0.112891,0.1,0.108889,0,0,0,0,0,0,0,0,0,1,1,1,1,1,1,1,1,1,1,1,1,1,0,0,0,0,0,0,0,0,0,1,1,1,1,1,1,1,1,1,1,1,1,1,0,0,0,0,0,0,0,0,0,1,0,0,0,0,0,0,0,0,0,0,0,0,0,0,0,0,0,0,0,0,0,0,13,0,0,0,0,0,0,0,0,0,0,0,0,0,0,0,0,0,0,0,0,0,0,0,0,0,0,0,0,0,0,0,0,0,0,0,0,0,0,0,0,0,0,0,0,0,0,0,0
0.601641,0.332354,0.472162,0,0,0,0,1.45626e-07,-4.70259e-08,7.14573e-08,536,531,537,541,2124,2129,2130,2134,0,0,0,0,0,0,0,0,0,0,0,0,0,0,0,531,537,541,2124,2129,2130,2134,0,0,0,0,0,0,0,0,0,0,0,0,0,0,0,0.0419661,0.0496993,0.0408834,0.109472,0.100013,0.11281,0.108966,0,0,0,0,0,0,0,0,0,0,0,0,0,0,0,0.0422635,0.0493682,0.0411591,0.109485,0.1,0.112769,0.109014,0,0,0,0,0,0,0,0,0,0,0,0,0,0,0,1,1,1,1,1,1,1,0,0,0,0,0,0,0,0,0,0,0,0,0,0,0,1,1,1,1,1,1,1,0,0,0,0,0,0,0,0,0,0,0,0,0,0,0,1,0,0,0,0,0,0,0,0,0,0,0,0,0,0,0,0,0,0,0,0,0,0,7,0,0,0,0,0,0,0,0,0,0,0,0,0,0,0,0,0,0,0,0,0,0,0,0,0,0,0,0,0,0,0,0,0,0,0,0,0,0,0,0,0,0,0,0,0,0,0,0
0.591179,0.321612,0.519545,0,0,0,0,1.32946e-07,-4.18448e-08,7.07294e-08,537,531,532,536,538,541,542,2124,2125,2129,2130,2131,2134,2135,0,0,0,0,0,0,0,0,0,531,532,536,538,541,542,2124,2125,2129,2130,2131,2134,2135,0,0,0,0,0,0,0,0,0,0.0416298,0.0419584,0.0496993,0.049362,0.0425158,0.0409093,0.109422,0.109514,0.112756,0.100024,0.112649,0.10965,0.109068,0,0,0,0,0,0,0,0,0,0.0421137,0.0422331,0.0493682,0.0490954,0.0427724,0.0413532,0.109418,0.109474,0.112783,0.1,0.112636,0.109705,0.109097,0,0,0,0,0,0,0,0,0,1,1,1,1,1,1,1,1,1,1,1,1,1,0,0,0,0,0,0,0,0,0,1,1,1,1,1,1,1,1,1,1,1,1,1,0,0,0,0,0,0,0,0,0,1,0,0,0,0,0,0,0,0,0,0,0,0,0,0,0,0,0,0,0,0,0,0,13,0,0,0,0,0,0,0,0,0,0,0,0,0,0,0,0,0,0,0,0,0,0,0,0,0,0,0,0,0,0,0,0,0,0,0,0,0,0,0,0,0,0,0,0,0,0,0,0
0.57871,0.309892,0.565846,0,0,0,0,1.20713e-07,-3.61904e-08,6.93374e-08,538,532,533,537,539,542,543,2125,2126,2130,2131,2132,2135,2136,0,0,0,0,0,0,0,0,0,532,533,537,539,542,543,2125,2126,2130,2131,2132,2135,2136,0,0,0,0,0,0,0,0,0,0.0416809,0.041702,0.049362,0.0488718,0.0425669,0.0410769,0.109405,0.109388,0.112615,0.100019,0.112402,0.10975,0.10914,0,0,0,0,0,0,0,0,0,0.0421309,0.041957,0.0490954,0.0486548,0.0428377,0.0415021,0.109426,0.109357,0.112649,0.1,0.112422,0.109734,0.109161,0,0,0,0,0,0,0,0,0,1,1,1,1,1,1,1,1,1,1,1,1,1,0,0,0,0,0,0,0,0,0,1,1,1,1,1,1,1,1,1,1,1,1,1,0,0,0,0,0,0,0,0,0,1,0,0,0,0,0,0,0,0,0,0,0,0,0,0,0,0,0,0,0,0,0,0,13,0,0,0,0,0,0,0,0,0,0,0,0,0,0,0,0,0,0,0,0,0,0,0,0,0,0,0,0,0,0,0,0,0,0,0,0,0,0,0,0,0,0,0,0,0,0,0,0
0.564392,0.297163,0.610806,0,0,0,0,1.09263e-07,-3.11467e-08,6.73467e-08,539,533,534,538,540,543,544,2126,2127,2131,2132,2133,2136,2137,0,0,0,0,0,0,0,0,0,533,534,538,540,543,544,2126,2127,2131,2132,2133,2136,2137,0,0,0,0,0,0,0,0,0,0.0414983,0.0410096,0.0488718,0.04935,0.0424225,0.0414218,0.109312,0.109085,0.112393,0.100014,0.112624,0.109679,0.109301,0,0,0,0,0,0,0,0,0,0.0419301,0.0412106,0.0486548,0.0491535,0.042633,0.0418532,0.109341,0.109041,0.112435,0.1,0.112663,0.109646,0.109312,0,0,0,0,0,0,0,0,0,1,1,1,1,1,1,1,1,1,1,1,1,1,0,0,0,0,0,0,0,0,0,1,1,1,1,1,1,1,1,1,1,1,1,1,0,0,0,0,0,0,0,0,0,1,0,0,0,0,0,0,0,0,0,0,0,0,0,0,0,0,0,0,0,0,0,0,13,0,0,0,0,0,0,0,0,0,0,0,0,0,0,0,0,0,0,0,0,0,0,0,0,0,0,0,0,0,0,0,0,0,0,0,0,0,0,0,0,0,0,0,0,0,0,0,0
0.548664,0.282021,0.655065,0,0,0,0,9.86106e-08,-2.65418e-08,6.52704e-08,540,85,86,534,535,539,544,1678,1679,2127,2128,2132,2133,2137,0,0,0,0,0,0,0,0,0,85,86,534,535,539,544,1678,1679,2127,2128,2132,2133,2137,0,0,0,0,0,0,0,0,0,0.0504957,0.0431611,0.0427295,0.0407048,0.04935,0.0412205,0.113172,0.110073,0.109846,0.108949,0.112615,0.100012,0.109159,0,0,0,0,0,0,0,0,0,0.0503114,0.0436102,0.0431683,0.0408498,0.0491535,0.0413681,0.113231,0.110075,0.109877,0.108891,0.112675,0.1,0.109107,0,0,0,0,0,0,0,0,0,1,1,1,1,1,1,1,1,1,1,1,1,1,0,0,0,0,0,0,0,0,0,1,1,1,1,1,1,1,1,1,1,1,1,1,0,0,0,0,0,0,0,0,0,1,0,0,0,0,0,0,0,0,0,0,0,0,0,0,0,0,0,0,0,0,0,0,13,0,0,0,0,0,0,0,0,0,0,0,0,0,0,0,0,0,0,0,0,0,0,0,0,0,0,0,0,0,0,0,0,0,0,0,0,0,0,0,0,0,0,0,0,0,0,0,0
0.612587,0.29799,0.491417,0,0,0,0,1.48693e-07,-3.93067e-08,8.11753e-08,541,536,537,542,545,2129,2130,2134,2135,2138,0,0,0,0,0,0,0,0,0,0,0,0,0,536,537,542,545,2129,2130,2134,2135,2138,0,0,0,0,0,0,0,0,0,0,0,0,0,0.0408834,0.0425158,0.0494796,0.0398905,0.10903,0.109755,0.100025,0.11269,0.108561,0,0,0,0,0,0,0,0,0,0,0,0,0,0.0411591,0.0427724,0.0492165,0.0403324,0.109012,0.109707,0.1,0.112694,0.10867,0,0,0,0,0,0,0,0,0,0,0,0,0,1,1,1,1,1,1,1,1,1,0,0,0,0,0,0,0,0,0,0,0,0,0,1,1,1,1,1,1,1,1,1,0,0,0,0,0,0,0,0,0,0,0,0,0,1,0,0,0,0,0,0,0,0,0,0,0,0,0,0,0,0,0,0,0,0,0,0,9,0,0,0,0,0,0,0,0,0,0,0,0,0,0,0,0,0,0,0,0,0,0,0,0,0,0,0,0,0,0,0,0,0,0,0,0,0,0,0,0,0,0,0,0,0,0,0,0
0.601253,0.286638,0.538223,0,0,0,0,1.35732e-07,-3.38116e-08,7.98168e-08,542,537,538,541,543,545,546,2130,2131,2134,2135,2136,2138,2139,0,0,0,0,0,0,0,0,0,537,538,541,543,545,546,2130,2131,2134,2135,2136,2138,2139,0,0,0,0,0,0,0,0,0,0.0409093,0.0425669,0.0494796,0.0492623,0.0428146,0.0401661,0.109076,0.109751,0.112698,0.100022,0.112591,0.109872,0.108743,0,0,0,0,0,0,0,0,0,0.0413532,0.0428377,0.0492165,0.0490567,0.0431243,0.0405676,0.109095,0.109736,0.112708,0.1,0.112617,0.109861,0.108769,0,0,0,0,0,0,0,0,0,1,1,1,1,1,1,1,1,1,1,1,1,1,0,0,0,0,0,0,0,0,0,1,1,1,1,1,1,1,1,1,1,1,1,1,0,0,0,0,0,0,0,0,0,1,0,0,0,0,0,0,0,0,0,0,0,0,0,0,0,0,0,0,0,0,0,0,13,0,0,0,0,0,0,0,0,0,0,0,0,0,0,0,0,0,0,0,0,0,0,0,0,0,0,0,0,0,0,0,0,0,0,0,0,0,0,0,0,0,0,0,0,0,0,0,0
0.58793,0.274213,0.583994,0,0,0,0,1.23326e-07,-2.88933e-08,7.77749e-08,543,538,539,542,544,546,547,2131,2132,2135,2136,2137,2139,2140,0,0,0,0,0,0,0,0,0,538,539,542,544,546,547,2131,2132,2135,2136,2137,2139,2140,0,0,0,0,0,0,0,0,0,0.0410769,0.0424225,0.0492623,0.0493859,0.0431476,0.0405996,0.109138,0.109684,0.112599,0.100016,0.112647,0.109986,0.108943,0,0,0,0,0,0,0,0,0,0.0415021,0.042633,0.0490567,0.0491976,0.043357,0.04102,0.109159,0.109648,0.11263,0.1,0.112685,0.109963,0.108959,0,0,0,0,0,0,0,0,0,1,1,1,1,1,1,1,1,1,1,1,1,1,0,0,0,0,0,0,0,0,0,1,1,1,1,1,1,1,1,1,1,1,1,1,0,0,0,0,0,0,0,0,0,1,0,0,0,0,0,0,0,0,0,0,0,0,0,0,0,0,0,0,0,0,0,0,13,0,0,0,0,0,0,0,0,0,0,0,0,0,0,0,0,0,0,0,0,0,0,0,0,0,0,0,0,0,0,0,0,0,0,0,0,0,0,0,0,0,0,0,0,0,0,0,0
0.572488,0.260817,0.62895,0,0,0,0,1.11422e-07,-2.45402e-08,7.51718e-08,544,86,87,539,540,543,547,1679,1680,2132,2133,2136,2137,2140,0,0,0,0,0,0,0,0,0,86,87,539,540,543,547,1679,1680,2132,2133,2136,2137,2140,0,0,0,0,0,0,0,0,0,0.0503033,0.042087,0.0414218,0.0412205,0.0493859,0.0434708,0.113087,0.109606,0.109284,0.109155,0.112644,0.100012,0.110122,0,0,0,0,0,0,0,0,0,0.0501324,0.0425261,0.0418532,0.0413681,0.0491976,0.0436251,0.113142,0.1096,0.109309,0.109109,0.112697,0.1,0.110082,0,0,0,0,0,0,0,0,0,1,1,1,1,1,1,1,1,1,1,1,1,1,0,0,0,0,0,0,0,0,0,1,1,1,1,1,1,1,1,1,1,1,1,1,0,0,0,0,0,0,0,0,0,1,0,0,0,0,0,0,0,0,0,0,0,0,0,0,0,0,0,0,0,0,0,0,13,0,0,0,0,0,0,0,0,0,0,0,0,0,0,0,0,0,0,0,0,0,0,0,0,0,0,0,0,0,0,0,0,0,0,0,0,0,0,0,0,0,0,0,0,0,0,0,0
0.621841,0.263307,0.508815,0,0,0,0,1.51404e-07,-3.17656e-08,8.98081e-08,545,541,542,546,548,549,2134,2135,2138,2139,2141,2142,0,0,0,0,0,0,0,0,0,0,0,541,542,546,548,549,2134,2135,2138,2139,2141,2142,0,0,0,0,0,0,0,0,0,0,0,0.0398905,0.0428146,0.0491365,0.0427071,0.0390133,0.10874,0.109856,0.100025,0.112528,0.109785,0.108252,0,0,0,0,0,0,0,0,0,0,0,0.0403324,0.0431243,0.0490251,0.0429351,0.0394742,0.108668,0.109861,0.1,0.112601,0.109779,0.108319,0,0,0,0,0,0,0,0,0,0,0,1,1,1,1,1,1,1,1,1,1,1,0,0,0,0,0,0,0,0,0,0,0,1,1,1,1,1,1,1,1,1,1,1,0,0,0,0,0,0,0,0,0,0,0,1,0,0,0,0,0,0,0,0,0,0,0,0,0,0,0,0,0,0,0,0,0,0,11,0,0,0,0,0,0,0,0,0,0,0,0,0,0,0,0,0,0,0,0,0,0,0,0,0,0,0,0,0,0,0,0,0,0,0,0,0,0,0,0,0,0,0,0,0,0,0,0
0.609846,0.251112,0.554878,0,0,0,0,1.3828e-07,-2.70206e-08,8.77035e-08,546,542,543,545,547,549,550,2135,2136,2138,2139,2140,2142,2143,0,0,0,0,0,0,0,0,0,542,543,545,547,549,550,2135,2136,2138,2139,2140,2142,2143,0,0,0,0,0,0,0,0,0,0.0401661,0.0431476,0.0491365,0.0493585,0.0431952,0.0394377,0.108769,0.109988,0.11263,0.100018,0.112633,0.109952,0.108448,0,0,0,0,0,0,0,0,0,0.0405676,0.043357,0.0490251,0.0491943,0.0433562,0.0398542,0.108766,0.109964,0.112614,0.1,0.112683,0.109964,0.108475,0,0,0,0,0,0,0,0,0,1,1,1,1,1,1,1,1,1,1,1,1,1,0,0,0,0,0,0,0,0,0,1,1,1,1,1,1,1,1,1,1,1,1,1,0,0,0,0,0,0,0,0,0,1,0,0,0,0,0,0,0,0,0,0,0,0,0,0,0,0,0,0,0,0,0,0,13,0,0,0,0,0,0,0,0,0,0,0,0,0,0,0,0,0,0,0,0,0,0,0,0,0,0,0,0,0,0,0,0,0,0,0,0,0,0,0,0,0,0,0,0,0,0,0,0
0.595698,0.237836,0.600264,0,0,0,0,1.25544e-07,-2.27276e-08,8.5191e-08,547,87,88,543,544,546,550,1680,1681,2136,2137,2139,2140,2143,0,0,0,0,0,0,0,0,0,87,88,543,544,546,550,1680,1681,2136,2137,2139,2140,2143,0,0,0,0,0,0,0,0,0,0.0503749,0.0402949,0.0405996,0.0434708,0.0493585,0.0436615,0.11312,0.108833,0.10895,0.11012,0.112661,0.100014,0.110182,0,0,0,0,0,0,0,0,0,0.0502053,0.0407223,0.04102,0.0436251,0.0491943,0.0438002,0.113178,0.108834,0.108956,0.110083,0.112696,0.1,0.110161,0,0,0,0,0,0,0,0,0,1,1,1,1,1,1,1,1,1,1,1,1,1,0,0,0,0,0,0,0,0,0,1,1,1,1,1,1,1,1,1,1,1,1,1,0,0,0,0,0,0,0,0,0,1,0,0,0,0,0,0,0,0,0,0,0,0,0,0,0,0,0,0,0,0,0,0,13,0,0,0,0,0,0,0,0,0,0,0,0,0,0,0,0,0,0,0,0,0,0,0,0,0,0,0,0,0,0,0,0,0,0,0,0,0,0,0,0,0,0,0,0,0,0,0,0
0.640234,0.240433,0.477792,0,0,0,0,1.67673e-07,-2.81535e-08,9.77992e-08,548,545,549,551,2138,2141,2142,2144,0,0,0,0,0,0,0,0,0,0,0,0,0,0,0,545,549,551,2138,2141,2142,2144,0,0,0,0,0,0,0,0,0,0,0,0,0,0,0,0.0427071,0.0489865,0.0381311,0.109759,0.100015,0.112469,0.10785,0,0,0,0,0,0,0,0,0,0,0,0,0,0,0,0.0429351,0.048724,0.0383405,0.109779,0.1,0.112455,0.107864,0,0,0,0,0,0,0,0,0,0,0,0,0,0,0,1,1,1,1,1,1,1,0,0,0,0,0,0,0,0,0,0,0,0,0,0,0,1,1,1,1,1,1,1,0,0,0,0,0,0,0,0,0,0,0,0,0,0,0,1,0,0,0,0,0,0,0,0,0,0,0,0,0,0,0,0,0,0,0,0,0,0,7,0,0,0,0,0,0,0,0,0,0,0,0,0,0,0,0,0,0,0,0,0,0,0,0,0,0,0,0,0,0,0,0,0,0,0,0,0,0,0,0,0,0,0,0,0,0,0,0
0.629682,0.228259,0.524054,0,0,0,0,1.53838e-07,-2.52965e-08,9.65578e-08,549,545,546,548,550,551,552,2138,2139,2141,2142,2143,2144,2145,0,0,0,0,0,0,0,0,0,545,546,548,550,551,552,2138,2139,2141,2142,2143,2144,2145,0,0,0,0,0,0,0,0,0,0.0390133,0.0431952,0.0489865,0.0490262,0.0427988,0.0382748,0.108361,0.110008,0.112427,0.100019,0.11249,0.10975,0.107971,0,0,0,0,0,0,0,0,0,0.0394742,0.0433562,0.048724,0.048844,0.0429708,0.03866,0.108317,0.109964,0.112468,0.1,0.112513,0.109797,0.107992,0,0,0,0,0,0,0,0,0,1,1,1,1,1,1,1,1,1,1,1,1,1,0,0,0,0,0,0,0,0,0,1,1,1,1,1,1,1,1,1,1,1,1,1,0,0,0,0,0,0,0,0,0,1,0,0,0,0,0,0,0,0,0,0,0,0,0,0,0,0,0,0,0,0,0,0,13,0,0,0,0,0,0,0,0,0,0,0,0,0,0,0,0,0,0,0,0,0,0,0,0,0,0,0,0,0,0,0,0,0,0,0,0,0,0,0,0,0,0,0,0,0,0,0,0
0.616963,0.215211,0.569568,0,0,0,0,1.40334e-07,-2.12161e-08,9.44455e-08,550,88,89,546,547,549,552,1681,1682,2139,2140,2142,2143,2145,0,0,0,0,0,0,0,0,0,88,89,546,547,549,552,1681,1682,2139,2140,2142,2143,2145,0,0,0,0,0,0,0,0,0,0.0494772,0.0388526,0.0394377,0.0436615,0.0490262,0.0433397,0.112688,0.108234,0.108489,0.110195,0.11248,0.100014,0.110021,0,0,0,0,0,0,0,0,0,0.0493142,0.0392537,0.0398542,0.0438002,0.048844,0.0434727,0.112741,0.108231,0.108472,0.110161,0.112526,0.1,0.110018,0,0,0,0,0,0,0,0,0,1,1,1,1,1,1,1,1,1,1,1,1,1,0,0,0,0,0,0,0,0,0,1,1,1,1,1,1,1,1,1,1,1,1,1,0,0,0,0,0,0,0,0,0,1,0,0,0,0,0,0,0,0,0,0,0,0,0,0,0,0,0,0,0,0,0,0,13,0,0,0,0,0,0,0,0,0,0,0,0,0,0,0,0,0,0,0,0,0,0,0,0,0,0,0,0,0,0,0,0,0,0,0,0,0,0,0,0,0,0,0,0,0,0,0,0
0.647259,0.205808,0.492136,0,0,0,0,1.69413e-07,-2.35961e-08,1.04737e-07,551,548,549,552,553,2141,2142,2144,2145,2146,0,0,0,0,0,0,0,0,0,0,0,0,0,548,549,552,553,2141,2142,2144,2145,2146,0,0,0,0,0,0,0,0,0,0,0,0,0,0.0381311,0.0427988,0.0485335,0.0371675,0.107876,0.109841,0.100012,0.112257,0.107463,0,0,0,0,0,0,0,0,0,0,0,0,0,0.0383405,0.0429708,0.0483583,0.0374785,0.107862,0.109796,0.1,0.112279,0.107527,0,0,0,0,0,0,0,0,0,0,0,0,0,1,1,1,1,1,1,1,1,1,0,0,0,0,0,0,0,0,0,0,0,0,0,1,1,1,1,1,1,1,1,1,0,0,0,0,0,0,0,0,0,0,0,0,0,1,0,0,0,0,0,0,0,0,0,0,0,0,0,0,0,0,0,0,0,0,0,0,9,0,0,0,0,0,0,0,0,0,0,0,0,0,0,0,0,0,0,0,0,0,0,0,0,0,0,0,0,0,0,0,0,0,0,0,0,0,0,0,0,0,0,0,0,0,0,0,0
0.636011,0.193019,0.537583,0,0,0,0,1.55474e-07,-1.9916e-08,1.02897e-07,552,89,90,549,550,551,553,1682,1683,2142,2143,2144,2145,2146,0,0,0,0,0,0,0,0,0,89,90,549,550,551,553,1682,1683,2142,2143,2144,2145,2146,0,0,0,0,0,0,0,0,0,0.0487727,0.0375751,0.0382748,0.0433397,0.0485335,0.0427819,0.112358,0.107718,0.108013,0.110047,0.112257,0.100016,0.109747,0,0,0,0,0,0,0,0,0,0.0486132,0.0379454,0.03866,0.0434727,0.0483583,0.0428997,0.112401,0.10771,0.10799,0.110017,0.112291,0.1,0.109768,0,0,0,0,0,0,0,0,0,1,1,1,1,1,1,1,1,1,1,1,1,1,0,0,0,0,0,0,0,0,0,1,1,1,1,1,1,1,1,1,1,1,1,1,0,0,0,0,0,0,0,0,0,1,0,0,0,0,0,0,0,0,0,0,0,0,0,0,0,0,0,0,0,0,0,0,13,0,0,0,0,0,0,0,0,0,0,0,0,0,0,0,0,0,0,0,0,0,0,0,0,0,0,0,0,0,0,0,0,0,0,0,0,0,0,0,0,0,0,0,0,0,0,0,0
0.652777,0.17129,0.504765,0,0,0,0,1.70792e-07,-1.88924e-08,1.10561e-07,553,90,91,551,552,1683,1684,2144,2145,2146,0,0,0,0,0,0,0,0,0,0,0,0,0,90,91,551,552,1683,1684,2144,2145,2146,0,0,0,0,0,0,0,0,0,0,0,0,0,0.0480966,0.0363704,0.0371675,0.0427819,0.112024,0.107175,0.107591,0.109795,0.10001,0,0,0,0,0,0,0,0,0,0,0,0,0,0.047958,0.0367196,0.0374785,0.0428997,0.112087,0.107235,0.107525,0.109767,0.1,0,0,0,0,0,0,0,0,0,0,0,0,0,1,1,1,1,1,1,1,1,1,0,0,0,0,0,0,0,0,0,0,0,0,0,1,1,1,1,1,1,1,1,1,0,0,0,0,0,0,0,0,0,0,0,0,0,1,0,0,0,0,0,0,0,0,0,0,0,0,0,0,0,0,0,0,0,0,0,0,9,0,0,0,0,0,0,0,0,0,0,0,0,0,0,0,0,0,0,0,0,0,0,0,0,0,0,0,0,0,0,0,0,0,0,0,0,0,0,0,0,0,0,0,0,0,0,0,0
0.0201464,0.489238,0.870538,0,0,0,0,9.9682e-10,-6.13821e-08,-5.06445e-08,554,69,70,138,139,555,580,1662,1663,1731,1732,2147,2148,2173,0,0,0,0,0,0,0,0,0,69,70,138,139,555,580,1662,1663,1731,1732,2147,2148,2173,0,0,0,0,0,0,0,0,0,0.0410508,0.0327759,0.0429315,0.0415391,0.0315819,0.0419109,0.109514,0.106084,0.10963,0.109468,0.10021,0.106061,0.109668,0,0,0,0,0,0,0,0,0,0.0414379,0.0335835,0.0439429,0.0419112,0.0324639,0.0431742,0.109223,0.106193,0.110256,0.109425,0.1,0.105797,0.109893,0,0,0,0,0,0,0,0,0,1,1,1,1,1,1,1,1,1,1,1,1,1,0,0,0,0,0,0,0,0,0,1,1,1,1,1,1,1,1,1,1,1,1,1,0,0,0,0,0,0,0,0,0,1,0,0,0,0,0,0,0,0,0,0,0,0,0,0,0,0,0,0,0,0,0,0,13,0,0,0,0,0,0,0,0,0,0,0,0,0,0,0,0,0,0,0,0,0,0,0,0,0,0,0,0,0,0,0,0,0,0,0,0,0,0,0,0,0,0,0,0,0,0,0,0
-0.00796095,0.480555,0.882027,0,0,0,0,-1.63028e-10,-5.81974e-08,-4.86611e-08,555,139,140,554,556,580,581,1732,1733,2147,2148,2149,2173,2174,0,0,0,0,0,0,0,0,0,139,140,554,556,580,581,1732,1733,2147,2148,2149,2173,2174,0,0,0,0,0,0,0,0,0,0.0427303,0.041135,0.0315819,0.032517,0.040642,0.0431421,0.10958,0.109258,0.10578,0.100239,0.106412,0.109445,0.110256,0,0,0,0,0,0,0,0,0,0.0439525,0.0416516,0.0324639,0.0334367,0.041249,0.0445814,0.11026,0.109314,0.105797,0.1,0.106134,0.109138,0.110517,0,0,0,0,0,0,0,0,0,1,1,1,1,1,1,1,1,1,1,1,1,1,0,0,0,0,0,0,0,0,0,1,1,1,1,1,1,1,1,1,1,1,1,1,0,0,0,0,0,0,0,0,0,1,0,0,0,0,0,0,0,0,0,0,0,0,0,0,0,0,0,0,0,0,0,0,13,0,0,0,0,0,0,0,0,0,0,0,0,0,0,0,0,0,0,0,0,0,0,0,0,0,0,0,0,0,0,0,0,0,0,0,0,0,0,0,0,0,0,0,0,0,0,0,0
-0.0363722,0.469503,0.89334,0,0,0,0,-1.4184e-09,-5.46175e-08,-4.58024e-08,556,140,141,555,557,581,582,1733,1734,2148,2149,2150,2174,2175,0,0,0,0,0,0,0,0,0,140,141,555,557,581,582,1733,1734,2148,2149,2150,2174,2175,0,0,0,0,0,0,0,0,0,0.043368,0.0409808,0.032517,0.033669,0.0406582,0.0441797,0.109907,0.109193,0.106247,0.100269,0.106879,0.109539,0.110745,0,0,0,0,0,0,0,0,0,0.0447986,0.0417655,0.0334367,0.0345221,0.0414947,0.0459036,0.110641,0.109363,0.106134,0.1,0.106521,0.109241,0.111119,0,0,0,0,0,0,0,0,0,1,1,1,1,1,1,1,1,1,1,1,1,1,0,0,0,0,0,0,0,0,0,1,1,1,1,1,1,1,1,1,1,1,1,1,0,0,0,0,0,0,0,0,0,1,0,0,0,0,0,0,0,0,0,0,0,0,0,0,0,0,0,0,0,0,0,0,13,0,0,0,0,0,0,0,0,0,0,0,0,0,0,0,0,0,0,0,0,0,0,0,0,0,0,0,0,0,0,0,0,0,0,0,0,0,0,0,0,0,0,0,0,0,0,0,0
-0.0652212,0.455896,0.90412,0,0,0,0,-2.85854e-09,-5.07123e-08,-4.20641e-08,557,141,142,556,558,582,583,1734,1735,2149,2150,2151,2175,2176,0,0,0,0,0,0,0,0,0,141,142,556,558,582,583,1734,1735,2149,2150,2151,2175,2176,0,0,0,0,0,0,0,0,0,0.0440387,0.042056,0.033669,0.0371604,0.040739,0.0449932,0.110402,0.10937,0.10689,0.100454,0.10775,0.109707,0.111269,0,0,0,0,0,0,0,0,0,0.0458131,0.0431511,0.0345221,0.0375802,0.041855,0.0472175,0.111104,0.109846,0.106521,0.1,0.107516,0.109395,0.111731,0,0,0,0,0,0,0,0,0,1,1,1,1,1,1,1,1,1,1,1,1,1,0,0,0,0,0,0,0,0,0,1,1,1,1,1,1,1,1,1,1,1,1,1,0,0,0,0,0,0,0,0,0,1,0,0,0,0,0,0,0,0,0,0,0,0,0,0,0,0,0,0,0,0,0,0,13,0,0,0,0,0,0,0,0,0,0,0,0,0,0,0,0,0,0,0,0,0,0,0,0,0,0,0,0,0,0,0,0,0,0,0,0,0,0,0,0,0,0,0,0,0,0,0,0
-0.0970279,0.439538,0.914201,0,0,0,0,-4.50873e-09,-4.64187e-08,-3.73214e-08,558,142,143,557,559,583,584,1735,1736,2150,2151,2152,2176,2177,0,0,0,0,0,0,0,0,0,142,143,557,559,583,584,1735,1736,2150,2151,2152,2176,2177,0,0,0,0,0,0,0,0,0,0.0444954,0.0450905,0.0371604,0.0401991,0.0425283,0.0458283,0.110127,0.110303,0.10814,0.0996946,0.108708,0.110282,0.110852,0,0,0,0,0,0,0,0,0,0.0434892,0.0453918,0.0375802,0.0407875,0.0436294,0.0444702,0.110044,0.110876,0.107675,0.1,0.108868,0.110177,0.110473,0,0,0,0,0,0,0,0,0,1,1,1,1,1,1,1,1,1,1,1,1,1,0,0,0,0,0,0,0,0,0,1,1,1,1,1,1,1,1,1,1,1,1,1,0,0,0,0,0,0,0,0,0,1,0,0,0,0,0,0,0,0,0,0,0,0,0,0,0,0,0,0,0,0,0,0,13,0,0,0,0,0,0,0,0,0,0,0,0,0,0,0,0,0,0,0,0,0,0,0,0,0,0,0,0,0,0,0,0,0,0,0,0,0,0,0,0,0,0,0,0,0,0,0,0
-0.131969,0.42091,0.921138,0,0,0,0,-6.55947e-09,-4.2174e-08,-3.15903e-08,559,143,144,558,560,584,585,1736,1737,2151,2152,2153,2177,2178,0,0,0,0,0,0,0,0,0,143,144,558,560,584,585,1736,1737,2151,2152,2153,2177,2178,0,0,0,0,0,0,0,0,0,0.0455885,0.0462937,0.0401991,0.0411631,0.0458357,0.0466507,0.110699,0.110858,0.109023,0.0998133,0.109144,0.111174,0.111385,0,0,0,0,0,0,0,0,0,0.0443084,0.0464229,0.0407875,0.0417487,0.0462625,0.0453756,0.110407,0.111352,0.108864,0.1,0.109273,0.111281,0.110882,0,0,0,0,0,0,0,0,0,1,1,1,1,1,1,1,1,1,1,1,1,1,0,0,0,0,0,0,0,0,0,1,1,1,1,1,1,1,1,1,1,1,1,1,0,0,0,0,0,0,0,0,0,1,0,0,0,0,0,0,0,0,0,0,0,0,0,0,0,0,0,0,0,0,0,0,13,0,0,0,0,0,0,0,0,0,0,0,0,0,0,0,0,0,0,0,0,0,0,0,0,0,0,0,0,0,0,0,0,0,0,0,0,0,0,0,0,0,0,0,0,0,0,0,0
-0.167723,0.400897,0.925072,0,0,0,0,-9.1187e-09,-3.80375e-08,-2.5127e-08,560,144,145,559,561,585,586,1737,1738,2152,2153,2154,2178,2179,0,0,0,0,0,0,0,0,0,144,145,559,561,585,586,1737,1738,2152,2153,2154,2178,2179,0,0,0,0,0,0,0,0,0,0.0461091,0.0475285,0.0411631,0.042131,0.0472293,0.0471475,0.110981,0.111414,0.109427,0.099801,0.109548,0.111747,0.111642,0,0,0,0,0,0,0,0,0,0.0450373,0.0474384,0.0417487,0.0426498,0.0473595,0.0461287,0.110734,0.11183,0.10927,0.1,0.10966,0.111795,0.111227,0,0,0,0,0,0,0,0,0,1,1,1,1,1,1,1,1,1,1,1,1,1,0,0,0,0,0,0,0,0,0,1,1,1,1,1,1,1,1,1,1,1,1,1,0,0,0,0,0,0,0,0,0,1,0,0,0,0,0,0,0,0,0,0,0,0,0,0,0,0,0,0,0,0,0,0,13,0,0,0,0,0,0,0,0,0,0,0,0,0,0,0,0,0,0,0,0,0,0,0,0,0,0,0,0,0,0,0,0,0,0,0,0,0,0,0,0,0,0,0,0,0,0,0,0
-0.204098,0.379648,0.925715,0,0,0,0,-1.22824e-08,-3.40502e-08,-1.79227e-08,561,145,146,560,562,586,587,1738,1739,2153,2154,2155,2179,2180,0,0,0,0,0,0,0,0,0,145,146,560,562,586,587,1738,1739,2153,2154,2155,2179,2180,0,0,0,0,0,0,0,0,0,0.0464284,0.048657,0.042131,0.0430375,0.0485118,0.0474107,0.111209,0.111965,0.109778,0.0998319,0.109953,0.112239,0.111841,0,0,0,0,0,0,0,0,0,0.0456517,0.0484048,0.0426498,0.0434859,0.0484008,0.0467103,0.111012,0.112294,0.109657,0.1,0.110024,0.112292,0.111496,0,0,0,0,0,0,0,0,0,1,1,1,1,1,1,1,1,1,1,1,1,1,0,0,0,0,0,0,0,0,0,1,1,1,1,1,1,1,1,1,1,1,1,1,0,0,0,0,0,0,0,0,0,1,0,0,0,0,0,0,0,0,0,0,0,0,0,0,0,0,0,0,0,0,0,0,13,0,0,0,0,0,0,0,0,0,0,0,0,0,0,0,0,0,0,0,0,0,0,0,0,0,0,0,0,0,0,0,0,0,0,0,0,0,0,0,0,0,0,0,0,0,0,0,0
-0.240823,0.357376,0.922979,0,0,0,0,-1.61346e-08,-3.02343e-08,-1.00142e-08,562,146,147,561,563,587,588,1739,1740,2154,2155,2156,2180,2181,0,0,0,0,0,0,0,0,0,146,147,561,563,587,588,1739,1740,2154,2155,2156,2180,2181,0,0,0,0,0,0,0,0,0,0.0466141,0.0496428,0.0430375,0.0438676,0.0496024,0.0474931,0.111371,0.112468,0.110122,0.0998627,0.110331,0.112702,0.111953,0,0,0,0,0,0,0,0,0,0.0461427,0.0492969,0.0434859,0.0442462,0.0493431,0.0471134,0.111235,0.11273,0.110023,0.1,0.11036,0.112749,0.111683,0,0,0,0,0,0,0,0,0,1,1,1,1,1,1,1,1,1,1,1,1,1,0,0,0,0,0,0,0,0,0,1,1,1,1,1,1,1,1,1,1,1,1,1,0,0,0,0,0,0,0,0,0,1,0,0,0,0,0,0,0,0,0,0,0,0,0,0,0,0,0,0,0,0,0,0,13,0,0,0,0,0,0,0,0,0,0,0,0,0,0,0,0,0,0,0,0,0,0,0,0,0,0,0,0,0,0,0,0,0,0,0,0,0,0,0,0,0,0,0,0,0,0,0,0
-0.277593,0.334253,0.916849,0,0,0,0,-2.07523e-08,-2.66173e-08,-1.46119e-09,563,147,148,562,564,588,589,1740,1741,2155,2156,2157,2181,2182,0,0,0,0,0,0,0,0,0,147,148,562,564,588,589,1740,1741,2155,2156,2157,2181,2182,0,0,0,0,0,0,0,0,0,0.0467126,0.0504859,0.0438676,0.0445791,0.0504686,0.0474404,0.111489,0.112917,0.110444,0.0998965,0.110661,0.113094,0.111998,0,0,0,0,0,0,0,0,0,0.046523,0.0501079,0.0442462,0.0448965,0.0501414,0.0473477,0.111408,0.113131,0.110361,0.1,0.110651,0.113142,0.111792,0,0,0,0,0,0,0,0,0,1,1,1,1,1,1,1,1,1,1,1,1,1,0,0,0,0,0,0,0,0,0,1,1,1,1,1,1,1,1,1,1,1,1,1,0,0,0,0,0,0,0,0,0,1,0,0,0,0,0,0,0,0,0,0,0,0,0,0,0,0,0,0,0,0,0,0,13,0,0,0,0,0,0,0,0,0,0,0,0,0,0,0,0,0,0,0,0,0,0,0,0,0,0,0,0,0,0,0,0,0,0,0,0,0,0,0,0,0,0,0,0,0,0,0,0
-0.314069,0.310428,0.907404,0,0,0,0,-2.61924e-08,-2.32276e-08,7.64588e-09,564,148,149,563,565,589,590,1741,1742,2156,2157,2158,2182,2183,0,0,0,0,0,0,0,0,0,148,149,563,565,589,590,1741,1742,2156,2157,2158,2182,2183,0,0,0,0,0,0,0,0,0,0.0467846,0.0512404,0.0445791,0.0451077,0.0510813,0.0472915,0.111587,0.113331,0.110729,0.0999284,0.110908,0.113389,0.111985,0,0,0,0,0,0,0,0,0,0.0468333,0.0508743,0.0448965,0.0453765,0.0507488,0.0474312,0.111549,0.113516,0.110654,0.1,0.110867,0.113445,0.11183,0,0,0,0,0,0,0,0,0,1,1,1,1,1,1,1,1,1,1,1,1,1,0,0,0,0,0,0,0,0,0,1,1,1,1,1,1,1,1,1,1,1,1,1,0,0,0,0,0,0,0,0,0,1,0,0,0,0,0,0,0,0,0,0,0,0,0,0,0,0,0,0,0,0,0,0,13,0,0,0,0,0,0,0,0,0,0,0,0,0,0,0,0,0,0,0,0,0,0,0,0,0,0,0,0,0,0,0,0,0,0,0,0,0,0,0,0,0,0,0,0,0,0,0,0
-0.349855,0.286005,0.894851,0,0,0,0,-3.24787e-08,-2.00915e-08,1.71882e-08,565,149,150,564,566,590,591,1742,1743,2157,2158,2159,2183,2184,0,0,0,0,0,0,0,0,0,149,150,564,566,590,591,1742,1743,2157,2158,2159,2183,2184,0,0,0,0,0,0,0,0,0,0.046945,0.0520586,0.0451077,0.0451887,0.0514007,0.0470403,0.111719,0.113787,0.110943,0.0999559,0.110946,0.113555,0.111904,0,0,0,0,0,0,0,0,0,0.0471791,0.0517317,0.0453765,0.0454232,0.0511015,0.0473482,0.111708,0.11395,0.110872,0.1,0.110888,0.113622,0.111789,0,0,0,0,0,0,0,0,0,1,1,1,1,1,1,1,1,1,1,1,1,1,0,0,0,0,0,0,0,0,0,1,1,1,1,1,1,1,1,1,1,1,1,1,0,0,0,0,0,0,0,0,0,1,0,0,0,0,0,0,0,0,0,0,0,0,0,0,0,0,0,0,0,0,0,0,13,0,0,0,0,0,0,0,0,0,0,0,0,0,0,0,0,0,0,0,0,0,0,0,0,0,0,0,0,0,0,0,0,0,0,0,0,0,0,0,0,0,0,0,0,0,0,0,0
-0.384343,0.261061,0.879672,0,0,0,0,-3.95556e-08,-1.7245e-08,2.6985e-08,566,150,151,565,567,591,592,1743,1744,2158,2159,2160,2184,2185,0,0,0,0,0,0,0,0,0,150,151,565,567,591,592,1743,1744,2158,2159,2160,2184,2185,0,0,0,0,0,0,0,0,0,0.0474037,0.0519373,0.0451887,0.0429911,0.0512296,0.046389,0.111987,0.113774,0.110964,0.0999792,0.10995,0.113484,0.111612,0,0,0,0,0,0,0,0,0,0.0477627,0.0516721,0.0454232,0.0431847,0.0509842,0.0468033,0.111981,0.113922,0.110893,0.1,0.109888,0.113564,0.111533,0,0,0,0,0,0,0,0,0,1,1,1,1,1,1,1,1,1,1,1,1,1,0,0,0,0,0,0,0,0,0,1,1,1,1,1,1,1,1,1,1,1,1,1,0,0,0,0,0,0,0,0,0,1,0,0,0,0,0,0,0,0,0,0,0,0,0,0,0,0,0,0,0,0,0,0,13,0,0,0,0,0,0,0,0,0,0,0,0,0,0,0,0,0,0,0,0,0,0,0,0,0,0,0,0,0,0,0,0,0,0,0,0,0,0,0,0,0,0,0,0,0,0,0,0
-0.41605,0.237924,0.862135,0,0,0,0,-4.71078e-08,-1.48782e-08,3.63085e-08,567,151,152,566,568,592,593,1744,1745,2159,2160,2161,2185,2186,0,0,0,0,0,0,0,0,0,151,152,566,568,592,593,1744,1745,2159,2160,2161,2185,2186,0,0,0,0,0,0,0,0,0,0.0471002,0.0517623,0.0429911,0.0426365,0.0509973,0.0463622,0.111865,0.113721,0.109958,0.0999955,0.109788,0.113394,0.111618,0,0,0,0,0,0,0,0,0,0.0475348,0.05155,0.0431847,0.0428047,0.0508128,0.0468425,0.111871,0.113861,0.109893,0.1,0.109723,0.113479,0.11155,0,0,0,0,0,0,0,0,0,1,1,1,1,1,1,1,1,1,1,1,1,1,0,0,0,0,0,0,0,0,0,1,1,1,1,1,1,1,1,1,1,1,1,1,0,0,0,0,0,0,0,0,0,1,0,0,0,0,0,0,0,0,0,0,0,0,0,0,0,0,0,0,0,0,0,0,13,0,0,0,0,0,0,0,0,0,0,0,0,0,0,0,0,0,0,0,0,0,0,0,0,0,0,0,0,0,0,0,0,0,0,0,0,0,0,0,0,0,0,0,0,0,0,0,0
-0.446228,0.215352,0.842193,0,0,0,0,-5.53393e-08,-1.28245e-08,4.55372e-08,568,152,153,567,569,593,594,1745,1746,2160,2161,2162,2186,2187,0,0,0,0,0,0,0,0,0,152,153,567,569,593,594,1745,1746,2160,2161,2162,2186,2187,0,0,0,0,0,0,0,0,0,0.0464777,0.0513666,0.0426365,0.043366,0.0510627,0.0451824,0.111585,0.113548,0.10978,0.100005,0.11009,0.113453,0.111091,0,0,0,0,0,0,0,0,0,0.0469608,0.0511914,0.0428047,0.0435076,0.0509251,0.0457096,0.111599,0.11368,0.109727,0.1,0.110031,0.113535,0.111024,0,0,0,0,0,0,0,0,0,1,1,1,1,1,1,1,1,1,1,1,1,1,0,0,0,0,0,0,0,0,0,1,1,1,1,1,1,1,1,1,1,1,1,1,0,0,0,0,0,0,0,0,0,1,0,0,0,0,0,0,0,0,0,0,0,0,0,0,0,0,0,0,0,0,0,0,13,0,0,0,0,0,0,0,0,0,0,0,0,0,0,0,0,0,0,0,0,0,0,0,0,0,0,0,0,0,0,0,0,0,0,0,0,0,0,0,0,0,0,0,0,0,0,0,0
-0.475525,0.192822,0.819506,0,0,0,0,-6.44337e-08,-1.10165e-08,5.48113e-08,569,153,154,568,570,594,595,1746,1747,2161,2162,2163,2187,2188,0,0,0,0,0,0,0,0,0,153,154,568,570,594,595,1746,1747,2161,2162,2163,2187,2188,0,0,0,0,0,0,0,0,0,0.045659,0.0506166,0.043366,0.0460698,0.0499273,0.0443833,0.111217,0.113199,0.110077,0.100011,0.111281,0.112914,0.110733,0,0,0,0,0,0,0,0,0,0.046172,0.0504654,0.0435076,0.04617,0.0498205,0.0449389,0.11123,0.113317,0.110035,0.1,0.111234,0.112988,0.110672,0,0,0,0,0,0,0,0,0,1,1,1,1,1,1,1,1,1,1,1,1,1,0,0,0,0,0,0,0,0,0,1,1,1,1,1,1,1,1,1,1,1,1,1,0,0,0,0,0,0,0,0,0,1,0,0,0,0,0,0,0,0,0,0,0,0,0,0,0,0,0,0,0,0,0,0,13,0,0,0,0,0,0,0,0,0,0,0,0,0,0,0,0,0,0,0,0,0,0,0,0,0,0,0,0,0,0,0,0,0,0,0,0,0,0,0,0,0,0,0,0,0,0,0,0
-0.505076,0.169693,0.792781,0,0,0,0,-7.4879e-08,-9.40138e-09,6.44114e-08,570,154,155,569,571,595,596,1747,1748,2162,2163,2164,2188,2189,0,0,0,0,0,0,0,0,0,154,155,569,571,595,596,1747,1748,2162,2163,2164,2188,2189,0,0,0,0,0,0,0,0,0,0.0447845,0.0490455,0.0460698,0.046105,0.0494835,0.0438813,0.110831,0.11246,0.111267,0.100014,0.111282,0.112707,0.110493,0,0,0,0,0,0,0,0,0,0.0453166,0.048917,0.04617,0.0461947,0.0493887,0.0444346,0.110837,0.112557,0.111237,0.1,0.111246,0.112776,0.110444,0,0,0,0,0,0,0,0,0,1,1,1,1,1,1,1,1,1,1,1,1,1,0,0,0,0,0,0,0,0,0,1,1,1,1,1,1,1,1,1,1,1,1,1,0,0,0,0,0,0,0,0,0,1,0,0,0,0,0,0,0,0,0,0,0,0,0,0,0,0,0,0,0,0,0,0,13,0,0,0,0,0,0,0,0,0,0,0,0,0,0,0,0,0,0,0,0,0,0,0,0,0,0,0,0,0,0,0,0,0,0,0,0,0,0,0,0,0,0,0,0,0,0,0,0
-0.532752,0.146307,0.764272,0,0,0,0,-8.59922e-08,-7.96567e-09,7.37145e-08,571,155,156,570,572,596,597,1748,1749,2163,2164,2165,2189,2190,0,0,0,0,0,0,0,0,0,155,156,570,572,596,597,1748,1749,2163,2164,2165,2189,2190,0,0,0,0,0,0,0,0,0,0.043497,0.047654,0.046105,0.045717,0.0484799,0.0431342,0.110255,0.111819,0.111271,0.100015,0.111086,0.112231,0.110141,0,0,0,0,0,0,0,0,0,0.0440149,0.0475457,0.0461947,0.0457933,0.0483952,0.0436669,0.110251,0.111898,0.111249,0.1,0.111063,0.112294,0.110101,0,0,0,0,0,0,0,0,0,1,1,1,1,1,1,1,1,1,1,1,1,1,0,0,0,0,0,0,0,0,0,1,1,1,1,1,1,1,1,1,1,1,1,1,0,0,0,0,0,0,0,0,0,1,0,0,0,0,0,0,0,0,0,0,0,0,0,0,0,0,0,0,0,0,0,0,13,0,0,0,0,0,0,0,0,0,0,0,0,0,0,0,0,0,0,0,0,0,0,0,0,0,0,0,0,0,0,0,0,0,0,0,0,0,0,0,0,0,0,0,0,0,0,0,0
-0.558304,0.123175,0.734238,0,0,0,0,-9.76068e-08,-6.7059e-09,8.25125e-08,572,156,157,571,573,597,598,1749,1750,2164,2165,2166,2190,2191,0,0,0,0,0,0,0,0,0,156,157,571,573,597,598,1749,1750,2164,2165,2166,2190,2191,0,0,0,0,0,0,0,0,0,0.04246,0.0463276,0.045717,0.0451119,0.0473047,0.0423287,0.109793,0.111219,0.11108,0.100014,0.110794,0.111683,0.109767,0,0,0,0,0,0,0,0,0,0.0429517,0.0462358,0.0457933,0.0451742,0.0472301,0.04283,0.109783,0.111283,0.111064,0.1,0.110781,0.11174,0.109733,0,0,0,0,0,0,0,0,0,1,1,1,1,1,1,1,1,1,1,1,1,1,0,0,0,0,0,0,0,0,0,1,1,1,1,1,1,1,1,1,1,1,1,1,0,0,0,0,0,0,0,0,0,1,0,0,0,0,0,0,0,0,0,0,0,0,0,0,0,0,0,0,0,0,0,0,13,0,0,0,0,0,0,0,0,0,0,0,0,0,0,0,0,0,0,0,0,0,0,0,0,0,0,0,0,0,0,0,0,0,0,0,0,0,0,0,0,0,0,0,0,0,0,0,0
-0.581634,0.100543,0.702955,0,0,0,0,-1.09586e-07,-5.58585e-09,9.06773e-08,573,157,158,572,574,598,599,1750,1751,2165,2166,2167,2191,2192,0,0,0,0,0,0,0,0,0,157,158,572,574,598,599,1750,1751,2165,2166,2167,2191,2192,0,0,0,0,0,0,0,0,0,0.0415306,0.0450082,0.0451119,0.0443281,0.0460449,0.0414982,0.109381,0.110635,0.110789,0.100013,0.110428,0.111107,0.109387,0,0,0,0,0,0,0,0,0,0.0419895,0.0449292,0.0451742,0.044378,0.0459791,0.0419627,0.109368,0.110684,0.110782,0.1,0.110424,0.111156,0.109359,0,0,0,0,0,0,0,0,0,1,1,1,1,1,1,1,1,1,1,1,1,1,0,0,0,0,0,0,0,0,0,1,1,1,1,1,1,1,1,1,1,1,1,1,0,0,0,0,0,0,0,0,0,1,0,0,0,0,0,0,0,0,0,0,0,0,0,0,0,0,0,0,0,0,0,0,13,0,0,0,0,0,0,0,0,0,0,0,0,0,0,0,0,0,0,0,0,0,0,0,0,0,0,0,0,0,0,0,0,0,0,0,0,0,0,0,0,0,0,0,0,0,0,0,0
-0.602696,0.0785689,0.670729,0,0,0,0,-1.21794e-07,-4.55429e-09,9.8113e-08,574,158,159,573,575,599,600,1751,1752,2166,2167,2168,2192,2193,0,0,0,0,0,0,0,0,0,158,159,573,575,599,600,1751,1752,2166,2167,2168,2192,2193,0,0,0,0,0,0,0,0,0,0.0406494,0.0436857,0.0443281,0.0434009,0.0447294,0.0406523,0.108994,0.110062,0.110423,0.100011,0.110007,0.110519,0.109007,0,0,0,0,0,0,0,0,0,0.0410724,0.0436174,0.044378,0.0434414,0.0446713,0.0410771,0.108979,0.110096,0.110423,0.1,0.11001,0.11056,0.108983,0,0,0,0,0,0,0,0,0,1,1,1,1,1,1,1,1,1,1,1,1,1,0,0,0,0,0,0,0,0,0,1,1,1,1,1,1,1,1,1,1,1,1,1,0,0,0,0,0,0,0,0,0,1,0,0,0,0,0,0,0,0,0,0,0,0,0,0,0,0,0,0,0,0,0,0,13,0,0,0,0,0,0,0,0,0,0,0,0,0,0,0,0,0,0,0,0,0,0,0,0,0,0,0,0,0,0,0,0,0,0,0,0,0,0,0,0,0,0,0,0,0,0,0,0
-0.621493,0.0573625,0.637857,0,0,0,0,-1.34107e-07,-3.55328e-09,1.04745e-07,575,159,160,574,576,600,601,1752,1753,2167,2168,2169,2193,2194,0,0,0,0,0,0,0,0,0,159,160,574,576,600,601,1752,1753,2167,2168,2169,2193,2194,0,0,0,0,0,0,0,0,0,0.0397933,0.04236,0.0434009,0.0423552,0.0433733,0.0397963,0.108624,0.109501,0.110001,0.100009,0.109542,0.109928,0.108629,0,0,0,0,0,0,0,0,0,0.0401782,0.0423027,0.0434414,0.0423881,0.0433234,0.04018,0.108607,0.109521,0.110008,0.1,0.109552,0.10996,0.108609,0,0,0,0,0,0,0,0,0,1,1,1,1,1,1,1,1,1,1,1,1,1,0,0,0,0,0,0,0,0,0,1,1,1,1,1,1,1,1,1,1,1,1,1,0,0,0,0,0,0,0,0,0,1,0,0,0,0,0,0,0,0,0,0,0,0,0,0,0,0,0,0,0,0,0,0,13,0,0,0,0,0,0,0,0,0,0,0,0,0,0,0,0,0,0,0,0,0,0,0,0,0,0,0,0,0,0,0,0,0,0,0,0,0,0,0,0,0,0,0,0,0,0,0,0
-0.63806,0.0369971,0.604619,0,0,0,0,-1.46421e-07,-2.51403e-09,1.10505e-07,576,160,161,575,577,601,602,1753,1754,2168,2169,2170,2194,2195,0,0,0,0,0,0,0,0,0,160,161,575,577,601,602,1753,1754,2168,2169,2170,2194,2195,0,0,0,0,0,0,0,0,0,0.0389565,0.0410424,0.0423552,0.0412158,0.0419891,0.0389374,0.108269,0.10895,0.109539,0.100007,0.109049,0.10934,0.108258,0,0,0,0,0,0,0,0,0,0.0393012,0.040996,0.0423881,0.0412408,0.0419498,0.0392794,0.108249,0.108964,0.10955,0.1,0.109065,0.109364,0.108241,0,0,0,0,0,0,0,0,0,1,1,1,1,1,1,1,1,1,1,1,1,1,0,0,0,0,0,0,0,0,0,1,1,1,1,1,1,1,1,1,1,1,1,1,0,0,0,0,0,0,0,0,0,1,0,0,0,0,0,0,0,0,0,0,0,0,0,0,0,0,0,0,0,0,0,0,13,0,0,0,0,0,0,0,0,0,0,0,0,0,0,0,0,0,0,0,0,0,0,0,0,0,0,0,0,0,0,0,0,0,0,0,0,0,0,0,0,0,0,0,0,0,0,0,0
-0.652468,0.0175165,0.571278,0,0,0,0,-1.5864e-07,-1.39058e-09,1.15389e-07,577,161,162,576,578,602,603,1754,1755,2169,2170,2171,2195,2196,0,0,0,0,0,0,0,0,0,161,162,576,578,602,603,1754,1755,2169,2170,2171,2195,2196,0,0,0,0,0,0,0,0,0,0.0381439,0.0397437,0.0412158,0.0400066,0.0405868,0.038086,0.107924,0.10842,0.109049,0.100006,0.108542,0.108763,0.107899,0,0,0,0,0,0,0,0,0,0.0384461,0.0397125,0.0412408,0.0400232,0.0405625,0.0383872,0.107906,0.108432,0.109062,0.1,0.108559,0.108778,0.107883,0,0,0,0,0,0,0,0,0,1,1,1,1,1,1,1,1,1,1,1,1,1,0,0,0,0,0,0,0,0,0,1,1,1,1,1,1,1,1,1,1,1,1,1,0,0,0,0,0,0,0,0,0,1,0,0,0,0,0,0,0,0,0,0,0,0,0,0,0,0,0,0,0,0,0,0,13,0,0,0,0,0,0,0,0,0,0,0,0,0,0,0,0,0,0,0,0,0,0,0,0,0,0,0,0,0,0,0,0,0,0,0,0,0,0,0,0,0,0,0,0,0,0,0,0
-0.664812,-0.00106362,0.538067,0,0,0,0,-1.70705e-07,-1.77334e-10,1.19439e-07,578,162,163,577,579,603,604,1755,1756,2170,2171,2172,2196,2197,0,0,0,0,0,0,0,0,0,162,163,577,579,603,604,1755,1756,2170,2171,2172,2196,2197,0,0,0,0,0,0,0,0,0,0.0373704,0.0384747,0.0400066,0.03876,0.0391724,0.0372574,0.107596,0.107921,0.108542,0.100006,0.108031,0.108198,0.107561,0,0,0,0,0,0,0,0,0,0.0376279,0.0384717,0.0400232,0.0387624,0.0391704,0.0375232,0.107584,0.107931,0.108556,0.1,0.108049,0.108208,0.107543,0,0,0,0,0,0,0,0,0,1,1,1,1,1,1,1,1,1,1,1,1,1,0,0,0,0,0,0,0,0,0,1,1,1,1,1,1,1,1,1,1,1,1,1,0,0,0,0,0,0,0,0,0,1,0,0,0,0,0,0,0,0,0,0,0,0,0,0,0,0,0,0,0,0,0,0,13,0,0,0,0,0,0,0,0,0,0,0,0,0,0,0,0,0,0,0,0,0,0,0,0,0,0,0,0,0,0,0,0,0,0,0,0,0,0,0,0,0,0,0,0,0,0,0,0
-0.675214,-0.0187482,0.505183,0,0,0,0,-1.82624e-07,1.18194e-09,1.22581e-07,579,163,164,578,604,605,1756,1757,2171,2172,2197,2198,0,0,0,0,0,0,0,0,0,0,0,163,164,578,604,605,1756,1757,2171,2172,2197,2198,0,0,0,0,0,0,0,0,0,0,0,0.0366483,0.0372967,0.03876,0.0377587,0.0364789,0.107288,0.107446,0.108029,0.100002,0.107653,0.107268,0,0,0,0,0,0,0,0,0,0,0,0.0368785,0.0372999,0.0387624,0.037776,0.036726,0.107295,0.107471,0.108045,0.1,0.107653,0.107236,0,0,0,0,0,0,0,0,0,0,0,1,1,1,1,1,1,1,1,1,1,1,0,0,0,0,0,0,0,0,0,0,0,1,1,1,1,1,1,1,1,1,1,1,0,0,0,0,0,0,0,0,0,0,0,1,0,0,0,0,0,0,0,0,0,0,0,0,0,0,0,0,0,0,0,0,0,0,11,0,0,0,0,0,0,0,0,0,0,0,0,0,0,0,0,0,0,0,0,0,0,0,0,0,0,0,0,0,0,0,0,0,0,0,0,0,0,0,0,0,0,0,0,0,0,0,0
0.0219674,0.462381,0.902661,0,0,0,0,9.30522e-10,-5.21565e-08,-4.40952e-08,580,68,69,554,555,581,606,1661,1662,2147,2148,2173,2174,2199,0,0,0,0,0,0,0,0,0,68,69,554,555,581,606,1661,1662,2147,2148,2173,2174,2199,0,0,0,0,0,0,0,0,0,0.0407873,0.0321837,0.0419109,0.040642,0.0322819,0.0433931,0.109496,0.105916,0.109184,0.109217,0.100245,0.106433,0.110418,0,0,0,0,0,0,0,0,0,0.0413337,0.0332568,0.0431742,0.041249,0.0333967,0.0449708,0.109174,0.106072,0.109917,0.109143,0.1,0.106116,0.110694,0,0,0,0,0,0,0,0,0,1,1,1,1,1,1,1,1,1,1,1,1,1,0,0,0,0,0,0,0,0,0,1,1,1,1,1,1,1,1,1,1,1,1,1,0,0,0,0,0,0,0,0,0,1,0,0,0,0,0,0,0,0,0,0,0,0,0,0,0,0,0,0,0,0,0,0,13,0,0,0,0,0,0,0,0,0,0,0,0,0,0,0,0,0,0,0,0,0,0,0,0,0,0,0,0,0,0,0,0,0,0,0,0,0,0,0,0,0,0,0,0,0,0,0,0
-0.00628413,0.452498,0.914756,0,0,0,0,-2.81522e-10,-4.8978e-08,-4.19951e-08,581,555,556,580,582,606,607,2148,2149,2173,2174,2175,2199,2200,0,0,0,0,0,0,0,0,0,555,556,580,582,606,607,2148,2149,2173,2174,2175,2199,2200,0,0,0,0,0,0,0,0,0,0.0431421,0.0406582,0.0322819,0.0332595,0.0406793,0.0445842,0.109732,0.109183,0.106061,0.100288,0.106815,0.109588,0.111028,0,0,0,0,0,0,0,0,0,0.0445814,0.0414947,0.0333967,0.0343551,0.0414987,0.0464019,0.110543,0.109246,0.106116,0.1,0.106456,0.109241,0.11135,0,0,0,0,0,0,0,0,0,1,1,1,1,1,1,1,1,1,1,1,1,1,0,0,0,0,0,0,0,0,0,1,1,1,1,1,1,1,1,1,1,1,1,1,0,0,0,0,0,0,0,0,0,1,0,0,0,0,0,0,0,0,0,0,0,0,0,0,0,0,0,0,0,0,0,0,13,0,0,0,0,0,0,0,0,0,0,0,0,0,0,0,0,0,0,0,0,0,0,0,0,0,0,0,0,0,0,0,0,0,0,0,0,0,0,0,0,0,0,0,0,0,0,0,0
-0.0349204,0.4402,0.926373,0,0,0,0,-1.56499e-09,-4.55145e-08,-3.9064e-08,582,556,557,581,583,607,608,2149,2150,2174,2175,2176,2200,2201,0,0,0,0,0,0,0,0,0,556,557,581,583,607,608,2149,2150,2174,2175,2176,2200,2201,0,0,0,0,0,0,0,0,0,0.0441797,0.040739,0.0332595,0.0345009,0.0408169,0.0455801,0.110242,0.109214,0.106572,0.100321,0.107314,0.109753,0.111522,0,0,0,0,0,0,0,0,0,0.0459036,0.041855,0.0343551,0.0354377,0.0418641,0.0477951,0.111147,0.109399,0.106456,0.1,0.106851,0.109396,0.112005,0,0,0,0,0,0,0,0,0,1,1,1,1,1,1,1,1,1,1,1,1,1,0,0,0,0,0,0,0,0,0,1,1,1,1,1,1,1,1,1,1,1,1,1,0,0,0,0,0,0,0,0,0,1,0,0,0,0,0,0,0,0,0,0,0,0,0,0,0,0,0,0,0,0,0,0,13,0,0,0,0,0,0,0,0,0,0,0,0,0,0,0,0,0,0,0,0,0,0,0,0,0,0,0,0,0,0,0,0,0,0,0,0,0,0,0,0,0,0,0,0,0,0,0,0
-0.0641312,0.425287,0.937079,0,0,0,0,-3.01865e-09,-4.18445e-08,-3.52961e-08,583,557,558,582,584,608,609,2150,2151,2175,2176,2177,2201,2202,0,0,0,0,0,0,0,0,0,557,558,582,584,608,609,2150,2151,2175,2176,2177,2201,2202,0,0,0,0,0,0,0,0,0,0.0449932,0.0425283,0.0345009,0.0382772,0.041065,0.046468,0.110849,0.109502,0.107298,0.100525,0.108224,0.110018,0.112126,0,0,0,0,0,0,0,0,0,0.0472175,0.0436294,0.0354377,0.0387683,0.0422858,0.0491816,0.111761,0.110043,0.106852,0.1,0.107969,0.109577,0.112672,0,0,0,0,0,0,0,0,0,1,1,1,1,1,1,1,1,1,1,1,1,1,0,0,0,0,0,0,0,0,0,1,1,1,1,1,1,1,1,1,1,1,1,1,0,0,0,0,0,0,0,0,0,1,0,0,0,0,0,0,0,0,0,0,0,0,0,0,0,0,0,0,0,0,0,0,13,0,0,0,0,0,0,0,0,0,0,0,0,0,0,0,0,0,0,0,0,0,0,0,0,0,0,0,0,0,0,0,0,0,0,0,0,0,0,0,0,0,0,0,0,0,0,0,0
-0.0965276,0.40741,0.946878,0,0,0,0,-4.67631e-09,-3.78605e-08,-3.05416e-08,584,558,559,583,585,609,610,2151,2152,2176,2177,2178,2202,2203,0,0,0,0,0,0,0,0,0,558,559,583,585,609,610,2151,2152,2176,2177,2178,2202,2203,0,0,0,0,0,0,0,0,0,0.0458283,0.0458357,0.0382772,0.0417471,0.0431394,0.0473332,0.110554,0.1106,0.10865,0.0995961,0.109359,0.110674,0.111573,0,0,0,0,0,0,0,0,0,0.0444702,0.0462625,0.0387683,0.0422841,0.0443309,0.0457958,0.11048,0.111276,0.108157,0.1,0.109503,0.110501,0.111074,0,0,0,0,0,0,0,0,0,1,1,1,1,1,1,1,1,1,1,1,1,1,0,0,0,0,0,0,0,0,0,1,1,1,1,1,1,1,1,1,1,1,1,1,0,0,0,0,0,0,0,0,0,1,0,0,0,0,0,0,0,0,0,0,0,0,0,0,0,0,0,0,0,0,0,0,13,0,0,0,0,0,0,0,0,0,0,0,0,0,0,0,0,0,0,0,0,0,0,0,0,0,0,0,0,0,0,0,0,0,0,0,0,0,0,0,0,0,0,0,0,0,0,0,0
-0.13239,0.38698,0.953152,0,0,0,0,-6.7553e-09,-3.39696e-08,-2.47551e-08,585,559,560,584,586,610,611,2152,2153,2177,2178,2179,2203,2204,0,0,0,0,0,0,0,0,0,559,560,584,586,610,611,2152,2153,2177,2178,2179,2203,2204,0,0,0,0,0,0,0,0,0,0.0466507,0.0472293,0.0417471,0.042632,0.046788,0.0479932,0.111159,0.111275,0.109683,0.0997759,0.109788,0.111634,0.112083,0,0,0,0,0,0,0,0,0,0.0453756,0.0473595,0.0422841,0.0432284,0.0472983,0.0466963,0.110889,0.111791,0.109499,0.1,0.109913,0.111766,0.111491,0,0,0,0,0,0,0,0,0,1,1,1,1,1,1,1,1,1,1,1,1,1,0,0,0,0,0,0,0,0,0,1,1,1,1,1,1,1,1,1,1,1,1,1,0,0,0,0,0,0,0,0,0,1,0,0,0,0,0,0,0,0,0,0,0,0,0,0,0,0,0,0,0,0,0,0,13,0,0,0,0,0,0,0,0,0,0,0,0,0,0,0,0,0,0,0,0,0,0,0,0,0,0,0,0,0,0,0,0,0,0,0,0,0,0,0,0,0,0,0,0,0,0,0,0
-0.169003,0.365326,0.955991,0,0,0,0,-9.35886e-09,-3.02643e-08,-1.82921e-08,586,560,561,585,587,611,612,2153,2154,2178,2179,2180,2204,2205,0,0,0,0,0,0,0,0,0,560,561,585,587,611,612,2153,2154,2178,2179,2180,2204,2205,0,0,0,0,0,0,0,0,0,0.0471475,0.0485118,0.042632,0.0435536,0.0482698,0.048375,0.111464,0.111864,0.110082,0.0997713,0.110178,0.112255,0.112295,0,0,0,0,0,0,0,0,0,0.0461287,0.0484008,0.0432284,0.0441062,0.0484269,0.0474062,0.111233,0.11229,0.109909,0.1,0.1103,0.112304,0.111823,0,0,0,0,0,0,0,0,0,1,1,1,1,1,1,1,1,1,1,1,1,1,0,0,0,0,0,0,0,0,0,1,1,1,1,1,1,1,1,1,1,1,1,1,0,0,0,0,0,0,0,0,0,1,0,0,0,0,0,0,0,0,0,0,0,0,0,0,0,0,0,0,0,0,0,0,13,0,0,0,0,0,0,0,0,0,0,0,0,0,0,0,0,0,0,0,0,0,0,0,0,0,0,0,0,0,0,0,0,0,0,0,0,0,0,0,0,0,0,0,0,0,0,0,0
-0.206132,0.342573,0.955195,0,0,0,0,-1.25856e-08,-2.67617e-08,-1.11301e-08,587,561,562,586,588,612,613,2154,2155,2179,2180,2181,2205,2206,0,0,0,0,0,0,0,0,0,561,562,586,588,612,613,2154,2155,2179,2180,2181,2205,2206,0,0,0,0,0,0,0,0,0,0.0474107,0.0496024,0.0435536,0.0444244,0.0495676,0.0485092,0.11169,0.112413,0.110417,0.0998157,0.110575,0.112759,0.112444,0,0,0,0,0,0,0,0,0,0.0467103,0.0493431,0.0441062,0.0449085,0.0494659,0.047903,0.111501,0.112749,0.110298,0.1,0.110659,0.112808,0.112057,0,0,0,0,0,0,0,0,0,1,1,1,1,1,1,1,1,1,1,1,1,1,0,0,0,0,0,0,0,0,0,1,1,1,1,1,1,1,1,1,1,1,1,1,0,0,0,0,0,0,0,0,0,1,0,0,0,0,0,0,0,0,0,0,0,0,0,0,0,0,0,0,0,0,0,0,13,0,0,0,0,0,0,0,0,0,0,0,0,0,0,0,0,0,0,0,0,0,0,0,0,0,0,0,0,0,0,0,0,0,0,0,0,0,0,0,0,0,0,0,0,0,0,0,0
-0.243491,0.318947,0.950759,0,0,0,0,-1.6515e-08,-2.34645e-08,-3.30854e-09,588,562,563,587,589,613,614,2155,2156,2180,2181,2182,2206,2207,0,0,0,0,0,0,0,0,0,562,563,587,589,613,614,2155,2156,2180,2181,2182,2206,2207,0,0,0,0,0,0,0,0,0,0.0474931,0.0504686,0.0444244,0.0452028,0.0505916,0.0484442,0.111817,0.112872,0.11075,0.0998566,0.110937,0.113203,0.112491,0,0,0,0,0,0,0,0,0,0.0471134,0.0501414,0.0449085,0.0456103,0.0503546,0.0481817,0.111686,0.113145,0.110659,0.1,0.110977,0.113247,0.112189,0,0,0,0,0,0,0,0,0,1,1,1,1,1,1,1,1,1,1,1,1,1,0,0,0,0,0,0,0,0,0,1,1,1,1,1,1,1,1,1,1,1,1,1,0,0,0,0,0,0,0,0,0,1,0,0,0,0,0,0,0,0,0,0,0,0,0,0,0,0,0,0,0,0,0,0,13,0,0,0,0,0,0,0,0,0,0,0,0,0,0,0,0,0,0,0,0,0,0,0,0,0,0,0,0,0,0,0,0,0,0,0,0,0,0,0,0,0,0,0,0,0,0,0,0
-0.280744,0.29463,0.942748,0,0,0,0,-2.12168e-08,-2.03862e-08,5.10351e-09,589,563,564,588,590,614,615,2156,2157,2181,2182,2183,2207,2208,0,0,0,0,0,0,0,0,0,563,564,588,590,614,615,2156,2157,2181,2182,2183,2207,2208,0,0,0,0,0,0,0,0,0,0.0474404,0.0510813,0.0452028,0.0458009,0.0513052,0.0482261,0.111872,0.11322,0.111053,0.0998983,0.111219,0.113532,0.112455,0,0,0,0,0,0,0,0,0,0.0473477,0.0507488,0.0456103,0.0461393,0.0510249,0.048254,0.111792,0.113451,0.110979,0.1,0.111219,0.113582,0.112222,0,0,0,0,0,0,0,0,0,1,1,1,1,1,1,1,1,1,1,1,1,1,0,0,0,0,0,0,0,0,0,1,1,1,1,1,1,1,1,1,1,1,1,1,0,0,0,0,0,0,0,0,0,1,0,0,0,0,0,0,0,0,0,0,0,0,0,0,0,0,0,0,0,0,0,0,13,0,0,0,0,0,0,0,0,0,0,0,0,0,0,0,0,0,0,0,0,0,0,0,0,0,0,0,0,0,0,0,0,0,0,0,0,0,0,0,0,0,0,0,0,0,0,0,0
-0.31749,0.269785,0.93134,0,0,0,0,-2.6733e-08,-1.75441e-08,1.39987e-08,590,564,565,589,591,615,616,2157,2158,2182,2183,2184,2208,2209,0,0,0,0,0,0,0,0,0,564,565,589,591,615,616,2157,2158,2182,2183,2184,2208,2209,0,0,0,0,0,0,0,0,0,0.0472915,0.0514007,0.0458009,0.0460577,0.0516611,0.0478764,0.111868,0.113428,0.111289,0.0999352,0.111341,0.113709,0.112337,0,0,0,0,0,0,0,0,0,0.0474312,0.0511015,0.0461393,0.0463419,0.0513986,0.048124,0.111828,0.113631,0.111223,0.1,0.111311,0.113771,0.112159,0,0,0,0,0,0,0,0,0,1,1,1,1,1,1,1,1,1,1,1,1,1,0,0,0,0,0,0,0,0,0,1,1,1,1,1,1,1,1,1,1,1,1,1,0,0,0,0,0,0,0,0,0,1,0,0,0,0,0,0,0,0,0,0,0,0,0,0,0,0,0,0,0,0,0,0,13,0,0,0,0,0,0,0,0,0,0,0,0,0,0,0,0,0,0,0,0,0,0,0,0,0,0,0,0,0,0,0,0,0,0,0,0,0,0,0,0,0,0,0,0,0,0,0,0
-0.353216,0.244573,0.916871,0,0,0,0,-3.30555e-08,-1.49599e-08,2.32208e-08,591,565,566,590,592,616,617,2158,2159,2183,2184,2185,2209,2210,0,0,0,0,0,0,0,0,0,565,566,590,592,616,617,2158,2159,2183,2184,2185,2209,2210,0,0,0,0,0,0,0,0,0,0.0470403,0.0512296,0.0460577,0.0455678,0.0515751,0.0473152,0.111803,0.113395,0.111379,0.0999648,0.111111,0.113677,0.112096,0,0,0,0,0,0,0,0,0,0.0473482,0.0509842,0.0463419,0.0458132,0.051361,0.0477087,0.111785,0.113574,0.111317,0.1,0.111067,0.113753,0.11196,0,0,0,0,0,0,0,0,0,1,1,1,1,1,1,1,1,1,1,1,1,1,0,0,0,0,0,0,0,0,0,1,1,1,1,1,1,1,1,1,1,1,1,1,0,0,0,0,0,0,0,0,0,1,0,0,0,0,0,0,0,0,0,0,0,0,0,0,0,0,0,0,0,0,0,0,13,0,0,0,0,0,0,0,0,0,0,0,0,0,0,0,0,0,0,0,0,0,0,0,0,0,0,0,0,0,0,0,0,0,0,0,0,0,0,0,0,0,0,0,0,0,0,0,0
-0.387182,0.219398,0.899873,0,0,0,0,-4.00742e-08,-1.26771e-08,3.25083e-08,592,566,567,591,593,617,618,2159,2160,2184,2185,2186,2210,2211,0,0,0,0,0,0,0,0,0,566,567,591,593,617,618,2159,2160,2184,2185,2186,2210,2211,0,0,0,0,0,0,0,0,0,0.046389,0.0509973,0.0455678,0.0442477,0.0509142,0.046232,0.111544,0.113327,0.111131,0.0999873,0.110492,0.113366,0.111594,0,0,0,0,0,0,0,0,0,0.0468033,0.0508128,0.0458132,0.0444513,0.0507595,0.0467113,0.111528,0.11349,0.111073,0.1,0.11045,0.113452,0.111489,0,0,0,0,0,0,0,0,0,1,1,1,1,1,1,1,1,1,1,1,1,1,0,0,0,0,0,0,0,0,0,1,1,1,1,1,1,1,1,1,1,1,1,1,0,0,0,0,0,0,0,0,0,1,0,0,0,0,0,0,0,0,0,0,0,0,0,0,0,0,0,0,0,0,0,0,13,0,0,0,0,0,0,0,0,0,0,0,0,0,0,0,0,0,0,0,0,0,0,0,0,0,0,0,0,0,0,0,0,0,0,0,0,0,0,0,0,0,0,0,0,0,0,0,0
-0.418937,0.195447,0.880487,0,0,0,0,-4.76766e-08,-1.07543e-08,4.15292e-08,593,567,568,592,594,618,619,2160,2161,2185,2186,2187,2211,2212,0,0,0,0,0,0,0,0,0,567,568,592,594,618,619,2160,2161,2185,2186,2187,2211,2212,0,0,0,0,0,0,0,0,0,0.0463622,0.0510627,0.0442477,0.044624,0.0501185,0.0449137,0.111554,0.113393,0.110508,0.100002,0.110634,0.113001,0.110997,0,0,0,0,0,0,0,0,0,0.0468425,0.0509251,0.0444513,0.0447808,0.0500191,0.045452,0.111544,0.113546,0.110455,0.1,0.110599,0.113085,0.110907,0,0,0,0,0,0,0,0,0,1,1,1,1,1,1,1,1,1,1,1,1,1,0,0,0,0,0,0,0,0,0,1,1,1,1,1,1,1,1,1,1,1,1,1,0,0,0,0,0,0,0,0,0,1,0,0,0,0,0,0,0,0,0,0,0,0,0,0,0,0,0,0,0,0,0,0,13,0,0,0,0,0,0,0,0,0,0,0,0,0,0,0,0,0,0,0,0,0,0,0,0,0,0,0,0,0,0,0,0,0,0,0,0,0,0,0,0,0,0,0,0,0,0,0,0
-0.449905,0.173,0.857498,0,0,0,0,-5.61631e-08,-9.14206e-09,5.05286e-08,594,568,569,593,595,619,620,2161,2162,2186,2187,2188,2212,2213,0,0,0,0,0,0,0,0,0,568,569,593,595,619,620,2161,2162,2186,2187,2188,2212,2213,0,0,0,0,0,0,0,0,0,0.0451824,0.0499273,0.044624,0.0463755,0.05028,0.0445937,0.111022,0.112859,0.110645,0.100012,0.111408,0.113106,0.110859,0,0,0,0,0,0,0,0,0,0.0457096,0.0498205,0.0447808,0.0464904,0.0502139,0.0451677,0.111018,0.112998,0.110603,0.1,0.111383,0.113181,0.110776,0,0,0,0,0,0,0,0,0,1,1,1,1,1,1,1,1,1,1,1,1,1,0,0,0,0,0,0,0,0,0,1,1,1,1,1,1,1,1,1,1,1,1,1,0,0,0,0,0,0,0,0,0,1,0,0,0,0,0,0,0,0,0,0,0,0,0,0,0,0,0,0,0,0,0,0,13,0,0,0,0,0,0,0,0,0,0,0,0,0,0,0,0,0,0,0,0,0,0,0,0,0,0,0,0,0,0,0,0,0,0,0,0,0,0,0,0,0,0,0,0,0,0,0,0
-0.480526,0.150274,0.831106,0,0,0,0,-6.57658e-08,-7.70791e-09,5.9731e-08,595,569,570,594,596,620,621,2162,2163,2187,2188,2189,2213,2214,0,0,0,0,0,0,0,0,0,569,570,594,596,620,621,2162,2163,2187,2188,2189,2213,2214,0,0,0,0,0,0,0,0,0,0.0443833,0.0494835,0.0463755,0.0470486,0.0501946,0.044381,0.110673,0.112664,0.111418,0.100017,0.111705,0.113078,0.110752,0,0,0,0,0,0,0,0,0,0.0449389,0.0493887,0.0464904,0.0471455,0.0501383,0.0449647,0.110667,0.112785,0.111387,0.1,0.111691,0.113143,0.110683,0,0,0,0,0,0,0,0,0,1,1,1,1,1,1,1,1,1,1,1,1,1,0,0,0,0,0,0,0,0,0,1,1,1,1,1,1,1,1,1,1,1,1,1,0,0,0,0,0,0,0,0,0,1,0,0,0,0,0,0,0,0,0,0,0,0,0,0,0,0,0,0,0,0,0,0,13,0,0,0,0,0,0,0,0,0,0,0,0,0,0,0,0,0,0,0,0,0,0,0,0,0,0,0,0,0,0,0,0,0,0,0,0,0,0,0,0,0,0,0,0,0,0,0,0
-0.509734,0.127131,0.802386,0,0,0,0,-7.62076e-08,-6.42168e-09,6.88435e-08,596,570,571,595,597,621,622,2163,2164,2188,2189,2190,2214,2215,0,0,0,0,0,0,0,0,0,570,571,595,597,621,622,2163,2164,2188,2189,2190,2214,2215,0,0,0,0,0,0,0,0,0,0.0438813,0.0484799,0.0470486,0.0469513,0.0494495,0.0438701,0.110453,0.112202,0.111717,0.100019,0.111642,0.112719,0.110501,0,0,0,0,0,0,0,0,0,0.0444346,0.0483952,0.0471455,0.0470295,0.0493989,0.0444399,0.110439,0.112303,0.111693,0.1,0.111638,0.11278,0.110446,0,0,0,0,0,0,0,0,0,1,1,1,1,1,1,1,1,1,1,1,1,1,0,0,0,0,0,0,0,0,0,1,1,1,1,1,1,1,1,1,1,1,1,1,0,0,0,0,0,0,0,0,0,1,0,0,0,0,0,0,0,0,0,0,0,0,0,0,0,0,0,0,0,0,0,0,13,0,0,0,0,0,0,0,0,0,0,0,0,0,0,0,0,0,0,0,0,0,0,0,0,0,0,0,0,0,0,0,0,0,0,0,0,0,0,0,0,0,0,0,0,0,0,0,0
-0.536965,0.104059,0.771881,0,0,0,0,-8.72777e-08,-5.27556e-09,7.7582e-08,597,571,572,596,598,622,623,2164,2165,2189,2190,2191,2215,2216,0,0,0,0,0,0,0,0,0,571,572,596,598,622,623,2164,2165,2189,2190,2191,2215,2216,0,0,0,0,0,0,0,0,0,0.0431342,0.0473047,0.0469513,0.0464804,0.0483937,0.0431903,0.110118,0.111664,0.111654,0.100019,0.111405,0.112217,0.110174,0,0,0,0,0,0,0,0,0,0.0436669,0.0472301,0.0470295,0.0465404,0.0483484,0.0437307,0.110098,0.111747,0.111639,0.1,0.111411,0.112271,0.110129,0,0,0,0,0,0,0,0,0,1,1,1,1,1,1,1,1,1,1,1,1,1,0,0,0,0,0,0,0,0,0,1,1,1,1,1,1,1,1,1,1,1,1,1,0,0,0,0,0,0,0,0,0,1,0,0,0,0,0,0,0,0,0,0,0,0,0,0,0,0,0,0,0,0,0,0,13,0,0,0,0,0,0,0,0,0,0,0,0,0,0,0,0,0,0,0,0,0,0,0,0,0,0,0,0,0,0,0,0,0,0,0,0,0,0,0,0,0,0,0,0,0,0,0,0
-0.562002,0.0813958,0.739943,0,0,0,0,-9.88168e-08,-4.24476e-09,8.57776e-08,598,572,573,597,599,623,624,2165,2166,2190,2191,2192,2216,2217,0,0,0,0,0,0,0,0,0,572,573,597,599,623,624,2165,2166,2190,2191,2192,2216,2217,0,0,0,0,0,0,0,0,0,0.0423287,0.0460449,0.0464804,0.0457642,0.0471894,0.0424229,0.109756,0.111097,0.111418,0.100017,0.11106,0.111655,0.109812,0,0,0,0,0,0,0,0,0,0.04283,0.0459791,0.0465404,0.0458078,0.0471488,0.0429256,0.109731,0.111162,0.111411,0.1,0.111074,0.1117,0.109775,0,0,0,0,0,0,0,0,0,1,1,1,1,1,1,1,1,1,1,1,1,1,0,0,0,0,0,0,0,0,0,1,1,1,1,1,1,1,1,1,1,1,1,1,0,0,0,0,0,0,0,0,0,1,0,0,0,0,0,0,0,0,0,0,0,0,0,0,0,0,0,0,0,0,0,0,13,0,0,0,0,0,0,0,0,0,0,0,0,0,0,0,0,0,0,0,0,0,0,0,0,0,0,0,0,0,0,0,0,0,0,0,0,0,0,0,0,0,0,0,0,0,0,0,0
-0.584745,0.0593506,0.706911,0,0,0,0,-1.1068e-07,-3.28639e-09,9.33111e-08,599,573,574,598,600,624,625,2166,2167,2191,2192,2193,2217,2218,0,0,0,0,0,0,0,0,0,573,574,598,600,624,625,2166,2167,2191,2192,2193,2217,2218,0,0,0,0,0,0,0,0,0,0.0414982,0.0447294,0.0457642,0.0448712,0.0458958,0.0416019,0.109384,0.110515,0.111073,0.100015,0.110642,0.111064,0.109432,0,0,0,0,0,0,0,0,0,0.0419627,0.0446713,0.0458078,0.0449009,0.0458598,0.0420633,0.109357,0.110565,0.111072,0.1,0.110662,0.1111,0.109401,0,0,0,0,0,0,0,0,0,1,1,1,1,1,1,1,1,1,1,1,1,1,0,0,0,0,0,0,0,0,0,1,1,1,1,1,1,1,1,1,1,1,1,1,0,0,0,0,0,0,0,0,0,1,0,0,0,0,0,0,0,0,0,0,0,0,0,0,0,0,0,0,0,0,0,0,13,0,0,0,0,0,0,0,0,0,0,0,0,0,0,0,0,0,0,0,0,0,0,0,0,0,0,0,0,0,0,0,0,0,0,0,0,0,0,0,0,0,0,0,0,0,0,0,0
-0.605167,0.0380612,0.673101,0,0,0,0,-1.22735e-07,-2.34843e-09,1.00095e-07,600,574,575,599,601,625,626,2167,2168,2192,2193,2194,2218,2219,0,0,0,0,0,0,0,0,0,574,575,599,601,625,626,2167,2168,2192,2193,2194,2218,2219,0,0,0,0,0,0,0,0,0,0.0406523,0.0433733,0.0448712,0.043839,0.0445404,0.0407449,0.10901,0.109928,0.110654,0.100012,0.110171,0.110459,0.109045,0,0,0,0,0,0,0,0,0,0.0410771,0.0433234,0.0449009,0.0438568,0.04451,0.0411638,0.108982,0.109964,0.11066,0.1,0.110196,0.110486,0.109019,0,0,0,0,0,0,0,0,0,1,1,1,1,1,1,1,1,1,1,1,1,1,0,0,0,0,0,0,0,0,0,1,1,1,1,1,1,1,1,1,1,1,1,1,0,0,0,0,0,0,0,0,0,1,0,0,0,0,0,0,0,0,0,0,0,0,0,0,0,0,0,0,0,0,0,0,13,0,0,0,0,0,0,0,0,0,0,0,0,0,0,0,0,0,0,0,0,0,0,0,0,0,0,0,0,0,0,0,0,0,0,0,0,0,0,0,0,0,0,0,0,0,0,0,0
-0.623288,0.0176183,0.638815,0,0,0,0,-1.34869e-07,-1.37522e-09,1.06063e-07,601,575,576,600,602,626,627,2168,2169,2193,2194,2195,2219,2220,0,0,0,0,0,0,0,0,0,575,576,600,602,626,627,2168,2169,2193,2194,2195,2219,2220,0,0,0,0,0,0,0,0,0,0.0397963,0.0419891,0.043839,0.0426992,0.0431412,0.0398649,0.108636,0.109341,0.110183,0.10001,0.109663,0.109851,0.108656,0,0,0,0,0,0,0,0,0,0.04018,0.0419498,0.0438568,0.0427057,0.043119,0.0402418,0.108608,0.109367,0.110193,0.1,0.109692,0.109869,0.108634,0,0,0,0,0,0,0,0,0,1,1,1,1,1,1,1,1,1,1,1,1,1,0,0,0,0,0,0,0,0,0,1,1,1,1,1,1,1,1,1,1,1,1,1,0,0,0,0,0,0,0,0,0,1,0,0,0,0,0,0,0,0,0,0,0,0,0,0,0,0,0,0,0,0,0,0,13,0,0,0,0,0,0,0,0,0,0,0,0,0,0,0,0,0,0,0,0,0,0,0,0,0,0,0,0,0,0,0,0,0,0,0,0,0,0,0,0,0,0,0,0,0,0,0,0
-0.639166,-0.00192354,0.60433,0,0,0,0,-1.46986e-07,-3.22924e-10,1.11184e-07,602,576,577,601,603,627,628,2169,2170,2194,2195,2196,2220,2221,0,0,0,0,0,0,0,0,0,576,577,601,603,627,628,2169,2170,2194,2195,2196,2220,2221,0,0,0,0,0,0,0,0,0,0.0389374,0.0405868,0.0426992,0.0414827,0.0417121,0.0389757,0.108266,0.108761,0.109677,0.100008,0.109136,0.109246,0.108273,0,0,0,0,0,0,0,0,0,0.0392794,0.0405625,0.0427057,0.0414769,0.0417024,0.0393124,0.108241,0.108781,0.109689,0.1,0.109166,0.109257,0.108254,0,0,0,0,0,0,0,0,0,1,1,1,1,1,1,1,1,1,1,1,1,1,0,0,0,0,0,0,0,0,0,1,1,1,1,1,1,1,1,1,1,1,1,1,0,0,0,0,0,0,0,0,0,1,0,0,0,0,0,0,0,0,0,0,0,0,0,0,0,0,0,0,0,0,0,0,13,0,0,0,0,0,0,0,0,0,0,0,0,0,0,0,0,0,0,0,0,0,0,0,0,0,0,0,0,0,0,0,0,0,0,0,0,0,0,0,0,0,0,0,0,0,0,0,0
-0.652889,-0.020542,0.569893,0,0,0,0,-1.59019e-07,8.26975e-10,1.15452e-07,603,577,578,602,604,628,629,2170,2171,2195,2196,2197,2221,2222,0,0,0,0,0,0,0,0,0,577,578,602,604,628,629,2170,2171,2195,2196,2197,2221,2222,0,0,0,0,0,0,0,0,0,0.038086,0.0391724,0.0414827,0.0402244,0.0402639,0.0380952,0.107905,0.108195,0.109151,0.100007,0.108605,0.108652,0.107902,0,0,0,0,0,0,0,0,0,0.0383872,0.0391704,0.0414769,0.0402038,0.040272,0.0383952,0.107883,0.10821,0.109163,0.1,0.108635,0.108657,0.107886,0,0,0,0,0,0,0,0,0,1,1,1,1,1,1,1,1,1,1,1,1,1,0,0,0,0,0,0,0,0,0,1,1,1,1,1,1,1,1,1,1,1,1,1,0,0,0,0,0,0,0,0,0,1,0,0,0,0,0,0,0,0,0,0,0,0,0,0,0,0,0,0,0,0,0,0,13,0,0,0,0,0,0,0,0,0,0,0,0,0,0,0,0,0,0,0,0,0,0,0,0,0,0,0,0,0,0,0,0,0,0,0,0,0,0,0,0,0,0,0,0,0,0,0,0
-0.664569,-0.0382459,0.535715,0,0,0,0,-1.70961e-07,2.08709e-09,1.18853e-07,604,578,579,603,605,629,630,2171,2172,2196,2197,2198,2222,2223,0,0,0,0,0,0,0,0,0,578,579,603,605,629,630,2171,2172,2196,2197,2198,2222,2223,0,0,0,0,0,0,0,0,0,0.0372574,0.0377587,0.0402244,0.0389734,0.0388056,0.0372547,0.10756,0.107633,0.108621,0.100008,0.108097,0.108073,0.107559,0,0,0,0,0,0,0,0,0,0.0375232,0.037776,0.0402038,0.0389384,0.0388352,0.0375233,0.107544,0.107655,0.108631,0.1,0.108121,0.108072,0.107543,0,0,0,0,0,0,0,0,0,1,1,1,1,1,1,1,1,1,1,1,1,1,0,0,0,0,0,0,0,0,0,1,1,1,1,1,1,1,1,1,1,1,1,1,0,0,0,0,0,0,0,0,0,1,0,0,0,0,0,0,0,0,0,0,0,0,0,0,0,0,0,0,0,0,0,0,13,0,0,0,0,0,0,0,0,0,0,0,0,0,0,0,0,0,0,0,0,0,0,0,0,0,0,0,0,0,0,0,0,0,0,0,0,0,0,0,0,0,0,0,0,0,0,0,0
-0.674351,-0.0550733,0.50195,0,0,0,0,-1.82809e-07,3.44645e-09,1.2146e-07,605,579,604,630,631,2172,2197,2198,2223,2224,0,0,0,0,0,0,0,0,0,0,0,0,0,579,604,630,631,2172,2197,2198,2223,2224,0,0,0,0,0,0,0,0,0,0,0,0,0,0.0364789,0.0389734,0.0373497,0.0365463,0.107221,0.1081,0.1,0.107509,0.107266,0,0,0,0,0,0,0,0,0,0,0,0,0,0.036726,0.0389384,0.0373912,0.0367722,0.107237,0.108117,0.1,0.107502,0.107253,0,0,0,0,0,0,0,0,0,0,0,0,0,1,1,1,1,1,1,1,1,1,0,0,0,0,0,0,0,0,0,0,0,0,0,1,1,1,1,1,1,1,1,1,0,0,0,0,0,0,0,0,0,0,0,0,0,1,0,0,0,0,0,0,0,0,0,0,0,0,0,0,0,0,0,0,0,0,0,0,9,0,0,0,0,0,0,0,0,0,0,0,0,0,0,0,0,0,0,0,0,0,0,0,0,0,0,0,0,0,0,0,0,0,0,0,0,0,0,0,0,0,0,0,0,0,0,0,0
0.0234297,0.433201,0.934745,0,0,0,0,8.50567e-10,-4.34873e-08,-3.75068e-08,606,67,68,580,581,607,632,1660,1661,2173,2174,2199,2200,2225,0,0,0,0,0,0,0,0,0,67,68,580,581,607,632,1660,1661,2173,2174,2199,2200,2225,0,0,0,0,0,0,0,0,0,0.0409193,0.0325495,0.0433931,0.0406793,0.0329661,0.0450451,0.109657,0.106085,0.109859,0.109345,0.100288,0.106803,0.111282,0,0,0,0,0,0,0,0,0,0.0416308,0.0338353,0.0449708,0.0414987,0.0342882,0.047022,0.109296,0.106269,0.11072,0.109246,0.1,0.106428,0.111641,0,0,0,0,0,0,0,0,0,1,1,1,1,1,1,1,1,1,1,1,1,1,0,0,0,0,0,0,0,0,0,1,1,1,1,1,1,1,1,1,1,1,1,1,0,0,0,0,0,0,0,0,0,1,0,0,0,0,0,0,0,0,0,0,0,0,0,0,0,0,0,0,0,0,0,0,13,0,0,0,0,0,0,0,0,0,0,0,0,0,0,0,0,0,0,0,0,0,0,0,0,0,0,0,0,0,0,0,0,0,0,0,0,0,0,0,0,0,0,0,0,0,0,0,0
-0.00494066,0.422042,0.94729,0,0,0,0,-3.89055e-10,-4.03898e-08,-3.53284e-08,607,581,582,606,608,632,633,2174,2175,2199,2200,2201,2225,2226,0,0,0,0,0,0,0,0,0,581,582,606,608,632,633,2174,2175,2199,2200,2201,2225,2226,0,0,0,0,0,0,0,0,0,0.0445842,0.0408169,0.0329661,0.0340009,0.0409619,0.0461652,0.110406,0.109342,0.106362,0.100337,0.107211,0.109849,0.111905,0,0,0,0,0,0,0,0,0,0.0464019,0.0418641,0.0342882,0.0352744,0.0419525,0.0484737,0.111378,0.1094,0.106428,0.1,0.106786,0.109431,0.11233,0,0,0,0,0,0,0,0,0,1,1,1,1,1,1,1,1,1,1,1,1,1,0,0,0,0,0,0,0,0,0,1,1,1,1,1,1,1,1,1,1,1,1,1,0,0,0,0,0,0,0,0,0,1,0,0,0,0,0,0,0,0,0,0,0,0,0,0,0,0,0,0,0,0,0,0,13,0,0,0,0,0,0,0,0,0,0,0,0,0,0,0,0,0,0,0,0,0,0,0,0,0,0,0,0,0,0,0,0,0,0,0,0,0,0,0,0,0,0,0,0,0,0,0,0
-0.0337981,0.408424,0.95903,0,0,0,0,-1.68414e-09,-3.71142e-08,-3.23687e-08,608,582,583,607,609,633,634,2175,2176,2200,2201,2202,2226,2227,0,0,0,0,0,0,0,0,0,582,583,607,609,633,634,2175,2176,2200,2201,2202,2226,2227,0,0,0,0,0,0,0,0,0,0.0455801,0.041065,0.0340009,0.035246,0.0411819,0.0471424,0.110906,0.109404,0.106927,0.100365,0.107724,0.110077,0.112424,0,0,0,0,0,0,0,0,0,0.0477951,0.0422858,0.0352744,0.0363705,0.0423744,0.0499082,0.112035,0.109581,0.106787,0.1,0.107195,0.109612,0.113028,0,0,0,0,0,0,0,0,0,1,1,1,1,1,1,1,1,1,1,1,1,1,0,0,0,0,0,0,0,0,0,1,1,1,1,1,1,1,1,1,1,1,1,1,0,0,0,0,0,0,0,0,0,1,0,0,0,0,0,0,0,0,0,0,0,0,0,0,0,0,0,0,0,0,0,0,13,0,0,0,0,0,0,0,0,0,0,0,0,0,0,0,0,0,0,0,0,0,0,0,0,0,0,0,0,0,0,0,0,0,0,0,0,0,0,0,0,0,0,0,0,0,0,0,0
-0.0631873,0.392049,0.969538,0,0,0,0,-3.15038e-09,-3.37284e-08,-2.86171e-08,609,583,584,608,610,634,635,2176,2177,2201,2202,2203,2227,2228,0,0,0,0,0,0,0,0,0,583,584,608,610,634,635,2176,2177,2201,2202,2203,2227,2228,0,0,0,0,0,0,0,0,0,0.046468,0.0431394,0.035246,0.039365,0.0414271,0.0480427,0.111584,0.109718,0.107711,0.10061,0.108695,0.110385,0.113098,0,0,0,0,0,0,0,0,0,0.0491816,0.0443309,0.0363705,0.0399626,0.0428212,0.0513371,0.112704,0.110341,0.107196,0.1,0.108437,0.109806,0.11374,0,0,0,0,0,0,0,0,0,1,1,1,1,1,1,1,1,1,1,1,1,1,0,0,0,0,0,0,0,0,0,1,1,1,1,1,1,1,1,1,1,1,1,1,0,0,0,0,0,0,0,0,0,1,0,0,0,0,0,0,0,0,0,0,0,0,0,0,0,0,0,0,0,0,0,0,13,0,0,0,0,0,0,0,0,0,0,0,0,0,0,0,0,0,0,0,0,0,0,0,0,0,0,0,0,0,0,0,0,0,0,0,0,0,0,0,0,0,0,0,0,0,0,0,0
-0.0960675,0.372509,0.97885,0,0,0,0,-4.81833e-09,-3.01137e-08,-2.39071e-08,610,584,585,609,611,635,636,2177,2178,2202,2203,2204,2228,2229,0,0,0,0,0,0,0,0,0,584,585,609,611,635,636,2177,2178,2202,2203,2204,2228,2229,0,0,0,0,0,0,0,0,0,0.0473332,0.046788,0.039365,0.0432029,0.0437368,0.048885,0.111183,0.110947,0.109209,0.0995019,0.109971,0.111106,0.11236,0,0,0,0,0,0,0,0,0,0.0457958,0.0472983,0.0399626,0.0437795,0.0451093,0.0472212,0.111082,0.11176,0.108654,0.1,0.110156,0.110865,0.111737,0,0,0,0,0,0,0,0,0,1,1,1,1,1,1,1,1,1,1,1,1,1,0,0,0,0,0,0,0,0,0,1,1,1,1,1,1,1,1,1,1,1,1,1,0,0,0,0,0,0,0,0,0,1,0,0,0,0,0,0,0,0,0,0,0,0,0,0,0,0,0,0,0,0,0,0,13,0,0,0,0,0,0,0,0,0,0,0,0,0,0,0,0,0,0,0,0,0,0,0,0,0,0,0,0,0,0,0,0,0,0,0,0,0,0,0,0,0,0,0,0,0,0,0,0
-0.132739,0.350274,0.984068,0,0,0,0,-6.92671e-09,-2.6659e-08,-1.81604e-08,611,585,586,610,612,636,637,2178,2179,2203,2204,2205,2229,2230,0,0,0,0,0,0,0,0,0,585,586,610,612,636,637,2178,2179,2203,2204,2205,2229,2230,0,0,0,0,0,0,0,0,0,0.0479932,0.0482698,0.0432029,0.0440558,0.047792,0.0494055,0.1118,0.111708,0.110361,0.0997399,0.110412,0.112148,0.112851,0,0,0,0,0,0,0,0,0,0.0466963,0.0484269,0.0437795,0.0447018,0.0484024,0.0480904,0.111498,0.1123,0.110152,0.1,0.110568,0.112292,0.112149,0,0,0,0,0,0,0,0,0,1,1,1,1,1,1,1,1,1,1,1,1,1,0,0,0,0,0,0,0,0,0,1,1,1,1,1,1,1,1,1,1,1,1,1,0,0,0,0,0,0,0,0,0,1,0,0,0,0,0,0,0,0,0,0,0,0,0,0,0,0,0,0,0,0,0,0,13,0,0,0,0,0,0,0,0,0,0,0,0,0,0,0,0,0,0,0,0,0,0,0,0,0,0,0,0,0,0,0,0,0,0,0,0,0,0,0,0,0,0,0,0,0,0,0,0
-0.170109,0.326981,0.985463,0,0,0,0,-9.57249e-09,-2.34381e-08,-1.17832e-08,612,586,587,611,613,637,638,2179,2180,2204,2205,2206,2230,2231,0,0,0,0,0,0,0,0,0,586,587,611,613,637,638,2179,2180,2204,2205,2206,2230,2231,0,0,0,0,0,0,0,0,0,0.048375,0.0495676,0.0440558,0.0449557,0.0493358,0.0496361,0.112078,0.112332,0.110758,0.0997446,0.110799,0.112802,0.112997,0,0,0,0,0,0,0,0,0,0.0474062,0.0494659,0.0447018,0.0455509,0.0495501,0.0487283,0.111829,0.112807,0.110564,0.1,0.110952,0.112849,0.112454,0,0,0,0,0,0,0,0,0,1,1,1,1,1,1,1,1,1,1,1,1,1,0,0,0,0,0,0,0,0,0,1,1,1,1,1,1,1,1,1,1,1,1,1,0,0,0,0,0,0,0,0,0,1,0,0,0,0,0,0,0,0,0,0,0,0,0,0,0,0,0,0,0,0,0,0,13,0,0,0,0,0,0,0,0,0,0,0,0,0,0,0,0,0,0,0,0,0,0,0,0,0,0,0,0,0,0,0,0,0,0,0,0,0,0,0,0,0,0,0,0,0,0,0,0
-0.207907,0.302782,0.982883,0,0,0,0,-1.28553e-08,-2.04535e-08,-4.75266e-09,613,587,588,612,614,638,639,2180,2181,2205,2206,2207,2231,2232,0,0,0,0,0,0,0,0,0,587,588,612,614,638,639,2180,2181,2205,2206,2207,2231,2232,0,0,0,0,0,0,0,0,0,0.0485092,0.0505916,0.0449557,0.0457979,0.0506259,0.0496073,0.112264,0.112875,0.111076,0.099804,0.111193,0.113305,0.113075,0,0,0,0,0,0,0,0,0,0.047903,0.0503546,0.0455509,0.0463131,0.0505722,0.0491129,0.112062,0.113248,0.110951,0.1,0.111302,0.113354,0.112639,0,0,0,0,0,0,0,0,0,1,1,1,1,1,1,1,1,1,1,1,1,1,0,0,0,0,0,0,0,0,0,1,1,1,1,1,1,1,1,1,1,1,1,1,0,0,0,0,0,0,0,0,0,1,0,0,0,0,0,0,0,0,0,0,0,0,0,0,0,0,0,0,0,0,0,0,13,0,0,0,0,0,0,0,0,0,0,0,0,0,0,0,0,0,0,0,0,0,0,0,0,0,0,0,0,0,0,0,0,0,0,0,0,0,0,0,0,0,0,0,0,0,0,0,0
-0.245823,0.277922,0.976416,0,0,0,0,-1.68513e-08,-1.76918e-08,2.88658e-09,614,588,589,613,615,639,640,2181,2182,2206,2207,2208,2232,2233,0,0,0,0,0,0,0,0,0,588,589,613,615,639,640,2181,2182,2206,2207,2208,2232,2233,0,0,0,0,0,0,0,0,0,0.0484442,0.0513052,0.0457979,0.0465165,0.0515588,0.0493797,0.112332,0.11328,0.111395,0.0998559,0.111533,0.113717,0.113041,0,0,0,0,0,0,0,0,0,0.0481817,0.0510249,0.0463131,0.0469442,0.0513876,0.0492496,0.11219,0.113587,0.111303,0.1,0.111594,0.113764,0.112704,0,0,0,0,0,0,0,0,0,1,1,1,1,1,1,1,1,1,1,1,1,1,0,0,0,0,0,0,0,0,0,1,1,1,1,1,1,1,1,1,1,1,1,1,0,0,0,0,0,0,0,0,0,1,0,0,0,0,0,0,0,0,0,0,0,0,0,0,0,0,0,0,0,0,0,0,13,0,0,0,0,0,0,0,0,0,0,0,0,0,0,0,0,0,0,0,0,0,0,0,0,0,0,0,0,0,0,0,0,0,0,0,0,0,0,0,0,0,0,0,0,0,0,0,0
-0.283479,0.252589,0.966217,0,0,0,0,-2.16241e-08,-1.51533e-08,1.10564e-08,615,589,590,614,616,640,641,2182,2183,2207,2208,2209,2233,2234,0,0,0,0,0,0,0,0,0,589,590,614,616,640,641,2182,2183,2207,2208,2209,2233,2234,0,0,0,0,0,0,0,0,0,0.0482261,0.0516611,0.0465165,0.0469765,0.0521007,0.0490086,0.112311,0.113516,0.111671,0.0999053,0.111752,0.113971,0.112922,0,0,0,0,0,0,0,0,0,0.048254,0.0513986,0.0469442,0.047328,0.0519098,0.0491637,0.11222,0.113779,0.111598,0.1,0.111773,0.114029,0.112661,0,0,0,0,0,0,0,0,0,1,1,1,1,1,1,1,1,1,1,1,1,1,0,0,0,0,0,0,0,0,0,1,1,1,1,1,1,1,1,1,1,1,1,1,0,0,0,0,0,0,0,0,0,1,0,0,0,0,0,0,0,0,0,0,0,0,0,0,0,0,0,0,0,0,0,0,13,0,0,0,0,0,0,0,0,0,0,0,0,0,0,0,0,0,0,0,0,0,0,0,0,0,0,0,0,0,0,0,0,0,0,0,0,0,0,0,0,0,0,0,0,0,0,0,0
-0.320412,0.22697,0.952564,0,0,0,0,-2.72026e-08,-1.28465e-08,1.96326e-08,616,590,591,615,617,641,642,2183,2184,2208,2209,2210,2234,2235,0,0,0,0,0,0,0,0,0,590,591,615,617,641,642,2183,2184,2208,2209,2210,2234,2235,0,0,0,0,0,0,0,0,0,0.0478764,0.0515751,0.0469765,0.0469582,0.0522124,0.0485033,0.112211,0.113532,0.111842,0.0999462,0.111739,0.114031,0.112714,0,0,0,0,0,0,0,0,0,0.048124,0.051361,0.047328,0.0472505,0.0520548,0.0488565,0.112155,0.113763,0.111779,0.1,0.111736,0.114103,0.112511,0,0,0,0,0,0,0,0,0,1,1,1,1,1,1,1,1,1,1,1,1,1,0,0,0,0,0,0,0,0,0,1,1,1,1,1,1,1,1,1,1,1,1,1,0,0,0,0,0,0,0,0,0,1,0,0,0,0,0,0,0,0,0,0,0,0,0,0,0,0,0,0,0,0,0,0,13,0,0,0,0,0,0,0,0,0,0,0,0,0,0,0,0,0,0,0,0,0,0,0,0,0,0,0,0,0,0,0,0,0,0,0,0,0,0,0,0,0,0,0,0,0,0,0,0
-0.356041,0.201335,0.935875,0,0,0,0,-3.35565e-08,-1.07898e-08,2.84308e-08,617,591,592,616,618,642,643,2184,2185,2209,2210,2211,2235,2236,0,0,0,0,0,0,0,0,0,591,592,616,618,642,643,2184,2185,2209,2210,2211,2235,2236,0,0,0,0,0,0,0,0,0,0.0473152,0.0509142,0.0469582,0.0462499,0.0518647,0.0477335,0.111994,0.113261,0.111799,0.0999769,0.111394,0.113868,0.112357,0,0,0,0,0,0,0,0,0,0.0477087,0.0507595,0.0472505,0.0464957,0.0517587,0.0482075,0.111954,0.113463,0.111742,0.1,0.111383,0.113954,0.112197,0,0,0,0,0,0,0,0,0,1,1,1,1,1,1,1,1,1,1,1,1,1,0,0,0,0,0,0,0,0,0,1,1,1,1,1,1,1,1,1,1,1,1,1,0,0,0,0,0,0,0,0,0,1,0,0,0,0,0,0,0,0,0,0,0,0,0,0,0,0,0,0,0,0,0,0,13,0,0,0,0,0,0,0,0,0,0,0,0,0,0,0,0,0,0,0,0,0,0,0,0,0,0,0,0,0,0,0,0,0,0,0,0,0,0,0,0,0,0,0,0,0,0,0,0
-0.389816,0.176352,0.916532,0,0,0,0,-4.05961e-08,-9.01251e-09,3.72015e-08,618,592,593,617,619,643,644,2185,2186,2210,2211,2212,2236,2237,0,0,0,0,0,0,0,0,0,592,593,617,619,643,644,2185,2186,2210,2211,2212,2236,2237,0,0,0,0,0,0,0,0,0,0.046232,0.0501185,0.0462499,0.0457842,0.0512532,0.046527,0.111518,0.112916,0.111437,0.0999977,0.111154,0.113582,0.111787,0,0,0,0,0,0,0,0,0,0.0467113,0.0500191,0.0464957,0.0459835,0.051197,0.0470719,0.111483,0.113096,0.111389,0.1,0.111147,0.113671,0.111658,0,0,0,0,0,0,0,0,0,1,1,1,1,1,1,1,1,1,1,1,1,1,0,0,0,0,0,0,0,0,0,1,1,1,1,1,1,1,1,1,1,1,1,1,0,0,0,0,0,0,0,0,0,1,0,0,0,0,0,0,0,0,0,0,0,0,0,0,0,0,0,0,0,0,0,0,13,0,0,0,0,0,0,0,0,0,0,0,0,0,0,0,0,0,0,0,0,0,0,0,0,0,0,0,0,0,0,0,0,0,0,0,0,0,0,0,0,0,0,0,0,0,0,0,0
-0.422103,0.152795,0.894198,0,0,0,0,-4.83681e-08,-7.51538e-09,4.58842e-08,619,593,594,618,620,644,645,2186,2187,2211,2212,2213,2237,2238,0,0,0,0,0,0,0,0,0,593,594,618,620,644,645,2186,2187,2211,2212,2213,2237,2238,0,0,0,0,0,0,0,0,0,0.0449137,0.05028,0.0457842,0.0468196,0.0510747,0.0455338,0.110933,0.113027,0.111191,0.100011,0.111606,0.113518,0.111326,0,0,0,0,0,0,0,0,0,0.045452,0.0502139,0.0459835,0.0469733,0.0510525,0.046125,0.110901,0.113191,0.111152,0.1,0.111609,0.113598,0.111216,0,0,0,0,0,0,0,0,0,1,1,1,1,1,1,1,1,1,1,1,1,1,0,0,0,0,0,0,0,0,0,1,1,1,1,1,1,1,1,1,1,1,1,1,0,0,0,0,0,0,0,0,0,1,0,0,0,0,0,0,0,0,0,0,0,0,0,0,0,0,0,0,0,0,0,0,13,0,0,0,0,0,0,0,0,0,0,0,0,0,0,0,0,0,0,0,0,0,0,0,0,0,0,0,0,0,0,0,0,0,0,0,0,0,0,0,0,0,0,0,0,0,0,0,0
-0.453784,0.129933,0.868397,0,0,0,0,-5.71165e-08,-6.21943e-09,5.4688e-08,620,594,595,619,621,645,646,2187,2188,2212,2213,2214,2238,2239,0,0,0,0,0,0,0,0,0,594,595,619,621,645,646,2187,2188,2212,2213,2214,2238,2239,0,0,0,0,0,0,0,0,0,0.0445937,0.0501946,0.0468196,0.047844,0.0510616,0.0451175,0.110796,0.113007,0.111643,0.100019,0.112069,0.11353,0.111124,0,0,0,0,0,0,0,0,0,0.0451677,0.0501383,0.0469733,0.0479623,0.0510512,0.0457283,0.110771,0.113153,0.111613,0.1,0.112078,0.113597,0.111032,0,0,0,0,0,0,0,0,0,1,1,1,1,1,1,1,1,1,1,1,1,1,0,0,0,0,0,0,0,0,0,1,1,1,1,1,1,1,1,1,1,1,1,1,0,0,0,0,0,0,0,0,0,1,0,0,0,0,0,0,0,0,0,0,0,0,0,0,0,0,0,0,0,0,0,0,13,0,0,0,0,0,0,0,0,0,0,0,0,0,0,0,0,0,0,0,0,0,0,0,0,0,0,0,0,0,0,0,0,0,0,0,0,0,0,0,0,0,0,0,0,0,0,0,0
-0.484422,0.106918,0.839749,0,0,0,0,-6.68059e-08,-5.06198e-09,6.3522e-08,621,595,596,620,622,646,647,2188,2189,2213,2214,2215,2239,2240,0,0,0,0,0,0,0,0,0,595,596,620,622,646,647,2188,2189,2213,2214,2215,2239,2240,0,0,0,0,0,0,0,0,0,0.044381,0.0494495,0.047844,0.0480716,0.0504878,0.0446925,0.110705,0.112667,0.1121,0.100023,0.112158,0.113252,0.110908,0,0,0,0,0,0,0,0,0,0.0449647,0.0493989,0.0479623,0.0481611,0.0504794,0.0452976,0.110679,0.112788,0.112081,0.1,0.112175,0.113311,0.110834,0,0,0,0,0,0,0,0,0,1,1,1,1,1,1,1,1,1,1,1,1,1,0,0,0,0,0,0,0,0,0,1,1,1,1,1,1,1,1,1,1,1,1,1,0,0,0,0,0,0,0,0,0,1,0,0,0,0,0,0,0,0,0,0,0,0,0,0,0,0,0,0,0,0,0,0,13,0,0,0,0,0,0,0,0,0,0,0,0,0,0,0,0,0,0,0,0,0,0,0,0,0,0,0,0,0,0,0,0,0,0,0,0,0,0,0,0,0,0,0,0,0,0,0,0
-0.513303,0.0839049,0.808973,0,0,0,0,-7.72432e-08,-4.01819e-09,7.21154e-08,622,596,597,621,623,647,648,2189,2190,2214,2215,2216,2240,2241,0,0,0,0,0,0,0,0,0,596,597,621,623,647,648,2189,2190,2214,2215,2216,2240,2241,0,0,0,0,0,0,0,0,0,0.0438701,0.0483937,0.0480716,0.0477741,0.0495186,0.0441015,0.110474,0.112181,0.112186,0.100024,0.111999,0.112781,0.110612,0,0,0,0,0,0,0,0,0,0.0444399,0.0483484,0.0481611,0.0478387,0.0495099,0.0446812,0.110443,0.112278,0.112176,0.1,0.112023,0.112833,0.110554,0,0,0,0,0,0,0,0,0,1,1,1,1,1,1,1,1,1,1,1,1,1,0,0,0,0,0,0,0,0,0,1,1,1,1,1,1,1,1,1,1,1,1,1,0,0,0,0,0,0,0,0,0,1,0,0,0,0,0,0,0,0,0,0,0,0,0,0,0,0,0,0,0,0,0,0,13,0,0,0,0,0,0,0,0,0,0,0,0,0,0,0,0,0,0,0,0,0,0,0,0,0,0,0,0,0,0,0,0,0,0,0,0,0,0,0,0,0,0,0,0,0,0,0,0
-0.540063,0.0612323,0.776536,0,0,0,0,-8.82565e-08,-3.0627e-09,8.02692e-08,623,597,598,622,624,648,649,2190,2191,2215,2216,2217,2241,2242,0,0,0,0,0,0,0,0,0,597,598,622,624,648,649,2190,2191,2215,2216,2217,2241,2242,0,0,0,0,0,0,0,0,0,0.0431903,0.0471894,0.0477741,0.0471491,0.0483569,0.0433892,0.110161,0.11163,0.112024,0.100022,0.111688,0.112227,0.110265,0,0,0,0,0,0,0,0,0,0.0437307,0.0471488,0.0478387,0.0471918,0.0483479,0.0439318,0.110127,0.111706,0.112022,0.1,0.111719,0.112269,0.110217,0,0,0,0,0,0,0,0,0,1,1,1,1,1,1,1,1,1,1,1,1,1,0,0,0,0,0,0,0,0,0,1,1,1,1,1,1,1,1,1,1,1,1,1,0,0,0,0,0,0,0,0,0,1,0,0,0,0,0,0,0,0,0,0,0,0,0,0,0,0,0,0,0,0,0,0,13,0,0,0,0,0,0,0,0,0,0,0,0,0,0,0,0,0,0,0,0,0,0,0,0,0,0,0,0,0,0,0,0,0,0,0,0,0,0,0,0,0,0,0,0,0,0,0,0
-0.564533,0.0391465,0.742824,0,0,0,0,-9.96937e-08,-2.1585e-09,8.78437e-08,624,598,599,623,625,649,650,2191,2192,2216,2217,2218,2242,2243,0,0,0,0,0,0,0,0,0,598,599,623,625,649,650,2191,2192,2216,2217,2218,2242,2243,0,0,0,0,0,0,0,0,0,0.0424229,0.0458958,0.0471491,0.0463043,0.0470852,0.0425946,0.109809,0.111047,0.111711,0.100019,0.111282,0.111632,0.109887,0,0,0,0,0,0,0,0,0,0.0429256,0.0458598,0.0471918,0.046328,0.0470765,0.0430946,0.109773,0.111105,0.111717,0.1,0.111317,0.111665,0.109848,0,0,0,0,0,0,0,0,0,1,1,1,1,1,1,1,1,1,1,1,1,1,0,0,0,0,0,0,0,0,0,1,1,1,1,1,1,1,1,1,1,1,1,1,0,0,0,0,0,0,0,0,0,1,0,0,0,0,0,0,0,0,0,0,0,0,0,0,0,0,0,0,0,0,0,0,13,0,0,0,0,0,0,0,0,0,0,0,0,0,0,0,0,0,0,0,0,0,0,0,0,0,0,0,0,0,0,0,0,0,0,0,0,0,0,0,0,0,0,0,0,0,0,0,0
-0.586647,0.0178117,0.708184,0,0,0,0,-1.11419e-07,-1.25898e-09,9.47377e-08,625,599,600,624,626,650,651,2192,2193,2217,2218,2219,2243,2244,0,0,0,0,0,0,0,0,0,599,600,624,626,650,651,2192,2193,2217,2218,2219,2243,2244,0,0,0,0,0,0,0,0,0,0.0416019,0.0445404,0.0463043,0.0452947,0.0457385,0.0417426,0.109436,0.110447,0.111302,0.100016,0.110808,0.111017,0.109491,0,0,0,0,0,0,0,0,0,0.0420633,0.04451,0.046328,0.0453019,0.0457318,0.0421985,0.109401,0.11049,0.111314,0.1,0.110847,0.11104,0.109459,0,0,0,0,0,0,0,0,0,1,1,1,1,1,1,1,1,1,1,1,1,1,0,0,0,0,0,0,0,0,0,1,1,1,1,1,1,1,1,1,1,1,1,1,0,0,0,0,0,0,0,0,0,1,0,0,0,0,0,0,0,0,0,0,0,0,0,0,0,0,0,0,0,0,0,0,13,0,0,0,0,0,0,0,0,0,0,0,0,0,0,0,0,0,0,0,0,0,0,0,0,0,0,0,0,0,0,0,0,0,0,0,0,0,0,0,0,0,0,0,0,0,0,0,0
-0.606401,-0.0026647,0.672941,0,0,0,0,-1.23311e-07,-3.14239e-10,1.00877e-07,626,600,601,625,627,651,652,2193,2194,2218,2219,2220,2244,2245,0,0,0,0,0,0,0,0,0,600,601,625,627,651,652,2193,2194,2218,2219,2220,2244,2245,0,0,0,0,0,0,0,0,0,0.0407449,0.0431412,0.0452947,0.0441599,0.044338,0.0408512,0.109052,0.109841,0.110827,0.100013,0.11029,0.110393,0.109087,0,0,0,0,0,0,0,0,0,0.0411638,0.043119,0.0453019,0.044152,0.0443363,0.0412641,0.109019,0.109872,0.110843,0.1,0.11033,0.110406,0.10906,0,0,0,0,0,0,0,0,0,1,1,1,1,1,1,1,1,1,1,1,1,1,0,0,0,0,0,0,0,0,0,1,1,1,1,1,1,1,1,1,1,1,1,1,0,0,0,0,0,0,0,0,0,1,0,0,0,0,0,0,0,0,0,0,0,0,0,0,0,0,0,0,0,0,0,0,13,0,0,0,0,0,0,0,0,0,0,0,0,0,0,0,0,0,0,0,0,0,0,0,0,0,0,0,0,0,0,0,0,0,0,0,0,0,0,0,0,0,0,0,0,0,0,0,0
-0.623836,-0.0222174,0.637391,0,0,0,0,-1.35266e-07,7.19525e-10,1.06216e-07,627,601,602,626,628,652,653,2194,2195,2219,2220,2221,2245,2246,0,0,0,0,0,0,0,0,0,601,602,626,628,652,653,2194,2195,2219,2220,2221,2245,2246,0,0,0,0,0,0,0,0,0,0.0398649,0.0417121,0.0441599,0.0429357,0.0428997,0.0399375,0.108664,0.109236,0.110308,0.10001,0.109745,0.109769,0.108685,0,0,0,0,0,0,0,0,0,0.0402418,0.0417024,0.044152,0.0429129,0.0429074,0.0403097,0.108634,0.10926,0.110326,0.1,0.109785,0.109775,0.108661,0,0,0,0,0,0,0,0,0,1,1,1,1,1,1,1,1,1,1,1,1,1,0,0,0,0,0,0,0,0,0,1,1,1,1,1,1,1,1,1,1,1,1,1,0,0,0,0,0,0,0,0,0,1,0,0,0,0,0,0,0,0,0,0,0,0,0,0,0,0,0,0,0,0,0,0,13,0,0,0,0,0,0,0,0,0,0,0,0,0,0,0,0,0,0,0,0,0,0,0,0,0,0,0,0,0,0,0,0,0,0,0,0,0,0,0,0,0,0,0,0,0,0,0,0
-0.639028,-0.0408168,0.601799,0,0,0,0,-1.47212e-07,1.87031e-09,1.1073e-07,628,602,603,627,629,653,654,2195,2196,2220,2221,2222,2246,2247,0,0,0,0,0,0,0,0,0,602,603,627,629,653,654,2195,2196,2220,2221,2222,2246,2247,0,0,0,0,0,0,0,0,0,0.0389757,0.0402639,0.0429357,0.0416613,0.0414366,0.0390216,0.10828,0.108641,0.109763,0.100008,0.10919,0.109153,0.108292,0,0,0,0,0,0,0,0,0,0.0393124,0.040272,0.0429129,0.041622,0.0414591,0.0393566,0.108254,0.108659,0.10978,0.1,0.10923,0.109152,0.108271,0,0,0,0,0,0,0,0,0,1,1,1,1,1,1,1,1,1,1,1,1,1,0,0,0,0,0,0,0,0,0,1,1,1,1,1,1,1,1,1,1,1,1,1,0,0,0,0,0,0,0,0,0,1,0,0,0,0,0,0,0,0,0,0,0,0,0,0,0,0,0,0,0,0,0,0,13,0,0,0,0,0,0,0,0,0,0,0,0,0,0,0,0,0,0,0,0,0,0,0,0,0,0,0,0,0,0,0,0,0,0,0,0,0,0,0,0,0,0,0,0,0,0,0,0
-0.652083,-0.0584674,0.566392,0,0,0,0,-1.5911e-07,3.14518e-09,1.14401e-07,629,603,604,628,630,654,655,2196,2197,2221,2222,2223,2247,2248,0,0,0,0,0,0,0,0,0,603,604,628,630,654,655,2196,2197,2221,2222,2223,2247,2248,0,0,0,0,0,0,0,0,0,0.0380952,0.0388056,0.0416613,0.0403921,0.0399597,0.0381342,0.107908,0.108057,0.109211,0.100007,0.108652,0.10855,0.10792,0,0,0,0,0,0,0,0,0,0.0383952,0.0388352,0.041622,0.0403334,0.0400017,0.0384359,0.107887,0.108073,0.109225,0.1,0.108691,0.108544,0.107902,0,0,0,0,0,0,0,0,0,1,1,1,1,1,1,1,1,1,1,1,1,1,0,0,0,0,0,0,0,0,0,1,1,1,1,1,1,1,1,1,1,1,1,1,0,0,0,0,0,0,0,0,0,1,0,0,0,0,0,0,0,0,0,0,0,0,0,0,0,0,0,0,0,0,0,0,13,0,0,0,0,0,0,0,0,0,0,0,0,0,0,0,0,0,0,0,0,0,0,0,0,0,0,0,0,0,0,0,0,0,0,0,0,0,0,0,0,0,0,0,0,0,0,0,0
-0.66313,-0.0752141,0.531334,0,0,0,0,-1.70967e-07,4.49021e-09,1.1724e-07,630,604,605,629,631,655,656,2197,2198,2222,2223,2224,2248,2249,0,0,0,0,0,0,0,0,0,604,605,629,631,655,656,2197,2198,2222,2223,2224,2248,2249,0,0,0,0,0,0,0,0,0,0.0372547,0.0373497,0.0403921,0.0392455,0.0384777,0.0373402,0.10756,0.107481,0.108678,0.100008,0.108178,0.107966,0.107593,0,0,0,0,0,0,0,0,0,0.0375233,0.0373912,0.0403334,0.0391699,0.0385403,0.0376081,0.107544,0.107504,0.108686,0.1,0.108216,0.107953,0.107576,0,0,0,0,0,0,0,0,0,1,1,1,1,1,1,1,1,1,1,1,1,1,0,0,0,0,0,0,0,0,0,1,1,1,1,1,1,1,1,1,1,1,1,1,0,0,0,0,0,0,0,0,0,1,0,0,0,0,0,0,0,0,0,0,0,0,0,0,0,0,0,0,0,0,0,0,13,0,0,0,0,0,0,0,0,0,0,0,0,0,0,0,0,0,0,0,0,0,0,0,0,0,0,0,0,0,0,0,0,0,0,0,0,0,0,0,0,0,0,0,0,0,0,0,0
-0.672323,-0.0911812,0.496683,0,0,0,0,-1.82774e-07,5.64049e-09,1.19359e-07,631,118,605,630,656,1711,2198,2223,2224,2249,0,0,0,0,0,0,0,0,0,0,0,0,0,118,605,630,656,1711,2198,2223,2224,2249,0,0,0,0,0,0,0,0,0,0,0,0,0,0.036891,0.0365463,0.0392455,0.0369879,0.107334,0.107251,0.108206,0.100003,0.107394,0,0,0,0,0,0,0,0,0,0,0,0,0,0.0370358,0.0367722,0.0391699,0.0370733,0.107354,0.107254,0.108211,0.1,0.107378,0,0,0,0,0,0,0,0,0,0,0,0,0,1,1,1,1,1,1,1,1,1,0,0,0,0,0,0,0,0,0,0,0,0,0,1,1,1,1,1,1,1,1,1,0,0,0,0,0,0,0,0,0,0,0,0,0,1,0,0,0,0,0,0,0,0,0,0,0,0,0,0,0,0,0,0,0,0,0,0,9,0,0,0,0,0,0,0,0,0,0,0,0,0,0,0,0,0,0,0,0,0,0,0,0,0,0,0,0,0,0,0,0,0,0,0,0,0,0,0,0,0,0,0,0,0,0,0,0
0.0246912,0.401407,0.966629,0,0,0,0,7.75188e-10,-3.54415e-08,-3.09285e-08,632,66,67,606,607,633,657,1659,1660,2199,2200,2225,2226,2250,0,0,0,0,0,0,0,0,0,66,67,606,607,633,657,1659,1660,2199,2200,2225,2226,2250,0,0,0,0,0,0,0,0,0,0.0412126,0.0330401,0.0450451,0.0409619,0.0336431,0.0466998,0.109891,0.106299,0.110647,0.109581,0.100331,0.107196,0.112196,0,0,0,0,0,0,0,0,0,0.0420604,0.0345428,0.047022,0.0419525,0.035192,0.0491552,0.109476,0.106517,0.111669,0.109436,0.1,0.106751,0.112661,0,0,0,0,0,0,0,0,0,1,1,1,1,1,1,1,1,1,1,1,1,1,0,0,0,0,0,0,0,0,0,1,1,1,1,1,1,1,1,1,1,1,1,1,0,0,0,0,0,0,0,0,0,1,0,0,0,0,0,0,0,0,0,0,0,0,0,0,0,0,0,0,0,0,0,0,13,0,0,0,0,0,0,0,0,0,0,0,0,0,0,0,0,0,0,0,0,0,0,0,0,0,0,0,0,0,0,0,0,0,0,0,0,0,0,0,0,0,0,0,0,0,0,0,0
-0.00380663,0.388926,0.979433,0,0,0,0,-4.79872e-10,-3.2503e-08,-2.87248e-08,633,607,608,632,634,657,658,2200,2201,2225,2226,2227,2250,2251,0,0,0,0,0,0,0,0,0,607,608,632,634,657,658,2200,2201,2225,2226,2227,2250,2251,0,0,0,0,0,0,0,0,0,0.0461652,0.0411819,0.0336431,0.0347133,0.0413336,0.0477329,0.111175,0.10958,0.106668,0.100388,0.107633,0.110162,0.112841,0,0,0,0,0,0,0,0,0,0.0484737,0.0423744,0.035192,0.0362119,0.0424648,0.0506334,0.112361,0.109617,0.106752,0.1,0.10713,0.109649,0.113388,0,0,0,0,0,0,0,0,0,1,1,1,1,1,1,1,1,1,1,1,1,1,0,0,0,0,0,0,0,0,0,1,1,1,1,1,1,1,1,1,1,1,1,1,0,0,0,0,0,0,0,0,0,1,0,0,0,0,0,0,0,0,0,0,0,0,0,0,0,0,0,0,0,0,0,0,13,0,0,0,0,0,0,0,0,0,0,0,0,0,0,0,0,0,0,0,0,0,0,0,0,0,0,0,0,0,0,0,0,0,0,0,0,0,0,0,0,0,0,0,0,0,0,0,0
-0.0328361,0.373897,0.991114,0,0,0,0,-1.78009e-09,-2.94814e-08,-2.57938e-08,634,608,609,633,635,658,659,2201,2202,2226,2227,2228,2251,2252,0,0,0,0,0,0,0,0,0,608,609,633,635,658,659,2201,2202,2226,2227,2228,2251,2252,0,0,0,0,0,0,0,0,0,0.0471424,0.0414271,0.0347133,0.035979,0.0415057,0.0486882,0.111672,0.109619,0.10729,0.10042,0.108166,0.110418,0.113403,0,0,0,0,0,0,0,0,0,0.0499082,0.0428212,0.0362119,0.0373243,0.0429179,0.0521006,0.113062,0.10981,0.107131,0.1,0.107555,0.109845,0.114127,0,0,0,0,0,0,0,0,0,1,1,1,1,1,1,1,1,1,1,1,1,1,0,0,0,0,0,0,0,0,0,1,1,1,1,1,1,1,1,1,1,1,1,1,0,0,0,0,0,0,0,0,0,1,0,0,0,0,0,0,0,0,0,0,0,0,0,0,0,0,0,0,0,0,0,0,13,0,0,0,0,0,0,0,0,0,0,0,0,0,0,0,0,0,0,0,0,0,0,0,0,0,0,0,0,0,0,0,0,0,0,0,0,0,0,0,0,0,0,0,0,0,0,0,0
-0.0623304,0.355934,1.00121,0,0,0,0,-3.26367e-09,-2.64357e-08,-2.21203e-08,635,609,610,634,636,659,660,2202,2203,2227,2228,2229,2252,2253,0,0,0,0,0,0,0,0,0,609,610,634,636,659,660,2202,2203,2227,2228,2229,2252,2253,0,0,0,0,0,0,0,0,0,0.0480427,0.0437368,0.035979,0.0404111,0.0416414,0.0496328,0.112421,0.109931,0.108161,0.100721,0.109162,0.11075,0.114153,0,0,0,0,0,0,0,0,0,0.0513371,0.0451093,0.0373243,0.0411618,0.0433747,0.0535594,0.113775,0.110678,0.107556,0.1,0.10892,0.110045,0.114877,0,0,0,0,0,0,0,0,0,1,1,1,1,1,1,1,1,1,1,1,1,1,0,0,0,0,0,0,0,0,0,1,1,1,1,1,1,1,1,1,1,1,1,1,0,0,0,0,0,0,0,0,0,1,0,0,0,0,0,0,0,0,0,0,0,0,0,0,0,0,0,0,0,0,0,0,13,0,0,0,0,0,0,0,0,0,0,0,0,0,0,0,0,0,0,0,0,0,0,0,0,0,0,0,0,0,0,0,0,0,0,0,0,0,0,0,0,0,0,0,0,0,0,0,0
-0.0955897,0.334625,1.00974,0,0,0,0,-4.94257e-09,-2.32495e-08,-1.75291e-08,636,610,611,635,637,660,661,2203,2204,2228,2229,2230,2253,2254,0,0,0,0,0,0,0,0,0,610,611,635,637,660,661,2203,2204,2228,2229,2230,2253,2254,0,0,0,0,0,0,0,0,0,0.048885,0.047792,0.0404111,0.0445971,0.0442619,0.0504208,0.111888,0.111315,0.109802,0.099407,0.110557,0.111547,0.113184,0,0,0,0,0,0,0,0,0,0.0472212,0.0484024,0.0411618,0.0452707,0.0458965,0.0486411,0.111745,0.112286,0.109166,0.1,0.110827,0.111238,0.112413,0,0,0,0,0,0,0,0,0,1,1,1,1,1,1,1,1,1,1,1,1,1,0,0,0,0,0,0,0,0,0,1,1,1,1,1,1,1,1,1,1,1,1,1,0,0,0,0,0,0,0,0,0,1,0,0,0,0,0,0,0,0,0,0,0,0,0,0,0,0,0,0,0,0,0,0,13,0,0,0,0,0,0,0,0,0,0,0,0,0,0,0,0,0,0,0,0,0,0,0,0,0,0,0,0,0,0,0,0,0,0,0,0,0,0,0,0,0,0,0,0,0,0,0,0
-0.132965,0.310585,1.01349,0,0,0,0,-7.07475e-09,-2.02883e-08,-1.19171e-08,637,611,612,636,638,661,662,2204,2205,2229,2230,2231,2254,2255,0,0,0,0,0,0,0,0,0,611,612,636,638,661,662,2204,2205,2229,2230,2231,2254,2255,0,0,0,0,0,0,0,0,0,0.0494055,0.0493358,0.0445971,0.0454393,0.048783,0.0507781,0.112523,0.11216,0.111049,0.0997049,0.111017,0.112681,0.113638,0,0,0,0,0,0,0,0,0,0.0480904,0.0495501,0.0452707,0.0461656,0.0495202,0.0494583,0.112156,0.112845,0.110821,0.1,0.111237,0.112835,0.112809,0,0,0,0,0,0,0,0,0,1,1,1,1,1,1,1,1,1,1,1,1,1,0,0,0,0,0,0,0,0,0,1,1,1,1,1,1,1,1,1,1,1,1,1,0,0,0,0,0,0,0,0,0,1,0,0,0,0,0,0,0,0,0,0,0,0,0,0,0,0,0,0,0,0,0,0,13,0,0,0,0,0,0,0,0,0,0,0,0,0,0,0,0,0,0,0,0,0,0,0,0,0,0,0,0,0,0,0,0,0,0,0,0,0,0,0,0,0,0,0,0,0,0,0,0
-0.170995,0.28572,1.01304,0,0,0,0,-9.75363e-09,-1.75853e-08,-5.72083e-09,638,612,613,637,639,662,663,2205,2206,2230,2231,2232,2255,2256,0,0,0,0,0,0,0,0,0,612,613,637,639,662,663,2205,2206,2230,2231,2232,2255,2256,0,0,0,0,0,0,0,0,0,0.0496361,0.0506259,0.0454393,0.0463363,0.0503741,0.0508216,0.112752,0.112815,0.111439,0.0997208,0.111413,0.113362,0.113692,0,0,0,0,0,0,0,0,0,0.0487283,0.0505722,0.0461656,0.0469833,0.0506768,0.0499953,0.11246,0.113353,0.111233,0.1,0.111616,0.113406,0.113071,0,0,0,0,0,0,0,0,0,1,1,1,1,1,1,1,1,1,1,1,1,1,0,0,0,0,0,0,0,0,0,1,1,1,1,1,1,1,1,1,1,1,1,1,0,0,0,0,0,0,0,0,0,1,0,0,0,0,0,0,0,0,0,0,0,0,0,0,0,0,0,0,0,0,0,0,13,0,0,0,0,0,0,0,0,0,0,0,0,0,0,0,0,0,0,0,0,0,0,0,0,0,0,0,0,0,0,0,0,0,0,0,0,0,0,0,0,0,0,0,0,0,0,0,0
-0.209383,0.260207,1.0083,0,0,0,0,-1.30804e-08,-1.51292e-08,1.08091e-09,639,613,614,638,640,663,664,2206,2207,2231,2232,2233,2256,2257,0,0,0,0,0,0,0,0,0,613,614,638,640,663,664,2206,2207,2231,2232,2233,2256,2257,0,0,0,0,0,0,0,0,0,0.0496073,0.0515588,0.0463363,0.0471577,0.0516248,0.0506028,0.112875,0.113343,0.111741,0.0997976,0.111808,0.113851,0.113678,0,0,0,0,0,0,0,0,0,0.0491129,0.0513876,0.0469833,0.0477028,0.0516621,0.0502377,0.112642,0.113766,0.111615,0.1,0.111954,0.113901,0.11319,0,0,0,0,0,0,0,0,0,1,1,1,1,1,1,1,1,1,1,1,1,1,0,0,0,0,0,0,0,0,0,1,1,1,1,1,1,1,1,1,1,1,1,1,0,0,0,0,0,0,0,0,0,1,0,0,0,0,0,0,0,0,0,0,0,0,0,0,0,0,0,0,0,0,0,0,13,0,0,0,0,0,0,0,0,0,0,0,0,0,0,0,0,0,0,0,0,0,0,0,0,0,0,0,0,0,0,0,0,0,0,0,0,0,0,0,0,0,0,0,0,0,0,0,0
-0.247783,0.234297,0.999468,0,0,0,0,-1.71291e-08,-1.28922e-08,8.43967e-09,640,614,615,639,641,664,665,2207,2208,2232,2233,2234,2257,2258,0,0,0,0,0,0,0,0,0,614,615,639,641,664,665,2207,2208,2232,2233,2234,2257,2258,0,0,0,0,0,0,0,0,0,0.0493797,0.0521007,0.0471577,0.0478067,0.0524261,0.0502077,0.112868,0.113685,0.112046,0.0998611,0.112121,0.114209,0.113553,0,0,0,0,0,0,0,0,0,0.0492496,0.0519098,0.0477028,0.0482514,0.0523699,0.0502157,0.112703,0.114035,0.111956,0.1,0.112213,0.114262,0.113177,0,0,0,0,0,0,0,0,0,1,1,1,1,1,1,1,1,1,1,1,1,1,0,0,0,0,0,0,0,0,0,1,1,1,1,1,1,1,1,1,1,1,1,1,0,0,0,0,0,0,0,0,0,1,0,0,0,0,0,0,0,0,0,0,0,0,0,0,0,0,0,0,0,0,0,0,13,0,0,0,0,0,0,0,0,0,0,0,0,0,0,0,0,0,0,0,0,0,0,0,0,0,0,0,0,0,0,0,0,0,0,0,0,0,0,0,0,0,0,0,0,0,0,0,0
-0.285764,0.208172,0.986802,0,0,0,0,-2.19575e-08,-1.08637e-08,1.62694e-08,641,615,616,640,642,665,666,2208,2209,2233,2234,2235,2258,2259,0,0,0,0,0,0,0,0,0,615,616,640,642,665,666,2208,2209,2233,2234,2235,2258,2259,0,0,0,0,0,0,0,0,0,0.0490086,0.0522124,0.0478067,0.0480953,0.0527593,0.0497045,0.112772,0.113812,0.112288,0.0999174,0.112257,0.114363,0.113353,0,0,0,0,0,0,0,0,0,0.0491637,0.0520548,0.0482514,0.0484584,0.0527021,0.0499791,0.112657,0.114113,0.112218,0.1,0.112311,0.114433,0.11306,0,0,0,0,0,0,0,0,0,1,1,1,1,1,1,1,1,1,1,1,1,1,0,0,0,0,0,0,0,0,0,1,1,1,1,1,1,1,1,1,1,1,1,1,0,0,0,0,0,0,0,0,0,1,0,0,0,0,0,0,0,0,0,0,0,0,0,0,0,0,0,0,0,0,0,0,13,0,0,0,0,0,0,0,0,0,0,0,0,0,0,0,0,0,0,0,0,0,0,0,0,0,0,0,0,0,0,0,0,0,0,0,0,0,0,0,0,0,0,0,0,0,0,0,0
-0.32279,0.182044,0.970692,0,0,0,0,-2.75805e-08,-9.04485e-09,2.44307e-08,642,616,617,641,643,666,667,2209,2210,2234,2235,2236,2259,2260,0,0,0,0,0,0,0,0,0,616,617,641,643,666,667,2209,2210,2234,2235,2236,2259,2260,0,0,0,0,0,0,0,0,0,0.0485033,0.0518647,0.0480953,0.0477948,0.0526245,0.0490724,0.11259,0.113704,0.112375,0.0999603,0.112103,0.114297,0.113061,0,0,0,0,0,0,0,0,0,0.0488565,0.0517587,0.0484584,0.0480962,0.0526021,0.0495158,0.112505,0.113964,0.112318,0.1,0.112138,0.114383,0.112831,0,0,0,0,0,0,0,0,0,1,1,1,1,1,1,1,1,1,1,1,1,1,0,0,0,0,0,0,0,0,0,1,1,1,1,1,1,1,1,1,1,1,1,1,0,0,0,0,0,0,0,0,0,1,0,0,0,0,0,0,0,0,0,0,0,0,0,0,0,0,0,0,0,0,0,0,13,0,0,0,0,0,0,0,0,0,0,0,0,0,0,0,0,0,0,0,0,0,0,0,0,0,0,0,0,0,0,0,0,0,0,0,0,0,0,0,0,0,0,0,0,0,0,0,0
-0.358268,0.156324,0.95161,0,0,0,0,-3.39512e-08,-7.44669e-09,3.27259e-08,643,617,618,642,644,667,668,2210,2211,2235,2236,2237,2260,2261,0,0,0,0,0,0,0,0,0,617,618,642,644,667,668,2210,2211,2235,2236,2237,2260,2261,0,0,0,0,0,0,0,0,0,0.0477335,0.0512532,0.0477948,0.0471144,0.0521336,0.0481016,0.112262,0.113458,0.112188,0.0999897,0.111762,0.114058,0.112588,0,0,0,0,0,0,0,0,0,0.0482075,0.051197,0.0480962,0.0473654,0.0521485,0.0486421,0.112191,0.113681,0.112145,0.1,0.111792,0.114151,0.112406,0,0,0,0,0,0,0,0,0,1,1,1,1,1,1,1,1,1,1,1,1,1,0,0,0,0,0,0,0,0,0,1,1,1,1,1,1,1,1,1,1,1,1,1,0,0,0,0,0,0,0,0,0,1,0,0,0,0,0,0,0,0,0,0,0,0,0,0,0,0,0,0,0,0,0,0,13,0,0,0,0,0,0,0,0,0,0,0,0,0,0,0,0,0,0,0,0,0,0,0,0,0,0,0,0,0,0,0,0,0,0,0,0,0,0,0,0,0,0,0,0,0,0,0,0
-0.392011,0.131788,0.929721,0,0,0,0,-4.10235e-08,-6.07728e-09,4.09939e-08,644,618,619,643,645,668,669,2211,2212,2236,2237,2238,2261,2262,0,0,0,0,0,0,0,0,0,618,619,643,645,668,669,2211,2212,2236,2237,2238,2261,2262,0,0,0,0,0,0,0,0,0,0.046527,0.0510747,0.0471144,0.0474028,0.0517946,0.0468197,0.111715,0.113413,0.111827,0.100008,0.111872,0.113906,0.11197,0,0,0,0,0,0,0,0,0,0.0470719,0.0510525,0.0473654,0.047603,0.0518353,0.0474191,0.111652,0.113608,0.111798,0.1,0.111906,0.113992,0.111821,0,0,0,0,0,0,0,0,0,1,1,1,1,1,1,1,1,1,1,1,1,1,0,0,0,0,0,0,0,0,0,1,1,1,1,1,1,1,1,1,1,1,1,1,0,0,0,0,0,0,0,0,0,1,0,0,0,0,0,0,0,0,0,0,0,0,0,0,0,0,0,0,0,0,0,0,13,0,0,0,0,0,0,0,0,0,0,0,0,0,0,0,0,0,0,0,0,0,0,0,0,0,0,0,0,0,0,0,0,0,0,0,0,0,0,0,0,0,0,0,0,0,0,0,0
-0.424771,0.108535,0.904558,0,0,0,0,-4.89443e-08,-4.90103e-09,4.93329e-08,645,619,620,644,646,669,670,2212,2213,2237,2238,2239,2262,2263,0,0,0,0,0,0,0,0,0,619,620,644,646,669,670,2212,2213,2237,2238,2239,2262,2263,0,0,0,0,0,0,0,0,0,0.0455338,0.0510616,0.0474028,0.0485095,0.0518372,0.0460041,0.111264,0.113436,0.111929,0.10002,0.112375,0.113946,0.111574,0,0,0,0,0,0,0,0,0,0.046125,0.0510512,0.047603,0.0486612,0.051885,0.0466362,0.11121,0.113606,0.11191,0.1,0.112414,0.114017,0.111453,0,0,0,0,0,0,0,0,0,1,1,1,1,1,1,1,1,1,1,1,1,1,0,0,0,0,0,0,0,0,0,1,1,1,1,1,1,1,1,1,1,1,1,1,0,0,0,0,0,0,0,0,0,1,0,0,0,0,0,0,0,0,0,0,0,0,0,0,0,0,0,0,0,0,0,0,13,0,0,0,0,0,0,0,0,0,0,0,0,0,0,0,0,0,0,0,0,0,0,0,0,0,0,0,0,0,0,0,0,0,0,0,0,0,0,0,0,0,0,0,0,0,0,0,0
-0.456739,0.0855918,0.876189,0,0,0,0,-5.783e-08,-3.85461e-09,5.7791e-08,646,620,621,645,647,670,671,2213,2214,2238,2239,2240,2263,2264,0,0,0,0,0,0,0,0,0,620,621,645,647,670,671,2213,2214,2238,2239,2240,2263,2264,0,0,0,0,0,0,0,0,0,0.0451175,0.0504878,0.0485095,0.049075,0.0514587,0.0455436,0.111074,0.11318,0.112426,0.100026,0.112627,0.113763,0.111335,0,0,0,0,0,0,0,0,0,0.0457283,0.0504794,0.0486612,0.0491853,0.0515011,0.0461801,0.111028,0.113319,0.112417,0.1,0.11267,0.113822,0.11124,0,0,0,0,0,0,0,0,0,1,1,1,1,1,1,1,1,1,1,1,1,1,0,0,0,0,0,0,0,0,0,1,1,1,1,1,1,1,1,1,1,1,1,1,0,0,0,0,0,0,0,0,0,1,0,0,0,0,0,0,0,0,0,0,0,0,0,0,0,0,0,0,0,0,0,0,13,0,0,0,0,0,0,0,0,0,0,0,0,0,0,0,0,0,0,0,0,0,0,0,0,0,0,0,0,0,0,0,0,0,0,0,0,0,0,0,0,0,0,0,0,0,0,0,0
-0.487229,0.0626628,0.845319,0,0,0,0,-6.75604e-08,-2.89854e-09,6.61457e-08,647,621,622,646,648,671,672,2214,2215,2239,2240,2241,2264,2265,0,0,0,0,0,0,0,0,0,621,622,646,648,671,672,2214,2215,2239,2240,2241,2264,2265,0,0,0,0,0,0,0,0,0,0.0446925,0.0495186,0.049075,0.0489886,0.0505784,0.0450167,0.110877,0.112729,0.11267,0.100028,0.112567,0.113327,0.111061,0,0,0,0,0,0,0,0,0,0.0452976,0.0495099,0.0491853,0.0490643,0.050613,0.0456343,0.110831,0.112839,0.112671,0.1,0.112614,0.113376,0.110987,0,0,0,0,0,0,0,0,0,1,1,1,1,1,1,1,1,1,1,1,1,1,0,0,0,0,0,0,0,0,0,1,1,1,1,1,1,1,1,1,1,1,1,1,0,0,0,0,0,0,0,0,0,1,0,0,0,0,0,0,0,0,0,0,0,0,0,0,0,0,0,0,0,0,0,0,13,0,0,0,0,0,0,0,0,0,0,0,0,0,0,0,0,0,0,0,0,0,0,0,0,0,0,0,0,0,0,0,0,0,0,0,0,0,0,0,0,0,0,0,0,0,0,0,0
-0.515722,0.0400137,0.812531,0,0,0,0,-7.7967e-08,-2.00494e-09,7.41749e-08,648,622,623,647,649,672,673,2215,2216,2240,2241,2242,2265,2266,0,0,0,0,0,0,0,0,0,622,623,647,649,672,673,2215,2216,2240,2241,2242,2265,2266,0,0,0,0,0,0,0,0,0,0.0441015,0.0483569,0.0489886,0.0484763,0.0494565,0.0443585,0.110598,0.11219,0.112603,0.100027,0.112304,0.11278,0.110729,0,0,0,0,0,0,0,0,0,0.0446812,0.0483479,0.0490643,0.0485228,0.0494843,0.0449415,0.110552,0.112275,0.112612,0.1,0.112354,0.112819,0.11067,0,0,0,0,0,0,0,0,0,1,1,1,1,1,1,1,1,1,1,1,1,1,0,0,0,0,0,0,0,0,0,1,1,1,1,1,1,1,1,1,1,1,1,1,0,0,0,0,0,0,0,0,0,1,0,0,0,0,0,0,0,0,0,0,0,0,0,0,0,0,0,0,0,0,0,0,13,0,0,0,0,0,0,0,0,0,0,0,0,0,0,0,0,0,0,0,0,0,0,0,0,0,0,0,0,0,0,0,0,0,0,0,0,0,0,0,0,0,0,0,0,0,0,0,0
-0.541955,0.0179191,0.778272,0,0,0,0,-8.88955e-08,-1.13946e-09,8.17194e-08,649,623,624,648,650,673,674,2216,2217,2241,2242,2243,2266,2267,0,0,0,0,0,0,0,0,0,623,624,648,650,673,674,2216,2217,2241,2242,2243,2266,2267,0,0,0,0,0,0,0,0,0,0.0433892,0.0470852,0.0484763,0.0476921,0.0482093,0.0435944,0.110261,0.111606,0.112335,0.100024,0.111916,0.112184,0.110353,0,0,0,0,0,0,0,0,0,0.0439318,0.0470765,0.0485228,0.0477137,0.0482321,0.0441347,0.110217,0.111669,0.112351,0.1,0.111969,0.112212,0.110307,0,0,0,0,0,0,0,0,0,1,1,1,1,1,1,1,1,1,1,1,1,1,0,0,0,0,0,0,0,0,0,1,1,1,1,1,1,1,1,1,1,1,1,1,0,0,0,0,0,0,0,0,0,1,0,0,0,0,0,0,0,0,0,0,0,0,0,0,0,0,0,0,0,0,0,0,13,0,0,0,0,0,0,0,0,0,0,0,0,0,0,0,0,0,0,0,0,0,0,0,0,0,0,0,0,0,0,0,0,0,0,0,0,0,0,0,0,0,0,0,0,0,0,0,0
-0.565815,-0.00342867,0.742925,0,0,0,0,-1.00208e-07,-2.5966e-10,8.86649e-08,650,624,625,649,651,674,675,2217,2218,2242,2243,2244,2267,2268,0,0,0,0,0,0,0,0,0,624,625,649,651,674,675,2217,2218,2242,2243,2244,2267,2268,0,0,0,0,0,0,0,0,0,0.0425946,0.0457385,0.0476921,0.0467131,0.0468793,0.042753,0.109889,0.110997,0.111944,0.10002,0.111446,0.111563,0.109952,0,0,0,0,0,0,0,0,0,0.0430946,0.0457318,0.0477137,0.0467131,0.0468993,0.0432482,0.109848,0.111043,0.111965,0.1,0.111499,0.11158,0.109914,0,0,0,0,0,0,0,0,0,1,1,1,1,1,1,1,1,1,1,1,1,1,0,0,0,0,0,0,0,0,0,1,1,1,1,1,1,1,1,1,1,1,1,1,0,0,0,0,0,0,0,0,0,1,0,0,0,0,0,0,0,0,0,0,0,0,0,0,0,0,0,0,0,0,0,0,13,0,0,0,0,0,0,0,0,0,0,0,0,0,0,0,0,0,0,0,0,0,0,0,0,0,0,0,0,0,0,0,0,0,0,0,0,0,0,0,0,0,0,0,0,0,0,0,0
-0.587271,-0.0239044,0.706834,0,0,0,0,-1.11781e-07,6.80655e-10,9.49276e-08,651,625,626,650,652,675,676,2218,2219,2243,2244,2245,2268,2269,0,0,0,0,0,0,0,0,0,625,626,650,652,675,676,2218,2219,2243,2244,2245,2268,2269,0,0,0,0,0,0,0,0,0,0.0417426,0.044338,0.0467131,0.0455891,0.0454884,0.0418568,0.109497,0.110377,0.11147,0.100016,0.11092,0.110928,0.109536,0,0,0,0,0,0,0,0,0,0.0421985,0.0443363,0.0467131,0.04557,0.0455094,0.0423077,0.109459,0.110409,0.111495,0.1,0.110972,0.110936,0.109505,0,0,0,0,0,0,0,0,0,1,1,1,1,1,1,1,1,1,1,1,1,1,0,0,0,0,0,0,0,0,0,1,1,1,1,1,1,1,1,1,1,1,1,1,0,0,0,0,0,0,0,0,0,1,0,0,0,0,0,0,0,0,0,0,0,0,0,0,0,0,0,0,0,0,0,0,13,0,0,0,0,0,0,0,0,0,0,0,0,0,0,0,0,0,0,0,0,0,0,0,0,0,0,0,0,0,0,0,0,0,0,0,0,0,0,0,0,0,0,0,0,0,0,0,0
-0.606342,-0.0434317,0.670319,0,0,0,0,-1.23504e-07,1.72496e-09,1.0045e-07,652,626,627,651,653,676,677,2219,2220,2244,2245,2246,2269,2270,0,0,0,0,0,0,0,0,0,626,627,651,653,676,677,2219,2220,2244,2245,2246,2269,2270,0,0,0,0,0,0,0,0,0,0.0408512,0.0428997,0.0455891,0.0443612,0.0440531,0.040926,0.109094,0.109754,0.110941,0.100013,0.11036,0.11029,0.109116,0,0,0,0,0,0,0,0,0,0.0412641,0.0429074,0.04557,0.0443243,0.0440798,0.0413354,0.109061,0.109777,0.110967,0.1,0.110409,0.11029,0.10909,0,0,0,0,0,0,0,0,0,1,1,1,1,1,1,1,1,1,1,1,1,1,0,0,0,0,0,0,0,0,0,1,1,1,1,1,1,1,1,1,1,1,1,1,0,0,0,0,0,0,0,0,0,1,0,0,0,0,0,0,0,0,0,0,0,0,0,0,0,0,0,0,0,0,0,0,13,0,0,0,0,0,0,0,0,0,0,0,0,0,0,0,0,0,0,0,0,0,0,0,0,0,0,0,0,0,0,0,0,0,0,0,0,0,0,0,0,0,0,0,0,0,0,0,0
-0.623092,-0.0619738,0.633665,0,0,0,0,-1.35294e-07,2.90721e-09,1.05199e-07,653,627,628,652,654,677,678,2220,2221,2245,2246,2247,2270,2271,0,0,0,0,0,0,0,0,0,627,628,652,654,677,678,2220,2221,2245,2246,2247,2270,2271,0,0,0,0,0,0,0,0,0,0.0399375,0.0414366,0.0443612,0.0430715,0.0425872,0.0399829,0.10869,0.109137,0.110378,0.10001,0.109786,0.109656,0.108702,0,0,0,0,0,0,0,0,0,0.0403097,0.0414591,0.0443243,0.0430167,0.0426253,0.0403548,0.108663,0.109154,0.110404,0.1,0.109832,0.109651,0.10868,0,0,0,0,0,0,0,0,0,1,1,1,1,1,1,1,1,1,1,1,1,1,0,0,0,0,0,0,0,0,0,1,1,1,1,1,1,1,1,1,1,1,1,1,0,0,0,0,0,0,0,0,0,1,0,0,0,0,0,0,0,0,0,0,0,0,0,0,0,0,0,0,0,0,0,0,13,0,0,0,0,0,0,0,0,0,0,0,0,0,0,0,0,0,0,0,0,0,0,0,0,0,0,0,0,0,0,0,0,0,0,0,0,0,0,0,0,0,0,0,0,0,0,0,0
-0.637616,-0.0795303,0.597114,0,0,0,0,-1.47097e-07,4.2453e-09,1.09156e-07,654,628,629,653,655,678,679,2221,2222,2246,2247,2248,2271,2272,0,0,0,0,0,0,0,0,0,628,629,653,655,678,679,2221,2222,2246,2247,2248,2271,2272,0,0,0,0,0,0,0,0,0,0.0390216,0.0399597,0.0430715,0.0417766,0.0411024,0.0390579,0.108293,0.108529,0.109804,0.100009,0.109224,0.109034,0.108309,0,0,0,0,0,0,0,0,0,0.0393566,0.0400017,0.0430167,0.0417024,0.0411579,0.039397,0.108272,0.108545,0.109827,0.1,0.109266,0.109024,0.108287,0,0,0,0,0,0,0,0,0,1,1,1,1,1,1,1,1,1,1,1,1,1,0,0,0,0,0,0,0,0,0,1,1,1,1,1,1,1,1,1,1,1,1,1,0,0,0,0,0,0,0,0,0,1,0,0,0,0,0,0,0,0,0,0,0,0,0,0,0,0,0,0,0,0,0,0,13,0,0,0,0,0,0,0,0,0,0,0,0,0,0,0,0,0,0,0,0,0,0,0,0,0,0,0,0,0,0,0,0,0,0,0,0,0,0,0,0,0,0,0,0,0,0,0,0
-0.650035,-0.0961411,0.560849,0,0,0,0,-1.589e-07,5.71988e-09,1.12315e-07,655,629,630,654,656,679,680,2222,2223,2247,2248,2249,2272,2273,0,0,0,0,0,0,0,0,0,629,630,654,656,679,680,2222,2223,2247,2248,2249,2272,2273,0,0,0,0,0,0,0,0,0,0.0381342,0.0384777,0.0417766,0.0405881,0.0396099,0.038201,0.107918,0.107935,0.109243,0.100007,0.108717,0.108426,0.107957,0,0,0,0,0,0,0,0,0,0.0384359,0.0385403,0.0417024,0.0404909,0.0396857,0.0385131,0.107903,0.107954,0.109261,0.1,0.108758,0.108413,0.107932,0,0,0,0,0,0,0,0,0,1,1,1,1,1,1,1,1,1,1,1,1,1,0,0,0,0,0,0,0,0,0,1,1,1,1,1,1,1,1,1,1,1,1,1,0,0,0,0,0,0,0,0,0,1,0,0,0,0,0,0,0,0,0,0,0,0,0,0,0,0,0,0,0,0,0,0,13,0,0,0,0,0,0,0,0,0,0,0,0,0,0,0,0,0,0,0,0,0,0,0,0,0,0,0,0,0,0,0,0,0,0,0,0,0,0,0,0,0,0,0,0,0,0,0,0
-0.660498,-0.111909,0.524942,0,0,0,0,-1.70748e-07,7.173e-09,1.14677e-07,656,117,118,630,631,655,680,1710,1711,2223,2224,2248,2249,2273,0,0,0,0,0,0,0,0,0,117,118,630,631,655,680,1710,1711,2223,2224,2248,2249,2273,0,0,0,0,0,0,0,0,0,0.0375223,0.0398471,0.0373402,0.0369879,0.0405881,0.0381246,0.10768,0.108395,0.107588,0.107356,0.108744,0.100009,0.107836,0,0,0,0,0,0,0,0,0,0.0378142,0.0397093,0.0376081,0.0370733,0.0404909,0.0382128,0.107656,0.108437,0.107577,0.107379,0.108752,0.1,0.107822,0,0,0,0,0,0,0,0,0,1,1,1,1,1,1,1,1,1,1,1,1,1,0,0,0,0,0,0,0,0,0,1,1,1,1,1,1,1,1,1,1,1,1,1,0,0,0,0,0,0,0,0,0,1,0,0,0,0,0,0,0,0,0,0,0,0,0,0,0,0,0,0,0,0,0,0,13,0,0,0,0,0,0,0,0,0,0,0,0,0,0,0,0,0,0,0,0,0,0,0,0,0,0,0,0,0,0,0,0,0,0,0,0,0,0,0,0,0,0,0,0,0,0,0,0
0.0257817,0.366809,0.997976,0,0,0,0,7.09367e-10,-2.81155e-08,-2.44566e-08,657,65,66,632,633,658,681,1658,1659,2225,2226,2250,2251,2274,0,0,0,0,0,0,0,0,0,65,66,632,633,658,681,1658,1659,2225,2226,2250,2251,2274,0,0,0,0,0,0,0,0,0,0.0416273,0.0335858,0.0466998,0.0413336,0.0343296,0.0482405,0.110167,0.106525,0.111467,0.109873,0.100376,0.107642,0.113121,0,0,0,0,0,0,0,0,0,0.0425316,0.0353441,0.0491552,0.0424648,0.0361235,0.0513164,0.109676,0.106805,0.112693,0.109654,0.1,0.107093,0.113731,0,0,0,0,0,0,0,0,0,1,1,1,1,1,1,1,1,1,1,1,1,1,0,0,0,0,0,0,0,0,0,1,1,1,1,1,1,1,1,1,1,1,1,1,0,0,0,0,0,0,0,0,0,1,0,0,0,0,0,0,0,0,0,0,0,0,0,0,0,0,0,0,0,0,0,0,13,0,0,0,0,0,0,0,0,0,0,0,0,0,0,0,0,0,0,0,0,0,0,0,0,0,0,0,0,0,0,0,0,0,0,0,0,0,0,0,0,0,0,0,0,0,0,0,0
-0.00289178,0.352977,1.01082,0,0,0,0,-5.47575e-10,-2.54103e-08,-2.22951e-08,658,633,634,657,659,681,682,2226,2227,2250,2251,2252,2274,2275,0,0,0,0,0,0,0,0,0,633,634,657,659,681,682,2226,2227,2250,2251,2252,2274,2275,0,0,0,0,0,0,0,0,0,0.0477329,0.0415057,0.0343296,0.0354569,0.0416583,0.0491517,0.111965,0.10982,0.106979,0.10045,0.108119,0.110467,0.113826,0,0,0,0,0,0,0,0,0,0.0506334,0.0429179,0.0361235,0.0371728,0.0429805,0.052819,0.113422,0.10985,0.107094,0.1,0.107492,0.10987,0.114496,0,0,0,0,0,0,0,0,0,1,1,1,1,1,1,1,1,1,1,1,1,1,0,0,0,0,0,0,0,0,0,1,1,1,1,1,1,1,1,1,1,1,1,1,0,0,0,0,0,0,0,0,0,1,0,0,0,0,0,0,0,0,0,0,0,0,0,0,0,0,0,0,0,0,0,0,13,0,0,0,0,0,0,0,0,0,0,0,0,0,0,0,0,0,0,0,0,0,0,0,0,0,0,0,0,0,0,0,0,0,0,0,0,0,0,0,0,0,0,0,0,0,0,0,0
-0.0321156,0.336442,1.02221,0,0,0,0,-1.85714e-09,-2.27011e-08,-1.9458e-08,659,634,635,658,660,682,683,2227,2228,2251,2252,2253,2275,2276,0,0,0,0,0,0,0,0,0,634,635,658,660,682,683,2227,2228,2251,2252,2253,2275,2276,0,0,0,0,0,0,0,0,0,0.0486882,0.0416414,0.0354569,0.0366488,0.0415214,0.050264,0.112473,0.109787,0.107691,0.100499,0.108611,0.110709,0.114477,0,0,0,0,0,0,0,0,0,0.0521006,0.0433747,0.0371728,0.0382989,0.0434473,0.0543091,0.114163,0.11005,0.107494,0.1,0.107932,0.110074,0.11527,0,0,0,0,0,0,0,0,0,1,1,1,1,1,1,1,1,1,1,1,1,1,0,0,0,0,0,0,0,0,0,1,1,1,1,1,1,1,1,1,1,1,1,1,0,0,0,0,0,0,0,0,0,1,0,0,0,0,0,0,0,0,0,0,0,0,0,0,0,0,0,0,0,0,0,0,13,0,0,0,0,0,0,0,0,0,0,0,0,0,0,0,0,0,0,0,0,0,0,0,0,0,0,0,0,0,0,0,0,0,0,0,0,0,0,0,0,0,0,0,0,0,0,0,0
-0.0615418,0.316739,1.03165,0,0,0,0,-3.36783e-09,-2.00385e-08,-1.59286e-08,660,635,636,659,661,683,684,2228,2229,2252,2253,2254,2276,2277,0,0,0,0,0,0,0,0,0,635,636,659,661,683,684,2228,2229,2252,2253,2254,2276,2277,0,0,0,0,0,0,0,0,0,0.0496328,0.0442619,0.0366488,0.0413811,0.0416896,0.0512089,0.113331,0.110117,0.10864,0.100851,0.109595,0.111087,0.115269,0,0,0,0,0,0,0,0,0,0.0535594,0.0458965,0.0382989,0.0423608,0.0439023,0.0557847,0.114916,0.111023,0.107933,0.1,0.109414,0.110276,0.116053,0,0,0,0,0,0,0,0,0,1,1,1,1,1,1,1,1,1,1,1,1,1,0,0,0,0,0,0,0,0,0,1,1,1,1,1,1,1,1,1,1,1,1,1,0,0,0,0,0,0,0,0,0,1,0,0,0,0,0,0,0,0,0,0,0,0,0,0,0,0,0,0,0,0,0,0,13,0,0,0,0,0,0,0,0,0,0,0,0,0,0,0,0,0,0,0,0,0,0,0,0,0,0,0,0,0,0,0,0,0,0,0,0,0,0,0,0,0,0,0,0,0,0,0,0
-0.0950363,0.293586,1.03903,0,0,0,0,-5.04957e-09,-1.73292e-08,-1.1539e-08,661,636,637,660,662,684,685,2229,2230,2253,2254,2255,2277,2278,0,0,0,0,0,0,0,0,0,636,637,660,662,684,685,2229,2230,2253,2254,2255,2277,2278,0,0,0,0,0,0,0,0,0,0.0504208,0.048783,0.0413811,0.0459286,0.0447047,0.0518909,0.112641,0.111687,0.110407,0.0993082,0.111108,0.111985,0.114011,0,0,0,0,0,0,0,0,0,0.0486411,0.0495202,0.0423608,0.0467502,0.046652,0.0499972,0.112422,0.112828,0.109691,0.1,0.11151,0.111603,0.113074,0,0,0,0,0,0,0,0,0,1,1,1,1,1,1,1,1,1,1,1,1,1,0,0,0,0,0,0,0,0,0,1,1,1,1,1,1,1,1,1,1,1,1,1,0,0,0,0,0,0,0,0,0,1,0,0,0,0,0,0,0,0,0,0,0,0,0,0,0,0,0,0,0,0,0,0,13,0,0,0,0,0,0,0,0,0,0,0,0,0,0,0,0,0,0,0,0,0,0,0,0,0,0,0,0,0,0,0,0,0,0,0,0,0,0,0,0,0,0,0,0,0,0,0,0
-0.133004,0.267806,1.04085,0,0,0,0,-7.19451e-09,-1.48921e-08,-6.16174e-09,662,637,638,661,663,685,686,2230,2231,2254,2255,2256,2278,2279,0,0,0,0,0,0,0,0,0,637,638,661,663,685,686,2230,2231,2254,2255,2256,2278,2279,0,0,0,0,0,0,0,0,0,0.0507781,0.0503741,0.0459286,0.046783,0.0497297,0.052037,0.113281,0.11262,0.111734,0.0996736,0.111602,0.113218,0.114398,0,0,0,0,0,0,0,0,0,0.0494583,0.0506768,0.0467502,0.0476133,0.0506127,0.0507361,0.112817,0.113402,0.111504,0.1,0.111915,0.113374,0.113439,0,0,0,0,0,0,0,0,0,1,1,1,1,1,1,1,1,1,1,1,1,1,0,0,0,0,0,0,0,0,0,1,1,1,1,1,1,1,1,1,1,1,1,1,0,0,0,0,0,0,0,0,0,1,0,0,0,0,0,0,0,0,0,0,0,0,0,0,0,0,0,0,0,0,0,0,13,0,0,0,0,0,0,0,0,0,0,0,0,0,0,0,0,0,0,0,0,0,0,0,0,0,0,0,0,0,0,0,0,0,0,0,0,0,0,0,0,0,0,0,0,0,0,0,0
-0.171609,0.241522,1.03812,0,0,0,0,-9.89382e-09,-1.27117e-08,-2.47475e-10,663,638,639,662,664,686,687,2231,2232,2255,2256,2257,2279,2280,0,0,0,0,0,0,0,0,0,638,639,662,664,686,687,2231,2232,2255,2256,2257,2279,2280,0,0,0,0,0,0,0,0,0,0.0508216,0.0516248,0.046783,0.0476959,0.051338,0.0518519,0.113432,0.113294,0.112117,0.0997034,0.112019,0.113915,0.114331,0,0,0,0,0,0,0,0,0,0.0499953,0.0516621,0.0476133,0.0484006,0.0517619,0.0511326,0.113076,0.113902,0.111911,0.1,0.112289,0.113952,0.113636,0,0,0,0,0,0,0,0,0,1,1,1,1,1,1,1,1,1,1,1,1,1,0,0,0,0,0,0,0,0,0,1,1,1,1,1,1,1,1,1,1,1,1,1,0,0,0,0,0,0,0,0,0,1,0,0,0,0,0,0,0,0,0,0,0,0,0,0,0,0,0,0,0,0,0,0,13,0,0,0,0,0,0,0,0,0,0,0,0,0,0,0,0,0,0,0,0,0,0,0,0,0,0,0,0,0,0,0,0,0,0,0,0,0,0,0,0,0,0,0,0,0,0,0,0
-0.21052,0.214916,1.03084,0,0,0,0,-1.32511e-08,-1.07638e-08,6.22599e-09,664,639,640,663,665,687,688,2232,2233,2256,2257,2258,2280,2281,0,0,0,0,0,0,0,0,0,639,640,663,665,687,688,2232,2233,2256,2257,2258,2280,2281,0,0,0,0,0,0,0,0,0,0.0506028,0.0524261,0.0476959,0.0485007,0.052496,0.0514216,0.113468,0.113789,0.112408,0.0997992,0.11242,0.114363,0.114205,0,0,0,0,0,0,0,0,0,0.0502377,0.0523699,0.0484006,0.0490759,0.0526727,0.0511975,0.11319,0.114267,0.112289,0.1,0.112612,0.114417,0.113667,0,0,0,0,0,0,0,0,0,1,1,1,1,1,1,1,1,1,1,1,1,1,0,0,0,0,0,0,0,0,0,1,1,1,1,1,1,1,1,1,1,1,1,1,0,0,0,0,0,0,0,0,0,1,0,0,0,0,0,0,0,0,0,0,0,0,0,0,0,0,0,0,0,0,0,0,13,0,0,0,0,0,0,0,0,0,0,0,0,0,0,0,0,0,0,0,0,0,0,0,0,0,0,0,0,0,0,0,0,0,0,0,0,0,0,0,0,0,0,0,0,0,0,0,0
-0.249339,0.188214,1.01934,0,0,0,0,-1.73387e-08,-9.00896e-09,1.3209e-08,665,640,641,664,666,688,689,2233,2234,2257,2258,2259,2281,2282,0,0,0,0,0,0,0,0,0,640,641,664,666,688,689,2233,2234,2257,2258,2259,2281,2282,0,0,0,0,0,0,0,0,0,0.0502077,0.0527593,0.0485007,0.0490525,0.053098,0.0508723,0.113377,0.114044,0.1127,0.0998737,0.112691,0.114626,0.113986,0,0,0,0,0,0,0,0,0,0.0502157,0.0527021,0.0490759,0.0495165,0.0532073,0.0510095,0.113174,0.114442,0.112617,0.1,0.112825,0.114693,0.113572,0,0,0,0,0,0,0,0,0,1,1,1,1,1,1,1,1,1,1,1,1,1,0,0,0,0,0,0,0,0,0,1,1,1,1,1,1,1,1,1,1,1,1,1,0,0,0,0,0,0,0,0,0,1,0,0,0,0,0,0,0,0,0,0,0,0,0,0,0,0,0,0,0,0,0,0,13,0,0,0,0,0,0,0,0,0,0,0,0,0,0,0,0,0,0,0,0,0,0,0,0,0,0,0,0,0,0,0,0,0,0,0,0,0,0,0,0,0,0,0,0,0,0,0,0
-0.287555,0.161567,1.00399,0,0,0,0,-2.2207e-08,-7.42928e-09,2.06073e-08,666,641,642,665,667,689,690,2234,2235,2258,2259,2260,2282,2283,0,0,0,0,0,0,0,0,0,641,642,665,667,689,690,2234,2235,2258,2259,2260,2282,2283,0,0,0,0,0,0,0,0,0,0.0497045,0.0526245,0.0490525,0.0490962,0.0531625,0.0502753,0.113207,0.114057,0.112891,0.0999342,0.112705,0.114641,0.113714,0,0,0,0,0,0,0,0,0,0.0499791,0.0526021,0.0495165,0.0494765,0.0532736,0.0506466,0.113053,0.114394,0.112832,0.1,0.112805,0.114728,0.11339,0,0,0,0,0,0,0,0,0,1,1,1,1,1,1,1,1,1,1,1,1,1,0,0,0,0,0,0,0,0,0,1,1,1,1,1,1,1,1,1,1,1,1,1,0,0,0,0,0,0,0,0,0,1,0,0,0,0,0,0,0,0,0,0,0,0,0,0,0,0,0,0,0,0,0,0,13,0,0,0,0,0,0,0,0,0,0,0,0,0,0,0,0,0,0,0,0,0,0,0,0,0,0,0,0,0,0,0,0,0,0,0,0,0,0,0,0,0,0,0,0,0,0,0,0
-0.324541,0.135232,0.985307,0,0,0,0,-2.78517e-08,-6.0211e-09,2.82643e-08,667,642,643,666,668,690,691,2235,2236,2259,2260,2261,2283,2284,0,0,0,0,0,0,0,0,0,642,643,666,668,690,691,2235,2236,2259,2260,2261,2283,2284,0,0,0,0,0,0,0,0,0,0.0490724,0.0521336,0.0490962,0.0484817,0.0527714,0.049524,0.112951,0.113881,0.112852,0.0999759,0.112392,0.114436,0.113339,0,0,0,0,0,0,0,0,0,0.0495158,0.0521485,0.0494765,0.0487973,0.0528949,0.0500341,0.112824,0.114162,0.112813,0.1,0.112476,0.114533,0.113086,0,0,0,0,0,0,0,0,0,1,1,1,1,1,1,1,1,1,1,1,1,1,0,0,0,0,0,0,0,0,0,1,1,1,1,1,1,1,1,1,1,1,1,1,0,0,0,0,0,0,0,0,0,1,0,0,0,0,0,0,0,0,0,0,0,0,0,0,0,0,0,0,0,0,0,0,13,0,0,0,0,0,0,0,0,0,0,0,0,0,0,0,0,0,0,0,0,0,0,0,0,0,0,0,0,0,0,0,0,0,0,0,0,0,0,0,0,0,0,0,0,0,0,0,0
-0.35977,0.109812,0.963783,0,0,0,0,-3.42123e-08,-4.78861e-09,3.59916e-08,668,643,644,667,669,691,692,2236,2237,2260,2261,2262,2284,2285,0,0,0,0,0,0,0,0,0,643,644,667,669,691,692,2236,2237,2260,2261,2262,2284,2285,0,0,0,0,0,0,0,0,0,0.0481016,0.0517946,0.0484817,0.0480781,0.052288,0.0482789,0.112508,0.113768,0.112502,0.100002,0.112177,0.114196,0.112714,0,0,0,0,0,0,0,0,0,0.0486421,0.0518353,0.0487973,0.0483352,0.0524165,0.0488705,0.112399,0.114002,0.112482,0.1,0.112256,0.114287,0.112516,0,0,0,0,0,0,0,0,0,1,1,1,1,1,1,1,1,1,1,1,1,1,0,0,0,0,0,0,0,0,0,1,1,1,1,1,1,1,1,1,1,1,1,1,0,0,0,0,0,0,0,0,0,1,0,0,0,0,0,0,0,0,0,0,0,0,0,0,0,0,0,0,0,0,0,0,13,0,0,0,0,0,0,0,0,0,0,0,0,0,0,0,0,0,0,0,0,0,0,0,0,0,0,0,0,0,0,0,0,0,0,0,0,0,0,0,0,0,0,0,0,0,0,0,0
-0.393578,0.0859806,0.939277,0,0,0,0,-4.13191e-08,-3.7195e-09,4.3767e-08,669,644,645,668,670,692,693,2237,2238,2261,2262,2263,2285,2286,0,0,0,0,0,0,0,0,0,644,645,668,670,692,693,2237,2238,2261,2262,2263,2285,2286,0,0,0,0,0,0,0,0,0,0.0468197,0.0518372,0.0480781,0.0489821,0.052335,0.0469885,0.111906,0.113829,0.112264,0.100017,0.112588,0.114234,0.112078,0,0,0,0,0,0,0,0,0,0.0474191,0.051885,0.0483352,0.0491783,0.0524561,0.0476302,0.111816,0.114025,0.11226,0.1,0.112666,0.114307,0.111921,0,0,0,0,0,0,0,0,0,1,1,1,1,1,1,1,1,1,1,1,1,1,0,0,0,0,0,0,0,0,0,1,1,1,1,1,1,1,1,1,1,1,1,1,0,0,0,0,0,0,0,0,0,1,0,0,0,0,0,0,0,0,0,0,0,0,0,0,0,0,0,0,0,0,0,0,13,0,0,0,0,0,0,0,0,0,0,0,0,0,0,0,0,0,0,0,0,0,0,0,0,0,0,0,0,0,0,0,0,0,0,0,0,0,0,0,0,0,0,0,0,0,0,0,0
-0.426708,0.0630834,0.911396,0,0,0,0,-4.93556e-08,-2.76598e-09,5.17274e-08,670,645,646,669,671,693,694,2238,2239,2262,2263,2264,2286,2287,0,0,0,0,0,0,0,0,0,645,646,669,671,693,694,2238,2239,2262,2263,2264,2286,2287,0,0,0,0,0,0,0,0,0,0.0460041,0.0514587,0.0489821,0.0499118,0.0522561,0.0463528,0.111523,0.113671,0.112661,0.100027,0.113019,0.1142,0.11175,0,0,0,0,0,0,0,0,0,0.0466362,0.0515011,0.0491783,0.0500519,0.0523595,0.0470129,0.111449,0.113829,0.112668,0.1,0.113096,0.114257,0.111628,0,0,0,0,0,0,0,0,0,1,1,1,1,1,1,1,1,1,1,1,1,1,0,0,0,0,0,0,0,0,0,1,1,1,1,1,1,1,1,1,1,1,1,1,0,0,0,0,0,0,0,0,0,1,0,0,0,0,0,0,0,0,0,0,0,0,0,0,0,0,0,0,0,0,0,0,13,0,0,0,0,0,0,0,0,0,0,0,0,0,0,0,0,0,0,0,0,0,0,0,0,0,0,0,0,0,0,0,0,0,0,0,0,0,0,0,0,0,0,0,0,0,0,0,0
-0.458727,0.0403077,0.880618,0,0,0,0,-5.83126e-08,-1.88003e-09,5.97355e-08,671,646,647,670,672,694,695,2239,2240,2263,2264,2265,2287,2288,0,0,0,0,0,0,0,0,0,646,647,670,672,694,695,2239,2240,2263,2264,2265,2287,2288,0,0,0,0,0,0,0,0,0,0.0455436,0.0505784,0.0499118,0.0500992,0.0515049,0.0458789,0.111304,0.11326,0.113081,0.100031,0.113092,0.113819,0.111492,0,0,0,0,0,0,0,0,0,0.0461801,0.050613,0.0500519,0.0501922,0.0515893,0.0465294,0.111237,0.113382,0.113096,0.1,0.113168,0.113865,0.111401,0,0,0,0,0,0,0,0,0,1,1,1,1,1,1,1,1,1,1,1,1,1,0,0,0,0,0,0,0,0,0,1,1,1,1,1,1,1,1,1,1,1,1,1,0,0,0,0,0,0,0,0,0,1,0,0,0,0,0,0,0,0,0,0,0,0,0,0,0,0,0,0,0,0,0,0,13,0,0,0,0,0,0,0,0,0,0,0,0,0,0,0,0,0,0,0,0,0,0,0,0,0,0,0,0,0,0,0,0,0,0,0,0,0,0,0,0,0,0,0,0,0,0,0,0
-0.488936,0.0177381,0.847634,0,0,0,0,-6.80369e-08,-1.03099e-09,6.75459e-08,672,647,648,671,673,695,696,2240,2241,2264,2265,2266,2288,2289,0,0,0,0,0,0,0,0,0,647,648,671,673,695,696,2240,2241,2264,2265,2266,2288,2289,0,0,0,0,0,0,0,0,0,0.0450167,0.0494565,0.0500992,0.0497296,0.0504254,0.045289,0.111047,0.112733,0.113143,0.100031,0.112894,0.113281,0.111182,0,0,0,0,0,0,0,0,0,0.0456343,0.0494843,0.0501922,0.0497838,0.0504945,0.0459098,0.110986,0.112823,0.113166,0.1,0.112969,0.113316,0.111112,0,0,0,0,0,0,0,0,0,1,1,1,1,1,1,1,1,1,1,1,1,1,0,0,0,0,0,0,0,0,0,1,1,1,1,1,1,1,1,1,1,1,1,1,0,0,0,0,0,0,0,0,0,1,0,0,0,0,0,0,0,0,0,0,0,0,0,0,0,0,0,0,0,0,0,0,13,0,0,0,0,0,0,0,0,0,0,0,0,0,0,0,0,0,0,0,0,0,0,0,0,0,0,0,0,0,0,0,0,0,0,0,0,0,0,0,0,0,0,0,0,0,0,0,0
-0.516951,-0.00432556,0.812973,0,0,0,0,-7.8374e-08,-1.87042e-10,7.49769e-08,673,648,649,672,674,696,697,2241,2242,2265,2266,2267,2289,2290,0,0,0,0,0,0,0,0,0,648,649,672,674,696,697,2241,2242,2265,2266,2267,2289,2290,0,0,0,0,0,0,0,0,0,0.0443585,0.0482093,0.0497296,0.04902,0.0492077,0.044568,0.110726,0.11215,0.112936,0.100028,0.112535,0.112688,0.110816,0,0,0,0,0,0,0,0,0,0.0449415,0.0482321,0.0497838,0.0490421,0.0492653,0.045148,0.11067,0.112216,0.112965,0.1,0.112608,0.112711,0.110763,0,0,0,0,0,0,0,0,0,1,1,1,1,1,1,1,1,1,1,1,1,1,0,0,0,0,0,0,0,0,0,1,1,1,1,1,1,1,1,1,1,1,1,1,0,0,0,0,0,0,0,0,0,1,0,0,0,0,0,0,0,0,0,0,0,0,0,0,0,0,0,0,0,0,0,0,13,0,0,0,0,0,0,0,0,0,0,0,0,0,0,0,0,0,0,0,0,0,0,0,0,0,0,0,0,0,0,0,0,0,0,0,0,0,0,0,0,0,0,0,0,0,0,0,0
-0.542598,-0.0256534,0.777052,0,0,0,0,-8.91882e-08,6.90975e-10,8.19011e-08,674,649,650,673,675,697,698,2242,2243,2266,2267,2268,2290,2291,0,0,0,0,0,0,0,0,0,649,650,673,675,697,698,2242,2243,2266,2267,2268,2290,2291,0,0,0,0,0,0,0,0,0,0.0435944,0.0468793,0.04902,0.0480803,0.0479045,0.0437472,0.110358,0.111537,0.112571,0.100024,0.112073,0.112067,0.110413,0,0,0,0,0,0,0,0,0,0.0441347,0.0468993,0.0490421,0.0480753,0.0479541,0.0442819,0.110307,0.111583,0.112604,0.1,0.112144,0.112078,0.110372,0,0,0,0,0,0,0,0,0,1,1,1,1,1,1,1,1,1,1,1,1,1,0,0,0,0,0,0,0,0,0,1,1,1,1,1,1,1,1,1,1,1,1,1,0,0,0,0,0,0,0,0,0,1,0,0,0,0,0,0,0,0,0,0,0,0,0,0,0,0,0,0,0,0,0,0,13,0,0,0,0,0,0,0,0,0,0,0,0,0,0,0,0,0,0,0,0,0,0,0,0,0,0,0,0,0,0,0,0,0,0,0,0,0,0,0,0,0,0,0,0,0,0,0,0
-0.56581,-0.0460974,0.740242,0,0,0,0,-1.00355e-07,1.64621e-09,8.82245e-08,675,650,651,674,676,698,699,2243,2244,2267,2268,2269,2291,2292,0,0,0,0,0,0,0,0,0,650,651,674,676,698,699,2243,2244,2267,2268,2269,2291,2292,0,0,0,0,0,0,0,0,0,0.042753,0.0454884,0.0480803,0.046974,0.0465364,0.0428546,0.109959,0.110908,0.112104,0.100019,0.111544,0.111429,0.109988,0,0,0,0,0,0,0,0,0,0.0432482,0.0455094,0.0480753,0.0469455,0.0465822,0.0433439,0.109915,0.110938,0.112139,0.1,0.111611,0.111431,0.109955,0,0,0,0,0,0,0,0,0,1,1,1,1,1,1,1,1,1,1,1,1,1,0,0,0,0,0,0,0,0,0,1,1,1,1,1,1,1,1,1,1,1,1,1,0,0,0,0,0,0,0,0,0,1,0,0,0,0,0,0,0,0,0,0,0,0,0,0,0,0,0,0,0,0,0,0,13,0,0,0,0,0,0,0,0,0,0,0,0,0,0,0,0,0,0,0,0,0,0,0,0,0,0,0,0,0,0,0,0,0,0,0,0,0,0,0,0,0,0,0,0,0,0,0,0
-0.586586,-0.0655686,0.702882,0,0,0,0,-1.11763e-07,2.72095e-09,9.388e-08,676,651,652,675,677,699,700,2244,2245,2268,2269,2270,2292,2293,0,0,0,0,0,0,0,0,0,651,652,675,677,699,700,2244,2245,2268,2269,2270,2292,2293,0,0,0,0,0,0,0,0,0,0.0418568,0.0440531,0.046974,0.0457482,0.0451183,0.0419146,0.109543,0.110273,0.111569,0.100015,0.110972,0.110784,0.109554,0,0,0,0,0,0,0,0,0,0.0423077,0.0440798,0.0469455,0.0456989,0.0451654,0.0423615,0.109506,0.110292,0.111605,0.1,0.111034,0.110778,0.109527,0,0,0,0,0,0,0,0,0,1,1,1,1,1,1,1,1,1,1,1,1,1,0,0,0,0,0,0,0,0,0,1,1,1,1,1,1,1,1,1,1,1,1,1,0,0,0,0,0,0,0,0,0,1,0,0,0,0,0,0,0,0,0,0,0,0,0,0,0,0,0,0,0,0,0,0,13,0,0,0,0,0,0,0,0,0,0,0,0,0,0,0,0,0,0,0,0,0,0,0,0,0,0,0,0,0,0,0,0,0,0,0,0,0,0,0,0,0,0,0,0,0,0,0,0
-0.604972,-0.0840226,0.665275,0,0,0,0,-1.2332e-07,3.9516e-09,9.88253e-08,677,652,653,676,678,700,701,2245,2246,2269,2270,2271,2293,2294,0,0,0,0,0,0,0,0,0,652,653,676,678,700,701,2245,2246,2269,2270,2271,2293,2294,0,0,0,0,0,0,0,0,0,0.040926,0.0425872,0.0457482,0.0444482,0.0436634,0.0409525,0.10912,0.109639,0.110993,0.100012,0.110382,0.11014,0.109122,0,0,0,0,0,0,0,0,0,0.0413354,0.0426253,0.0456989,0.0443796,0.0437181,0.0413614,0.109091,0.109652,0.111027,0.1,0.110436,0.110129,0.1091,0,0,0,0,0,0,0,0,0,1,1,1,1,1,1,1,1,1,1,1,1,1,0,0,0,0,0,0,0,0,0,1,1,1,1,1,1,1,1,1,1,1,1,1,0,0,0,0,0,0,0,0,0,1,0,0,0,0,0,0,0,0,0,0,0,0,0,0,0,0,0,0,0,0,0,0,13,0,0,0,0,0,0,0,0,0,0,0,0,0,0,0,0,0,0,0,0,0,0,0,0,0,0,0,0,0,0,0,0,0,0,0,0,0,0,0,0,0,0,0,0,0,0,0,0
-0.621051,-0.101454,0.627681,0,0,0,0,-1.34957e-07,5.36403e-09,1.03042e-07,678,653,654,677,679,701,702,2246,2247,2270,2271,2272,2294,2295,0,0,0,0,0,0,0,0,0,653,654,677,679,701,702,2246,2247,2270,2271,2272,2294,2295,0,0,0,0,0,0,0,0,0,0.0399829,0.0411024,0.0444482,0.0431294,0.0421835,0.0400007,0.108702,0.109014,0.110398,0.10001,0.109802,0.109503,0.108706,0,0,0,0,0,0,0,0,0,0.0403548,0.0411579,0.0443796,0.0430435,0.0422527,0.0403761,0.108681,0.109025,0.11043,0.1,0.109846,0.109489,0.108688,0,0,0,0,0,0,0,0,0,1,1,1,1,1,1,1,1,1,1,1,1,1,0,0,0,0,0,0,0,0,0,1,1,1,1,1,1,1,1,1,1,1,1,1,0,0,0,0,0,0,0,0,0,1,0,0,0,0,0,0,0,0,0,0,0,0,0,0,0,0,0,0,0,0,0,0,13,0,0,0,0,0,0,0,0,0,0,0,0,0,0,0,0,0,0,0,0,0,0,0,0,0,0,0,0,0,0,0,0,0,0,0,0,0,0,0,0,0,0,0,0,0,0,0,0
-0.634935,-0.117897,0.590305,0,0,0,0,-1.46638e-07,6.96549e-09,1.06542e-07,679,654,655,678,680,702,703,2247,2248,2271,2272,2273,2295,2296,0,0,0,0,0,0,0,0,0,654,655,678,680,702,703,2247,2248,2271,2272,2273,2295,2296,0,0,0,0,0,0,0,0,0,0.0390579,0.0396099,0.0431294,0.0418843,0.0406876,0.0391085,0.1083,0.108402,0.109809,0.100008,0.10928,0.108877,0.108323,0,0,0,0,0,0,0,0,0,0.039397,0.0396857,0.0430435,0.0417902,0.0407786,0.0394512,0.108289,0.108414,0.109839,0.1,0.109306,0.108864,0.108309,0,0,0,0,0,0,0,0,0,1,1,1,1,1,1,1,1,1,1,1,1,1,0,0,0,0,0,0,0,0,0,1,1,1,1,1,1,1,1,1,1,1,1,1,0,0,0,0,0,0,0,0,0,1,0,0,0,0,0,0,0,0,0,0,0,0,0,0,0,0,0,0,0,0,0,0,13,0,0,0,0,0,0,0,0,0,0,0,0,0,0,0,0,0,0,0,0,0,0,0,0,0,0,0,0,0,0,0,0,0,0,0,0,0,0,0,0,0,0,0,0,0,0,0,0
-0.646768,-0.133437,0.553254,0,0,0,0,-1.58353e-07,8.71759e-09,1.09416e-07,680,116,117,655,656,679,703,1709,1710,2248,2249,2272,2273,2296,0,0,0,0,0,0,0,0,0,116,117,655,656,679,703,1709,1710,2248,2249,2272,2273,2296,0,0,0,0,0,0,0,0,0,0.0383752,0.0409084,0.038201,0.0381246,0.0418843,0.0391791,0.108001,0.108922,0.107933,0.107808,0.109264,0.100008,0.108258,0,0,0,0,0,0,0,0,0,0.0386688,0.0408494,0.0385131,0.0382128,0.0417902,0.0393024,0.107993,0.108909,0.107934,0.107822,0.109299,0.1,0.108257,0,0,0,0,0,0,0,0,0,1,1,1,1,1,1,1,1,1,1,1,1,1,0,0,0,0,0,0,0,0,0,1,1,1,1,1,1,1,1,1,1,1,1,1,0,0,0,0,0,0,0,0,0,1,0,0,0,0,0,0,0,0,0,0,0,0,0,0,0,0,0,0,0,0,0,0,13,0,0,0,0,0,0,0,0,0,0,0,0,0,0,0,0,0,0,0,0,0,0,0,0,0,0,0,0,0,0,0,0,0,0,0,0,0,0,0,0,0,0,0,0,0,0,0,0
0.0265936,0.329315,1.02832,0,0,0,0,6.6549e-10,-2.16105e-08,-1.82248e-08,681,64,65,657,658,682,704,1657,1658,2250,2251,2274,2275,2297,0,0,0,0,0,0,0,0,0,64,65,657,658,682,704,1657,1658,2250,2251,2274,2275,2297,0,0,0,0,0,0,0,0,0,0.0421482,0.0341856,0.0482405,0.0416583,0.0351769,0.0493817,0.110448,0.106743,0.11226,0.110171,0.100421,0.108231,0.114029,0,0,0,0,0,0,0,0,0,0.0430007,0.0362194,0.0513164,0.0429805,0.037085,0.0534723,0.109877,0.107127,0.113766,0.109875,0.1,0.107454,0.114834,0,0,0,0,0,0,0,0,0,1,1,1,1,1,1,1,1,1,1,1,1,1,0,0,0,0,0,0,0,0,0,1,1,1,1,1,1,1,1,1,1,1,1,1,0,0,0,0,0,0,0,0,0,1,0,0,0,0,0,0,0,0,0,0,0,0,0,0,0,0,0,0,0,0,0,0,13,0,0,0,0,0,0,0,0,0,0,0,0,0,0,0,0,0,0,0,0,0,0,0,0,0,0,0,0,0,0,0,0,0,0,0,0,0,0,0,0,0,0,0,0,0,0,0,0
-0.00252217,0.314124,1.04093,0,0,0,0,-5.95509e-10,-1.92086e-08,-1.61847e-08,682,658,659,681,683,704,705,2251,2252,2274,2275,2276,2297,2298,0,0,0,0,0,0,0,0,0,658,659,681,683,704,705,2251,2252,2274,2275,2276,2297,2298,0,0,0,0,0,0,0,0,0,0.0491517,0.0415214,0.0351769,0.0360804,0.0413463,0.0507116,0.112731,0.109949,0.107368,0.100562,0.108596,0.110647,0.114968,0,0,0,0,0,0,0,0,0,0.052819,0.0434473,0.037085,0.0381553,0.0434698,0.0549903,0.114532,0.11008,0.107456,0.1,0.107871,0.110082,0.115631,0,0,0,0,0,0,0,0,0,1,1,1,1,1,1,1,1,1,1,1,1,1,0,0,0,0,0,0,0,0,0,1,1,1,1,1,1,1,1,1,1,1,1,1,0,0,0,0,0,0,0,0,0,1,0,0,0,0,0,0,0,0,0,0,0,0,0,0,0,0,0,0,0,0,0,0,13,0,0,0,0,0,0,0,0,0,0,0,0,0,0,0,0,0,0,0,0,0,0,0,0,0,0,0,0,0,0,0,0,0,0,0,0,0,0,0,0,0,0,0,0,0,0,0,0
-0.0316489,0.29584,1.05184,0,0,0,0,-1.93524e-09,-1.6836e-08,-1.34894e-08,683,659,660,682,684,705,706,2252,2253,2275,2276,2277,2298,2299,0,0,0,0,0,0,0,0,0,659,660,682,684,705,706,2252,2253,2275,2276,2277,2298,2299,0,0,0,0,0,0,0,0,0,0.050264,0.0416896,0.0360804,0.0371938,0.0413211,0.0518609,0.113352,0.109895,0.108112,0.100587,0.109009,0.110936,0.115616,0,0,0,0,0,0,0,0,0,0.0543091,0.0439023,0.0381553,0.0392895,0.0439341,0.0564888,0.115309,0.11028,0.107873,0.1,0.108323,0.110287,0.116433,0,0,0,0,0,0,0,0,0,1,1,1,1,1,1,1,1,1,1,1,1,1,0,0,0,0,0,0,0,0,0,1,1,1,1,1,1,1,1,1,1,1,1,1,0,0,0,0,0,0,0,0,0,1,0,0,0,0,0,0,0,0,0,0,0,0,0,0,0,0,0,0,0,0,0,0,13,0,0,0,0,0,0,0,0,0,0,0,0,0,0,0,0,0,0,0,0,0,0,0,0,0,0,0,0,0,0,0,0,0,0,0,0,0,0,0,0,0,0,0,0,0,0,0,0
-0.0607603,0.274276,1.06026,0,0,0,0,-3.46673e-09,-1.45958e-08,-1.0176e-08,684,660,661,683,685,706,707,2253,2254,2276,2277,2278,2299,2300,0,0,0,0,0,0,0,0,0,660,661,683,685,706,707,2253,2254,2276,2277,2278,2299,2300,0,0,0,0,0,0,0,0,0,0.0512089,0.0447047,0.0371938,0.0422509,0.0416113,0.052726,0.114316,0.110274,0.109113,0.100996,0.109968,0.111402,0.1164,0,0,0,0,0,0,0,0,0,0.0557847,0.046652,0.0392895,0.0435515,0.0443744,0.0579638,0.116095,0.111358,0.108326,0.1,0.109918,0.110484,0.117239,0,0,0,0,0,0,0,0,0,1,1,1,1,1,1,1,1,1,1,1,1,1,0,0,0,0,0,0,0,0,0,1,1,1,1,1,1,1,1,1,1,1,1,1,0,0,0,0,0,0,0,0,0,1,0,0,0,0,0,0,0,0,0,0,0,0,0,0,0,0,0,0,0,0,0,0,13,0,0,0,0,0,0,0,0,0,0,0,0,0,0,0,0,0,0,0,0,0,0,0,0,0,0,0,0,0,0,0,0,0,0,0,0,0,0,0,0,0,0,0,0,0,0,0,0
-0.0943335,0.249284,1.06604,0,0,0,0,-5.13634e-09,-1.23891e-08,-6.08172e-09,685,661,662,684,686,707,708,2254,2255,2277,2278,2279,2300,2301,0,0,0,0,0,0,0,0,0,661,662,684,686,707,708,2254,2255,2277,2278,2279,2300,2301,0,0,0,0,0,0,0,0,0,0.0518909,0.0497297,0.0422509,0.0471954,0.0450739,0.0532404,0.113424,0.11206,0.111002,0.0992065,0.111615,0.112415,0.114795,0,0,0,0,0,0,0,0,0,0.0499972,0.0506127,0.0435515,0.0482084,0.047345,0.0512434,0.113083,0.113367,0.110224,0.1,0.1122,0.111944,0.113693,0,0,0,0,0,0,0,0,0,1,1,1,1,1,1,1,1,1,1,1,1,1,0,0,0,0,0,0,0,0,0,1,1,1,1,1,1,1,1,1,1,1,1,1,0,0,0,0,0,0,0,0,0,1,0,0,0,0,0,0,0,0,0,0,0,0,0,0,0,0,0,0,0,0,0,0,13,0,0,0,0,0,0,0,0,0,0,0,0,0,0,0,0,0,0,0,0,0,0,0,0,0,0,0,0,0,0,0,0,0,0,0,0,0,0,0,0,0,0,0,0,0,0,0,0
-0.132795,0.221939,1.06542,0,0,0,0,-7.281e-09,-1.04719e-08,-1.0456e-09,686,662,663,685,687,708,709,2255,2256,2278,2279,2280,2301,2302,0,0,0,0,0,0,0,0,0,662,663,685,687,708,709,2255,2256,2278,2279,2280,2301,2302,0,0,0,0,0,0,0,0,0,0.052037,0.051338,0.0471954,0.0480915,0.0506105,0.0531133,0.114037,0.113078,0.112402,0.0996497,0.112169,0.113747,0.11508,0,0,0,0,0,0,0,0,0,0.0507361,0.0517619,0.0482084,0.0490396,0.0516467,0.0518641,0.113446,0.113948,0.112194,0.1,0.112599,0.113893,0.114006,0,0,0,0,0,0,0,0,0,1,1,1,1,1,1,1,1,1,1,1,1,1,0,0,0,0,0,0,0,0,0,1,1,1,1,1,1,1,1,1,1,1,1,1,0,0,0,0,0,0,0,0,0,1,0,0,0,0,0,0,0,0,0,0,0,0,0,0,0,0,0,0,0,0,0,0,13,0,0,0,0,0,0,0,0,0,0,0,0,0,0,0,0,0,0,0,0,0,0,0,0,0,0,0,0,0,0,0,0,0,0,0,0,0,0,0,0,0,0,0,0,0,0,0,0
-0.17192,0.194508,1.05999,0,0,0,0,-9.98819e-09,-8.78275e-09,4.48508e-09,687,663,664,686,688,709,710,2256,2257,2279,2280,2281,2302,2303,0,0,0,0,0,0,0,0,0,663,664,686,688,709,710,2256,2257,2279,2280,2281,2302,2303,0,0,0,0,0,0,0,0,0,0.0518519,0.052496,0.0480915,0.0490408,0.0521781,0.0526519,0.114074,0.113746,0.112785,0.0996964,0.112623,0.114433,0.114861,0,0,0,0,0,0,0,0,0,0.0511326,0.0526727,0.0490396,0.0498047,0.0527587,0.052063,0.113639,0.114419,0.112597,0.1,0.11297,0.114461,0.114105,0,0,0,0,0,0,0,0,0,1,1,1,1,1,1,1,1,1,1,1,1,1,0,0,0,0,0,0,0,0,0,1,1,1,1,1,1,1,1,1,1,1,1,1,0,0,0,0,0,0,0,0,0,1,0,0,0,0,0,0,0,0,0,0,0,0,0,0,0,0,0,0,0,0,0,0,13,0,0,0,0,0,0,0,0,0,0,0,0,0,0,0,0,0,0,0,0,0,0,0,0,0,0,0,0,0,0,0,0,0,0,0,0,0,0,0,0,0,0,0,0,0,0,0,0
-0.211318,0.167131,1.04982,0,0,0,0,-1.3365e-08,-7.28688e-09,1.05371e-08,688,664,665,687,689,710,711,2257,2258,2280,2281,2282,2303,2304,0,0,0,0,0,0,0,0,0,664,665,687,689,710,711,2257,2258,2280,2281,2282,2303,2304,0,0,0,0,0,0,0,0,0,0.0514216,0.053098,0.0490408,0.0498214,0.0531522,0.0520065,0.114001,0.114167,0.113074,0.0998116,0.113026,0.114791,0.114612,0,0,0,0,0,0,0,0,0,0.0511975,0.0532073,0.0498047,0.0504306,0.0535209,0.051918,0.113664,0.114701,0.112973,0.1,0.113276,0.114855,0.114031,0,0,0,0,0,0,0,0,0,1,1,1,1,1,1,1,1,1,1,1,1,1,0,0,0,0,0,0,0,0,0,1,1,1,1,1,1,1,1,1,1,1,1,1,0,0,0,0,0,0,0,0,0,1,0,0,0,0,0,0,0,0,0,0,0,0,0,0,0,0,0,0,0,0,0,0,13,0,0,0,0,0,0,0,0,0,0,0,0,0,0,0,0,0,0,0,0,0,0,0,0,0,0,0,0,0,0,0,0,0,0,0,0,0,0,0,0,0,0,0,0,0,0,0,0
-0.250503,0.139956,1.03539,0,0,0,0,-1.74814e-08,-5.93849e-09,1.70602e-08,689,665,666,688,690,711,712,2258,2259,2281,2282,2283,2304,2305,0,0,0,0,0,0,0,0,0,665,666,688,690,711,712,2258,2259,2281,2282,2283,2304,2305,0,0,0,0,0,0,0,0,0,0.0508723,0.0531625,0.0498214,0.0502099,0.0534515,0.0513517,0.113821,0.114299,0.113349,0.0998935,0.113218,0.114898,0.114313,0,0,0,0,0,0,0,0,0,0.0510095,0.0532736,0.0504306,0.0507027,0.0537659,0.0515882,0.113565,0.114739,0.113283,0.1,0.11341,0.114984,0.113863,0,0,0,0,0,0,0,0,0,1,1,1,1,1,1,1,1,1,1,1,1,1,0,0,0,0,0,0,0,0,0,1,1,1,1,1,1,1,1,1,1,1,1,1,0,0,0,0,0,0,0,0,0,1,0,0,0,0,0,0,0,0,0,0,0,0,0,0,0,0,0,0,0,0,0,0,13,0,0,0,0,0,0,0,0,0,0,0,0,0,0,0,0,0,0,0,0,0,0,0,0,0,0,0,0,0,0,0,0,0,0,0,0,0,0,0,0,0,0,0,0,0,0,0,0
-0.288837,0.113086,1.01724,0,0,0,0,-2.23742e-08,-4.71715e-09,2.39459e-08,690,666,667,689,691,712,713,2259,2260,2282,2283,2284,2305,2306,0,0,0,0,0,0,0,0,0,666,667,689,691,712,713,2259,2260,2282,2283,2284,2305,2306,0,0,0,0,0,0,0,0,0,0.0502753,0.0527714,0.0502099,0.0498596,0.0531673,0.0507236,0.113589,0.114186,0.113454,0.0999528,0.113032,0.114722,0.113995,0,0,0,0,0,0,0,0,0,0.0506466,0.0528949,0.0507027,0.0502643,0.0534511,0.0511588,0.113382,0.114544,0.113419,0.1,0.113194,0.11482,0.113646,0,0,0,0,0,0,0,0,0,1,1,1,1,1,1,1,1,1,1,1,1,1,0,0,0,0,0,0,0,0,0,1,1,1,1,1,1,1,1,1,1,1,1,1,0,0,0,0,0,0,0,0,0,1,0,0,0,0,0,0,0,0,0,0,0,0,0,0,0,0,0,0,0,0,0,0,13,0,0,0,0,0,0,0,0,0,0,0,0,0,0,0,0,0,0,0,0,0,0,0,0,0,0,0,0,0,0,0,0,0,0,0,0,0,0,0,0,0,0,0,0,0,0,0,0
-0.325573,0.0868911,0.99602,0,0,0,0,-2.8008e-08,-3.61903e-09,3.10135e-08,691,667,668,690,692,713,714,2260,2261,2283,2284,2285,2306,2307,0,0,0,0,0,0,0,0,0,667,668,690,692,713,714,2260,2261,2283,2284,2285,2306,2307,0,0,0,0,0,0,0,0,0,0.049524,0.052288,0.0498596,0.0489262,0.0525299,0.049793,0.113253,0.114012,0.113209,0.0999891,0.112558,0.11438,0.113505,0,0,0,0,0,0,0,0,0,0.0500341,0.0524165,0.0502643,0.0492549,0.0527787,0.0503485,0.113078,0.114296,0.113201,0.1,0.112701,0.114473,0.113241,0,0,0,0,0,0,0,0,0,1,1,1,1,1,1,1,1,1,1,1,1,1,0,0,0,0,0,0,0,0,0,1,1,1,1,1,1,1,1,1,1,1,1,1,0,0,0,0,0,0,0,0,0,1,0,0,0,0,0,0,0,0,0,0,0,0,0,0,0,0,0,0,0,0,0,0,13,0,0,0,0,0,0,0,0,0,0,0,0,0,0,0,0,0,0,0,0,0,0,0,0,0,0,0,0,0,0,0,0,0,0,0,0,0,0,0,0,0,0,0,0,0,0,0,0
-0.360442,0.0622628,0.972116,0,0,0,0,-3.43229e-08,-2.64208e-09,3.81262e-08,692,668,669,691,693,714,715,2261,2262,2284,2285,2286,2307,2308,0,0,0,0,0,0,0,0,0,668,669,691,693,714,715,2261,2262,2284,2285,2286,2307,2308,0,0,0,0,0,0,0,0,0,0.0482789,0.052335,0.0489262,0.0491853,0.0523641,0.0481244,0.112655,0.114088,0.112694,0.10001,0.112663,0.114295,0.112659,0,0,0,0,0,0,0,0,0,0.0488705,0.0524561,0.0492549,0.0494371,0.0525765,0.0487549,0.11251,0.114314,0.112705,0.1,0.112794,0.114368,0.112459,0,0,0,0,0,0,0,0,0,1,1,1,1,1,1,1,1,1,1,1,1,1,0,0,0,0,0,0,0,0,0,1,1,1,1,1,1,1,1,1,1,1,1,1,0,0,0,0,0,0,0,0,0,1,0,0,0,0,0,0,0,0,0,0,0,0,0,0,0,0,0,0,0,0,0,0,13,0,0,0,0,0,0,0,0,0,0,0,0,0,0,0,0,0,0,0,0,0,0,0,0,0,0,0,0,0,0,0,0,0,0,0,0,0,0,0,0,0,0,0,0,0,0,0,0
-0.394454,0.0393459,0.944965,0,0,0,0,-4.14711e-08,-1.76011e-09,4.544e-08,693,669,670,692,694,715,716,2262,2263,2285,2286,2287,2308,2309,0,0,0,0,0,0,0,0,0,669,670,692,694,715,716,2262,2263,2285,2286,2287,2308,2309,0,0,0,0,0,0,0,0,0,0.0469885,0.0522561,0.0491853,0.0504819,0.0527515,0.0470468,0.112031,0.114085,0.112771,0.100024,0.113278,0.114493,0.112113,0,0,0,0,0,0,0,0,0,0.0476302,0.0523595,0.0494371,0.0506595,0.0529276,0.0477159,0.111917,0.114263,0.112795,0.1,0.113399,0.114547,0.11196,0,0,0,0,0,0,0,0,0,1,1,1,1,1,1,1,1,1,1,1,1,1,0,0,0,0,0,0,0,0,0,1,1,1,1,1,1,1,1,1,1,1,1,1,0,0,0,0,0,0,0,0,0,1,0,0,0,0,0,0,0,0,0,0,0,0,0,0,0,0,0,0,0,0,0,0,13,0,0,0,0,0,0,0,0,0,0,0,0,0,0,0,0,0,0,0,0,0,0,0,0,0,0,0,0,0,0,0,0,0,0,0,0,0,0,0,0,0,0,0,0,0,0,0,0
-0.427839,0.0168489,0.914506,0,0,0,0,-4.9593e-08,-9.24215e-10,5.29728e-08,694,670,671,693,695,716,717,2263,2264,2286,2287,2288,2309,2310,0,0,0,0,0,0,0,0,0,670,671,693,695,716,717,2263,2264,2286,2287,2288,2309,2310,0,0,0,0,0,0,0,0,0,0.0463528,0.0515049,0.0504819,0.0510664,0.0522471,0.0466136,0.111721,0.113737,0.113365,0.100032,0.11355,0.114231,0.111867,0,0,0,0,0,0,0,0,0,0.0470129,0.0515893,0.0506595,0.0511814,0.0523885,0.0472866,0.111626,0.113869,0.113398,0.1,0.113662,0.11427,0.111755,0,0,0,0,0,0,0,0,0,1,1,1,1,1,1,1,1,1,1,1,1,1,0,0,0,0,0,0,0,0,0,1,1,1,1,1,1,1,1,1,1,1,1,1,0,0,0,0,0,0,0,0,0,1,0,0,0,0,0,0,0,0,0,0,0,0,0,0,0,0,0,0,0,0,0,0,13,0,0,0,0,0,0,0,0,0,0,0,0,0,0,0,0,0,0,0,0,0,0,0,0,0,0,0,0,0,0,0,0,0,0,0,0,0,0,0,0,0,0,0,0,0,0,0,0
-0.45972,-0.00555207,0.881497,0,0,0,0,-5.85673e-08,-9.89618e-11,6.0459e-08,695,671,672,694,696,717,718,2264,2265,2287,2288,2289,2310,2311,0,0,0,0,0,0,0,0,0,671,672,694,696,717,718,2264,2265,2287,2288,2289,2310,2311,0,0,0,0,0,0,0,0,0,0.0458789,0.0504254,0.0510664,0.0508884,0.0512112,0.0461321,0.111483,0.113224,0.11362,0.100033,0.113445,0.113703,0.111599,0,0,0,0,0,0,0,0,0,0.0465294,0.0504945,0.0511814,0.0509527,0.0513259,0.0467839,0.1114,0.113319,0.113659,0.1,0.11355,0.113731,0.111518,0,0,0,0,0,0,0,0,0,1,1,1,1,1,1,1,1,1,1,1,1,1,0,0,0,0,0,0,0,0,0,1,1,1,1,1,1,1,1,1,1,1,1,1,0,0,0,0,0,0,0,0,0,1,0,0,0,0,0,0,0,0,0,0,0,0,0,0,0,0,0,0,0,0,0,0,13,0,0,0,0,0,0,0,0,0,0,0,0,0,0,0,0,0,0,0,0,0,0,0,0,0,0,0,0,0,0,0,0,0,0,0,0,0,0,0,0,0,0,0,0,0,0,0,0
-0.489514,-0.0275351,0.846587,0,0,0,0,-6.82359e-08,7.44435e-10,6.76816e-08,696,672,673,695,697,718,719,2265,2266,2288,2289,2290,2311,2312,0,0,0,0,0,0,0,0,0,672,673,695,697,718,719,2265,2266,2288,2289,2290,2311,2312,0,0,0,0,0,0,0,0,0,0.045289,0.0492077,0.0508884,0.0502709,0.050027,0.0454824,0.111184,0.112647,0.113502,0.100031,0.113126,0.113115,0.111257,0,0,0,0,0,0,0,0,0,0.0459098,0.0492653,0.0509527,0.0502944,0.0501226,0.0460974,0.111113,0.112713,0.113545,0.1,0.113224,0.11313,0.111198,0,0,0,0,0,0,0,0,0,1,1,1,1,1,1,1,1,1,1,1,1,1,0,0,0,0,0,0,0,0,0,1,1,1,1,1,1,1,1,1,1,1,1,1,0,0,0,0,0,0,0,0,0,1,0,0,0,0,0,0,0,0,0,0,0,0,0,0,0,0,0,0,0,0,0,0,13,0,0,0,0,0,0,0,0,0,0,0,0,0,0,0,0,0,0,0,0,0,0,0,0,0,0,0,0,0,0,0,0,0,0,0,0,0,0,0,0,0,0,0,0,0,0,0,0
-0.516966,-0.0488099,0.810243,0,0,0,0,-7.84658e-08,1.64113e-09,7.4499e-08,697,673,674,696,698,719,720,2266,2267,2289,2290,2291,2312,2313,0,0,0,0,0,0,0,0,0,673,674,696,698,719,720,2266,2267,2289,2290,2291,2312,2313,0,0,0,0,0,0,0,0,0,0.044568,0.0479045,0.0502709,0.0493796,0.048764,0.0446996,0.110825,0.112037,0.113172,0.100027,0.11268,0.112502,0.110861,0,0,0,0,0,0,0,0,0,0.045148,0.0479541,0.0502944,0.0493697,0.0488458,0.0452707,0.110764,0.112079,0.113218,0.1,0.112771,0.112506,0.110818,0,0,0,0,0,0,0,0,0,1,1,1,1,1,1,1,1,1,1,1,1,1,0,0,0,0,0,0,0,0,0,1,1,1,1,1,1,1,1,1,1,1,1,1,0,0,0,0,0,0,0,0,0,1,0,0,0,0,0,0,0,0,0,0,0,0,0,0,0,0,0,0,0,0,0,0,13,0,0,0,0,0,0,0,0,0,0,0,0,0,0,0,0,0,0,0,0,0,0,0,0,0,0,0,0,0,0,0,0,0,0,0,0,0,0,0,0,0,0,0,0,0,0,0,0
-0.541973,-0.0691949,0.77286,0,0,0,0,-8.9137e-08,2.63123e-09,8.08072e-08,698,674,675,697,699,720,721,2267,2268,2290,2291,2292,2313,2314,0,0,0,0,0,0,0,0,0,674,675,697,699,720,721,2267,2268,2290,2291,2292,2313,2314,0,0,0,0,0,0,0,0,0,0.0437472,0.0465364,0.0493796,0.048298,0.0474359,0.0438226,0.110424,0.111406,0.112718,0.100022,0.112152,0.111872,0.110433,0,0,0,0,0,0,0,0,0,0.0442819,0.0465822,0.0493697,0.0482604,0.0475088,0.0443483,0.110374,0.111432,0.112764,0.1,0.112236,0.111865,0.110401,0,0,0,0,0,0,0,0,0,1,1,1,1,1,1,1,1,1,1,1,1,1,0,0,0,0,0,0,0,0,0,1,1,1,1,1,1,1,1,1,1,1,1,1,0,0,0,0,0,0,0,0,0,1,0,0,0,0,0,0,0,0,0,0,0,0,0,0,0,0,0,0,0,0,0,0,13,0,0,0,0,0,0,0,0,0,0,0,0,0,0,0,0,0,0,0,0,0,0,0,0,0,0,0,0,0,0,0,0,0,0,0,0,0,0,0,0,0,0,0,0,0,0,0,0
-0.564506,-0.0885843,0.734794,0,0,0,0,-1.00139e-07,3.75512e-09,8.65293e-08,699,675,676,698,700,721,722,2268,2269,2291,2292,2293,2314,2315,0,0,0,0,0,0,0,0,0,675,676,698,700,721,722,2268,2269,2291,2292,2293,2314,2315,0,0,0,0,0,0,0,0,0,0.0428546,0.0451183,0.048298,0.0470814,0.0460528,0.0428835,0.109998,0.110765,0.112183,0.100018,0.111573,0.11123,0.109989,0,0,0,0,0,0,0,0,0,0.0433439,0.0451654,0.0482604,0.0470201,0.0461225,0.043366,0.109958,0.110779,0.112229,0.1,0.111648,0.111216,0.109964,0,0,0,0,0,0,0,0,0,1,1,1,1,1,1,1,1,1,1,1,1,1,0,0,0,0,0,0,0,0,0,1,1,1,1,1,1,1,1,1,1,1,1,1,0,0,0,0,0,0,0,0,0,1,0,0,0,0,0,0,0,0,0,0,0,0,0,0,0,0,0,0,0,0,0,0,13,0,0,0,0,0,0,0,0,0,0,0,0,0,0,0,0,0,0,0,0,0,0,0,0,0,0,0,0,0,0,0,0,0,0,0,0,0,0,0,0,0,0,0,0,0,0,0,0
-0.584592,-0.106925,0.696365,0,0,0,0,-1.11377e-07,5.04922e-09,9.16118e-08,700,676,677,699,701,722,723,2269,2270,2292,2293,2294,2315,2316,0,0,0,0,0,0,0,0,0,676,677,699,701,722,723,2269,2270,2292,2293,2294,2315,2316,0,0,0,0,0,0,0,0,0,0.0419146,0.0436634,0.0470814,0.0457787,0.0446264,0.0419122,0.10956,0.110123,0.111597,0.100014,0.110969,0.110585,0.109544,0,0,0,0,0,0,0,0,0,0.0423615,0.0437181,0.0470201,0.0456964,0.0446993,0.0423561,0.10953,0.110129,0.111641,0.1,0.111035,0.110566,0.109525,0,0,0,0,0,0,0,0,0,1,1,1,1,1,1,1,1,1,1,1,1,1,0,0,0,0,0,0,0,0,0,1,1,1,1,1,1,1,1,1,1,1,1,1,0,0,0,0,0,0,0,0,0,1,0,0,0,0,0,0,0,0,0,0,0,0,0,0,0,0,0,0,0,0,0,0,13,0,0,0,0,0,0,0,0,0,0,0,0,0,0,0,0,0,0,0,0,0,0,0,0,0,0,0,0,0,0,0,0,0,0,0,0,0,0,0,0,0,0,0,0,0,0,0,0
-0.602299,-0.124207,0.657849,0,0,0,0,-1.22774e-07,6.54161e-09,9.60235e-08,701,677,678,700,702,723,724,2270,2271,2293,2294,2295,2316,2317,0,0,0,0,0,0,0,0,0,677,678,700,702,723,724,2270,2271,2293,2294,2295,2316,2317,0,0,0,0,0,0,0,0,0,0.0409525,0.0421835,0.0457787,0.0444477,0.0431683,0.0409434,0.109124,0.109488,0.110987,0.100011,0.110369,0.109944,0.109112,0,0,0,0,0,0,0,0,0,0.0413614,0.0422527,0.0456964,0.0443462,0.0432514,0.041354,0.109103,0.109489,0.111027,0.1,0.110423,0.109922,0.109097,0,0,0,0,0,0,0,0,0,1,1,1,1,1,1,1,1,1,1,1,1,1,0,0,0,0,0,0,0,0,0,1,1,1,1,1,1,1,1,1,1,1,1,1,0,0,0,0,0,0,0,0,0,1,0,0,0,0,0,0,0,0,0,0,0,0,0,0,0,0,0,0,0,0,0,0,13,0,0,0,0,0,0,0,0,0,0,0,0,0,0,0,0,0,0,0,0,0,0,0,0,0,0,0,0,0,0,0,0,0,0,0,0,0,0,0,0,0,0,0,0,0,0,0,0
-0.617731,-0.140461,0.619466,0,0,0,0,-1.34281e-07,8.24425e-09,9.97549e-08,702,678,679,701,703,724,725,2271,2272,2294,2295,2296,2317,2318,0,0,0,0,0,0,0,0,0,678,679,701,703,724,725,2271,2272,2294,2295,2296,2317,2318,0,0,0,0,0,0,0,0,0,0.0400007,0.0406876,0.0444477,0.0431807,0.0416878,0.0400228,0.108702,0.108866,0.110379,0.10001,0.109815,0.10931,0.108709,0,0,0,0,0,0,0,0,0,0.0403761,0.0407786,0.0443462,0.0430625,0.0417887,0.040403,0.10869,0.108864,0.110416,0.1,0.109856,0.109289,0.108699,0,0,0,0,0,0,0,0,0,1,1,1,1,1,1,1,1,1,1,1,1,1,0,0,0,0,0,0,0,0,0,1,1,1,1,1,1,1,1,1,1,1,1,1,0,0,0,0,0,0,0,0,0,1,0,0,0,0,0,0,0,0,0,0,0,0,0,0,0,0,0,0,0,0,0,0,13,0,0,0,0,0,0,0,0,0,0,0,0,0,0,0,0,0,0,0,0,0,0,0,0,0,0,0,0,0,0,0,0,0,0,0,0,0,0,0,0,0,0,0,0,0,0,0,0
-0.631024,-0.155762,0.581338,0,0,0,0,-1.4588e-07,1.01312e-08,1.02827e-07,703,115,116,679,680,702,725,1708,1709,2272,2273,2295,2296,2318,0,0,0,0,0,0,0,0,0,115,116,679,680,702,725,1708,1709,2272,2273,2295,2296,2318,0,0,0,0,0,0,0,0,0,0.0392238,0.0421394,0.0391085,0.0391791,0.0431807,0.0401907,0.108353,0.109384,0.108316,0.108268,0.109814,0.100008,0.108682,0,0,0,0,0,0,0,0,0,0.0395671,0.0420146,0.0394512,0.0393024,0.0430625,0.040318,0.108355,0.109403,0.108311,0.108256,0.109849,0.1,0.108671,0,0,0,0,0,0,0,0,0,1,1,1,1,1,1,1,1,1,1,1,1,1,0,0,0,0,0,0,0,0,0,1,1,1,1,1,1,1,1,1,1,1,1,1,0,0,0,0,0,0,0,0,0,1,0,0,0,0,0,0,0,0,0,0,0,0,0,0,0,0,0,0,0,0,0,0,13,0,0,0,0,0,0,0,0,0,0,0,0,0,0,0,0,0,0,0,0,0,0,0,0,0,0,0,0,0,0,0,0,0,0,0,0,0,0,0,0,0,0,0,0,0,0,0,0
0.0262142,0.28911,1.05699,0,0,0,0,6.41296e-10,-1.6044e-08,-1.24326e-08,704,63,64,681,682,705,726,1656,1657,2274,2275,2297,2298,2319,0,0,0,0,0,0,0,0,0,63,64,681,682,705,726,1656,1657,2274,2275,2297,2298,2319,0,0,0,0,0,0,0,0,0,0.0411315,0.0352865,0.0493817,0.0413463,0.0357262,0.0510955,0.1105,0.107157,0.112909,0.110222,0.100568,0.108742,0.115254,0,0,0,0,0,0,0,0,0,0.0434429,0.0371553,0.0534723,0.0434698,0.0380728,0.0555935,0.110068,0.107479,0.114872,0.110087,0.1,0.107835,0.115953,0,0,0,0,0,0,0,0,0,1,1,1,1,1,1,1,1,1,1,1,1,1,0,0,0,0,0,0,0,0,0,1,1,1,1,1,1,1,1,1,1,1,1,1,0,0,0,0,0,0,0,0,0,1,0,0,0,0,0,0,0,0,0,0,0,0,0,0,0,0,0,0,0,0,0,0,13,0,0,0,0,0,0,0,0,0,0,0,0,0,0,0,0,0,0,0,0,0,0,0,0,0,0,0,0,0,0,0,0,0,0,0,0,0,0,0,0,0,0,0,0,0,0,0,0
-0.00268741,0.272077,1.06928,0,0,0,0,-6.60405e-10,-1.39307e-08,-1.05129e-08,705,682,683,704,706,726,727,2275,2276,2297,2298,2299,2319,2320,0,0,0,0,0,0,0,0,0,682,683,704,706,726,727,2275,2276,2297,2298,2299,2319,2320,0,0,0,0,0,0,0,0,0,0.0507116,0.0413211,0.0357262,0.0364762,0.0408484,0.0523653,0.113642,0.109992,0.107753,0.100676,0.108965,0.110767,0.116167,0,0,0,0,0,0,0,0,0,0.0549903,0.0439341,0.0380728,0.0391526,0.0439128,0.0571103,0.115671,0.110292,0.107836,0.1,0.108265,0.110276,0.116772,0,0,0,0,0,0,0,0,0,1,1,1,1,1,1,1,1,1,1,1,1,1,0,0,0,0,0,0,0,0,0,1,1,1,1,1,1,1,1,1,1,1,1,1,0,0,0,0,0,0,0,0,0,1,0,0,0,0,0,0,0,0,0,0,0,0,0,0,0,0,0,0,0,0,0,0,13,0,0,0,0,0,0,0,0,0,0,0,0,0,0,0,0,0,0,0,0,0,0,0,0,0,0,0,0,0,0,0,0,0,0,0,0,0,0,0,0,0,0,0,0,0,0,0,0
-0.0313391,0.251868,1.07933,0,0,0,0,-2.01585e-09,-1.19357e-08,-8.01623e-09,706,683,684,705,707,727,728,2276,2277,2298,2299,2300,2320,2321,0,0,0,0,0,0,0,0,0,683,684,705,707,727,728,2276,2277,2298,2299,2300,2320,2321,0,0,0,0,0,0,0,0,0,0.0518609,0.0416113,0.0364762,0.0375834,0.0410366,0.0534058,0.11433,0.109974,0.108483,0.100678,0.109321,0.111152,0.116732,0,0,0,0,0,0,0,0,0,0.0564888,0.0443744,0.0391526,0.040287,0.0443566,0.0585958,0.116476,0.110488,0.108267,0.1,0.108727,0.110473,0.11759,0,0,0,0,0,0,0,0,0,1,1,1,1,1,1,1,1,1,1,1,1,1,0,0,0,0,0,0,0,0,0,1,1,1,1,1,1,1,1,1,1,1,1,1,0,0,0,0,0,0,0,0,0,1,0,0,0,0,0,0,0,0,0,0,0,0,0,0,0,0,0,0,0,0,0,0,13,0,0,0,0,0,0,0,0,0,0,0,0,0,0,0,0,0,0,0,0,0,0,0,0,0,0,0,0,0,0,0,0,0,0,0,0,0,0,0,0,0,0,0,0,0,0,0,0
-0.0598821,0.228424,1.08628,0,0,0,0,-3.55522e-09,-1.0136e-08,-5.00937e-09,707,684,685,706,708,728,729,2277,2278,2299,2300,2301,2321,2322,0,0,0,0,0,0,0,0,0,684,685,706,708,728,729,2277,2278,2299,2300,2301,2321,2322,0,0,0,0,0,0,0,0,0,0.052726,0.0450739,0.0375834,0.0430157,0.0414499,0.0541262,0.115364,0.110422,0.10956,0.101156,0.110267,0.111698,0.117472,0,0,0,0,0,0,0,0,0,0.0579638,0.047345,0.040287,0.0447225,0.0447653,0.0600451,0.117284,0.111667,0.10873,0.1,0.110424,0.110657,0.118403,0,0,0,0,0,0,0,0,0,1,1,1,1,1,1,1,1,1,1,1,1,1,0,0,0,0,0,0,0,0,0,1,1,1,1,1,1,1,1,1,1,1,1,1,0,0,0,0,0,0,0,0,0,1,0,0,0,0,0,0,0,0,0,0,0,0,0,0,0,0,0,0,0,0,0,0,13,0,0,0,0,0,0,0,0,0,0,0,0,0,0,0,0,0,0,0,0,0,0,0,0,0,0,0,0,0,0,0,0,0,0,0,0,0,0,0,0,0,0,0,0,0,0,0,0
-0.0934053,0.20172,1.08994,0,0,0,0,-5.1982e-09,-8.42148e-09,-1.31519e-09,708,685,686,707,709,729,730,2278,2279,2300,2301,2302,2322,2323,0,0,0,0,0,0,0,0,0,685,686,707,709,729,730,2278,2279,2300,2301,2302,2322,2323,0,0,0,0,0,0,0,0,0,0.0532404,0.0506105,0.0430157,0.0484043,0.0453846,0.0544043,0.114211,0.11244,0.11157,0.0991068,0.112083,0.112824,0.115475,0,0,0,0,0,0,0,0,0,0.0512434,0.0516467,0.0447225,0.0496361,0.0479468,0.0523305,0.113702,0.113886,0.11076,0.1,0.112892,0.112245,0.114243,0,0,0,0,0,0,0,0,0,1,1,1,1,1,1,1,1,1,1,1,1,1,0,0,0,0,0,0,0,0,0,1,1,1,1,1,1,1,1,1,1,1,1,1,0,0,0,0,0,0,0,0,0,1,0,0,0,0,0,0,0,0,0,0,0,0,0,0,0,0,0,0,0,0,0,0,13,0,0,0,0,0,0,0,0,0,0,0,0,0,0,0,0,0,0,0,0,0,0,0,0,0,0,0,0,0,0,0,0,0,0,0,0,0,0,0,0,0,0,0,0,0,0,0,0
-0.132313,0.173143,1.08639,0,0,0,0,-7.33192e-09,-6.97828e-09,3.27297e-09,709,686,687,708,710,730,731,2279,2280,2301,2302,2303,2323,2324,0,0,0,0,0,0,0,0,0,686,687,708,710,730,731,2279,2280,2301,2302,2303,2323,2324,0,0,0,0,0,0,0,0,0,0.0531133,0.0521781,0.0484043,0.0493799,0.0514028,0.0539206,0.114747,0.113522,0.113044,0.0996388,0.112732,0.114245,0.115621,0,0,0,0,0,0,0,0,0,0.0518641,0.0527587,0.0496361,0.0504467,0.0525872,0.0527628,0.114011,0.114459,0.112886,0.1,0.113289,0.114373,0.114464,0,0,0,0,0,0,0,0,0,1,1,1,1,1,1,1,1,1,1,1,1,1,0,0,0,0,0,0,0,0,0,1,1,1,1,1,1,1,1,1,1,1,1,1,0,0,0,0,0,0,0,0,0,1,0,0,0,0,0,0,0,0,0,0,0,0,0,0,0,0,0,0,0,0,0,0,13,0,0,0,0,0,0,0,0,0,0,0,0,0,0,0,0,0,0,0,0,0,0,0,0,0,0,0,0,0,0,0,0,0,0,0,0,0,0,0,0,0,0,0,0,0,0,0,0
-0.171963,0.144979,1.07785,0,0,0,0,-1.00388e-08,-5.70928e-09,8.3282e-09,710,687,688,709,711,731,732,2280,2281,2302,2303,2304,2324,2325,0,0,0,0,0,0,0,0,0,687,688,709,711,731,732,2280,2281,2302,2303,2304,2324,2325,0,0,0,0,0,0,0,0,0,0.0526519,0.0531522,0.0493799,0.0503854,0.0528226,0.0531347,0.114628,0.114132,0.113444,0.0997045,0.113236,0.114874,0.115221,0,0,0,0,0,0,0,0,0,0.052063,0.0535209,0.0504467,0.0512093,0.0536011,0.0526848,0.114104,0.114861,0.113289,0.1,0.113665,0.114897,0.114423,0,0,0,0,0,0,0,0,0,1,1,1,1,1,1,1,1,1,1,1,1,1,0,0,0,0,0,0,0,0,0,1,1,1,1,1,1,1,1,1,1,1,1,1,0,0,0,0,0,0,0,0,0,1,0,0,0,0,0,0,0,0,0,0,0,0,0,0,0,0,0,0,0,0,0,0,13,0,0,0,0,0,0,0,0,0,0,0,0,0,0,0,0,0,0,0,0,0,0,0,0,0,0,0,0,0,0,0,0,0,0,0,0,0,0,0,0,0,0,0,0,0,0,0,0
-0.211859,0.117246,1.06451,0,0,0,0,-1.34313e-08,-4.57362e-09,1.38833e-08,711,688,689,710,712,732,733,2281,2282,2303,2304,2305,2325,2326,0,0,0,0,0,0,0,0,0,688,689,710,712,732,733,2281,2282,2303,2304,2305,2325,2326,0,0,0,0,0,0,0,0,0,0.0520065,0.0534515,0.0503854,0.0511064,0.0534576,0.0523189,0.11443,0.114416,0.113745,0.0998356,0.113619,0.115059,0.114858,0,0,0,0,0,0,0,0,0,0.051918,0.0537659,0.0512093,0.0517623,0.0540642,0.0523306,0.114024,0.114994,0.113672,0.1,0.113942,0.115139,0.114241,0,0,0,0,0,0,0,0,0,1,1,1,1,1,1,1,1,1,1,1,1,1,0,0,0,0,0,0,0,0,0,1,1,1,1,1,1,1,1,1,1,1,1,1,0,0,0,0,0,0,0,0,0,1,0,0,0,0,0,0,0,0,0,0,0,0,0,0,0,0,0,0,0,0,0,0,13,0,0,0,0,0,0,0,0,0,0,0,0,0,0,0,0,0,0,0,0,0,0,0,0,0,0,0,0,0,0,0,0,0,0,0,0,0,0,0,0,0,0,0,0,0,0,0,0
-0.25136,0.0899443,1.04702,0,0,0,0,-1.75724e-08,-3.52562e-09,1.9882e-08,712,689,690,711,713,733,734,2282,2283,2304,2305,2306,2326,2327,0,0,0,0,0,0,0,0,0,689,690,711,713,733,734,2282,2283,2304,2305,2306,2326,2327,0,0,0,0,0,0,0,0,0,0.0513517,0.0531673,0.0511064,0.051196,0.0533217,0.0516439,0.114176,0.11437,0.113984,0.0999155,0.113658,0.114926,0.114513,0,0,0,0,0,0,0,0,0,0.0515882,0.0534511,0.0517623,0.051726,0.0538334,0.0519382,0.113854,0.11483,0.113952,0.1,0.113925,0.115019,0.11404,0,0,0,0,0,0,0,0,0,1,1,1,1,1,1,1,1,1,1,1,1,1,0,0,0,0,0,0,0,0,0,1,1,1,1,1,1,1,1,1,1,1,1,1,0,0,0,0,0,0,0,0,0,1,0,0,0,0,0,0,0,0,0,0,0,0,0,0,0,0,0,0,0,0,0,0,13,0,0,0,0,0,0,0,0,0,0,0,0,0,0,0,0,0,0,0,0,0,0,0,0,0,0,0,0,0,0,0,0,0,0,0,0,0,0,0,0,0,0,0,0,0,0,0,0
-0.289628,0.0631452,1.02608,0,0,0,0,-2.24714e-08,-2.54889e-09,2.61857e-08,713,690,691,712,714,734,735,2283,2284,2305,2306,2307,2327,2328,0,0,0,0,0,0,0,0,0,690,691,712,714,734,735,2283,2284,2305,2306,2307,2327,2328,0,0,0,0,0,0,0,0,0,0.0507236,0.0525299,0.051196,0.0501411,0.0525654,0.0508461,0.113904,0.114128,0.113926,0.0999662,0.113118,0.114489,0.114077,0,0,0,0,0,0,0,0,0,0.0511588,0.0527787,0.051726,0.0505661,0.0529778,0.051318,0.113638,0.114481,0.113933,0.1,0.113347,0.114575,0.113725,0,0,0,0,0,0,0,0,0,1,1,1,1,1,1,1,1,1,1,1,1,1,0,0,0,0,0,0,0,0,0,1,1,1,1,1,1,1,1,1,1,1,1,1,0,0,0,0,0,0,0,0,0,1,0,0,0,0,0,0,0,0,0,0,0,0,0,0,0,0,0,0,0,0,0,0,13,0,0,0,0,0,0,0,0,0,0,0,0,0,0,0,0,0,0,0,0,0,0,0,0,0,0,0,0,0,0,0,0,0,0,0,0,0,0,0,0,0,0,0,0,0,0,0,0
-0.32575,0.0375297,1.00256,0,0,0,0,-2.80321e-08,-1.64432e-09,3.25777e-08,714,691,692,713,715,735,736,2284,2285,2306,2307,2308,2328,2329,0,0,0,0,0,0,0,0,0,691,692,713,715,735,736,2284,2285,2306,2307,2308,2328,2329,0,0,0,0,0,0,0,0,0,0.049793,0.0523641,0.0501411,0.0491312,0.0516722,0.0481305,0.113452,0.114109,0.113319,0.0999952,0.112601,0.114012,0.112696,0,0,0,0,0,0,0,0,0,0.0503485,0.0525765,0.0505661,0.0494509,0.0520017,0.04872,0.113235,0.114373,0.113351,0.1,0.112802,0.114074,0.112443,0,0,0,0,0,0,0,0,0,1,1,1,1,1,1,1,1,1,1,1,1,1,0,0,0,0,0,0,0,0,0,1,1,1,1,1,1,1,1,1,1,1,1,1,0,0,0,0,0,0,0,0,0,1,0,0,0,0,0,0,0,0,0,0,0,0,0,0,0,0,0,0,0,0,0,0,13,0,0,0,0,0,0,0,0,0,0,0,0,0,0,0,0,0,0,0,0,0,0,0,0,0,0,0,0,0,0,0,0,0,0,0,0,0,0,0,0,0,0,0,0,0,0,0,0
-0.360255,0.0143287,0.976386,0,0,0,0,-3.42674e-08,-8.03347e-10,3.90775e-08,715,692,693,714,716,736,737,2285,2286,2307,2308,2309,2329,2330,0,0,0,0,0,0,0,0,0,692,693,714,716,736,737,2285,2286,2307,2308,2309,2329,2330,0,0,0,0,0,0,0,0,0,0.0481244,0.0527515,0.0491312,0.05057,0.0511089,0.0474306,0.112626,0.114353,0.112763,0.100015,0.113289,0.11371,0.112317,0,0,0,0,0,0,0,0,0,0.0487549,0.0529276,0.0494509,0.0507912,0.0513734,0.0480828,0.112456,0.114551,0.112802,0.1,0.113467,0.113756,0.112135,0,0,0,0,0,0,0,0,0,1,1,1,1,1,1,1,1,1,1,1,1,1,0,0,0,0,0,0,0,0,0,1,1,1,1,1,1,1,1,1,1,1,1,1,0,0,0,0,0,0,0,0,0,1,0,0,0,0,0,0,0,0,0,0,0,0,0,0,0,0,0,0,0,0,0,0,13,0,0,0,0,0,0,0,0,0,0,0,0,0,0,0,0,0,0,0,0,0,0,0,0,0,0,0,0,0,0,0,0,0,0,0,0,0,0,0,0,0,0,0,0,0,0,0,0
-0.394673,-0.00767281,0.946576,0,0,0,0,-4.14941e-08,9.70669e-12,4.59677e-08,716,693,694,715,717,737,738,2286,2287,2308,2309,2310,2330,2331,0,0,0,0,0,0,0,0,0,693,694,715,717,737,738,2286,2287,2308,2309,2310,2330,2331,0,0,0,0,0,0,0,0,0,0.0470468,0.0522471,0.05057,0.0518282,0.0525195,0.0470771,0.112092,0.11413,0.113412,0.100028,0.113903,0.114414,0.112111,0,0,0,0,0,0,0,0,0,0.0477159,0.0523885,0.0507912,0.0519669,0.0527274,0.0477542,0.111959,0.114273,0.113465,0.1,0.114061,0.114443,0.111977,0,0,0,0,0,0,0,0,0,1,1,1,1,1,1,1,1,1,1,1,1,1,0,0,0,0,0,0,0,0,0,1,1,1,1,1,1,1,1,1,1,1,1,1,0,0,0,0,0,0,0,0,0,1,0,0,0,0,0,0,0,0,0,0,0,0,0,0,0,0,0,0,0,0,0,0,13,0,0,0,0,0,0,0,0,0,0,0,0,0,0,0,0,0,0,0,0,0,0,0,0,0,0,0,0,0,0,0,0,0,0,0,0,0,0,0,0,0,0,0,0,0,0,0,0
-0.428141,-0.0297574,0.913738,0,0,0,0,-4.96624e-08,8.33485e-10,5.30149e-08,717,694,695,716,718,738,739,2287,2288,2309,2310,2311,2331,2332,0,0,0,0,0,0,0,0,0,694,695,716,718,738,739,2287,2288,2309,2310,2311,2331,2332,0,0,0,0,0,0,0,0,0,0.0466136,0.0512112,0.0518282,0.0519338,0.0517475,0.0468132,0.111865,0.113634,0.113998,0.100032,0.113942,0.114011,0.111939,0,0,0,0,0,0,0,0,0,0.0472866,0.0513259,0.0519669,0.0520077,0.051914,0.0474824,0.111756,0.113732,0.114057,0.1,0.114084,0.114027,0.111846,0,0,0,0,0,0,0,0,0,1,1,1,1,1,1,1,1,1,1,1,1,1,0,0,0,0,0,0,0,0,0,1,1,1,1,1,1,1,1,1,1,1,1,1,0,0,0,0,0,0,0,0,0,1,0,0,0,0,0,0,0,0,0,0,0,0,0,0,0,0,0,0,0,0,0,0,13,0,0,0,0,0,0,0,0,0,0,0,0,0,0,0,0,0,0,0,0,0,0,0,0,0,0,0,0,0,0,0,0,0,0,0,0,0,0,0,0,0,0,0,0,0,0,0,0
-0.45969,-0.0516019,0.878744,0,0,0,0,-5.85953e-08,1.70062e-09,5.9926e-08,718,695,696,717,719,739,740,2288,2289,2310,2311,2312,2332,2333,0,0,0,0,0,0,0,0,0,695,696,717,719,739,740,2288,2289,2310,2311,2312,2332,2333,0,0,0,0,0,0,0,0,0,0.0461321,0.050027,0.0519338,0.0514285,0.050598,0.0462956,0.111611,0.113068,0.114018,0.100032,0.113677,0.113428,0.111651,0,0,0,0,0,0,0,0,0,0.0467839,0.0501226,0.0520077,0.0514516,0.0507353,0.0469357,0.11152,0.113131,0.114078,0.1,0.113804,0.113434,0.111588,0,0,0,0,0,0,0,0,0,1,1,1,1,1,1,1,1,1,1,1,1,1,0,0,0,0,0,0,0,0,0,1,1,1,1,1,1,1,1,1,1,1,1,1,0,0,0,0,0,0,0,0,0,1,0,0,0,0,0,0,0,0,0,0,0,0,0,0,0,0,0,0,0,0,0,0,13,0,0,0,0,0,0,0,0,0,0,0,0,0,0,0,0,0,0,0,0,0,0,0,0,0,0,0,0,0,0,0,0,0,0,0,0,0,0,0,0,0,0,0,0,0,0,0,0
-0.488946,-0.0727961,0.84214,0,0,0,0,-6.81613e-08,2.64032e-09,6.65398e-08,719,696,697,718,720,740,741,2289,2290,2311,2312,2313,2333,2334,0,0,0,0,0,0,0,0,0,696,697,718,720,740,741,2289,2290,2311,2312,2313,2333,2334,0,0,0,0,0,0,0,0,0,0.0454824,0.048764,0.0514285,0.0505927,0.0493979,0.0455816,0.111274,0.112468,0.113738,0.100029,0.113252,0.112837,0.111279,0,0,0,0,0,0,0,0,0,0.0460974,0.0488458,0.0514516,0.0505759,0.0495151,0.0461816,0.1112,0.112506,0.113797,0.1,0.113367,0.112831,0.111235,0,0,0,0,0,0,0,0,0,1,1,1,1,1,1,1,1,1,1,1,1,1,0,0,0,0,0,0,0,0,0,1,1,1,1,1,1,1,1,1,1,1,1,1,0,0,0,0,0,0,0,0,0,1,0,0,0,0,0,0,0,0,0,0,0,0,0,0,0,0,0,0,0,0,0,0,13,0,0,0,0,0,0,0,0,0,0,0,0,0,0,0,0,0,0,0,0,0,0,0,0,0,0,0,0,0,0,0,0,0,0,0,0,0,0,0,0,0,0,0,0,0,0,0,0
-0.515759,-0.0931025,0.804347,0,0,0,0,-7.82476e-08,3.68838e-09,7.27451e-08,720,697,698,719,721,741,742,2290,2291,2312,2313,2314,2334,2335,0,0,0,0,0,0,0,0,0,697,698,719,721,741,742,2290,2291,2312,2313,2314,2334,2335,0,0,0,0,0,0,0,0,0,0.0446996,0.0474359,0.0505927,0.0495425,0.0481365,0.0447387,0.11088,0.111846,0.113301,0.100024,0.112732,0.112229,0.110857,0,0,0,0,0,0,0,0,0,0.0452707,0.0475088,0.0505759,0.0494936,0.0482394,0.0452947,0.110821,0.111865,0.113359,0.1,0.112835,0.112212,0.110828,0,0,0,0,0,0,0,0,0,1,1,1,1,1,1,1,1,1,1,1,1,1,0,0,0,0,0,0,0,0,0,1,1,1,1,1,1,1,1,1,1,1,1,1,0,0,0,0,0,0,0,0,0,1,0,0,0,0,0,0,0,0,0,0,0,0,0,0,0,0,0,0,0,0,0,0,13,0,0,0,0,0,0,0,0,0,0,0,0,0,0,0,0,0,0,0,0,0,0,0,0,0,0,0,0,0,0,0,0,0,0,0,0,0,0,0,0,0,0,0,0,0,0,0,0
-0.540079,-0.112393,0.765735,0,0,0,0,-8.875e-08,4.88286e-09,7.8456e-08,721,698,699,720,722,742,743,2291,2292,2313,2314,2315,2335,2336,0,0,0,0,0,0,0,0,0,698,699,720,722,742,743,2291,2292,2313,2314,2315,2335,2336,0,0,0,0,0,0,0,0,0,0.0438226,0.0460528,0.0495425,0.0483425,0.0468142,0.0438137,0.110449,0.11121,0.112771,0.10002,0.112151,0.111605,0.110411,0,0,0,0,0,0,0,0,0,0.0443483,0.0461225,0.0494936,0.0482675,0.0469089,0.044327,0.110404,0.111215,0.112826,0.1,0.112242,0.111581,0.11039,0,0,0,0,0,0,0,0,0,1,1,1,1,1,1,1,1,1,1,1,1,1,0,0,0,0,0,0,0,0,0,1,1,1,1,1,1,1,1,1,1,1,1,1,0,0,0,0,0,0,0,0,0,1,0,0,0,0,0,0,0,0,0,0,0,0,0,0,0,0,0,0,0,0,0,0,13,0,0,0,0,0,0,0,0,0,0,0,0,0,0,0,0,0,0,0,0,0,0,0,0,0,0,0,0,0,0,0,0,0,0,0,0,0,0,0,0,0,0,0,0,0,0,0,0
-0.561911,-0.130605,0.726637,0,0,0,0,-9.95738e-08,6.25947e-09,8.36085e-08,722,699,700,721,723,743,744,2292,2293,2314,2315,2316,2336,2337,0,0,0,0,0,0,0,0,0,699,700,721,723,743,744,2292,2293,2314,2315,2316,2336,2337,0,0,0,0,0,0,0,0,0,0.0428835,0.0446264,0.0483425,0.0470455,0.0454397,0.0428455,0.110001,0.110568,0.112181,0.100016,0.111539,0.110972,0.109958,0,0,0,0,0,0,0,0,0,0.043366,0.0446993,0.0482675,0.0469487,0.0455331,0.0433201,0.109968,0.110565,0.112233,0.1,0.111617,0.110944,0.109944,0,0,0,0,0,0,0,0,0,1,1,1,1,1,1,1,1,1,1,1,1,1,0,0,0,0,0,0,0,0,0,1,1,1,1,1,1,1,1,1,1,1,1,1,0,0,0,0,0,0,0,0,0,1,0,0,0,0,0,0,0,0,0,0,0,0,0,0,0,0,0,0,0,0,0,0,13,0,0,0,0,0,0,0,0,0,0,0,0,0,0,0,0,0,0,0,0,0,0,0,0,0,0,0,0,0,0,0,0,0,0,0,0,0,0,0,0,0,0,0,0,0,0,0,0
-0.581306,-0.147723,0.687342,0,0,0,0,-1.10639e-07,7.84828e-09,8.81592e-08,723,700,701,722,724,744,745,2293,2294,2315,2316,2317,2337,2338,0,0,0,0,0,0,0,0,0,700,701,722,724,744,745,2293,2294,2315,2316,2317,2337,2338,0,0,0,0,0,0,0,0,0,0.0419122,0.0431683,0.0470455,0.045711,0.0440241,0.0418736,0.109549,0.109929,0.11156,0.100013,0.110926,0.110337,0.109517,0,0,0,0,0,0,0,0,0,0.0423561,0.0432514,0.0469487,0.0455953,0.0441235,0.042315,0.109528,0.109921,0.111609,0.1,0.11099,0.110307,0.109506,0,0,0,0,0,0,0,0,0,1,1,1,1,1,1,1,1,1,1,1,1,1,0,0,0,0,0,0,0,0,0,1,1,1,1,1,1,1,1,1,1,1,1,1,0,0,0,0,0,0,0,0,0,1,0,0,0,0,0,0,0,0,0,0,0,0,0,0,0,0,0,0,0,0,0,0,13,0,0,0,0,0,0,0,0,0,0,0,0,0,0,0,0,0,0,0,0,0,0,0,0,0,0,0,0,0,0,0,0,0,0,0,0,0,0,0,0,0,0,0,0,0,0,0,0
-0.598355,-0.163773,0.648084,0,0,0,0,-1.2189e-07,9.66887e-09,9.20827e-08,724,701,702,723,725,745,746,2294,2295,2316,2317,2318,2338,2339,0,0,0,0,0,0,0,0,0,701,702,723,725,745,746,2294,2295,2316,2317,2318,2338,2339,0,0,0,0,0,0,0,0,0,0.0409434,0.0416878,0.045711,0.0444282,0.0425771,0.0409435,0.109111,0.109299,0.110937,0.100011,0.110352,0.109704,0.109103,0,0,0,0,0,0,0,0,0,0.041354,0.0417887,0.0455953,0.0442963,0.0426903,0.0413556,0.1091,0.109288,0.110982,0.1,0.110403,0.109676,0.109097,0,0,0,0,0,0,0,0,0,1,1,1,1,1,1,1,1,1,1,1,1,1,0,0,0,0,0,0,0,0,0,1,1,1,1,1,1,1,1,1,1,1,1,1,0,0,0,0,0,0,0,0,0,1,0,0,0,0,0,0,0,0,0,0,0,0,0,0,0,0,0,0,0,0,0,0,13,0,0,0,0,0,0,0,0,0,0,0,0,0,0,0,0,0,0,0,0,0,0,0,0,0,0,0,0,0,0,0,0,0,0,0,0,0,0,0,0,0,0,0,0,0,0,0,0
-0.613186,-0.178823,0.609001,0,0,0,0,-1.333e-07,1.17167e-08,9.5373e-08,725,114,115,702,703,724,746,1707,1708,2295,2296,2317,2318,2339,0,0,0,0,0,0,0,0,0,114,115,702,703,724,746,1707,1708,2295,2296,2317,2318,2339,0,0,0,0,0,0,0,0,0,0.0401141,0.0433217,0.0400228,0.0401907,0.0444282,0.0411037,0.108732,0.109878,0.108707,0.108688,0.110354,0.100009,0.109074,0,0,0,0,0,0,0,0,0,0.0404923,0.0431821,0.040403,0.040318,0.0442963,0.0412392,0.108735,0.10991,0.108701,0.10867,0.110395,0.1,0.109055,0,0,0,0,0,0,0,0,0,1,1,1,1,1,1,1,1,1,1,1,1,1,0,0,0,0,0,0,0,0,0,1,1,1,1,1,1,1,1,1,1,1,1,1,0,0,0,0,0,0,0,0,0,1,0,0,0,0,0,0,0,0,0,0,0,0,0,0,0,0,0,0,0,0,0,0,13,0,0,0,0,0,0,0,0,0,0,0,0,0,0,0,0,0,0,0,0,0,0,0,0,0,0,0,0,0,0,0,0,0,0,0,0,0,0,0,0,0,0,0,0,0,0,0,0
0.0248459,0.245573,1.0837,0,0,0,0,6.12015e-10,-1.13733e-08,-7.14578e-09,726,62,63,704,705,727,747,1655,1656,2297,2298,2319,2320,2340,0,0,0,0,0,0,0,0,0,62,63,704,705,727,747,1655,1656,2297,2298,2319,2320,2340,0,0,0,0,0,0,0,0,0,0.0408115,0.0351602,0.0510955,0.0408484,0.0357503,0.0524888,0.110717,0.107541,0.113941,0.11019,0.100694,0.108962,0.116245,0,0,0,0,0,0,0,0,0,0.0438436,0.0381408,0.0555935,0.0439128,0.039078,0.0576494,0.110243,0.10786,0.115993,0.110281,0.1,0.108231,0.117068,0,0,0,0,0,0,0,0,0,1,1,1,1,1,1,1,1,1,1,1,1,1,0,0,0,0,0,0,0,0,0,1,1,1,1,1,1,1,1,1,1,1,1,1,0,0,0,0,0,0,0,0,0,1,0,0,0,0,0,0,0,0,0,0,0,0,0,0,0,0,0,0,0,0,0,0,13,0,0,0,0,0,0,0,0,0,0,0,0,0,0,0,0,0,0,0,0,0,0,0,0,0,0,0,0,0,0,0,0,0,0,0,0,0,0,0,0,0,0,0,0,0,0,0,0
-0.00317661,0.226537,1.09512,0,0,0,0,-7.07514e-10,-9.60505e-09,-5.39322e-09,727,705,706,726,728,747,748,2298,2299,2319,2320,2321,2340,2341,0,0,0,0,0,0,0,0,0,705,706,726,728,747,748,2298,2299,2319,2320,2321,2340,2341,0,0,0,0,0,0,0,0,0,0.0523653,0.0410366,0.0357503,0.0366075,0.040643,0.0537534,0.114726,0.110044,0.10805,0.100813,0.109188,0.110971,0.117185,0,0,0,0,0,0,0,0,0,0.0571103,0.0443566,0.039078,0.0401527,0.0442954,0.0591379,0.116815,0.110478,0.108233,0.1,0.108668,0.110444,0.117894,0,0,0,0,0,0,0,0,0,1,1,1,1,1,1,1,1,1,1,1,1,1,0,0,0,0,0,0,0,0,0,1,1,1,1,1,1,1,1,1,1,1,1,1,0,0,0,0,0,0,0,0,0,1,0,0,0,0,0,0,0,0,0,0,0,0,0,0,0,0,0,0,0,0,0,0,13,0,0,0,0,0,0,0,0,0,0,0,0,0,0,0,0,0,0,0,0,0,0,0,0,0,0,0,0,0,0,0,0,0,0,0,0,0,0,0,0,0,0,0,0,0,0,0,0
-0.0310093,0.204402,1.10381,0,0,0,0,-2.07339e-09,-8.00764e-09,-3.18634e-09,728,706,707,727,729,748,749,2299,2300,2320,2321,2322,2341,2342,0,0,0,0,0,0,0,0,0,706,707,727,729,748,749,2299,2300,2320,2321,2322,2341,2342,0,0,0,0,0,0,0,0,0,0.0534058,0.0414499,0.0366075,0.0378313,0.0408213,0.0547546,0.115389,0.110064,0.108826,0.100779,0.109542,0.111354,0.117696,0,0,0,0,0,0,0,0,0,0.0585958,0.0447653,0.0401527,0.0412766,0.0446942,0.0605768,0.117635,0.110662,0.108671,0.1,0.109136,0.110623,0.118706,0,0,0,0,0,0,0,0,0,1,1,1,1,1,1,1,1,1,1,1,1,1,0,0,0,0,0,0,0,0,0,1,1,1,1,1,1,1,1,1,1,1,1,1,0,0,0,0,0,0,0,0,0,1,0,0,0,0,0,0,0,0,0,0,0,0,0,0,0,0,0,0,0,0,0,0,13,0,0,0,0,0,0,0,0,0,0,0,0,0,0,0,0,0,0,0,0,0,0,0,0,0,0,0,0,0,0,0,0,0,0,0,0,0,0,0,0,0,0,0,0,0,0,0,0
-0.0587861,0.1792,1.10876,0,0,0,0,-3.62103e-09,-6.63118e-09,-5.92814e-10,729,707,708,728,730,749,750,2300,2301,2321,2322,2323,2342,2343,0,0,0,0,0,0,0,0,0,707,708,728,730,749,750,2300,2301,2321,2322,2323,2342,2343,0,0,0,0,0,0,0,0,0,0.0541262,0.0453846,0.0378313,0.0436926,0.041261,0.0553357,0.116447,0.110589,0.109989,0.101329,0.110504,0.11194,0.118394,0,0,0,0,0,0,0,0,0,0.0600451,0.0479468,0.0412766,0.045859,0.0450471,0.0619617,0.11845,0.111936,0.109139,0.1,0.110926,0.110782,0.119501,0,0,0,0,0,0,0,0,0,1,1,1,1,1,1,1,1,1,1,1,1,1,0,0,0,0,0,0,0,0,0,1,1,1,1,1,1,1,1,1,1,1,1,1,0,0,0,0,0,0,0,0,0,1,0,0,0,0,0,0,0,0,0,0,0,0,0,0,0,0,0,0,0,0,0,0,13,0,0,0,0,0,0,0,0,0,0,0,0,0,0,0,0,0,0,0,0,0,0,0,0,0,0,0,0,0,0,0,0,0,0,0,0,0,0,0,0,0,0,0,0,0,0,0,0
-0.0922112,0.15108,1.10979,0,0,0,0,-5.23173e-09,-5.35682e-09,2.59315e-09,730,708,709,729,731,750,751,2301,2302,2322,2323,2324,2343,2344,0,0,0,0,0,0,0,0,0,708,709,729,731,750,751,2301,2302,2322,2323,2324,2343,2344,0,0,0,0,0,0,0,0,0,0.0544043,0.0514028,0.0436926,0.0495801,0.0456622,0.0552857,0.11496,0.112837,0.112106,0.0990175,0.112538,0.113176,0.115975,0,0,0,0,0,0,0,0,0,0.0523305,0.0525872,0.045859,0.0510287,0.0484238,0.0531873,0.114252,0.114366,0.111291,0.1,0.113582,0.112491,0.114683,0,0,0,0,0,0,0,0,0,1,1,1,1,1,1,1,1,1,1,1,1,1,0,0,0,0,0,0,0,0,0,1,1,1,1,1,1,1,1,1,1,1,1,1,0,0,0,0,0,0,0,0,0,1,0,0,0,0,0,0,0,0,0,0,0,0,0,0,0,0,0,0,0,0,0,0,13,0,0,0,0,0,0,0,0,0,0,0,0,0,0,0,0,0,0,0,0,0,0,0,0,0,0,0,0,0,0,0,0,0,0,0,0,0,0,0,0,0,0,0,0,0,0,0,0
-0.131622,0.121804,1.10287,0,0,0,0,-7.35057e-09,-4.29819e-09,6.63989e-09,731,709,710,730,732,751,752,2302,2303,2323,2324,2325,2344,2345,0,0,0,0,0,0,0,0,0,709,710,730,732,751,752,2302,2303,2323,2324,2325,2344,2345,0,0,0,0,0,0,0,0,0,0.0539206,0.0528226,0.0495801,0.0506827,0.0520634,0.0543152,0.115351,0.113924,0.113656,0.0996475,0.113319,0.114669,0.115932,0,0,0,0,0,0,0,0,0,0.0527628,0.0536011,0.0510287,0.0518564,0.0533884,0.0532884,0.114467,0.114898,0.113577,0.1,0.113994,0.114787,0.114735,0,0,0,0,0,0,0,0,0,1,1,1,1,1,1,1,1,1,1,1,1,1,0,0,0,0,0,0,0,0,0,1,1,1,1,1,1,1,1,1,1,1,1,1,0,0,0,0,0,0,0,0,0,1,0,0,0,0,0,0,0,0,0,0,0,0,0,0,0,0,0,0,0,0,0,0,13,0,0,0,0,0,0,0,0,0,0,0,0,0,0,0,0,0,0,0,0,0,0,0,0,0,0,0,0,0,0,0,0,0,0,0,0,0,0,0,0,0,0,0,0,0,0,0,0
-0.171905,0.0934711,1.0909,0,0,0,0,-1.00595e-08,-3.34079e-09,1.11532e-08,732,710,711,731,733,752,753,2303,2304,2324,2325,2326,2345,2346,0,0,0,0,0,0,0,0,0,710,711,731,733,752,753,2303,2304,2324,2325,2326,2345,2346,0,0,0,0,0,0,0,0,0,0.0531347,0.0534576,0.0506827,0.0517423,0.0531233,0.0532162,0.115032,0.114382,0.114105,0.0997326,0.113866,0.115155,0.115344,0,0,0,0,0,0,0,0,0,0.0526848,0.0540642,0.0518564,0.0526387,0.0541531,0.0528705,0.114417,0.115148,0.113999,0.1,0.114389,0.115185,0.114519,0,0,0,0,0,0,0,0,0,1,1,1,1,1,1,1,1,1,1,1,1,1,0,0,0,0,0,0,0,0,0,1,1,1,1,1,1,1,1,1,1,1,1,1,0,0,0,0,0,0,0,0,0,1,0,0,0,0,0,0,0,0,0,0,0,0,0,0,0,0,0,0,0,0,0,0,13,0,0,0,0,0,0,0,0,0,0,0,0,0,0,0,0,0,0,0,0,0,0,0,0,0,0,0,0,0,0,0,0,0,0,0,0,0,0,0,0,0,0,0,0,0,0,0,0
-0.212349,0.0658387,1.07422,0,0,0,0,-1.3476e-08,-2.4427e-09,1.61653e-08,733,711,712,732,734,753,754,2304,2305,2325,2326,2327,2346,2347,0,0,0,0,0,0,0,0,0,711,712,732,734,753,754,2304,2305,2325,2326,2327,2346,2347,0,0,0,0,0,0,0,0,0,0.0523189,0.0533217,0.0517423,0.05234,0.053219,0.0522961,0.114719,0.114439,0.114422,0.0998629,0.114182,0.115048,0.114886,0,0,0,0,0,0,0,0,0,0.0523306,0.0538334,0.0526387,0.0530486,0.0540381,0.0523568,0.114231,0.115029,0.114399,0.1,0.114602,0.115125,0.114253,0,0,0,0,0,0,0,0,0,1,1,1,1,1,1,1,1,1,1,1,1,1,0,0,0,0,0,0,0,0,0,1,1,1,1,1,1,1,1,1,1,1,1,1,0,0,0,0,0,0,0,0,0,1,0,0,0,0,0,0,0,0,0,0,0,0,0,0,0,0,0,0,0,0,0,0,13,0,0,0,0,0,0,0,0,0,0,0,0,0,0,0,0,0,0,0,0,0,0,0,0,0,0,0,0,0,0,0,0,0,0,0,0,0,0,0,0,0,0,0,0,0,0,0,0
-0.252105,0.0387312,1.05363,0,0,0,0,-1.76497e-08,-1.56854e-09,2.15986e-08,734,712,713,733,735,754,755,2305,2306,2326,2327,2328,2347,2348,0,0,0,0,0,0,0,0,0,712,713,733,735,754,755,2305,2306,2326,2327,2328,2347,2348,0,0,0,0,0,0,0,0,0,0.0516439,0.0525654,0.05234,0.0517182,0.0524841,0.0510602,0.114421,0.114143,0.114585,0.0999291,0.113852,0.114579,0.114223,0,0,0,0,0,0,0,0,0,0.0519382,0.0529778,0.0530486,0.0522642,0.0531067,0.0513872,0.114032,0.114581,0.11461,0.1,0.114204,0.114641,0.113759,0,0,0,0,0,0,0,0,0,1,1,1,1,1,1,1,1,1,1,1,1,1,0,0,0,0,0,0,0,0,0,1,1,1,1,1,1,1,1,1,1,1,1,1,0,0,0,0,0,0,0,0,0,1,0,0,0,0,0,0,0,0,0,0,0,0,0,0,0,0,0,0,0,0,0,0,13,0,0,0,0,0,0,0,0,0,0,0,0,0,0,0,0,0,0,0,0,0,0,0,0,0,0,0,0,0,0,0,0,0,0,0,0,0,0,0,0,0,0,0,0,0,0,0,0
-0.289948,0.0124613,1.03012,0,0,0,0,-2.25246e-08,-7.12807e-10,2.72446e-08,735,713,714,734,736,755,756,2306,2307,2327,2328,2329,2348,2349,0,0,0,0,0,0,0,0,0,713,714,734,736,755,756,2306,2307,2327,2328,2329,2348,2349,0,0,0,0,0,0,0,0,0,0.0508461,0.0516722,0.0517182,0.0495586,0.0510085,0.0478149,0.114031,0.113767,0.114153,0.0999706,0.112764,0.113775,0.112561,0,0,0,0,0,0,0,0,0,0.051318,0.0520017,0.0522642,0.049964,0.0514814,0.0483165,0.11372,0.114078,0.114207,0.1,0.113056,0.113811,0.112248,0,0,0,0,0,0,0,0,0,1,1,1,1,1,1,1,1,1,1,1,1,1,0,0,0,0,0,0,0,0,0,1,1,1,1,1,1,1,1,1,1,1,1,1,0,0,0,0,0,0,0,0,0,1,0,0,0,0,0,0,0,0,0,0,0,0,0,0,0,0,0,0,0,0,0,0,13,0,0,0,0,0,0,0,0,0,0,0,0,0,0,0,0,0,0,0,0,0,0,0,0,0,0,0,0,0,0,0,0,0,0,0,0,0,0,0,0,0,0,0,0,0,0,0,0
-0.325491,-0.0105656,1.00438,0,0,0,0,-2.79682e-08,1.17317e-10,3.29863e-08,736,714,715,735,737,756,757,2307,2308,2328,2329,2330,2349,2350,0,0,0,0,0,0,0,0,0,714,715,735,737,756,757,2307,2308,2328,2329,2330,2349,2350,0,0,0,0,0,0,0,0,0,0.0481305,0.0511089,0.0495586,0.0496125,0.0502191,0.0473578,0.112674,0.113536,0.112996,0.099998,0.112778,0.113339,0.112295,0,0,0,0,0,0,0,0,0,0.04872,0.0513734,0.049964,0.0498921,0.0505837,0.0479574,0.112441,0.113757,0.113055,0.1,0.113023,0.113361,0.112075,0,0,0,0,0,0,0,0,0,1,1,1,1,1,1,1,1,1,1,1,1,1,0,0,0,0,0,0,0,0,0,1,1,1,1,1,1,1,1,1,1,1,1,1,0,0,0,0,0,0,0,0,0,1,0,0,0,0,0,0,0,0,0,0,0,0,0,0,0,0,0,0,0,0,0,0,13,0,0,0,0,0,0,0,0,0,0,0,0,0,0,0,0,0,0,0,0,0,0,0,0,0,0,0,0,0,0,0,0,0,0,0,0,0,0,0,0,0,0,0,0,0,0,0,0
-0.359584,-0.033097,0.976252,0,0,0,0,-3.41359e-08,9.52052e-10,3.88763e-08,737,715,716,736,738,757,758,2308,2309,2329,2330,2331,2350,2351,0,0,0,0,0,0,0,0,0,715,716,736,738,757,758,2308,2309,2329,2330,2331,2350,2351,0,0,0,0,0,0,0,0,0,0.0474306,0.0525195,0.0496125,0.0521094,0.0493424,0.0469356,0.112322,0.11429,0.112955,0.100014,0.114003,0.11288,0.112048,0,0,0,0,0,0,0,0,0,0.0480828,0.0527274,0.0498921,0.0522725,0.049636,0.0475862,0.112136,0.114443,0.11302,0.1,0.11422,0.112892,0.111897,0,0,0,0,0,0,0,0,0,1,1,1,1,1,1,1,1,1,1,1,1,1,0,0,0,0,0,0,0,0,0,1,1,1,1,1,1,1,1,1,1,1,1,1,0,0,0,0,0,0,0,0,0,1,0,0,0,0,0,0,0,0,0,0,0,0,0,0,0,0,0,0,0,0,0,0,13,0,0,0,0,0,0,0,0,0,0,0,0,0,0,0,0,0,0,0,0,0,0,0,0,0,0,0,0,0,0,0,0,0,0,0,0,0,0,0,0,0,0,0,0,0,0,0,0
-0.39433,-0.0546761,0.943964,0,0,0,0,-4.1425e-08,1.80589e-09,4.53321e-08,738,716,717,737,739,758,759,2309,2310,2330,2331,2332,2351,2352,0,0,0,0,0,0,0,0,0,716,717,737,739,758,759,2309,2310,2330,2331,2332,2351,2352,0,0,0,0,0,0,0,0,0,0.0470771,0.0517475,0.0521094,0.0528638,0.0512294,0.0471871,0.112122,0.113926,0.11414,0.100025,0.11438,0.1138,0.112122,0,0,0,0,0,0,0,0,0,0.0477542,0.051914,0.0522725,0.052944,0.0514601,0.0478484,0.111979,0.114027,0.114213,0.1,0.114565,0.113798,0.11202,0,0,0,0,0,0,0,0,0,1,1,1,1,1,1,1,1,1,1,1,1,1,0,0,0,0,0,0,0,0,0,1,1,1,1,1,1,1,1,1,1,1,1,1,0,0,0,0,0,0,0,0,0,1,0,0,0,0,0,0,0,0,0,0,0,0,0,0,0,0,0,0,0,0,0,0,13,0,0,0,0,0,0,0,0,0,0,0,0,0,0,0,0,0,0,0,0,0,0,0,0,0,0,0,0,0,0,0,0,0,0,0,0,0,0,0,0,0,0,0,0,0,0,0,0
-0.427599,-0.0763325,0.909054,0,0,0,0,-4.9569e-08,2.7236e-09,5.18294e-08,739,717,718,738,740,759,760,2310,2311,2331,2332,2333,2352,2353,0,0,0,0,0,0,0,0,0,717,718,738,740,759,760,2310,2311,2331,2332,2333,2352,2353,0,0,0,0,0,0,0,0,0,0.0468132,0.050598,0.0528638,0.0524843,0.0507672,0.0469473,0.111965,0.113372,0.114485,0.100028,0.114178,0.11355,0.111964,0,0,0,0,0,0,0,0,0,0.0474824,0.0507353,0.052944,0.0525021,0.0509526,0.0475941,0.111849,0.113433,0.114557,0.1,0.11434,0.113542,0.111898,0,0,0,0,0,0,0,0,0,1,1,1,1,1,1,1,1,1,1,1,1,1,0,0,0,0,0,0,0,0,0,1,1,1,1,1,1,1,1,1,1,1,1,1,0,0,0,0,0,0,0,0,0,1,0,0,0,0,0,0,0,0,0,0,0,0,0,0,0,0,0,0,0,0,0,0,13,0,0,0,0,0,0,0,0,0,0,0,0,0,0,0,0,0,0,0,0,0,0,0,0,0,0,0,0,0,0,0,0,0,0,0,0,0,0,0,0,0,0,0,0,0,0,0,0
-0.458627,-0.0974434,0.872363,0,0,0,0,-5.84013e-08,3.73497e-09,5.81345e-08,740,718,719,739,741,760,761,2311,2312,2332,2333,2334,2353,2354,0,0,0,0,0,0,0,0,0,718,719,739,741,760,761,2311,2312,2332,2333,2334,2353,2354,0,0,0,0,0,0,0,0,0,0.0462956,0.0493979,0.0524843,0.0517028,0.0497007,0.0463576,0.111682,0.112798,0.11426,0.100027,0.113778,0.113016,0.111646,0,0,0,0,0,0,0,0,0,0.0469357,0.0495151,0.0525021,0.0516738,0.0498582,0.046972,0.111591,0.112829,0.114331,0.1,0.11392,0.112999,0.111603,0,0,0,0,0,0,0,0,0,1,1,1,1,1,1,1,1,1,1,1,1,1,0,0,0,0,0,0,0,0,0,1,1,1,1,1,1,1,1,1,1,1,1,1,0,0,0,0,0,0,0,0,0,1,0,0,0,0,0,0,0,0,0,0,0,0,0,0,0,0,0,0,0,0,0,0,13,0,0,0,0,0,0,0,0,0,0,0,0,0,0,0,0,0,0,0,0,0,0,0,0,0,0,0,0,0,0,0,0,0,0,0,0,0,0,0,0,0,0,0,0,0,0,0,0
-0.48723,-0.117672,0.83434,0,0,0,0,-6.78188e-08,4.86815e-09,6.41372e-08,741,719,720,740,742,761,762,2312,2313,2333,2334,2335,2354,2355,0,0,0,0,0,0,0,0,0,719,720,740,742,761,762,2312,2313,2333,2334,2335,2354,2355,0,0,0,0,0,0,0,0,0,0.0455816,0.0481365,0.0517028,0.0506868,0.0485633,0.0455755,0.111309,0.1122,0.113843,0.100024,0.113269,0.11246,0.111245,0,0,0,0,0,0,0,0,0,0.0461816,0.0482394,0.0516738,0.0506221,0.0487005,0.0461503,0.11124,0.11221,0.11391,0.1,0.113393,0.112434,0.11122,0,0,0,0,0,0,0,0,0,1,1,1,1,1,1,1,1,1,1,1,1,1,0,0,0,0,0,0,0,0,0,1,1,1,1,1,1,1,1,1,1,1,1,1,0,0,0,0,0,0,0,0,0,1,0,0,0,0,0,0,0,0,0,0,0,0,0,0,0,0,0,0,0,0,0,0,13,0,0,0,0,0,0,0,0,0,0,0,0,0,0,0,0,0,0,0,0,0,0,0,0,0,0,0,0,0,0,0,0,0,0,0,0,0,0,0,0,0,0,0,0,0,0,0,0
-0.513337,-0.136862,0.795361,0,0,0,0,-7.7728e-08,6.15817e-09,6.97469e-08,742,720,721,741,743,762,763,2313,2314,2334,2335,2336,2355,2356,0,0,0,0,0,0,0,0,0,720,721,741,743,762,763,2313,2314,2334,2335,2336,2355,2356,0,0,0,0,0,0,0,0,0,0.0447387,0.0468142,0.0506868,0.0495105,0.0473465,0.0446825,0.110884,0.111584,0.11332,0.10002,0.112693,0.111878,0.110806,0,0,0,0,0,0,0,0,0,0.0452947,0.0469089,0.0506221,0.049418,0.0474699,0.0452171,0.110832,0.111579,0.113383,0.1,0.1128,0.111845,0.110792,0,0,0,0,0,0,0,0,0,1,1,1,1,1,1,1,1,1,1,1,1,1,0,0,0,0,0,0,0,0,0,1,1,1,1,1,1,1,1,1,1,1,1,1,0,0,0,0,0,0,0,0,0,1,0,0,0,0,0,0,0,0,0,0,0,0,0,0,0,0,0,0,0,0,0,0,13,0,0,0,0,0,0,0,0,0,0,0,0,0,0,0,0,0,0,0,0,0,0,0,0,0,0,0,0,0,0,0,0,0,0,0,0,0,0,0,0,0,0,0,0,0,0,0,0
-0.536933,-0.154942,0.755767,0,0,0,0,-8.80403e-08,7.63934e-09,7.48904e-08,743,721,722,742,744,763,764,2314,2315,2335,2336,2337,2356,2357,0,0,0,0,0,0,0,0,0,721,722,742,744,763,764,2314,2315,2335,2336,2337,2356,2357,0,0,0,0,0,0,0,0,0,0.0438137,0.0454397,0.0495105,0.0482293,0.0460602,0.0437331,0.110431,0.110956,0.11273,0.100016,0.11208,0.111276,0.110354,0,0,0,0,0,0,0,0,0,0.044327,0.0455331,0.049418,0.0481148,0.046177,0.0442307,0.110394,0.110942,0.11279,0.1,0.112171,0.111239,0.110347,0,0,0,0,0,0,0,0,0,1,1,1,1,1,1,1,1,1,1,1,1,1,0,0,0,0,0,0,0,0,0,1,1,1,1,1,1,1,1,1,1,1,1,1,0,0,0,0,0,0,0,0,0,1,0,0,0,0,0,0,0,0,0,0,0,0,0,0,0,0,0,0,0,0,0,0,13,0,0,0,0,0,0,0,0,0,0,0,0,0,0,0,0,0,0,0,0,0,0,0,0,0,0,0,0,0,0,0,0,0,0,0,0,0,0,0,0,0,0,0,0,0,0,0,0
-0.558054,-0.171893,0.715859,0,0,0,0,-9.86773e-08,9.34243e-09,7.95132e-08,744,722,723,743,745,764,765,2315,2316,2336,2337,2338,2357,2358,0,0,0,0,0,0,0,0,0,722,723,743,745,764,765,2315,2316,2336,2337,2338,2357,2358,0,0,0,0,0,0,0,0,0,0.0428455,0.0440241,0.0482293,0.0469044,0.0447178,0.0427764,0.10997,0.110324,0.112105,0.100013,0.111462,0.110664,0.109913,0,0,0,0,0,0,0,0,0,0.0433201,0.0441235,0.0481148,0.0467721,0.0448359,0.0432418,0.109948,0.110305,0.112161,0.1,0.111536,0.110626,0.109909,0,0,0,0,0,0,0,0,0,1,1,1,1,1,1,1,1,1,1,1,1,1,0,0,0,0,0,0,0,0,0,1,1,1,1,1,1,1,1,1,1,1,1,1,0,0,0,0,0,0,0,0,0,1,0,0,0,0,0,0,0,0,0,0,0,0,0,0,0,0,0,0,0,0,0,0,13,0,0,0,0,0,0,0,0,0,0,0,0,0,0,0,0,0,0,0,0,0,0,0,0,0,0,0,0,0,0,0,0,0,0,0,0,0,0,0,0,0,0,0,0,0,0,0,0
-0.576772,-0.187741,0.675879,0,0,0,0,-1.09578e-07,1.12925e-08,8.35792e-08,745,723,724,744,746,765,766,2316,2317,2337,2338,2339,2358,2359,0,0,0,0,0,0,0,0,0,723,724,744,746,765,766,2316,2317,2337,2338,2339,2358,2359,0,0,0,0,0,0,0,0,0,0.0418736,0.0425771,0.0469044,0.0456232,0.0433302,0.0418608,0.109521,0.109696,0.111475,0.100011,0.11088,0.110047,0.109499,0,0,0,0,0,0,0,0,0,0.042315,0.0426903,0.0467721,0.045477,0.0434581,0.0422984,0.10951,0.109674,0.111527,0.1,0.110938,0.110011,0.109499,0,0,0,0,0,0,0,0,0,1,1,1,1,1,1,1,1,1,1,1,1,1,0,0,0,0,0,0,0,0,0,1,1,1,1,1,1,1,1,1,1,1,1,1,0,0,0,0,0,0,0,0,0,1,0,0,0,0,0,0,0,0,0,0,0,0,0,0,0,0,0,0,0,0,0,0,13,0,0,0,0,0,0,0,0,0,0,0,0,0,0,0,0,0,0,0,0,0,0,0,0,0,0,0,0,0,0,0,0,0,0,0,0,0,0,0,0,0,0,0,0,0,0,0,0
-0.593207,-0.202545,0.635976,0,0,0,0,-1.20711e-07,1.35016e-08,8.70713e-08,746,113,114,724,725,745,766,1706,1707,2317,2318,2338,2339,2359,0,0,0,0,0,0,0,0,0,113,114,724,725,745,766,1706,1707,2317,2318,2338,2339,2359,0,0,0,0,0,0,0,0,0,0.0410315,0.0444841,0.0409435,0.0411037,0.0456232,0.0419,0.109124,0.110385,0.109103,0.109079,0.110881,0.10001,0.109424,0,0,0,0,0,0,0,0,0,0.0414374,0.0443342,0.0413556,0.0412392,0.045477,0.0420473,0.109132,0.110421,0.1091,0.109054,0.110929,0.1,0.109398,0,0,0,0,0,0,0,0,0,1,1,1,1,1,1,1,1,1,1,1,1,1,0,0,0,0,0,0,0,0,0,1,1,1,1,1,1,1,1,1,1,1,1,1,0,0,0,0,0,0,0,0,0,1,0,0,0,0,0,0,0,0,0,0,0,0,0,0,0,0,0,0,0,0,0,0,13,0,0,0,0,0,0,0,0,0,0,0,0,0,0,0,0,0,0,0,0,0,0,0,0,0,0,0,0,0,0,0,0,0,0,0,0,0,0,0,0,0,0,0,0,0,0,0,0
0.0238169,0.198698,1.1073,0,0,0,0,6.36169e-10,-7.62983e-09,-2.49232e-09,747,61,62,726,727,748,767,1654,1655,2319,2320,2340,2341,2360,0,0,0,0,0,0,0,0,0,61,62,726,727,748,767,1654,1655,2319,2320,2340,2341,2360,0,0,0,0,0,0,0,0,0,0.0409814,0.035123,0.0524888,0.040643,0.0358494,0.053486,0.110904,0.107901,0.114994,0.110369,0.100825,0.109189,0.116993,0,0,0,0,0,0,0,0,0,0.0441983,0.0391662,0.0576494,0.0442954,0.0400857,0.0596045,0.110399,0.108266,0.117111,0.110449,0.1,0.108638,0.118157,0,0,0,0,0,0,0,0,0,1,1,1,1,1,1,1,1,1,1,1,1,1,0,0,0,0,0,0,0,0,0,1,1,1,1,1,1,1,1,1,1,1,1,1,0,0,0,0,0,0,0,0,0,1,0,0,0,0,0,0,0,0,0,0,0,0,0,0,0,0,0,0,0,0,0,0,13,0,0,0,0,0,0,0,0,0,0,0,0,0,0,0,0,0,0,0,0,0,0,0,0,0,0,0,0,0,0,0,0,0,0,0,0,0,0,0,0,0,0,0,0,0,0,0,0
-0.00336241,0.177614,1.11739,0,0,0,0,-7.04016e-10,-6.21826e-09,-1.00031e-09,748,727,728,747,749,767,768,2320,2321,2340,2341,2342,2360,2361,0,0,0,0,0,0,0,0,0,727,728,747,749,767,768,2320,2321,2340,2341,2342,2360,2361,0,0,0,0,0,0,0,0,0,0.0537534,0.0408213,0.0358494,0.0367741,0.0405627,0.0549203,0.115813,0.110187,0.108392,0.100938,0.109391,0.111081,0.118021,0,0,0,0,0,0,0,0,0,0.0591379,0.0446942,0.0400857,0.0411349,0.0446078,0.0610174,0.117939,0.110628,0.10864,0.1,0.109074,0.110582,0.118959,0,0,0,0,0,0,0,0,0,1,1,1,1,1,1,1,1,1,1,1,1,1,0,0,0,0,0,0,0,0,0,1,1,1,1,1,1,1,1,1,1,1,1,1,0,0,0,0,0,0,0,0,0,1,0,0,0,0,0,0,0,0,0,0,0,0,0,0,0,0,0,0,0,0,0,0,13,0,0,0,0,0,0,0,0,0,0,0,0,0,0,0,0,0,0,0,0,0,0,0,0,0,0,0,0,0,0,0,0,0,0,0,0,0,0,0,0,0,0,0,0,0,0,0,0
-0.0303603,0.153596,1.12421,0,0,0,0,-2.09526e-09,-4.99773e-09,8.17112e-10,749,728,729,748,750,768,769,2321,2322,2341,2342,2343,2361,2362,0,0,0,0,0,0,0,0,0,728,729,748,750,768,769,2321,2322,2341,2342,2343,2361,2362,0,0,0,0,0,0,0,0,0,0.0547546,0.041261,0.0367741,0.0380851,0.0405896,0.0559451,0.116452,0.110209,0.109186,0.100873,0.109735,0.111423,0.118489,0,0,0,0,0,0,0,0,0,0.0605768,0.0450471,0.0411349,0.0422336,0.0449222,0.0623525,0.118754,0.110787,0.109076,0.1,0.109541,0.110724,0.119729,0,0,0,0,0,0,0,0,0,1,1,1,1,1,1,1,1,1,1,1,1,1,0,0,0,0,0,0,0,0,0,1,1,1,1,1,1,1,1,1,1,1,1,1,0,0,0,0,0,0,0,0,0,1,0,0,0,0,0,0,0,0,0,0,0,0,0,0,0,0,0,0,0,0,0,0,13,0,0,0,0,0,0,0,0,0,0,0,0,0,0,0,0,0,0,0,0,0,0,0,0,0,0,0,0,0,0,0,0,0,0,0,0,0,0,0,0,0,0,0,0,0,0,0,0
-0.0573737,0.126861,1.12667,0,0,0,0,-3.66065e-09,-3.98437e-09,2.89381e-09,750,729,730,749,751,769,770,2322,2323,2342,2343,2344,2362,2363,0,0,0,0,0,0,0,0,0,729,730,749,751,769,770,2322,2323,2342,2343,2344,2362,2363,0,0,0,0,0,0,0,0,0,0.0553357,0.0456622,0.0380851,0.0443459,0.0410239,0.0563294,0.117507,0.110806,0.110404,0.1015,0.11073,0.112041,0.11911,0,0,0,0,0,0,0,0,0,0.0619617,0.0484238,0.0422336,0.0469377,0.0451805,0.0636045,0.119551,0.112147,0.109544,0.1,0.111411,0.110841,0.120461,0,0,0,0,0,0,0,0,0,1,1,1,1,1,1,1,1,1,1,1,1,1,0,0,0,0,0,0,0,0,0,1,1,1,1,1,1,1,1,1,1,1,1,1,0,0,0,0,0,0,0,0,0,1,0,0,0,0,0,0,0,0,0,0,0,0,0,0,0,0,0,0,0,0,0,0,13,0,0,0,0,0,0,0,0,0,0,0,0,0,0,0,0,0,0,0,0,0,0,0,0,0,0,0,0,0,0,0,0,0,0,0,0,0,0,0,0,0,0,0,0,0,0,0,0
-0.0908322,0.0978305,1.12459,0,0,0,0,-5.24077e-09,-3.05402e-09,5.4794e-09,751,730,731,750,752,770,771,2323,2324,2343,2344,2345,2363,2364,0,0,0,0,0,0,0,0,0,730,731,750,752,770,771,2323,2324,2343,2344,2345,2363,2364,0,0,0,0,0,0,0,0,0,0.0552857,0.0520634,0.0443459,0.0507774,0.0458919,0.0557146,0.115595,0.113245,0.112591,0.0989482,0.113035,0.113409,0.116212,0,0,0,0,0,0,0,0,0,0.0531873,0.0533884,0.0469377,0.052399,0.0487305,0.0536652,0.114691,0.114781,0.111805,0.1,0.114274,0.112657,0.11493,0,0,0,0,0,0,0,0,0,1,1,1,1,1,1,1,1,1,1,1,1,1,0,0,0,0,0,0,0,0,0,1,1,1,1,1,1,1,1,1,1,1,1,1,0,0,0,0,0,0,0,0,0,1,0,0,0,0,0,0,0,0,0,0,0,0,0,0,0,0,0,0,0,0,0,0,13,0,0,0,0,0,0,0,0,0,0,0,0,0,0,0,0,0,0,0,0,0,0,0,0,0,0,0,0,0,0,0,0,0,0,0,0,0,0,0,0,0,0,0,0,0,0,0,0
-0.130989,0.0686349,1.11394,0,0,0,0,-7.35188e-09,-2.25123e-09,8.92626e-09,752,731,732,751,753,771,772,2324,2325,2344,2345,2346,2364,2365,0,0,0,0,0,0,0,0,0,731,732,751,753,771,772,2324,2325,2344,2345,2346,2364,2365,0,0,0,0,0,0,0,0,0,0.0543152,0.0531233,0.0507774,0.0520288,0.0524589,0.0541201,0.115747,0.11421,0.114253,0.09969,0.113948,0.114957,0.115906,0,0,0,0,0,0,0,0,0,0.0532884,0.0541531,0.052399,0.0533074,0.0539722,0.0532114,0.114731,0.115193,0.114272,0.1,0.114734,0.115091,0.114696,0,0,0,0,0,0,0,0,0,1,1,1,1,1,1,1,1,1,1,1,1,1,0,0,0,0,0,0,0,0,0,1,1,1,1,1,1,1,1,1,1,1,1,1,0,0,0,0,0,0,0,0,0,1,0,0,0,0,0,0,0,0,0,0,0,0,0,0,0,0,0,0,0,0,0,0,13,0,0,0,0,0,0,0,0,0,0,0,0,0,0,0,0,0,0,0,0,0,0,0,0,0,0,0,0,0,0,0,0,0,0,0,0,0,0,0,0,0,0,0,0,0,0,0,0
-0.172094,0.0407861,1.09839,0,0,0,0,-1.00824e-08,-1.46522e-09,1.2872e-08,753,732,733,752,754,772,773,2325,2326,2345,2346,2347,2365,2366,0,0,0,0,0,0,0,0,0,732,733,752,754,772,773,2325,2326,2345,2346,2347,2365,2366,0,0,0,0,0,0,0,0,0,0.0532162,0.053219,0.0520288,0.0531066,0.0528037,0.0528019,0.115216,0.114375,0.114781,0.0997668,0.114491,0.115118,0.115149,0,0,0,0,0,0,0,0,0,0.0528705,0.0540381,0.0533074,0.0540745,0.0540471,0.0524966,0.114508,0.115134,0.114745,0.1,0.115137,0.11513,0.114324,0,0,0,0,0,0,0,0,0,1,1,1,1,1,1,1,1,1,1,1,1,1,0,0,0,0,0,0,0,0,0,1,1,1,1,1,1,1,1,1,1,1,1,1,0,0,0,0,0,0,0,0,0,1,0,0,0,0,0,0,0,0,0,0,0,0,0,0,0,0,0,0,0,0,0,0,13,0,0,0,0,0,0,0,0,0,0,0,0,0,0,0,0,0,0,0,0,0,0,0,0,0,0,0,0,0,0,0,0,0,0,0,0,0,0,0,0,0,0,0,0,0,0,0,0
-0.213151,0.013712,1.07835,0,0,0,0,-1.35508e-08,-6.63168e-10,1.73283e-08,754,733,734,753,755,773,774,2326,2327,2346,2347,2348,2366,2367,0,0,0,0,0,0,0,0,0,733,734,753,755,773,774,2326,2327,2346,2347,2348,2366,2367,0,0,0,0,0,0,0,0,0,0.0522961,0.0524841,0.0531066,0.0529612,0.0522854,0.0513688,0.114807,0.114105,0.115093,0.0998759,0.114409,0.114657,0.114392,0,0,0,0,0,0,0,0,0,0.0523568,0.0531067,0.0540745,0.053675,0.0531716,0.0514607,0.114247,0.114645,0.115144,0.1,0.114935,0.114674,0.113794,0,0,0,0,0,0,0,0,0,1,1,1,1,1,1,1,1,1,1,1,1,1,0,0,0,0,0,0,0,0,0,1,1,1,1,1,1,1,1,1,1,1,1,1,0,0,0,0,0,0,0,0,0,1,0,0,0,0,0,0,0,0,0,0,0,0,0,0,0,0,0,0,0,0,0,0,13,0,0,0,0,0,0,0,0,0,0,0,0,0,0,0,0,0,0,0,0,0,0,0,0,0,0,0,0,0,0,0,0,0,0,0,0,0,0,0,0,0,0,0,0,0,0,0,0
-0.252858,-0.0123083,1.05488,0,0,0,0,-1.77568e-08,1.73406e-10,2.21451e-08,755,734,735,754,756,774,775,2327,2328,2347,2348,2349,2367,2368,0,0,0,0,0,0,0,0,0,734,735,754,756,774,775,2327,2328,2347,2348,2349,2367,2368,0,0,0,0,0,0,0,0,0,0.0510602,0.0510085,0.0529612,0.0503607,0.0508248,0.0483872,0.114184,0.113439,0.114856,0.099932,0.113094,0.113818,0.112843,0,0,0,0,0,0,0,0,0,0.0513872,0.0514814,0.053675,0.0508662,0.0514701,0.0487366,0.113758,0.113811,0.114935,0.1,0.113507,0.113805,0.112449,0,0,0,0,0,0,0,0,0,1,1,1,1,1,1,1,1,1,1,1,1,1,0,0,0,0,0,0,0,0,0,1,1,1,1,1,1,1,1,1,1,1,1,1,0,0,0,0,0,0,0,0,0,1,0,0,0,0,0,0,0,0,0,0,0,0,0,0,0,0,0,0,0,0,0,0,13,0,0,0,0,0,0,0,0,0,0,0,0,0,0,0,0,0,0,0,0,0,0,0,0,0,0,0,0,0,0,0,0,0,0,0,0,0,0,0,0,0,0,0,0,0,0,0,0
-0.289717,-0.0353482,1.02944,0,0,0,0,-2.24811e-08,1.02046e-09,2.71162e-08,756,735,736,755,757,775,776,2328,2329,2348,2349,2350,2368,2369,0,0,0,0,0,0,0,0,0,735,736,755,757,775,776,2328,2329,2348,2349,2350,2368,2369,0,0,0,0,0,0,0,0,0,0.0478149,0.0502191,0.0503607,0.0504226,0.0500677,0.0479181,0.112564,0.113108,0.11343,0.0999694,0.113118,0.113354,0.112562,0,0,0,0,0,0,0,0,0,0.0483165,0.0505837,0.0508662,0.0507562,0.0505476,0.0484208,0.112249,0.113359,0.113503,0.1,0.113454,0.113343,0.112296,0,0,0,0,0,0,0,0,0,1,1,1,1,1,1,1,1,1,1,1,1,1,0,0,0,0,0,0,0,0,0,1,1,1,1,1,1,1,1,1,1,1,1,1,0,0,0,0,0,0,0,0,0,1,0,0,0,0,0,0,0,0,0,0,0,0,0,0,0,0,0,0,0,0,0,0,13,0,0,0,0,0,0,0,0,0,0,0,0,0,0,0,0,0,0,0,0,0,0,0,0,0,0,0,0,0,0,0,0,0,0,0,0,0,0,0,0,0,0,0,0,0,0,0,0
-0.325167,-0.0578352,1.00151,0,0,0,0,-2.79146e-08,1.90547e-09,3.23161e-08,757,736,737,756,758,776,777,2329,2330,2349,2350,2351,2369,2370,0,0,0,0,0,0,0,0,0,736,737,756,758,776,777,2329,2330,2349,2350,2351,2369,2370,0,0,0,0,0,0,0,0,0,0.0473578,0.0493424,0.0504226,0.0503905,0.0492164,0.047502,0.112321,0.112726,0.113371,0.0999922,0.113097,0.112885,0.112311,0,0,0,0,0,0,0,0,0,0.0479574,0.049636,0.0507562,0.0505893,0.0495922,0.0480861,0.112078,0.11289,0.113449,0.1,0.113373,0.112871,0.112134,0,0,0,0,0,0,0,0,0,1,1,1,1,1,1,1,1,1,1,1,1,1,0,0,0,0,0,0,0,0,0,1,1,1,1,1,1,1,1,1,1,1,1,1,0,0,0,0,0,0,0,0,0,1,0,0,0,0,0,0,0,0,0,0,0,0,0,0,0,0,0,0,0,0,0,0,13,0,0,0,0,0,0,0,0,0,0,0,0,0,0,0,0,0,0,0,0,0,0,0,0,0,0,0,0,0,0,0,0,0,0,0,0,0,0,0,0,0,0,0,0,0,0,0,0
-0.359054,-0.0797735,0.971355,0,0,0,0,-3.40526e-08,2.83952e-09,3.76616e-08,758,737,738,757,759,777,778,2330,2331,2350,2351,2352,2370,2371,0,0,0,0,0,0,0,0,0,737,738,757,759,777,778,2330,2331,2350,2351,2352,2370,2371,0,0,0,0,0,0,0,0,0,0.0469356,0.0512294,0.0503905,0.053138,0.0483053,0.0471114,0.11209,0.113689,0.113289,0.100007,0.114475,0.112411,0.112081,0,0,0,0,0,0,0,0,0,0.0475862,0.0514601,0.0505893,0.0532245,0.04861,0.047731,0.111901,0.113794,0.113366,0.1,0.114712,0.112393,0.111964,0,0,0,0,0,0,0,0,0,1,1,1,1,1,1,1,1,1,1,1,1,1,0,0,0,0,0,0,0,0,0,1,1,1,1,1,1,1,1,1,1,1,1,1,0,0,0,0,0,0,0,0,0,1,0,0,0,0,0,0,0,0,0,0,0,0,0,0,0,0,0,0,0,0,0,0,13,0,0,0,0,0,0,0,0,0,0,0,0,0,0,0,0,0,0,0,0,0,0,0,0,0,0,0,0,0,0,0,0,0,0,0,0,0,0,0,0,0,0,0,0,0,0,0,0
-0.39348,-0.101355,0.937109,0,0,0,0,-4.12783e-08,3.84366e-09,4.35446e-08,759,738,739,758,760,778,779,2331,2332,2351,2352,2353,2371,2372,0,0,0,0,0,0,0,0,0,738,739,758,760,778,779,2331,2332,2351,2352,2353,2371,2372,0,0,0,0,0,0,0,0,0,0.0471871,0.0507672,0.053138,0.0534442,0.0498399,0.0473941,0.112171,0.113481,0.114625,0.100018,0.11463,0.113134,0.112168,0,0,0,0,0,0,0,0,0,0.0478484,0.0509526,0.0532245,0.0534508,0.050083,0.0480176,0.112025,0.113539,0.114703,0.1,0.114831,0.11311,0.112099,0,0,0,0,0,0,0,0,0,1,1,1,1,1,1,1,1,1,1,1,1,1,0,0,0,0,0,0,0,0,0,1,1,1,1,1,1,1,1,1,1,1,1,1,0,0,0,0,0,0,0,0,0,1,0,0,0,0,0,0,0,0,0,0,0,0,0,0,0,0,0,0,0,0,0,0,13,0,0,0,0,0,0,0,0,0,0,0,0,0,0,0,0,0,0,0,0,0,0,0,0,0,0,0,0,0,0,0,0,0,0,0,0,0,0,0,0,0,0,0,0,0,0,0,0
-0.426205,-0.122475,0.900512,0,0,0,0,-4.93166e-08,4.96256e-09,4.94286e-08,760,739,740,759,761,779,780,2332,2333,2352,2353,2354,2372,2373,0,0,0,0,0,0,0,0,0,739,740,759,761,779,780,2332,2333,2352,2353,2354,2372,2373,0,0,0,0,0,0,0,0,0,0.0469473,0.0497007,0.0534442,0.0526905,0.049414,0.0469964,0.112015,0.11297,0.114744,0.100021,0.114244,0.112911,0.111939,0,0,0,0,0,0,0,0,0,0.0475941,0.0498582,0.0534508,0.0526422,0.0496196,0.047601,0.111903,0.112995,0.11482,0.1,0.114414,0.112881,0.1119,0,0,0,0,0,0,0,0,0,1,1,1,1,1,1,1,1,1,1,1,1,1,0,0,0,0,0,0,0,0,0,1,1,1,1,1,1,1,1,1,1,1,1,1,0,0,0,0,0,0,0,0,0,1,0,0,0,0,0,0,0,0,0,0,0,0,0,0,0,0,0,0,0,0,0,0,13,0,0,0,0,0,0,0,0,0,0,0,0,0,0,0,0,0,0,0,0,0,0,0,0,0,0,0,0,0,0,0,0,0,0,0,0,0,0,0,0,0,0,0,0,0,0,0,0
-0.45653,-0.142681,0.862455,0,0,0,0,-5.79891e-08,6.21354e-09,5.51167e-08,761,740,741,760,762,780,781,2333,2334,2353,2354,2355,2373,2374,0,0,0,0,0,0,0,0,0,740,741,760,762,780,781,2333,2334,2353,2354,2355,2373,2374,0,0,0,0,0,0,0,0,0,0.0463576,0.0485633,0.0526905,0.0517052,0.0485667,0.0463018,0.111693,0.112429,0.114331,0.10002,0.113748,0.112492,0.111577,0,0,0,0,0,0,0,0,0,0.046972,0.0487005,0.0526422,0.051618,0.0487448,0.0468758,0.111609,0.11243,0.114404,0.1,0.113894,0.112455,0.111558,0,0,0,0,0,0,0,0,0,1,1,1,1,1,1,1,1,1,1,1,1,1,0,0,0,0,0,0,0,0,0,1,1,1,1,1,1,1,1,1,1,1,1,1,0,0,0,0,0,0,0,0,0,1,0,0,0,0,0,0,0,0,0,0,0,0,0,0,0,0,0,0,0,0,0,0,13,0,0,0,0,0,0,0,0,0,0,0,0,0,0,0,0,0,0,0,0,0,0,0,0,0,0,0,0,0,0,0,0,0,0,0,0,0,0,0,0,0,0,0,0,0,0,0,0
-0.48438,-0.161802,0.823311,0,0,0,0,-6.7216e-08,7.62843e-09,6.05215e-08,762,741,742,761,763,781,782,2334,2335,2354,2355,2356,2374,2375,0,0,0,0,0,0,0,0,0,741,742,761,763,781,782,2334,2335,2354,2355,2356,2374,2375,0,0,0,0,0,0,0,0,0,0.0455755,0.0473465,0.0517052,0.0505592,0.0475527,0.0454587,0.111286,0.111856,0.113815,0.100018,0.113183,0.112001,0.111156,0,0,0,0,0,0,0,0,0,0.0461503,0.0474699,0.051618,0.0504435,0.04771,0.0459987,0.111225,0.111842,0.113883,0.1,0.113306,0.111958,0.11115,0,0,0,0,0,0,0,0,0,1,1,1,1,1,1,1,1,1,1,1,1,1,0,0,0,0,0,0,0,0,0,1,1,1,1,1,1,1,1,1,1,1,1,1,0,0,0,0,0,0,0,0,0,1,0,0,0,0,0,0,0,0,0,0,0,0,0,0,0,0,0,0,0,0,0,0,13,0,0,0,0,0,0,0,0,0,0,0,0,0,0,0,0,0,0,0,0,0,0,0,0,0,0,0,0,0,0,0,0,0,0,0,0,0,0,0,0,0,0,0,0,0,0,0,0
-0.509722,-0.179768,0.783422,0,0,0,0,-7.69196e-08,9.24033e-09,6.55629e-08,763,742,743,762,764,782,783,2335,2336,2355,2356,2357,2375,2376,0,0,0,0,0,0,0,0,0,742,743,762,764,782,783,2335,2336,2355,2356,2357,2375,2376,0,0,0,0,0,0,0,0,0,0.0446825,0.0460602,0.0505592,0.0493058,0.0464212,0.0445471,0.110838,0.111261,0.113231,0.100015,0.112577,0.111465,0.110716,0,0,0,0,0,0,0,0,0,0.0452171,0.046177,0.0504435,0.049169,0.0465652,0.0450546,0.110797,0.111236,0.113295,0.1,0.11268,0.111419,0.110718,0,0,0,0,0,0,0,0,0,1,1,1,1,1,1,1,1,1,1,1,1,1,0,0,0,0,0,0,0,0,0,1,1,1,1,1,1,1,1,1,1,1,1,1,0,0,0,0,0,0,0,0,0,1,0,0,0,0,0,0,0,0,0,0,0,0,0,0,0,0,0,0,0,0,0,0,13,0,0,0,0,0,0,0,0,0,0,0,0,0,0,0,0,0,0,0,0,0,0,0,0,0,0,0,0,0,0,0,0,0,0,0,0,0,0,0,0,0,0,0,0,0,0,0,0
-0.532572,-0.196569,0.743089,0,0,0,0,-8.7027e-08,1.10794e-08,7.01761e-08,764,743,744,763,765,783,784,2336,2337,2356,2357,2358,2376,2377,0,0,0,0,0,0,0,0,0,743,744,763,765,783,784,2336,2337,2356,2357,2358,2376,2377,0,0,0,0,0,0,0,0,0,0.0437331,0.0447178,0.0493058,0.0480075,0.0452031,0.0436309,0.110376,0.110653,0.112609,0.100013,0.111964,0.110901,0.110288,0,0,0,0,0,0,0,0,0,0.0442307,0.0448359,0.049169,0.0478546,0.0453426,0.04411,0.110351,0.110623,0.11267,0.1,0.112048,0.110855,0.110293,0,0,0,0,0,0,0,0,0,1,1,1,1,1,1,1,1,1,1,1,1,1,0,0,0,0,0,0,0,0,0,1,1,1,1,1,1,1,1,1,1,1,1,1,0,0,0,0,0,0,0,0,0,1,0,0,0,0,0,0,0,0,0,0,0,0,0,0,0,0,0,0,0,0,0,0,13,0,0,0,0,0,0,0,0,0,0,0,0,0,0,0,0,0,0,0,0,0,0,0,0,0,0,0,0,0,0,0,0,0,0,0,0,0,0,0,0,0,0,0,0,0,0,0,0
-0.552985,-0.212232,0.702559,0,0,0,0,-9.74787e-08,1.31731e-08,7.43144e-08,765,744,745,764,766,784,785,2337,2338,2357,2358,2359,2377,2378,0,0,0,0,0,0,0,0,0,744,745,764,766,784,785,2337,2338,2357,2358,2359,2377,2378,0,0,0,0,0,0,0,0,0,0.0427764,0.0433302,0.0480075,0.0467536,0.043917,0.0427662,0.109924,0.110041,0.111981,0.100011,0.111387,0.11032,0.109892,0,0,0,0,0,0,0,0,0,0.0432418,0.0434581,0.0478546,0.0465891,0.0440615,0.0432206,0.109913,0.110008,0.112038,0.1,0.111452,0.110278,0.1099,0,0,0,0,0,0,0,0,0,1,1,1,1,1,1,1,1,1,1,1,1,1,0,0,0,0,0,0,0,0,0,1,1,1,1,1,1,1,1,1,1,1,1,1,0,0,0,0,0,0,0,0,0,1,0,0,0,0,0,0,0,0,0,0,0,0,0,0,0,0,0,0,0,0,0,0,13,0,0,0,0,0,0,0,0,0,0,0,0,0,0,0,0,0,0,0,0,0,0,0,0,0,0,0,0,0,0,0,0,0,0,0,0,0,0,0,0,0,0,0,0,0,0,0,0
-0.57107,-0.226815,0.661986,0,0,0,0,-1.08242e-07,1.55432e-08,7.79515e-08,766,112,113,745,746,765,785,1705,1706,2338,2339,2358,2359,2378,0,0,0,0,0,0,0,0,0,112,113,745,746,765,785,1705,1706,2338,2339,2358,2359,2378,0,0,0,0,0,0,0,0,0,0.0419777,0.0456256,0.0418608,0.0419,0.0467536,0.0425633,0.109531,0.110889,0.109503,0.109432,0.111389,0.10001,0.109722,0,0,0,0,0,0,0,0,0,0.0424048,0.0454588,0.0422984,0.0420473,0.0465891,0.0427237,0.109545,0.110931,0.109503,0.109395,0.111442,0.1,0.109689,0,0,0,0,0,0,0,0,0,1,1,1,1,1,1,1,1,1,1,1,1,1,0,0,0,0,0,0,0,0,0,1,1,1,1,1,1,1,1,1,1,1,1,1,0,0,0,0,0,0,0,0,0,1,0,0,0,0,0,0,0,0,0,0,0,0,0,0,0,0,0,0,0,0,0,0,13,0,0,0,0,0,0,0,0,0,0,0,0,0,0,0,0,0,0,0,0,0,0,0,0,0,0,0,0,0,0,0,0,0,0,0,0,0,0,0,0,0,0,0,0,0,0,0,0
0.0236857,0.148848,1.12668,0,0,0,0,6.6016e-10,-4.77645e-09,1.36004e-09,767,60,61,747,748,768,786,1653,1654,2340,2341,2360,2361,2379,0,0,0,0,0,0,0,0,0,60,61,747,748,768,786,1653,1654,2340,2341,2360,2361,2379,0,0,0,0,0,0,0,0,0,0.0406587,0.0359825,0.053486,0.0405627,0.0363811,0.0548107,0.110813,0.108338,0.1159,0.110632,0.100887,0.109579,0.117823,0,0,0,0,0,0,0,0,0,0.0445171,0.0402215,0.0596045,0.0446078,0.0410688,0.0613999,0.11054,0.108694,0.118202,0.110587,0.1,0.109044,0.119179,0,0,0,0,0,0,0,0,0,1,1,1,1,1,1,1,1,1,1,1,1,1,0,0,0,0,0,0,0,0,0,1,1,1,1,1,1,1,1,1,1,1,1,1,0,0,0,0,0,0,0,0,0,1,0,0,0,0,0,0,0,0,0,0,0,0,0,0,0,0,0,0,0,0,0,0,13,0,0,0,0,0,0,0,0,0,0,0,0,0,0,0,0,0,0,0,0,0,0,0,0,0,0,0,0,0,0,0,0,0,0,0,0,0,0,0,0,0,0,0,0,0,0,0,0
-0.00302736,0.125598,1.13501,0,0,0,0,-6.93133e-10,-3.69113e-09,2.48551e-09,768,748,749,767,769,786,787,2341,2342,2360,2361,2362,2379,2380,0,0,0,0,0,0,0,0,0,748,749,767,769,786,787,2341,2342,2360,2361,2362,2379,2380,0,0,0,0,0,0,0,0,0,0.0549203,0.0405896,0.0363811,0.0371352,0.0401818,0.0562218,0.116841,0.110365,0.108766,0.101019,0.109645,0.11098,0.118805,0,0,0,0,0,0,0,0,0,0.0610174,0.0449222,0.0410688,0.0420611,0.0448354,0.0626426,0.119006,0.110728,0.109046,0.1,0.109464,0.110683,0.119899,0,0,0,0,0,0,0,0,0,1,1,1,1,1,1,1,1,1,1,1,1,1,0,0,0,0,0,0,0,0,0,1,1,1,1,1,1,1,1,1,1,1,1,1,0,0,0,0,0,0,0,0,0,1,0,0,0,0,0,0,0,0,0,0,0,0,0,0,0,0,0,0,0,0,0,0,13,0,0,0,0,0,0,0,0,0,0,0,0,0,0,0,0,0,0,0,0,0,0,0,0,0,0,0,0,0,0,0,0,0,0,0,0,0,0,0,0,0,0,0,0,0,0,0,0
-0.0293446,0.0997815,1.13947,0,0,0,0,-2.10815e-09,-2.78361e-09,3.81356e-09,769,749,750,768,770,787,788,2342,2343,2361,2362,2363,2380,2381,0,0,0,0,0,0,0,0,0,749,750,768,770,787,788,2342,2343,2361,2362,2363,2380,2381,0,0,0,0,0,0,0,0,0,0.0559451,0.0410239,0.0371352,0.0384237,0.0401734,0.0570801,0.117484,0.110392,0.109525,0.100938,0.109942,0.11128,0.11911,0,0,0,0,0,0,0,0,0,0.0623525,0.0451805,0.0420611,0.04311,0.0449914,0.063765,0.119778,0.110844,0.109467,0.1,0.109918,0.110753,0.120557,0,0,0,0,0,0,0,0,0,1,1,1,1,1,1,1,1,1,1,1,1,1,0,0,0,0,0,0,0,0,0,1,1,1,1,1,1,1,1,1,1,1,1,1,0,0,0,0,0,0,0,0,0,1,0,0,0,0,0,0,0,0,0,0,0,0,0,0,0,0,0,0,0,0,0,0,13,0,0,0,0,0,0,0,0,0,0,0,0,0,0,0,0,0,0,0,0,0,0,0,0,0,0,0,0,0,0,0,0,0,0,0,0,0,0,0,0,0,0,0,0,0,0,0,0
-0.0557939,0.0719147,1.13897,0,0,0,0,-3.68447e-09,-2.02657e-09,5.28427e-09,770,750,751,769,771,788,789,2343,2344,2362,2363,2364,2381,2382,0,0,0,0,0,0,0,0,0,750,751,769,771,788,789,2343,2344,2362,2363,2364,2381,2382,0,0,0,0,0,0,0,0,0,0.0563294,0.0458919,0.0384237,0.0449937,0.04064,0.0570277,0.118474,0.111069,0.11075,0.101645,0.110988,0.111914,0.119554,0,0,0,0,0,0,0,0,0,0.0636045,0.0487305,0.04311,0.047912,0.0450908,0.0647581,0.120513,0.112278,0.109921,0.1,0.111854,0.110798,0.121147,0,0,0,0,0,0,0,0,0,1,1,1,1,1,1,1,1,1,1,1,1,1,0,0,0,0,0,0,0,0,0,1,1,1,1,1,1,1,1,1,1,1,1,1,0,0,0,0,0,0,0,0,0,1,0,0,0,0,0,0,0,0,0,0,0,0,0,0,0,0,0,0,0,0,0,0,13,0,0,0,0,0,0,0,0,0,0,0,0,0,0,0,0,0,0,0,0,0,0,0,0,0,0,0,0,0,0,0,0,0,0,0,0,0,0,0,0,0,0,0,0,0,0,0,0
-0.0896645,0.0428274,1.13339,0,0,0,0,-5.2399e-09,-1.29917e-09,7.21379e-09,771,751,752,770,772,789,790,2344,2345,2363,2364,2365,2382,2383,0,0,0,0,0,0,0,0,0,751,752,770,772,789,790,2344,2345,2363,2364,2365,2382,2383,0,0,0,0,0,0,0,0,0,0.0557146,0.0524589,0.0449937,0.0520255,0.0459406,0.0553526,0.115998,0.1136,0.112989,0.0989295,0.113592,0.113477,0.116046,0,0,0,0,0,0,0,0,0,0.0536652,0.0539722,0.047912,0.0537662,0.0488101,0.0534194,0.114935,0.115092,0.112278,0.1,0.114972,0.112719,0.114804,0,0,0,0,0,0,0,0,0,1,1,1,1,1,1,1,1,1,1,1,1,1,0,0,0,0,0,0,0,0,0,1,1,1,1,1,1,1,1,1,1,1,1,1,0,0,0,0,0,0,0,0,0,1,0,0,0,0,0,0,0,0,0,0,0,0,0,0,0,0,0,0,0,0,0,0,13,0,0,0,0,0,0,0,0,0,0,0,0,0,0,0,0,0,0,0,0,0,0,0,0,0,0,0,0,0,0,0,0,0,0,0,0,0,0,0,0,0,0,0,0,0,0,0,0
-0.130986,0.014741,1.11889,0,0,0,0,-7.36996e-09,-5.90761e-10,1.00604e-08,772,752,753,771,773,790,791,2345,2346,2364,2365,2366,2383,2384,0,0,0,0,0,0,0,0,0,752,753,771,773,790,791,2345,2346,2364,2365,2366,2383,2384,0,0,0,0,0,0,0,0,0,0.0541201,0.0528037,0.0520255,0.0533198,0.052005,0.053384,0.115803,0.114192,0.114839,0.099736,0.114526,0.114873,0.11552,0,0,0,0,0,0,0,0,0,0.0532114,0.0540471,0.0537662,0.0546768,0.0537075,0.0525153,0.114684,0.115137,0.114985,0.1,0.115458,0.114954,0.114329,0,0,0,0,0,0,0,0,0,1,1,1,1,1,1,1,1,1,1,1,1,1,0,0,0,0,0,0,0,0,0,1,1,1,1,1,1,1,1,1,1,1,1,1,0,0,0,0,0,0,0,0,0,1,0,0,0,0,0,0,0,0,0,0,0,0,0,0,0,0,0,0,0,0,0,0,13,0,0,0,0,0,0,0,0,0,0,0,0,0,0,0,0,0,0,0,0,0,0,0,0,0,0,0,0,0,0,0,0,0,0,0,0,0,0,0,0,0,0,0,0,0,0,0,0
-0.173004,-0.0119883,1.09984,0,0,0,0,-1.01577e-08,1.81144e-10,1.34533e-08,773,753,754,772,774,791,792,2346,2347,2365,2366,2367,2384,2385,0,0,0,0,0,0,0,0,0,753,754,772,774,791,792,2346,2347,2365,2366,2367,2384,2385,0,0,0,0,0,0,0,0,0,0.0528019,0.0522854,0.0533198,0.0540239,0.0518082,0.0515522,0.115094,0.113999,0.115409,0.0997718,0.114851,0.114708,0.114452,0,0,0,0,0,0,0,0,0,0.0524966,0.0531716,0.0546768,0.0549655,0.0530498,0.0512756,0.114321,0.114674,0.115461,0.1,0.115618,0.114612,0.113699,0,0,0,0,0,0,0,0,0,1,1,1,1,1,1,1,1,1,1,1,1,1,0,0,0,0,0,0,0,0,0,1,1,1,1,1,1,1,1,1,1,1,1,1,0,0,0,0,0,0,0,0,0,1,0,0,0,0,0,0,0,0,0,0,0,0,0,0,0,0,0,0,0,0,0,0,13,0,0,0,0,0,0,0,0,0,0,0,0,0,0,0,0,0,0,0,0,0,0,0,0,0,0,0,0,0,0,0,0,0,0,0,0,0,0,0,0,0,0,0,0,0,0,0,0
-0.21453,-0.0376099,1.07665,0,0,0,0,-1.3688e-08,1.03385e-09,1.73672e-08,774,754,755,773,775,792,793,2347,2348,2366,2367,2368,2385,2386,0,0,0,0,0,0,0,0,0,754,755,773,775,792,793,2347,2348,2366,2367,2368,2385,2386,0,0,0,0,0,0,0,0,0,0.0513688,0.0508248,0.0540239,0.0510218,0.0511465,0.0490781,0.114384,0.113348,0.115515,0.0998748,0.113335,0.114149,0.113159,0,0,0,0,0,0,0,0,0,0.0514607,0.0514701,0.0549655,0.0516544,0.0519982,0.0491891,0.113798,0.113801,0.115613,0.1,0.113907,0.114073,0.112667,0,0,0,0,0,0,0,0,0,1,1,1,1,1,1,1,1,1,1,1,1,1,0,0,0,0,0,0,0,0,0,1,1,1,1,1,1,1,1,1,1,1,1,1,0,0,0,0,0,0,0,0,0,1,0,0,0,0,0,0,0,0,0,0,0,0,0,0,0,0,0,0,0,0,0,0,13,0,0,0,0,0,0,0,0,0,0,0,0,0,0,0,0,0,0,0,0,0,0,0,0,0,0,0,0,0,0,0,0,0,0,0,0,0,0,0,0,0,0,0,0,0,0,0,0
-0.252631,-0.0605892,1.05168,0,0,0,0,-1.77126e-08,1.93349e-09,2.14804e-08,775,755,756,774,776,793,794,2348,2349,2367,2368,2369,2386,2387,0,0,0,0,0,0,0,0,0,755,756,774,776,793,794,2348,2349,2367,2368,2369,2386,2387,0,0,0,0,0,0,0,0,0,0.0483872,0.0500677,0.0510218,0.0511057,0.0497992,0.0485625,0.112873,0.113044,0.113824,0.0999223,0.11338,0.113337,0.112849,0,0,0,0,0,0,0,0,0,0.0487366,0.0505476,0.0516544,0.0514966,0.050417,0.0489016,0.112454,0.113338,0.1139,0.1,0.113829,0.113278,0.112527,0,0,0,0,0,0,0,0,0,1,1,1,1,1,1,1,1,1,1,1,1,1,0,0,0,0,0,0,0,0,0,1,1,1,1,1,1,1,1,1,1,1,1,1,0,0,0,0,0,0,0,0,0,1,0,0,0,0,0,0,0,0,0,0,0,0,0,0,0,0,0,0,0,0,0,0,13,0,0,0,0,0,0,0,0,0,0,0,0,0,0,0,0,0,0,0,0,0,0,0,0,0,0,0,0,0,0,0,0,0,0,0,0,0,0,0,0,0,0,0,0,0,0,0,0
-0.289373,-0.0829647,1.02409,0,0,0,0,-2.24259e-08,2.9024e-09,2.59062e-08,776,756,757,775,777,794,795,2349,2350,2368,2369,2370,2387,2388,0,0,0,0,0,0,0,0,0,756,757,775,777,794,795,2349,2350,2368,2369,2370,2387,2388,0,0,0,0,0,0,0,0,0,0.0479181,0.0492164,0.0511057,0.0510862,0.0489966,0.0481222,0.112621,0.11268,0.113738,0.0999583,0.113377,0.112859,0.112585,0,0,0,0,0,0,0,0,0,0.0484208,0.0495922,0.0514966,0.0513005,0.0494708,0.0485917,0.112301,0.112865,0.11382,0.1,0.113731,0.112811,0.112376,0,0,0,0,0,0,0,0,0,1,1,1,1,1,1,1,1,1,1,1,1,1,0,0,0,0,0,0,0,0,0,1,1,1,1,1,1,1,1,1,1,1,1,1,0,0,0,0,0,0,0,0,0,1,0,0,0,0,0,0,0,0,0,0,0,0,0,0,0,0,0,0,0,0,0,0,13,0,0,0,0,0,0,0,0,0,0,0,0,0,0,0,0,0,0,0,0,0,0,0,0,0,0,0,0,0,0,0,0,0,0,0,0,0,0,0,0,0,0,0,0,0,0,0,0
-0.324591,-0.104765,0.994182,0,0,0,0,-2.78247e-08,3.94479e-09,3.05637e-08,777,757,758,776,778,795,796,2350,2351,2369,2370,2371,2388,2389,0,0,0,0,0,0,0,0,0,757,758,776,778,795,796,2350,2351,2369,2370,2371,2388,2389,0,0,0,0,0,0,0,0,0,0.047502,0.0483053,0.0510862,0.0509821,0.0481198,0.0477248,0.112381,0.112275,0.113641,0.0999818,0.113336,0.112382,0.112346,0,0,0,0,0,0,0,0,0,0.0480861,0.04861,0.0513005,0.0510722,0.0485029,0.0482595,0.11214,0.112387,0.113722,0.1,0.113617,0.112341,0.112216,0,0,0,0,0,0,0,0,0,1,1,1,1,1,1,1,1,1,1,1,1,1,0,0,0,0,0,0,0,0,0,1,1,1,1,1,1,1,1,1,1,1,1,1,0,0,0,0,0,0,0,0,0,1,0,0,0,0,0,0,0,0,0,0,0,0,0,0,0,0,0,0,0,0,0,0,13,0,0,0,0,0,0,0,0,0,0,0,0,0,0,0,0,0,0,0,0,0,0,0,0,0,0,0,0,0,0,0,0,0,0,0,0,0,0,0,0,0,0,0,0,0,0,0,0
-0.358156,-0.125979,0.962206,0,0,0,0,-3.39033e-08,5.07471e-09,3.53684e-08,778,758,759,777,779,796,797,2351,2352,2370,2371,2372,2389,2390,0,0,0,0,0,0,0,0,0,758,759,777,779,796,797,2351,2352,2370,2371,2372,2389,2390,0,0,0,0,0,0,0,0,0,0.0471114,0.0498399,0.0509821,0.0539913,0.0471975,0.0479811,0.11215,0.113044,0.11353,0.0999982,0.114869,0.111908,0.112431,0,0,0,0,0,0,0,0,0,0.047731,0.050083,0.0510722,0.0539793,0.0475154,0.0485383,0.11197,0.113105,0.113608,0.1,0.115107,0.111869,0.112349,0,0,0,0,0,0,0,0,0,1,1,1,1,1,1,1,1,1,1,1,1,1,0,0,0,0,0,0,0,0,0,1,1,1,1,1,1,1,1,1,1,1,1,1,0,0,0,0,0,0,0,0,0,1,0,0,0,0,0,0,0,0,0,0,0,0,0,0,0,0,0,0,0,0,0,0,13,0,0,0,0,0,0,0,0,0,0,0,0,0,0,0,0,0,0,0,0,0,0,0,0,0,0,0,0,0,0,0,0,0,0,0,0,0,0,0,0,0,0,0,0,0,0,0,0
-0.392104,-0.147437,0.926121,0,0,0,0,-4.10516e-08,6.34298e-09,4.06289e-08,779,759,760,778,780,797,798,2352,2353,2371,2372,2373,2390,2391,0,0,0,0,0,0,0,0,0,759,760,778,780,797,798,2352,2353,2371,2372,2373,2390,2391,0,0,0,0,0,0,0,0,0,0.0473941,0.049414,0.0539913,0.0534883,0.0480293,0.0476237,0.112247,0.112855,0.115017,0.100008,0.114613,0.112282,0.112218,0,0,0,0,0,0,0,0,0,0.0480176,0.0496196,0.0539793,0.0534134,0.0482934,0.0481834,0.112106,0.112876,0.115096,0.1,0.114813,0.112239,0.112178,0,0,0,0,0,0,0,0,0,1,1,1,1,1,1,1,1,1,1,1,1,1,0,0,0,0,0,0,0,0,0,1,1,1,1,1,1,1,1,1,1,1,1,1,0,0,0,0,0,0,0,0,0,1,0,0,0,0,0,0,0,0,0,0,0,0,0,0,0,0,0,0,0,0,0,0,13,0,0,0,0,0,0,0,0,0,0,0,0,0,0,0,0,0,0,0,0,0,0,0,0,0,0,0,0,0,0,0,0,0,0,0,0,0,0,0,0,0,0,0,0,0,0,0,0
-0.423954,-0.167795,0.888278,0,0,0,0,-4.89038e-08,7.75295e-09,4.58617e-08,780,760,761,779,781,798,799,2353,2354,2372,2373,2374,2391,2392,0,0,0,0,0,0,0,0,0,760,761,779,781,798,799,2353,2354,2372,2373,2374,2391,2392,0,0,0,0,0,0,0,0,0,0.0469964,0.0485667,0.0534883,0.052544,0.04785,0.0469324,0.11201,0.112455,0.11473,0.100011,0.114138,0.112181,0.111855,0,0,0,0,0,0,0,0,0,0.047601,0.0487448,0.0534134,0.0524269,0.0480778,0.047476,0.111907,0.11245,0.114801,0.1,0.114306,0.112135,0.111841,0,0,0,0,0,0,0,0,0,1,1,1,1,1,1,1,1,1,1,1,1,1,0,0,0,0,0,0,0,0,0,1,1,1,1,1,1,1,1,1,1,1,1,1,0,0,0,0,0,0,0,0,0,1,0,0,0,0,0,0,0,0,0,0,0,0,0,0,0,0,0,0,0,0,0,0,13,0,0,0,0,0,0,0,0,0,0,0,0,0,0,0,0,0,0,0,0,0,0,0,0,0,0,0,0,0,0,0,0,0,0,0,0,0,0,0,0,0,0,0,0,0,0,0,0
-0.453416,-0.186938,0.849208,0,0,0,0,-5.7363e-08,9.32784e-09,5.09388e-08,781,761,762,780,782,799,800,2354,2355,2373,2374,2375,2392,2393,0,0,0,0,0,0,0,0,0,761,762,780,782,799,800,2354,2355,2373,2374,2375,2392,2393,0,0,0,0,0,0,0,0,0,0.0463018,0.0475527,0.052544,0.0514447,0.0472367,0.0461141,0.111637,0.111977,0.114226,0.100012,0.113595,0.111878,0.111444,0,0,0,0,0,0,0,0,0,0.0468758,0.04771,0.0524269,0.0512995,0.0474347,0.046635,0.111564,0.111954,0.114294,0.1,0.113735,0.111828,0.111446,0,0,0,0,0,0,0,0,0,1,1,1,1,1,1,1,1,1,1,1,1,1,0,0,0,0,0,0,0,0,0,1,1,1,1,1,1,1,1,1,1,1,1,1,0,0,0,0,0,0,0,0,0,1,0,0,0,0,0,0,0,0,0,0,0,0,0,0,0,0,0,0,0,0,0,0,13,0,0,0,0,0,0,0,0,0,0,0,0,0,0,0,0,0,0,0,0,0,0,0,0,0,0,0,0,0,0,0,0,0,0,0,0,0,0,0,0,0,0,0,0,0,0,0,0
-0.480422,-0.20485,0.809253,0,0,0,0,-6.63631e-08,1.11016e-08,5.57683e-08,782,762,763,781,783,800,801,2355,2356,2374,2375,2376,2393,2394,0,0,0,0,0,0,0,0,0,762,763,781,783,800,801,2355,2356,2374,2375,2376,2393,2394,0,0,0,0,0,0,0,0,0,0.0454587,0.0464212,0.0514447,0.0502388,0.0463854,0.0452439,0.111204,0.11145,0.113658,0.100012,0.113009,0.11147,0.111021,0,0,0,0,0,0,0,0,0,0.0459987,0.0465652,0.0512995,0.0500743,0.0465615,0.0457415,0.111156,0.111415,0.113723,0.1,0.113125,0.111418,0.111032,0,0,0,0,0,0,0,0,0,1,1,1,1,1,1,1,1,1,1,1,1,1,0,0,0,0,0,0,0,0,0,1,1,1,1,1,1,1,1,1,1,1,1,1,0,0,0,0,0,0,0,0,0,1,0,0,0,0,0,0,0,0,0,0,0,0,0,0,0,0,0,0,0,0,0,0,13,0,0,0,0,0,0,0,0,0,0,0,0,0,0,0,0,0,0,0,0,0,0,0,0,0,0,0,0,0,0,0,0,0,0,0,0,0,0,0,0,0,0,0,0,0,0,0,0
-0.504954,-0.221546,0.768715,0,0,0,0,-7.58392e-08,1.31044e-08,6.02734e-08,783,763,764,782,784,801,802,2356,2357,2375,2376,2377,2394,2395,0,0,0,0,0,0,0,0,0,763,764,782,784,801,802,2356,2357,2375,2376,2377,2394,2395,0,0,0,0,0,0,0,0,0,0.0445471,0.0452031,0.0502388,0.0489925,0.045385,0.0443979,0.110751,0.110893,0.113051,0.100011,0.112416,0.111002,0.110621,0,0,0,0,0,0,0,0,0,0.0450546,0.0453426,0.0500743,0.0488146,0.0455488,0.0448748,0.110723,0.110851,0.113113,0.1,0.112509,0.110949,0.110637,0,0,0,0,0,0,0,0,0,1,1,1,1,1,1,1,1,1,1,1,1,1,0,0,0,0,0,0,0,0,0,1,1,1,1,1,1,1,1,1,1,1,1,1,0,0,0,0,0,0,0,0,0,1,0,0,0,0,0,0,0,0,0,0,0,0,0,0,0,0,0,0,0,0,0,0,13,0,0,0,0,0,0,0,0,0,0,0,0,0,0,0,0,0,0,0,0,0,0,0,0,0,0,0,0,0,0,0,0,0,0,0,0,0,0,0,0,0,0,0,0,0,0,0,0
-0.527046,-0.237071,0.727835,0,0,0,0,-8.57372e-08,1.53639e-08,6.43963e-08,784,764,765,783,785,802,803,2357,2358,2376,2377,2378,2395,2396,0,0,0,0,0,0,0,0,0,764,765,783,785,802,803,2357,2358,2376,2377,2378,2395,2396,0,0,0,0,0,0,0,0,0,0.0436309,0.043917,0.0489925,0.0478031,0.0442783,0.0436454,0.110309,0.110319,0.11244,0.10001,0.111864,0.110495,0.110272,0,0,0,0,0,0,0,0,0,0.04411,0.0440615,0.0488146,0.0476164,0.0444409,0.0441041,0.110298,0.110274,0.112498,0.1,0.111936,0.110447,0.110291,0,0,0,0,0,0,0,0,0,1,1,1,1,1,1,1,1,1,1,1,1,1,0,0,0,0,0,0,0,0,0,1,1,1,1,1,1,1,1,1,1,1,1,1,0,0,0,0,0,0,0,0,0,1,0,0,0,0,0,0,0,0,0,0,0,0,0,0,0,0,0,0,0,0,0,0,13,0,0,0,0,0,0,0,0,0,0,0,0,0,0,0,0,0,0,0,0,0,0,0,0,0,0,0,0,0,0,0,0,0,0,0,0,0,0,0,0,0,0,0,0,0,0,0,0
-0.546794,-0.251487,0.686758,0,0,0,0,-9.60297e-08,1.79073e-08,6.8103e-08,785,111,112,765,766,784,803,1704,1705,2358,2359,2377,2378,2396,0,0,0,0,0,0,0,0,0,111,112,765,766,784,803,1704,1705,2358,2359,2377,2378,2396,0,0,0,0,0,0,0,0,0,0.0429738,0.0467409,0.0427662,0.0425633,0.0478031,0.0430644,0.109961,0.111389,0.109903,0.109734,0.111868,0.100009,0.109952,0,0,0,0,0,0,0,0,0,0.0434118,0.0465536,0.0432206,0.0427237,0.0476164,0.0432387,0.109984,0.111436,0.109904,0.109686,0.111925,0.1,0.109913,0,0,0,0,0,0,0,0,0,1,1,1,1,1,1,1,1,1,1,1,1,1,0,0,0,0,0,0,0,0,0,1,1,1,1,1,1,1,1,1,1,1,1,1,0,0,0,0,0,0,0,0,0,1,0,0,0,0,0,0,0,0,0,0,0,0,0,0,0,0,0,0,0,0,0,0,13,0,0,0,0,0,0,0,0,0,0,0,0,0,0,0,0,0,0,0,0,0,0,0,0,0,0,0,0,0,0,0,0,0,0,0,0,0,0,0,0,0,0,0,0,0,0,0,0
0.0234212,0.0959616,1.14107,0,0,0,0,6.93723e-10,-2.67362e-09,4.24802e-09,786,59,60,767,768,787,804,1652,1653,2360,2361,2379,2380,2397,0,0,0,0,0,0,0,0,0,59,60,767,768,787,804,1652,1653,2360,2361,2379,2380,2397,0,0,0,0,0,0,0,0,0,0.0403578,0.0367803,0.0548107,0.0401818,0.0368405,0.0562602,0.110704,0.108844,0.11695,0.110745,0.100946,0.109848,0.118551,0,0,0,0,0,0,0,0,0,0.044848,0.0412858,0.0613999,0.0448354,0.0419677,0.0629546,0.110688,0.109135,0.119227,0.110687,0.1,0.109423,0.120082,0,0,0,0,0,0,0,0,0,1,1,1,1,1,1,1,1,1,1,1,1,1,0,0,0,0,0,0,0,0,0,1,1,1,1,1,1,1,1,1,1,1,1,1,0,0,0,0,0,0,0,0,0,1,0,0,0,0,0,0,0,0,0,0,0,0,0,0,0,0,0,0,0,0,0,0,13,0,0,0,0,0,0,0,0,0,0,0,0,0,0,0,0,0,0,0,0,0,0,0,0,0,0,0,0,0,0,0,0,0,0,0,0,0,0,0,0,0,0,0,0,0,0,0,0
-0.00270227,0.070671,1.147,0,0,0,0,-6.76106e-10,-1.85261e-09,4.90904e-09,787,768,769,786,788,804,805,2361,2362,2379,2380,2381,2397,2398,0,0,0,0,0,0,0,0,0,768,769,786,788,804,805,2361,2362,2379,2380,2381,2397,2398,0,0,0,0,0,0,0,0,0,0.0562218,0.0401734,0.0368405,0.0374994,0.0398336,0.0573896,0.117937,0.110479,0.109157,0.101076,0.10982,0.110762,0.119317,0,0,0,0,0,0,0,0,0,0.0626426,0.0449914,0.0419677,0.0428476,0.0449643,0.0638077,0.119948,0.110757,0.109425,0.1,0.109801,0.110739,0.120584,0,0,0,0,0,0,0,0,0,1,1,1,1,1,1,1,1,1,1,1,1,1,0,0,0,0,0,0,0,0,0,1,1,1,1,1,1,1,1,1,1,1,1,1,0,0,0,0,0,0,0,0,0,1,0,0,0,0,0,0,0,0,0,0,0,0,0,0,0,0,0,0,0,0,0,0,13,0,0,0,0,0,0,0,0,0,0,0,0,0,0,0,0,0,0,0,0,0,0,0,0,0,0,0,0,0,0,0,0,0,0,0,0,0,0,0,0,0,0,0,0,0,0,0,0
-0.0284338,0.043438,1.14857,0,0,0,0,-2.10825e-09,-1.15622e-09,5.65469e-09,788,769,770,787,789,805,806,2362,2363,2380,2381,2382,2398,2399,0,0,0,0,0,0,0,0,0,769,770,787,789,805,806,2362,2363,2380,2381,2382,2398,2399,0,0,0,0,0,0,0,0,0,0.0570801,0.04064,0.0374994,0.0388087,0.0396132,0.0576103,0.118475,0.110542,0.109823,0.100956,0.110122,0.110922,0.119216,0,0,0,0,0,0,0,0,0,0.063765,0.0450908,0.0428476,0.0438001,0.0447988,0.0642697,0.120609,0.110801,0.109804,0.1,0.110219,0.110664,0.120871,0,0,0,0,0,0,0,0,0,1,1,1,1,1,1,1,1,1,1,1,1,1,0,0,0,0,0,0,0,0,0,1,1,1,1,1,1,1,1,1,1,1,1,1,0,0,0,0,0,0,0,0,0,1,0,0,0,0,0,0,0,0,0,0,0,0,0,0,0,0,0,0,0,0,0,0,13,0,0,0,0,0,0,0,0,0,0,0,0,0,0,0,0,0,0,0,0,0,0,0,0,0,0,0,0,0,0,0,0,0,0,0,0,0,0,0,0,0,0,0,0,0,0,0,0
-0.0547542,0.0151838,1.14469,0,0,0,0,-3.69998e-09,-5.07423e-10,6.45996e-09,789,770,771,788,790,806,807,2363,2364,2381,2382,2383,2399,2400,0,0,0,0,0,0,0,0,0,770,771,788,790,806,807,2363,2364,2381,2382,2383,2399,2400,0,0,0,0,0,0,0,0,0,0.0570277,0.0459406,0.0388087,0.0456599,0.0397083,0.0566124,0.119246,0.111312,0.111024,0.101768,0.111281,0.111494,0.119164,0,0,0,0,0,0,0,0,0,0.0647581,0.0488101,0.0438001,0.0487856,0.0446125,0.0643487,0.1212,0.112301,0.110222,0.1,0.112271,0.110582,0.120943,0,0,0,0,0,0,0,0,0,1,1,1,1,1,1,1,1,1,1,1,1,1,0,0,0,0,0,0,0,0,0,1,1,1,1,1,1,1,1,1,1,1,1,1,0,0,0,0,0,0,0,0,0,1,0,0,0,0,0,0,0,0,0,0,0,0,0,0,0,0,0,0,0,0,0,0,13,0,0,0,0,0,0,0,0,0,0,0,0,0,0,0,0,0,0,0,0,0,0,0,0,0,0,0,0,0,0,0,0,0,0,0,0,0,0,0,0,0,0,0,0,0,0,0,0
-0.0898444,-0.012491,1.13533,0,0,0,0,-5.26386e-09,1.91498e-10,7.75869e-09,790,771,772,789,791,807,808,2364,2365,2382,2383,2384,2400,2401,0,0,0,0,0,0,0,0,0,771,772,789,791,807,808,2364,2365,2382,2383,2384,2400,2401,0,0,0,0,0,0,0,0,0,0.0553526,0.052005,0.0456599,0.0528728,0.0452078,0.0544453,0.115958,0.113549,0.11335,0.0990022,0.113933,0.113204,0.115467,0,0,0,0,0,0,0,0,0,0.0534194,0.0537075,0.0487856,0.0546946,0.0481846,0.0525025,0.114796,0.114946,0.112737,0.1,0.115479,0.112413,0.114325,0,0,0,0,0,0,0,0,0,1,1,1,1,1,1,1,1,1,1,1,1,1,0,0,0,0,0,0,0,0,0,1,1,1,1,1,1,1,1,1,1,1,1,1,0,0,0,0,0,0,0,0,0,1,0,0,0,0,0,0,0,0,0,0,0,0,0,0,0,0,0,0,0,0,0,0,13,0,0,0,0,0,0,0,0,0,0,0,0,0,0,0,0,0,0,0,0,0,0,0,0,0,0,0,0,0,0,0,0,0,0,0,0,0,0,0,0,0,0,0,0,0,0,0,0
-0.132163,-0.0386085,1.11737,0,0,0,0,-7.44266e-09,9.77276e-10,1.00434e-08,791,772,773,790,792,808,809,2365,2366,2383,2384,2385,2401,2402,0,0,0,0,0,0,0,0,0,772,773,790,792,808,809,2365,2366,2383,2384,2385,2401,2402,0,0,0,0,0,0,0,0,0,0.053384,0.0518082,0.0528728,0.0537185,0.0511113,0.0522966,0.115495,0.113783,0.115251,0.0997409,0.1146,0.114509,0.114821,0,0,0,0,0,0,0,0,0,0.0525153,0.0530498,0.0546946,0.054988,0.0527102,0.0514512,0.114336,0.114603,0.11547,0.1,0.115635,0.114435,0.113788,0,0,0,0,0,0,0,0,0,1,1,1,1,1,1,1,1,1,1,1,1,1,0,0,0,0,0,0,0,0,0,1,1,1,1,1,1,1,1,1,1,1,1,1,0,0,0,0,0,0,0,0,0,1,0,0,0,0,0,0,0,0,0,0,0,0,0,0,0,0,0,0,0,0,0,0,13,0,0,0,0,0,0,0,0,0,0,0,0,0,0,0,0,0,0,0,0,0,0,0,0,0,0,0,0,0,0,0,0,0,0,0,0,0,0,0,0,0,0,0,0,0,0,0,0
-0.174495,-0.0633278,1.0954,0,0,0,0,-1.02671e-08,1.8798e-09,1.29036e-08,792,773,774,791,793,809,810,2366,2367,2384,2385,2386,2402,2403,0,0,0,0,0,0,0,0,0,773,774,791,793,809,810,2366,2367,2384,2385,2386,2402,2403,0,0,0,0,0,0,0,0,0,0.0515522,0.0511465,0.0537185,0.0523229,0.0513582,0.0504163,0.114477,0.113493,0.115561,0.0997645,0.113871,0.114508,0.113743,0,0,0,0,0,0,0,0,0,0.0512756,0.0519982,0.054988,0.0530962,0.0524859,0.0501483,0.113708,0.114064,0.115625,0.1,0.114646,0.114321,0.113138,0,0,0,0,0,0,0,0,0,1,1,1,1,1,1,1,1,1,1,1,1,1,0,0,0,0,0,0,0,0,0,1,1,1,1,1,1,1,1,1,1,1,1,1,0,0,0,0,0,0,0,0,0,1,0,0,0,0,0,0,0,0,0,0,0,0,0,0,0,0,0,0,0,0,0,0,13,0,0,0,0,0,0,0,0,0,0,0,0,0,0,0,0,0,0,0,0,0,0,0,0,0,0,0,0,0,0,0,0,0,0,0,0,0,0,0,0,0,0,0,0,0,0,0,0
-0.214478,-0.0863263,1.0707,0,0,0,0,-1.36579e-08,2.87174e-09,1.61683e-08,793,774,775,792,794,810,811,2367,2368,2385,2386,2387,2403,2404,0,0,0,0,0,0,0,0,0,774,775,792,794,810,811,2367,2368,2385,2386,2387,2403,2404,0,0,0,0,0,0,0,0,0,0.0490781,0.0497992,0.0523229,0.0515843,0.0502833,0.0493085,0.113233,0.112918,0.114565,0.0998528,0.113522,0.113724,0.113157,0,0,0,0,0,0,0,0,0,0.0491891,0.050417,0.0530962,0.0520346,0.0510721,0.049385,0.112675,0.11327,0.114636,0.1,0.114103,0.113605,0.112762,0,0,0,0,0,0,0,0,0,1,1,1,1,1,1,1,1,1,1,1,1,1,0,0,0,0,0,0,0,0,0,1,1,1,1,1,1,1,1,1,1,1,1,1,0,0,0,0,0,0,0,0,0,1,0,0,0,0,0,0,0,0,0,0,0,0,0,0,0,0,0,0,0,0,0,0,13,0,0,0,0,0,0,0,0,0,0,0,0,0,0,0,0,0,0,0,0,0,0,0,0,0,0,0,0,0,0,0,0,0,0,0,0,0,0,0,0,0,0,0,0,0,0,0,0
-0.252404,-0.108483,1.04365,0,0,0,0,-1.76713e-08,3.96291e-09,1.97389e-08,794,775,776,793,795,811,812,2368,2369,2386,2387,2388,2404,2405,0,0,0,0,0,0,0,0,0,775,776,793,795,811,812,2368,2369,2386,2387,2388,2404,2405,0,0,0,0,0,0,0,0,0,0.0485625,0.0489966,0.0515843,0.0516086,0.0486925,0.0488077,0.112948,0.112585,0.114021,0.0999053,0.113557,0.112814,0.112866,0,0,0,0,0,0,0,0,0,0.0489016,0.0494708,0.0520346,0.0518305,0.0492913,0.0490863,0.112534,0.112804,0.114093,0.1,0.114,0.112724,0.112616,0,0,0,0,0,0,0,0,0,1,1,1,1,1,1,1,1,1,1,1,1,1,0,0,0,0,0,0,0,0,0,1,1,1,1,1,1,1,1,1,1,1,1,1,0,0,0,0,0,0,0,0,0,1,0,0,0,0,0,0,0,0,0,0,0,0,0,0,0,0,0,0,0,0,0,0,13,0,0,0,0,0,0,0,0,0,0,0,0,0,0,0,0,0,0,0,0,0,0,0,0,0,0,0,0,0,0,0,0,0,0,0,0,0,0,0,0,0,0,0,0,0,0,0,0
-0.288866,-0.130053,1.01418,0,0,0,0,-2.23483e-08,5.15096e-09,2.36277e-08,795,776,777,794,796,812,813,2369,2370,2387,2388,2389,2405,2406,0,0,0,0,0,0,0,0,0,776,777,794,796,812,813,2369,2370,2387,2388,2389,2405,2406,0,0,0,0,0,0,0,0,0,0.0481222,0.0481198,0.0516086,0.0515346,0.0478655,0.0483747,0.112691,0.112206,0.113917,0.099944,0.113542,0.112329,0.112618,0,0,0,0,0,0,0,0,0,0.0485917,0.0485029,0.0518305,0.0516021,0.0483429,0.0487688,0.112384,0.112334,0.11399,0.1,0.113885,0.112264,0.112462,0,0,0,0,0,0,0,0,0,1,1,1,1,1,1,1,1,1,1,1,1,1,0,0,0,0,0,0,0,0,0,1,1,1,1,1,1,1,1,1,1,1,1,1,0,0,0,0,0,0,0,0,0,1,0,0,0,0,0,0,0,0,0,0,0,0,0,0,0,0,0,0,0,0,0,0,13,0,0,0,0,0,0,0,0,0,0,0,0,0,0,0,0,0,0,0,0,0,0,0,0,0,0,0,0,0,0,0,0,0,0,0,0,0,0,0,0,0,0,0,0,0,0,0,0
-0.323721,-0.151041,0.982547,0,0,0,0,-2.76879e-08,6.44314e-09,2.77508e-08,796,777,778,795,797,813,814,2370,2371,2388,2389,2390,2406,2407,0,0,0,0,0,0,0,0,0,777,778,795,797,813,814,2370,2371,2388,2389,2390,2406,2407,0,0,0,0,0,0,0,0,0,0.0477248,0.0471975,0.0515346,0.0522505,0.0469803,0.0488113,0.112451,0.111796,0.113804,0.0999695,0.113923,0.111857,0.112794,0,0,0,0,0,0,0,0,0,0.0482595,0.0475154,0.0516021,0.0522128,0.0473768,0.0492642,0.112223,0.111863,0.113874,0.1,0.114195,0.111804,0.112702,0,0,0,0,0,0,0,0,0,1,1,1,1,1,1,1,1,1,1,1,1,1,0,0,0,0,0,0,0,0,0,1,1,1,1,1,1,1,1,1,1,1,1,1,0,0,0,0,0,0,0,0,0,1,0,0,0,0,0,0,0,0,0,0,0,0,0,0,0,0,0,0,0,0,0,0,13,0,0,0,0,0,0,0,0,0,0,0,0,0,0,0,0,0,0,0,0,0,0,0,0,0,0,0,0,0,0,0,0,0,0,0,0,0,0,0,0,0,0,0,0,0,0,0,0
-0.357315,-0.171927,0.94841,0,0,0,0,-3.37825e-08,7.88248e-09,3.20628e-08,797,778,779,796,798,814,815,2371,2372,2389,2390,2391,2407,2408,0,0,0,0,0,0,0,0,0,778,779,796,798,814,815,2371,2372,2389,2390,2391,2407,2408,0,0,0,0,0,0,0,0,0,0.0479811,0.0480293,0.0522505,0.0537199,0.0464873,0.0488992,0.112522,0.112209,0.114113,0.0999875,0.114691,0.111594,0.112804,0,0,0,0,0,0,0,0,0,0.0485383,0.0482934,0.0522128,0.0536096,0.0468201,0.0493687,0.112356,0.112232,0.114184,0.1,0.114915,0.111541,0.112752,0,0,0,0,0,0,0,0,0,1,1,1,1,1,1,1,1,1,1,1,1,1,0,0,0,0,0,0,0,0,0,1,1,1,1,1,1,1,1,1,1,1,1,1,0,0,0,0,0,0,0,0,0,1,0,0,0,0,0,0,0,0,0,0,0,0,0,0,0,0,0,0,0,0,0,0,13,0,0,0,0,0,0,0,0,0,0,0,0,0,0,0,0,0,0,0,0,0,0,0,0,0,0,0,0,0,0,0,0,0,0,0,0,0,0,0,0,0,0,0,0,0,0,0,0
-0.390114,-0.192634,0.911245,0,0,0,0,-4.07247e-08,9.49569e-09,3.66244e-08,798,779,780,797,799,815,816,2372,2373,2390,2391,2392,2408,2409,0,0,0,0,0,0,0,0,0,779,780,797,799,815,816,2372,2373,2390,2391,2392,2408,2409,0,0,0,0,0,0,0,0,0,0.0476237,0.04785,0.0537199,0.0530173,0.046478,0.0477343,0.112312,0.112136,0.114834,0.0999971,0.114344,0.111566,0.112208,0,0,0,0,0,0,0,0,0,0.0481834,0.0480778,0.0536096,0.0528633,0.0467631,0.048209,0.112185,0.112128,0.114903,0.1,0.11453,0.111514,0.112191,0,0,0,0,0,0,0,0,0,1,1,1,1,1,1,1,1,1,1,1,1,1,0,0,0,0,0,0,0,0,0,1,1,1,1,1,1,1,1,1,1,1,1,1,0,0,0,0,0,0,0,0,0,1,0,0,0,0,0,0,0,0,0,0,0,0,0,0,0,0,0,0,0,0,0,0,13,0,0,0,0,0,0,0,0,0,0,0,0,0,0,0,0,0,0,0,0,0,0,0,0,0,0,0,0,0,0,0,0,0,0,0,0,0,0,0,0,0,0,0,0,0,0,0,0
-0.420861,-0.211924,0.872601,0,0,0,0,-4.83296e-08,1.1271e-08,4.1215e-08,799,780,781,798,800,816,817,2373,2374,2391,2392,2393,2409,2410,0,0,0,0,0,0,0,0,0,780,781,798,800,816,817,2373,2374,2391,2392,2393,2409,2410,0,0,0,0,0,0,0,0,0,0.0469324,0.0472367,0.0530173,0.052054,0.0462373,0.0467074,0.111937,0.111852,0.114453,0.100003,0.11387,0.111436,0.111696,0,0,0,0,0,0,0,0,0,0.047476,0.0474347,0.0528633,0.051873,0.0464827,0.0471768,0.111847,0.111822,0.114518,0.1,0.114024,0.111382,0.111701,0,0,0,0,0,0,0,0,0,1,1,1,1,1,1,1,1,1,1,1,1,1,0,0,0,0,0,0,0,0,0,1,1,1,1,1,1,1,1,1,1,1,1,1,0,0,0,0,0,0,0,0,0,1,0,0,0,0,0,0,0,0,0,0,0,0,0,0,0,0,0,0,0,0,0,0,13,0,0,0,0,0,0,0,0,0,0,0,0,0,0,0,0,0,0,0,0,0,0,0,0,0,0,0,0,0,0,0,0,0,0,0,0,0,0,0,0,0,0,0,0,0,0,0,0
-0.449321,-0.229871,0.832882,0,0,0,0,-5.65333e-08,1.32421e-08,4.56988e-08,800,781,782,799,801,817,818,2374,2375,2392,2393,2394,2410,2411,0,0,0,0,0,0,0,0,0,781,782,799,801,817,818,2374,2375,2392,2393,2394,2410,2411,0,0,0,0,0,0,0,0,0,0.0461141,0.0463854,0.052054,0.0509492,0.0457501,0.0457723,0.111511,0.111456,0.11395,0.100005,0.113335,0.111198,0.111241,0,0,0,0,0,0,0,0,0,0.046635,0.0465615,0.051873,0.0507523,0.0459638,0.0462326,0.111452,0.111412,0.114012,0.1,0.113461,0.111141,0.111259,0,0,0,0,0,0,0,0,0,1,1,1,1,1,1,1,1,1,1,1,1,1,0,0,0,0,0,0,0,0,0,1,1,1,1,1,1,1,1,1,1,1,1,1,0,0,0,0,0,0,0,0,0,1,0,0,0,0,0,0,0,0,0,0,0,0,0,0,0,0,0,0,0,0,0,0,13,0,0,0,0,0,0,0,0,0,0,0,0,0,0,0,0,0,0,0,0,0,0,0,0,0,0,0,0,0,0,0,0,0,0,0,0,0,0,0,0,0,0,0,0,0,0,0,0
-0.475397,-0.246541,0.792411,0,0,0,0,-6.52757e-08,1.54411e-08,4.99762e-08,801,782,783,800,802,818,819,2375,2376,2393,2394,2395,2411,2412,0,0,0,0,0,0,0,0,0,782,783,800,802,818,819,2375,2376,2393,2394,2395,2411,2412,0,0,0,0,0,0,0,0,0,0.0452439,0.045385,0.0509492,0.0498036,0.0450853,0.0449872,0.111072,0.110997,0.113389,0.100006,0.11279,0.110883,0.110869,0,0,0,0,0,0,0,0,0,0.0457415,0.0455488,0.0507523,0.0495972,0.0452767,0.0454394,0.111037,0.110945,0.113449,0.1,0.112891,0.110825,0.110894,0,0,0,0,0,0,0,0,0,1,1,1,1,1,1,1,1,1,1,1,1,1,0,0,0,0,0,0,0,0,0,1,1,1,1,1,1,1,1,1,1,1,1,1,0,0,0,0,0,0,0,0,0,1,0,0,0,0,0,0,0,0,0,0,0,0,0,0,0,0,0,0,0,0,0,0,13,0,0,0,0,0,0,0,0,0,0,0,0,0,0,0,0,0,0,0,0,0,0,0,0,0,0,0,0,0,0,0,0,0,0,0,0,0,0,0,0,0,0,0,0,0,0,0,0
-0.49908,-0.262014,0.751421,0,0,0,0,-7.45101e-08,1.78977e-08,5.39729e-08,802,783,784,801,803,819,820,2376,2377,2394,2395,2396,2412,2413,0,0,0,0,0,0,0,0,0,783,784,801,803,819,820,2376,2377,2394,2395,2396,2412,2413,0,0,0,0,0,0,0,0,0,0.0443979,0.0442783,0.0498036,0.0487472,0.0442992,0.0444544,0.110656,0.110499,0.112821,0.100007,0.112298,0.110518,0.11062,0,0,0,0,0,0,0,0,0,0.0448748,0.0444409,0.0495972,0.0485349,0.0444803,0.0449,0.110642,0.110443,0.112879,0.1,0.112375,0.110464,0.110649,0,0,0,0,0,0,0,0,0,1,1,1,1,1,1,1,1,1,1,1,1,1,0,0,0,0,0,0,0,0,0,1,1,1,1,1,1,1,1,1,1,1,1,1,0,0,0,0,0,0,0,0,0,1,0,0,0,0,0,0,0,0,0,0,0,0,0,0,0,0,0,0,0,0,0,0,13,0,0,0,0,0,0,0,0,0,0,0,0,0,0,0,0,0,0,0,0,0,0,0,0,0,0,0,0,0,0,0,0,0,0,0,0,0,0,0,0,0,0,0,0,0,0,0,0
-0.52045,-0.276368,0.710026,0,0,0,0,-8.4224e-08,2.06417e-08,5.76462e-08,803,110,111,784,785,802,820,1703,1704,2377,2378,2395,2396,2413,0,0,0,0,0,0,0,0,0,110,111,784,785,802,820,1703,1704,2377,2378,2395,2396,2413,0,0,0,0,0,0,0,0,0,0.0440721,0.047844,0.0436454,0.0430644,0.0487472,0.0433715,0.11044,0.111892,0.110294,0.109969,0.112307,0.100008,0.110097,0,0,0,0,0,0,0,0,0,0.044508,0.0476311,0.0441041,0.0432387,0.0485349,0.043559,0.110472,0.111943,0.110295,0.10991,0.112364,0.1,0.110054,0,0,0,0,0,0,0,0,0,1,1,1,1,1,1,1,1,1,1,1,1,1,0,0,0,0,0,0,0,0,0,1,1,1,1,1,1,1,1,1,1,1,1,1,0,0,0,0,0,0,0,0,0,1,0,0,0,0,0,0,0,0,0,0,0,0,0,0,0,0,0,0,0,0,0,0,13,0,0,0,0,0,0,0,0,0,0,0,0,0,0,0,0,0,0,0,0,0,0,0,0,0,0,0,0,0,0,0,0,0,0,0,0,0,0,0,0,0,0,0,0,0,0,0,0
0.022998,0.0403422,1.14953,0,0,0,0,7.42138e-10,-1.11723e-09,6.02816e-09,804,58,59,786,787,805,821,1651,1652,2379,2380,2397,2398,2414,0,0,0,0,0,0,0,0,0,58,59,786,787,805,821,1651,1652,2379,2380,2397,2398,2414,0,0,0,0,0,0,0,0,0,0.0404602,0.0376109,0.0562602,0.0398336,0.0372708,0.0571085,0.110685,0.10945,0.118109,0.110833,0.100957,0.109926,0.118716,0,0,0,0,0,0,0,0,0,0.0453154,0.0423336,0.0629546,0.0449643,0.0426237,0.0636247,0.110899,0.10958,0.120132,0.110743,0.1,0.109703,0.120492,0,0,0,0,0,0,0,0,0,1,1,1,1,1,1,1,1,1,1,1,1,1,0,0,0,0,0,0,0,0,0,1,1,1,1,1,1,1,1,1,1,1,1,1,0,0,0,0,0,0,0,0,0,1,0,0,0,0,0,0,0,0,0,0,0,0,0,0,0,0,0,0,0,0,0,0,13,0,0,0,0,0,0,0,0,0,0,0,0,0,0,0,0,0,0,0,0,0,0,0,0,0,0,0,0,0,0,0,0,0,0,0,0,0,0,0,0,0,0,0,0,0,0,0,0
-0.00273647,0.0135373,1.15242,0,0,0,0,-6.35014e-10,-4.57823e-10,6.12757e-09,805,787,788,804,806,821,822,2380,2381,2397,2398,2399,2414,2415,0,0,0,0,0,0,0,0,0,787,788,804,806,821,822,2380,2381,2397,2398,2399,2414,2415,0,0,0,0,0,0,0,0,0,0.0573896,0.0396132,0.0372708,0.0379452,0.0394242,0.056869,0.118963,0.110503,0.109551,0.101076,0.109846,0.11048,0.118665,0,0,0,0,0,0,0,0,0,0.0638077,0.0447988,0.0426237,0.0432707,0.0447563,0.0631742,0.120635,0.110667,0.109705,0.1,0.109986,0.110646,0.12025,0,0,0,0,0,0,0,0,0,1,1,1,1,1,1,1,1,1,1,1,1,1,0,0,0,0,0,0,0,0,0,1,1,1,1,1,1,1,1,1,1,1,1,1,0,0,0,0,0,0,0,0,0,1,0,0,0,0,0,0,0,0,0,0,0,0,0,0,0,0,0,0,0,0,0,0,13,0,0,0,0,0,0,0,0,0,0,0,0,0,0,0,0,0,0,0,0,0,0,0,0,0,0,0,0,0,0,0,0,0,0,0,0,0,0,0,0,0,0,0,0,0,0,0,0
-0.028632,-0.0141371,1.15058,0,0,0,0,-2.08257e-09,1.79439e-10,6.23106e-09,806,788,789,805,807,822,823,2381,2382,2398,2399,2400,2415,2416,0,0,0,0,0,0,0,0,0,788,789,805,807,822,823,2381,2382,2398,2399,2400,2415,2416,0,0,0,0,0,0,0,0,0,0.0576103,0.0397083,0.0379452,0.0393158,0.0385016,0.0560753,0.119088,0.110434,0.110176,0.100956,0.110047,0.110377,0.11804,0,0,0,0,0,0,0,0,0,0.0642697,0.0446125,0.0432707,0.0439575,0.0438659,0.0627952,0.120896,0.110581,0.109986,0.1,0.110291,0.110249,0.120039,0,0,0,0,0,0,0,0,0,1,1,1,1,1,1,1,1,1,1,1,1,1,0,0,0,0,0,0,0,0,0,1,1,1,1,1,1,1,1,1,1,1,1,1,0,0,0,0,0,0,0,0,0,1,0,0,0,0,0,0,0,0,0,0,0,0,0,0,0,0,0,0,0,0,0,0,13,0,0,0,0,0,0,0,0,0,0,0,0,0,0,0,0,0,0,0,0,0,0,0,0,0,0,0,0,0,0,0,0,0,0,0,0,0,0,0,0,0,0,0,0,0,0,0,0
-0.0559672,-0.0413939,1.14312,0,0,0,0,-3.69701e-09,9.04034e-10,6.40807e-09,807,789,790,806,808,823,824,2382,2383,2399,2400,2401,2416,2417,0,0,0,0,0,0,0,0,0,789,790,806,808,823,824,2382,2383,2399,2400,2401,2416,2417,0,0,0,0,0,0,0,0,0,0.0566124,0.0452078,0.0393158,0.0454346,0.0387161,0.0549274,0.11922,0.111053,0.111326,0.101639,0.110893,0.111045,0.11785,0,0,0,0,0,0,0,0,0,0.0643487,0.0481846,0.0439575,0.0483966,0.0435429,0.0623756,0.120918,0.111983,0.11029,0.1,0.112092,0.110109,0.119793,0,0,0,0,0,0,0,0,0,1,1,1,1,1,1,1,1,1,1,1,1,1,0,0,0,0,0,0,0,0,0,1,1,1,1,1,1,1,1,1,1,1,1,1,0,0,0,0,0,0,0,0,0,1,0,0,0,0,0,0,0,0,0,0,0,0,0,0,0,0,0,0,0,0,0,0,13,0,0,0,0,0,0,0,0,0,0,0,0,0,0,0,0,0,0,0,0,0,0,0,0,0,0,0,0,0,0,0,0,0,0,0,0,0,0,0,0,0,0,0,0,0,0,0,0
-0.0915403,-0.0666977,1.13053,0,0,0,0,-5.29952e-09,1.7426e-09,7.13056e-09,808,790,791,807,809,824,825,2383,2384,2400,2401,2402,2417,2418,0,0,0,0,0,0,0,0,0,790,791,807,809,824,825,2383,2384,2400,2401,2402,2417,2418,0,0,0,0,0,0,0,0,0,0.0544453,0.0511113,0.0454346,0.0522473,0.0447427,0.0537629,0.11552,0.113158,0.113247,0.0989505,0.113397,0.11295,0.114894,0,0,0,0,0,0,0,0,0,0.0525025,0.0527102,0.0483966,0.0537328,0.0474822,0.0517561,0.114331,0.114429,0.112524,0.1,0.114962,0.112072,0.113957,0,0,0,0,0,0,0,0,0,1,1,1,1,1,1,1,1,1,1,1,1,1,0,0,0,0,0,0,0,0,0,1,1,1,1,1,1,1,1,1,1,1,1,1,0,0,0,0,0,0,0,0,0,1,0,0,0,0,0,0,0,0,0,0,0,0,0,0,0,0,0,0,0,0,0,0,13,0,0,0,0,0,0,0,0,0,0,0,0,0,0,0,0,0,0,0,0,0,0,0,0,0,0,0,0,0,0,0,0,0,0,0,0,0,0,0,0,0,0,0,0,0,0,0,0
-0.133411,-0.0903888,1.11015,0,0,0,0,-7.48972e-09,2.73774e-09,8.85013e-09,809,791,792,808,810,825,826,2384,2385,2401,2402,2403,2418,2419,0,0,0,0,0,0,0,0,0,791,792,808,810,825,826,2384,2385,2401,2402,2403,2418,2419,0,0,0,0,0,0,0,0,0,0.0522966,0.0513582,0.0522473,0.0527783,0.0508993,0.0524762,0.114909,0.1136,0.114862,0.0996708,0.113957,0.114413,0.114711,0,0,0,0,0,0,0,0,0,0.0514512,0.0524859,0.0537328,0.0537053,0.0524185,0.0515167,0.113797,0.114312,0.114966,0.1,0.114956,0.114281,0.113828,0,0,0,0,0,0,0,0,0,1,1,1,1,1,1,1,1,1,1,1,1,1,0,0,0,0,0,0,0,0,0,1,1,1,1,1,1,1,1,1,1,1,1,1,0,0,0,0,0,0,0,0,0,1,0,0,0,0,0,0,0,0,0,0,0,0,0,0,0,0,0,0,0,0,0,0,13,0,0,0,0,0,0,0,0,0,0,0,0,0,0,0,0,0,0,0,0,0,0,0,0,0,0,0,0,0,0,0,0,0,0,0,0,0,0,0,0,0,0,0,0,0,0,0,0
-0.174794,-0.11293,1.08638,0,0,0,0,-1.0254e-08,3.85834e-09,1.11426e-08,810,792,793,809,811,826,827,2385,2386,2402,2403,2404,2419,2420,0,0,0,0,0,0,0,0,0,792,793,809,811,826,827,2385,2386,2402,2403,2404,2419,2420,0,0,0,0,0,0,0,0,0,0.0504163,0.0502833,0.0527783,0.05238,0.0514457,0.0519033,0.113869,0.113146,0.11496,0.0997245,0.113784,0.114533,0.114341,0,0,0,0,0,0,0,0,0,0.0501483,0.0510721,0.0537053,0.0528849,0.052542,0.05152,0.113146,0.113596,0.114951,0.1,0.114534,0.114347,0.113825,0,0,0,0,0,0,0,0,0,1,1,1,1,1,1,1,1,1,1,1,1,1,0,0,0,0,0,0,0,0,0,1,1,1,1,1,1,1,1,1,1,1,1,1,0,0,0,0,0,0,0,0,0,1,0,0,0,0,0,0,0,0,0,0,0,0,0,0,0,0,0,0,0,0,0,0,13,0,0,0,0,0,0,0,0,0,0,0,0,0,0,0,0,0,0,0,0,0,0,0,0,0,0,0,0,0,0,0,0,0,0,0,0,0,0,0,0,0,0,0,0,0,0,0,0
-0.214501,-0.134421,1.05983,0,0,0,0,-1.36369e-08,5.10543e-09,1.38938e-08,811,793,794,810,812,827,828,2386,2387,2403,2404,2405,2420,2421,0,0,0,0,0,0,0,0,0,793,794,810,812,827,828,2386,2387,2403,2404,2405,2420,2421,0,0,0,0,0,0,0,0,0,0.0493085,0.0486925,0.05238,0.0518794,0.0513612,0.0518786,0.113304,0.112442,0.11449,0.0998278,0.113592,0.114257,0.114323,0,0,0,0,0,0,0,0,0,0.049385,0.0492913,0.0528849,0.0521081,0.0521434,0.05184,0.11277,0.112716,0.114527,0.1,0.114139,0.114144,0.113985,0,0,0,0,0,0,0,0,0,1,1,1,1,1,1,1,1,1,1,1,1,1,0,0,0,0,0,0,0,0,0,1,1,1,1,1,1,1,1,1,1,1,1,1,0,0,0,0,0,0,0,0,0,1,0,0,0,0,0,0,0,0,0,0,0,0,0,0,0,0,0,0,0,0,0,0,13,0,0,0,0,0,0,0,0,0,0,0,0,0,0,0,0,0,0,0,0,0,0,0,0,0,0,0,0,0,0,0,0,0,0,0,0,0,0,0,0,0,0,0,0,0,0,0,0
-0.25208,-0.155628,1.03102,0,0,0,0,-1.7616e-08,6.47764e-09,1.69403e-08,812,794,795,811,813,828,829,2387,2388,2404,2405,2406,2421,2422,0,0,0,0,0,0,0,0,0,794,795,811,813,828,829,2387,2388,2404,2405,2406,2421,2422,0,0,0,0,0,0,0,0,0,0.0488077,0.0478655,0.0518794,0.0518774,0.050189,0.0517311,0.113015,0.112097,0.114083,0.0998867,0.113636,0.113543,0.114217,0,0,0,0,0,0,0,0,0,0.0490863,0.0483429,0.0521081,0.0519192,0.0507928,0.0518912,0.112624,0.112257,0.11413,0.1,0.114044,0.113463,0.11401,0,0,0,0,0,0,0,0,0,1,1,1,1,1,1,1,1,1,1,1,1,1,0,0,0,0,0,0,0,0,0,1,1,1,1,1,1,1,1,1,1,1,1,1,0,0,0,0,0,0,0,0,0,1,0,0,0,0,0,0,0,0,0,0,0,0,0,0,0,0,0,0,0,0,0,0,13,0,0,0,0,0,0,0,0,0,0,0,0,0,0,0,0,0,0,0,0,0,0,0,0,0,0,0,0,0,0,0,0,0,0,0,0,0,0,0,0,0,0,0,0,0,0,0,0
-0.288125,-0.176283,0.999952,0,0,0,0,-2.22346e-08,7.96987e-09,2.03102e-08,813,795,796,812,814,829,830,2388,2389,2405,2406,2407,2422,2423,0,0,0,0,0,0,0,0,0,795,796,812,814,829,830,2388,2389,2405,2406,2407,2422,2423,0,0,0,0,0,0,0,0,0,0.0483747,0.0469803,0.0518774,0.0524241,0.0489157,0.0516344,0.112755,0.111712,0.113976,0.0999286,0.113949,0.112841,0.114145,0,0,0,0,0,0,0,0,0,0.0487688,0.0473768,0.0519192,0.0523425,0.0494079,0.0519099,0.112469,0.111797,0.114035,0.1,0.114261,0.112778,0.114018,0,0,0,0,0,0,0,0,0,1,1,1,1,1,1,1,1,1,1,1,1,1,0,0,0,0,0,0,0,0,0,1,1,1,1,1,1,1,1,1,1,1,1,1,0,0,0,0,0,0,0,0,0,1,0,0,0,0,0,0,0,0,0,0,0,0,0,0,0,0,0,0,0,0,0,0,13,0,0,0,0,0,0,0,0,0,0,0,0,0,0,0,0,0,0,0,0,0,0,0,0,0,0,0,0,0,0,0,0,0,0,0,0,0,0,0,0,0,0,0,0,0,0,0,0
-0.322644,-0.197105,0.966439,0,0,0,0,-2.75308e-08,9.63022e-09,2.38648e-08,814,796,797,813,815,830,831,2389,2390,2406,2407,2408,2423,2424,0,0,0,0,0,0,0,0,0,796,797,813,815,830,831,2389,2390,2406,2407,2408,2423,2424,0,0,0,0,0,0,0,0,0,0.0488113,0.0464873,0.0524241,0.0529579,0.0473576,0.0506514,0.11292,0.1115,0.114187,0.0999574,0.114252,0.112043,0.113624,0,0,0,0,0,0,0,0,0,0.0492642,0.0468201,0.0523425,0.0528009,0.0477695,0.0509883,0.112709,0.111535,0.11425,0.1,0.114496,0.111988,0.113554,0,0,0,0,0,0,0,0,0,1,1,1,1,1,1,1,1,1,1,1,1,1,0,0,0,0,0,0,0,0,0,1,1,1,1,1,1,1,1,1,1,1,1,1,0,0,0,0,0,0,0,0,0,1,0,0,0,0,0,0,0,0,0,0,0,0,0,0,0,0,0,0,0,0,0,0,13,0,0,0,0,0,0,0,0,0,0,0,0,0,0,0,0,0,0,0,0,0,0,0,0,0,0,0,0,0,0,0,0,0,0,0,0,0,0,0,0,0,0,0,0,0,0,0,0
-0.355861,-0.217422,0.930545,0,0,0,0,-3.35584e-08,1.14646e-08,2.76501e-08,815,797,798,814,816,831,832,2390,2391,2407,2408,2409,2424,2425,0,0,0,0,0,0,0,0,0,797,798,814,816,831,832,2390,2391,2407,2408,2409,2424,2425,0,0,0,0,0,0,0,0,0,0.0488992,0.046478,0.0529579,0.0527629,0.0461546,0.0491393,0.112906,0.111513,0.11442,0.0999769,0.114179,0.111446,0.112851,0,0,0,0,0,0,0,0,0,0.0493687,0.0467631,0.0528009,0.0525624,0.0465007,0.0495044,0.112759,0.111507,0.114485,0.1,0.114375,0.111391,0.11282,0,0,0,0,0,0,0,0,0,1,1,1,1,1,1,1,1,1,1,1,1,1,0,0,0,0,0,0,0,0,0,1,1,1,1,1,1,1,1,1,1,1,1,1,0,0,0,0,0,0,0,0,0,1,0,0,0,0,0,0,0,0,0,0,0,0,0,0,0,0,0,0,0,0,0,0,13,0,0,0,0,0,0,0,0,0,0,0,0,0,0,0,0,0,0,0,0,0,0,0,0,0,0,0,0,0,0,0,0,0,0,0,0,0,0,0,0,0,0,0,0,0,0,0,0
-0.387409,-0.236598,0.89285,0,0,0,0,-4.02637e-08,1.34659e-08,3.16096e-08,816,798,799,815,817,832,833,2391,2392,2408,2409,2410,2425,2426,0,0,0,0,0,0,0,0,0,798,799,815,817,832,833,2391,2392,2408,2409,2410,2425,2426,0,0,0,0,0,0,0,0,0,0.0477343,0.0462373,0.0527629,0.0521255,0.0453103,0.0476379,0.112303,0.111408,0.1143,0.0999881,0.113877,0.111034,0.112104,0,0,0,0,0,0,0,0,0,0.048209,0.0464827,0.0525624,0.0519017,0.0456076,0.048019,0.112197,0.111376,0.114363,0.1,0.114038,0.110978,0.112102,0,0,0,0,0,0,0,0,0,1,1,1,1,1,1,1,1,1,1,1,1,1,0,0,0,0,0,0,0,0,0,1,1,1,1,1,1,1,1,1,1,1,1,1,0,0,0,0,0,0,0,0,0,1,0,0,0,0,0,0,0,0,0,0,0,0,0,0,0,0,0,0,0,0,0,0,13,0,0,0,0,0,0,0,0,0,0,0,0,0,0,0,0,0,0,0,0,0,0,0,0,0,0,0,0,0,0,0,0,0,0,0,0,0,0,0,0,0,0,0,0,0,0,0,0
-0.416952,-0.254509,0.853818,0,0,0,0,-4.75992e-08,1.56613e-08,3.5606e-08,817,799,800,816,818,833,834,2392,2393,2409,2410,2411,2426,2427,0,0,0,0,0,0,0,0,0,799,800,816,818,833,834,2392,2393,2409,2410,2411,2426,2427,0,0,0,0,0,0,0,0,0,0.0467074,0.0457501,0.0521255,0.0512394,0.0446387,0.0462865,0.111778,0.111184,0.113965,0.0999949,0.113454,0.110711,0.111452,0,0,0,0,0,0,0,0,0,0.0471768,0.0459638,0.0519017,0.0510049,0.0448957,0.0466773,0.111706,0.111135,0.114027,0.1,0.113587,0.110653,0.111468,0,0,0,0,0,0,0,0,0,1,1,1,1,1,1,1,1,1,1,1,1,1,0,0,0,0,0,0,0,0,0,1,1,1,1,1,1,1,1,1,1,1,1,1,0,0,0,0,0,0,0,0,0,1,0,0,0,0,0,0,0,0,0,0,0,0,0,0,0,0,0,0,0,0,0,0,13,0,0,0,0,0,0,0,0,0,0,0,0,0,0,0,0,0,0,0,0,0,0,0,0,0,0,0,0,0,0,0,0,0,0,0,0,0,0,0,0,0,0,0,0,0,0,0,0
-0.444287,-0.271175,0.813811,0,0,0,0,-5.55126e-08,1.80843e-08,3.95186e-08,818,800,801,817,819,834,835,2393,2394,2410,2411,2412,2427,2428,0,0,0,0,0,0,0,0,0,800,801,817,819,834,835,2393,2394,2410,2411,2412,2427,2428,0,0,0,0,0,0,0,0,0,0.0457723,0.0450853,0.0512394,0.0502886,0.0440587,0.0452695,0.111308,0.11088,0.113516,0.0999991,0.113007,0.110438,0.11097,0,0,0,0,0,0,0,0,0,0.0462326,0.0452767,0.0510049,0.050051,0.0442829,0.0456677,0.111265,0.11082,0.113575,0.1,0.113113,0.110377,0.111001,0,0,0,0,0,0,0,0,0,1,1,1,1,1,1,1,1,1,1,1,1,1,0,0,0,0,0,0,0,0,0,1,1,1,1,1,1,1,1,1,1,1,1,1,0,0,0,0,0,0,0,0,0,1,0,0,0,0,0,0,0,0,0,0,0,0,0,0,0,0,0,0,0,0,0,0,13,0,0,0,0,0,0,0,0,0,0,0,0,0,0,0,0,0,0,0,0,0,0,0,0,0,0,0,0,0,0,0,0,0,0,0,0,0,0,0,0,0,0,0,0,0,0,0,0
-0.469331,-0.286697,0.773058,0,0,0,0,-6.39637e-08,2.07715e-08,4.32493e-08,819,801,802,818,820,835,836,2394,2395,2411,2412,2413,2428,2429,0,0,0,0,0,0,0,0,0,801,802,818,820,835,836,2394,2395,2411,2412,2413,2428,2429,0,0,0,0,0,0,0,0,0,0.0449872,0.0442992,0.0502886,0.0495119,0.0436108,0.0449948,0.110919,0.110526,0.113045,0.100002,0.112651,0.110222,0.110842,0,0,0,0,0,0,0,0,0,0.0454394,0.0444803,0.050051,0.0492724,0.0438099,0.0454048,0.110899,0.11046,0.113102,0.1,0.112732,0.110166,0.110879,0,0,0,0,0,0,0,0,0,1,1,1,1,1,1,1,1,1,1,1,1,1,0,0,0,0,0,0,0,0,0,1,1,1,1,1,1,1,1,1,1,1,1,1,0,0,0,0,0,0,0,0,0,1,0,0,0,0,0,0,0,0,0,0,0,0,0,0,0,0,0,0,0,0,0,0,13,0,0,0,0,0,0,0,0,0,0,0,0,0,0,0,0,0,0,0,0,0,0,0,0,0,0,0,0,0,0,0,0,0,0,0,0,0,0,0,0,0,0,0,0,0,0,0,0
-0.49216,-0.30119,0.731583,0,0,0,0,-7.29706e-08,2.37643e-08,4.67438e-08,820,109,110,802,803,819,836,1702,1703,2395,2396,2412,2413,2429,0,0,0,0,0,0,0,0,0,109,110,802,803,819,836,1702,1703,2395,2396,2412,2413,2429,0,0,0,0,0,0,0,0,0,0.045408,0.0490008,0.0444544,0.0433715,0.0495119,0.0432927,0.111028,0.112428,0.110655,0.11012,0.112664,0.100004,0.110072,0,0,0,0,0,0,0,0,0,0.0458243,0.0487594,0.0449,0.043559,0.0492724,0.0434912,0.111071,0.112484,0.110653,0.11005,0.112721,0.1,0.110024,0,0,0,0,0,0,0,0,0,1,1,1,1,1,1,1,1,1,1,1,1,1,0,0,0,0,0,0,0,0,0,1,1,1,1,1,1,1,1,1,1,1,1,1,0,0,0,0,0,0,0,0,0,1,0,0,0,0,0,0,0,0,0,0,0,0,0,0,0,0,0,0,0,0,0,0,13,0,0,0,0,0,0,0,0,0,0,0,0,0,0,0,0,0,0,0,0,0,0,0,0,0,0,0,0,0,0,0,0,0,0,0,0,0,0,0,0,0,0,0,0,0,0,0,0
0.022486,-0.016739,1.15122,0,0,0,0,8.70628e-10,1.7572e-10,6.56074e-09,821,57,58,804,805,822,837,1650,1651,2397,2398,2414,2415,2430,0,0,0,0,0,0,0,0,0,57,58,804,805,822,837,1650,1651,2397,2398,2414,2415,2430,0,0,0,0,0,0,0,0,0,0.0389926,0.0383965,0.0571085,0.0394242,0.0371617,0.0531472,0.109872,0.110093,0.118906,0.110785,0.100928,0.109512,0.116285,0,0,0,0,0,0,0,0,0,0.0434024,0.0431633,0.0636247,0.0447563,0.0424529,0.0599662,0.110048,0.10994,0.120513,0.110645,0.1,0.109632,0.11841,0,0,0,0,0,0,0,0,0,1,1,1,1,1,1,1,1,1,1,1,1,1,0,0,0,0,0,0,0,0,0,1,1,1,1,1,1,1,1,1,1,1,1,1,0,0,0,0,0,0,0,0,0,1,0,0,0,0,0,0,0,0,0,0,0,0,0,0,0,0,0,0,0,0,0,0,13,0,0,0,0,0,0,0,0,0,0,0,0,0,0,0,0,0,0,0,0,0,0,0,0,0,0,0,0,0,0,0,0,0,0,0,0,0,0,0,0,0,0,0,0,0,0,0,0
-0.00349808,-0.0433025,1.15076,0,0,0,0,-5.02157e-10,8.46805e-10,6.0401e-09,822,805,806,821,823,837,838,2398,2399,2414,2415,2416,2430,2431,0,0,0,0,0,0,0,0,0,805,806,821,823,837,838,2398,2399,2414,2415,2416,2430,2431,0,0,0,0,0,0,0,0,0,0.056869,0.0385016,0.0371617,0.0379268,0.0381728,0.053749,0.118947,0.110135,0.109839,0.10102,0.109452,0.109743,0.116611,0,0,0,0,0,0,0,0,0,0.0631742,0.0438659,0.0424529,0.0429693,0.0430226,0.0603355,0.120224,0.110246,0.10963,0.1,0.109857,0.109881,0.118619,0,0,0,0,0,0,0,0,0,1,1,1,1,1,1,1,1,1,1,1,1,1,0,0,0,0,0,0,0,0,0,1,1,1,1,1,1,1,1,1,1,1,1,1,0,0,0,0,0,0,0,0,0,1,0,0,0,0,0,0,0,0,0,0,0,0,0,0,0,0,0,0,0,0,0,0,13,0,0,0,0,0,0,0,0,0,0,0,0,0,0,0,0,0,0,0,0,0,0,0,0,0,0,0,0,0,0,0,0,0,0,0,0,0,0,0,0,0,0,0,0,0,0,0,0
-0.0299532,-0.0699678,1.14551,0,0,0,0,-2.00289e-09,1.60565e-09,5.52245e-09,823,806,807,822,824,838,839,2399,2400,2415,2416,2417,2431,2432,0,0,0,0,0,0,0,0,0,806,807,822,824,838,839,2399,2400,2415,2416,2417,2431,2432,0,0,0,0,0,0,0,0,0,0.0560753,0.0387161,0.0379268,0.0393068,0.0374506,0.0541044,0.118451,0.109979,0.110449,0.100917,0.109645,0.109841,0.116595,0,0,0,0,0,0,0,0,0,0.0627952,0.0435429,0.0429693,0.0436833,0.0423719,0.0608046,0.119991,0.110106,0.109855,0.1,0.110172,0.109599,0.118886,0,0,0,0,0,0,0,0,0,1,1,1,1,1,1,1,1,1,1,1,1,1,0,0,0,0,0,0,0,0,0,1,1,1,1,1,1,1,1,1,1,1,1,1,0,0,0,0,0,0,0,0,0,1,0,0,0,0,0,0,0,0,0,0,0,0,0,0,0,0,0,0,0,0,0,0,13,0,0,0,0,0,0,0,0,0,0,0,0,0,0,0,0,0,0,0,0,0,0,0,0,0,0,0,0,0,0,0,0,0,0,0,0,0,0,0,0,0,0,0,0,0,0,0,0
-0.0577428,-0.0956815,1.13495,0,0,0,0,-3.64254e-09,2.55352e-09,5.12402e-09,824,807,808,823,825,839,840,2400,2401,2416,2417,2418,2432,2433,0,0,0,0,0,0,0,0,0,807,808,823,825,839,840,2400,2401,2416,2417,2418,2432,2433,0,0,0,0,0,0,0,0,0,0.0549274,0.0447427,0.0393068,0.0448632,0.0387288,0.0543472,0.118305,0.110813,0.111449,0.101487,0.110429,0.110863,0.117129,0,0,0,0,0,0,0,0,0,0.0623756,0.0474822,0.0436833,0.0477587,0.0429291,0.06137,0.119745,0.111653,0.11017,0.1,0.111809,0.109844,0.11921,0,0,0,0,0,0,0,0,0,1,1,1,1,1,1,1,1,1,1,1,1,1,0,0,0,0,0,0,0,0,0,1,1,1,1,1,1,1,1,1,1,1,1,1,0,0,0,0,0,0,0,0,0,1,0,0,0,0,0,0,0,0,0,0,0,0,0,0,0,0,0,0,0,0,0,0,13,0,0,0,0,0,0,0,0,0,0,0,0,0,0,0,0,0,0,0,0,0,0,0,0,0,0,0,0,0,0,0,0,0,0,0,0,0,0,0,0,0,0,0,0,0,0,0,0
-0.0927314,-0.119386,1.1199,0,0,0,0,-5.26734e-09,3.65141e-09,5.27965e-09,825,808,809,824,826,840,841,2401,2402,2417,2418,2419,2433,2434,0,0,0,0,0,0,0,0,0,808,809,824,826,840,841,2401,2402,2417,2418,2419,2433,2434,0,0,0,0,0,0,0,0,0,0.0537629,0.0508993,0.0448632,0.0513212,0.0450472,0.0542684,0.115159,0.113131,0.112969,0.0989958,0.112829,0.112907,0.114969,0,0,0,0,0,0,0,0,0,0.0517561,0.0524185,0.0477587,0.0525775,0.0474315,0.0523093,0.113951,0.114284,0.112193,0.1,0.114362,0.112044,0.11424,0,0,0,0,0,0,0,0,0,1,1,1,1,1,1,1,1,1,1,1,1,1,0,0,0,0,0,0,0,0,0,1,1,1,1,1,1,1,1,1,1,1,1,1,0,0,0,0,0,0,0,0,0,1,0,0,0,0,0,0,0,0,0,0,0,0,0,0,0,0,0,0,0,0,0,0,13,0,0,0,0,0,0,0,0,0,0,0,0,0,0,0,0,0,0,0,0,0,0,0,0,0,0,0,0,0,0,0,0,0,0,0,0,0,0,0,0,0,0,0,0,0,0,0,0
-0.13351,-0.141404,1.09785,0,0,0,0,-7.4099e-09,4.94915e-09,6.42349e-09,826,809,810,825,827,841,842,2402,2403,2418,2419,2420,2434,2435,0,0,0,0,0,0,0,0,0,809,810,825,827,841,842,2402,2403,2418,2419,2420,2434,2435,0,0,0,0,0,0,0,0,0,0.0524762,0.0514457,0.0513212,0.0521703,0.0507259,0.0537818,0.114924,0.113721,0.114324,0.0996377,0.113555,0.114258,0.115196,0,0,0,0,0,0,0,0,0,0.0515167,0.052542,0.0525775,0.0528276,0.0520993,0.0527028,0.113829,0.114343,0.114368,0.1,0.114496,0.114116,0.114437,0,0,0,0,0,0,0,0,0,1,1,1,1,1,1,1,1,1,1,1,1,1,0,0,0,0,0,0,0,0,0,1,1,1,1,1,1,1,1,1,1,1,1,1,0,0,0,0,0,0,0,0,0,1,0,0,0,0,0,0,0,0,0,0,0,0,0,0,0,0,0,0,0,0,0,0,13,0,0,0,0,0,0,0,0,0,0,0,0,0,0,0,0,0,0,0,0,0,0,0,0,0,0,0,0,0,0,0,0,0,0,0,0,0,0,0,0,0,0,0,0,0,0,0,0
-0.17375,-0.162957,1.07259,0,0,0,0,-1.01009e-08,6.40632e-09,8.08844e-09,827,810,811,826,828,842,843,2403,2404,2419,2420,2421,2435,2436,0,0,0,0,0,0,0,0,0,810,811,826,828,842,843,2403,2404,2419,2420,2421,2435,2436,0,0,0,0,0,0,0,0,0,0.0519033,0.0513612,0.0521703,0.0525638,0.0507485,0.0534204,0.114557,0.113747,0.114524,0.0996966,0.113812,0.114138,0.114971,0,0,0,0,0,0,0,0,0,0.05152,0.0521434,0.0528276,0.0528241,0.051787,0.0528819,0.11383,0.114138,0.114496,0.1,0.114499,0.113959,0.114524,0,0,0,0,0,0,0,0,0,1,1,1,1,1,1,1,1,1,1,1,1,1,0,0,0,0,0,0,0,0,0,1,1,1,1,1,1,1,1,1,1,1,1,1,0,0,0,0,0,0,0,0,0,1,0,0,0,0,0,0,0,0,0,0,0,0,0,0,0,0,0,0,0,0,0,0,13,0,0,0,0,0,0,0,0,0,0,0,0,0,0,0,0,0,0,0,0,0,0,0,0,0,0,0,0,0,0,0,0,0,0,0,0,0,0,0,0,0,0,0,0,0,0,0,0
-0.212843,-0.183923,1.04439,0,0,0,0,-1.34065e-08,8.02135e-09,1.02313e-08,828,811,812,827,829,843,844,2404,2405,2420,2421,2422,2436,2437,0,0,0,0,0,0,0,0,0,811,812,827,829,843,844,2404,2405,2420,2421,2422,2436,2437,0,0,0,0,0,0,0,0,0,0.0518786,0.050189,0.0525638,0.052695,0.0503681,0.0530238,0.114523,0.113235,0.114467,0.0998045,0.113952,0.113742,0.114782,0,0,0,0,0,0,0,0,0,0.05184,0.0507928,0.0528241,0.0527196,0.051138,0.0528302,0.113991,0.113456,0.114495,0.1,0.114449,0.113633,0.114494,0,0,0,0,0,0,0,0,0,1,1,1,1,1,1,1,1,1,1,1,1,1,0,0,0,0,0,0,0,0,0,1,1,1,1,1,1,1,1,1,1,1,1,1,0,0,0,0,0,0,0,0,0,1,0,0,0,0,0,0,0,0,0,0,0,0,0,0,0,0,0,0,0,0,0,0,13,0,0,0,0,0,0,0,0,0,0,0,0,0,0,0,0,0,0,0,0,0,0,0,0,0,0,0,0,0,0,0,0,0,0,0,0,0,0,0,0,0,0,0,0,0,0,0,0
-0.250497,-0.204349,1.01371,0,0,0,0,-1.73527e-08,9.78003e-09,1.27799e-08,829,812,813,828,830,844,845,2405,2406,2421,2422,2423,2437,2438,0,0,0,0,0,0,0,0,0,812,813,828,830,844,845,2405,2406,2421,2422,2423,2437,2438,0,0,0,0,0,0,0,0,0,0.0517311,0.0489157,0.052695,0.0527054,0.0495233,0.0524437,0.114397,0.112657,0.114399,0.0998695,0.114013,0.113213,0.114477,0,0,0,0,0,0,0,0,0,0.0518912,0.0494079,0.0527196,0.0525824,0.0501321,0.0524625,0.114016,0.112772,0.114442,0.1,0.11438,0.113133,0.114304,0,0,0,0,0,0,0,0,0,1,1,1,1,1,1,1,1,1,1,1,1,1,0,0,0,0,0,0,0,0,0,1,1,1,1,1,1,1,1,1,1,1,1,1,0,0,0,0,0,0,0,0,0,1,0,0,0,0,0,0,0,0,0,0,0,0,0,0,0,0,0,0,0,0,0,0,13,0,0,0,0,0,0,0,0,0,0,0,0,0,0,0,0,0,0,0,0,0,0,0,0,0,0,0,0,0,0,0,0,0,0,0,0,0,0,0,0,0,0,0,0,0,0,0,0
-0.286558,-0.224206,0.980794,0,0,0,0,-2.19628e-08,1.16871e-08,1.56644e-08,830,813,814,829,831,845,846,2406,2407,2422,2423,2424,2438,2439,0,0,0,0,0,0,0,0,0,813,814,829,831,845,846,2406,2407,2422,2423,2424,2438,2439,0,0,0,0,0,0,0,0,0,0.0516344,0.0473576,0.0527054,0.0525894,0.0483593,0.0515695,0.114292,0.111934,0.11432,0.0999163,0.114004,0.112573,0.114022,0,0,0,0,0,0,0,0,0,0.0519099,0.0477695,0.0525824,0.0523795,0.0488581,0.0517148,0.114025,0.111982,0.114372,0.1,0.114278,0.11251,0.113923,0,0,0,0,0,0,0,0,0,1,1,1,1,1,1,1,1,1,1,1,1,1,0,0,0,0,0,0,0,0,0,1,1,1,1,1,1,1,1,1,1,1,1,1,0,0,0,0,0,0,0,0,0,1,0,0,0,0,0,0,0,0,0,0,0,0,0,0,0,0,0,0,0,0,0,0,13,0,0,0,0,0,0,0,0,0,0,0,0,0,0,0,0,0,0,0,0,0,0,0,0,0,0,0,0,0,0,0,0,0,0,0,0,0,0,0,0,0,0,0,0,0,0,0,0
-0.320919,-0.243374,0.945901,0,0,0,0,-2.72399e-08,1.37508e-08,1.88275e-08,831,814,815,830,832,846,847,2407,2408,2423,2424,2425,2439,2440,0,0,0,0,0,0,0,0,0,814,815,830,832,846,847,2407,2408,2423,2424,2425,2439,2440,0,0,0,0,0,0,0,0,0,0.0506514,0.0461546,0.0525894,0.0522657,0.0470381,0.0503875,0.113744,0.11138,0.114212,0.0999479,0.113883,0.111895,0.113415,0,0,0,0,0,0,0,0,0,0.0509883,0.0465007,0.0523795,0.0520106,0.0474543,0.0506052,0.11356,0.111385,0.114269,0.1,0.114091,0.111838,0.113365,0,0,0,0,0,0,0,0,0,1,1,1,1,1,1,1,1,1,1,1,1,1,0,0,0,0,0,0,0,0,0,1,1,1,1,1,1,1,1,1,1,1,1,1,0,0,0,0,0,0,0,0,0,1,0,0,0,0,0,0,0,0,0,0,0,0,0,0,0,0,0,0,0,0,0,0,13,0,0,0,0,0,0,0,0,0,0,0,0,0,0,0,0,0,0,0,0,0,0,0,0,0,0,0,0,0,0,0,0,0,0,0,0,0,0,0,0,0,0,0,0,0,0,0,0
-0.353446,-0.26167,0.90931,0,0,0,0,-3.31533e-08,1.59771e-08,2.22053e-08,832,815,816,831,833,847,848,2408,2409,2424,2425,2426,2440,2441,0,0,0,0,0,0,0,0,0,815,816,831,833,847,848,2408,2409,2424,2425,2426,2440,2441,0,0,0,0,0,0,0,0,0,0.0491393,0.0453103,0.0522657,0.0516989,0.0456923,0.0489516,0.112948,0.111002,0.114023,0.099968,0.113632,0.111235,0.112695,0,0,0,0,0,0,0,0,0,0.0495044,0.0456076,0.0520106,0.0514239,0.0460452,0.0492121,0.112825,0.110972,0.114081,0.1,0.113795,0.111179,0.112679,0,0,0,0,0,0,0,0,0,1,1,1,1,1,1,1,1,1,1,1,1,1,0,0,0,0,0,0,0,0,0,1,1,1,1,1,1,1,1,1,1,1,1,1,0,0,0,0,0,0,0,0,0,1,0,0,0,0,0,0,0,0,0,0,0,0,0,0,0,0,0,0,0,0,0,0,13,0,0,0,0,0,0,0,0,0,0,0,0,0,0,0,0,0,0,0,0,0,0,0,0,0,0,0,0,0,0,0,0,0,0,0,0,0,0,0,0,0,0,0,0,0,0,0,0
-0.383972,-0.278963,0.871337,0,0,0,0,-3.96677e-08,1.83891e-08,2.56985e-08,833,816,817,832,834,848,849,2409,2410,2425,2426,2427,2441,2442,0,0,0,0,0,0,0,0,0,816,817,832,834,848,849,2409,2410,2425,2426,2427,2441,2442,0,0,0,0,0,0,0,0,0,0.0476379,0.0446387,0.0516989,0.0509221,0.044365,0.0473363,0.112188,0.110699,0.113724,0.0999807,0.113274,0.110609,0.111909,0,0,0,0,0,0,0,0,0,0.048019,0.0448957,0.0514239,0.0506433,0.044669,0.0476257,0.112107,0.110648,0.113785,0.1,0.113405,0.110551,0.111917,0,0,0,0,0,0,0,0,0,1,1,1,1,1,1,1,1,1,1,1,1,1,0,0,0,0,0,0,0,0,0,1,1,1,1,1,1,1,1,1,1,1,1,1,0,0,0,0,0,0,0,0,0,1,0,0,0,0,0,0,0,0,0,0,0,0,0,0,0,0,0,0,0,0,0,0,13,0,0,0,0,0,0,0,0,0,0,0,0,0,0,0,0,0,0,0,0,0,0,0,0,0,0,0,0,0,0,0,0,0,0,0,0,0,0,0,0,0,0,0,0,0,0,0,0
-0.412327,-0.295223,0.83229,0,0,0,0,-4.67386e-08,2.10237e-08,2.91907e-08,834,817,818,833,835,849,850,2410,2411,2426,2427,2428,2442,2443,0,0,0,0,0,0,0,0,0,817,818,833,835,849,850,2410,2411,2426,2427,2428,2442,2443,0,0,0,0,0,0,0,0,0,0.0462865,0.0440587,0.0509221,0.0500954,0.0430749,0.0456563,0.111522,0.110436,0.113334,0.0999888,0.112895,0.110019,0.11112,0,0,0,0,0,0,0,0,0,0.0466773,0.0442829,0.0506433,0.0498223,0.0433397,0.0459714,0.111473,0.110372,0.113394,0.1,0.113,0.109959,0.111143,0,0,0,0,0,0,0,0,0,1,1,1,1,1,1,1,1,1,1,1,1,1,0,0,0,0,0,0,0,0,0,1,1,1,1,1,1,1,1,1,1,1,1,1,0,0,0,0,0,0,0,0,0,1,0,0,0,0,0,0,0,0,0,0,0,0,0,0,0,0,0,0,0,0,0,0,13,0,0,0,0,0,0,0,0,0,0,0,0,0,0,0,0,0,0,0,0,0,0,0,0,0,0,0,0,0,0,0,0,0,0,0,0,0,0,0,0,0,0,0,0,0,0,0,0
-0.438378,-0.310599,0.79236,0,0,0,0,-5.43123e-08,2.39353e-08,3.25502e-08,835,818,819,834,836,850,851,2411,2412,2427,2428,2429,2443,2444,0,0,0,0,0,0,0,0,0,818,819,834,836,850,851,2411,2412,2427,2428,2429,2443,2444,0,0,0,0,0,0,0,0,0,0.0452695,0.0436108,0.0500954,0.0497302,0.0419435,0.04591,0.11103,0.110234,0.11293,0.0999951,0.112742,0.109513,0.111232,0,0,0,0,0,0,0,0,0,0.0456677,0.0438099,0.0498223,0.0494615,0.0421781,0.0462495,0.111005,0.110161,0.112989,0.1,0.112824,0.109455,0.111271,0,0,0,0,0,0,0,0,0,1,1,1,1,1,1,1,1,1,1,1,1,1,0,0,0,0,0,0,0,0,0,1,1,1,1,1,1,1,1,1,1,1,1,1,0,0,0,0,0,0,0,0,0,1,0,0,0,0,0,0,0,0,0,0,0,0,0,0,0,0,0,0,0,0,0,0,13,0,0,0,0,0,0,0,0,0,0,0,0,0,0,0,0,0,0,0,0,0,0,0,0,0,0,0,0,0,0,0,0,0,0,0,0,0,0,0,0,0,0,0,0,0,0,0,0
-0.462207,-0.325437,0.751309,0,0,0,0,-6.24433e-08,2.7226e-08,3.56465e-08,836,108,109,819,820,835,851,1701,1702,2412,2413,2428,2429,2444,0,0,0,0,0,0,0,0,0,108,109,819,820,835,851,1701,1702,2412,2413,2428,2429,2444,0,0,0,0,0,0,0,0,0,0.0464,0.0503555,0.0449948,0.0432927,0.0497302,0.0407395,0.111459,0.11307,0.11089,0.110098,0.112758,0.0999997,0.108993,0,0,0,0,0,0,0,0,0,0.046759,0.0500847,0.0454048,0.0434912,0.0494615,0.0409715,0.111507,0.113131,0.110883,0.11002,0.112813,0.1,0.108942,0,0,0,0,0,0,0,0,0,1,1,1,1,1,1,1,1,1,1,1,1,1,0,0,0,0,0,0,0,0,0,1,1,1,1,1,1,1,1,1,1,1,1,1,0,0,0,0,0,0,0,0,0,1,0,0,0,0,0,0,0,0,0,0,0,0,0,0,0,0,0,0,0,0,0,0,13,0,0,0,0,0,0,0,0,0,0,0,0,0,0,0,0,0,0,0,0,0,0,0,0,0,0,0,0,0,0,0,0,0,0,0,0,0,0,0,0,0,0,0,0,0,0,0,0
0.0237639,-0.0696378,1.14625,0,0,0,0,8.8863e-10,1.54671e-09,5.91013e-09,837,56,57,821,822,838,852,1649,1650,2414,2415,2430,2431,2445,0,0,0,0,0,0,0,0,0,56,57,821,822,838,852,1649,1650,2414,2415,2430,2431,2445,0,0,0,0,0,0,0,0,0,0.0386126,0.0388704,0.0531472,0.0381728,0.0384835,0.0515505,0.109487,0.110175,0.116991,0.110296,0.100893,0.109905,0.115221,0,0,0,0,0,0,0,0,0,0.0427424,0.0433993,0.0599662,0.0430226,0.0432108,0.0583208,0.109764,0.110046,0.118368,0.109879,0.1,0.109965,0.117486,0,0,0,0,0,0,0,0,0,1,1,1,1,1,1,1,1,1,1,1,1,1,0,0,0,0,0,0,0,0,0,1,1,1,1,1,1,1,1,1,1,1,1,1,0,0,0,0,0,0,0,0,0,1,0,0,0,0,0,0,0,0,0,0,0,0,0,0,0,0,0,0,0,0,0,0,13,0,0,0,0,0,0,0,0,0,0,0,0,0,0,0,0,0,0,0,0,0,0,0,0,0,0,0,0,0,0,0,0,0,0,0,0,0,0,0,0,0,0,0,0,0,0,0,0
-0.0036186,-0.0964531,1.14276,0,0,0,0,-4.56799e-10,2.38399e-09,4.7293e-09,838,822,823,837,839,852,853,2415,2416,2430,2431,2432,2445,2446,0,0,0,0,0,0,0,0,0,822,823,837,839,852,853,2415,2416,2430,2431,2432,2445,2446,0,0,0,0,0,0,0,0,0,0.053749,0.0374506,0.0384835,0.0384436,0.0379946,0.0529665,0.117444,0.109664,0.11033,0.100969,0.109432,0.109525,0.115902,0,0,0,0,0,0,0,0,0,0.0603355,0.0423719,0.0432108,0.0430558,0.0423497,0.0593833,0.118575,0.109597,0.109963,0.1,0.109896,0.109594,0.118079,0,0,0,0,0,0,0,0,0,1,1,1,1,1,1,1,1,1,1,1,1,1,0,0,0,0,0,0,0,0,0,1,1,1,1,1,1,1,1,1,1,1,1,1,0,0,0,0,0,0,0,0,0,1,0,0,0,0,0,0,0,0,0,0,0,0,0,0,0,0,0,0,0,0,0,0,13,0,0,0,0,0,0,0,0,0,0,0,0,0,0,0,0,0,0,0,0,0,0,0,0,0,0,0,0,0,0,0,0,0,0,0,0,0,0,0,0,0,0,0,0,0,0,0,0
-0.0302252,-0.12293,1.13446,0,0,0,0,-1.94123e-09,3.4101e-09,3.58595e-09,839,823,824,838,840,853,854,2416,2417,2431,2432,2433,2446,2447,0,0,0,0,0,0,0,0,0,823,824,838,840,853,854,2416,2417,2431,2432,2433,2446,2447,0,0,0,0,0,0,0,0,0,0.0541044,0.0387288,0.0384436,0.0399825,0.0377791,0.0545044,0.117484,0.109927,0.11063,0.100859,0.109735,0.109757,0.116468,0,0,0,0,0,0,0,0,0,0.0608046,0.0429291,0.0430558,0.0440159,0.0420666,0.0608064,0.11884,0.109842,0.109893,0.1,0.110321,0.109473,0.118886,0,0,0,0,0,0,0,0,0,1,1,1,1,1,1,1,1,1,1,1,1,1,0,0,0,0,0,0,0,0,0,1,1,1,1,1,1,1,1,1,1,1,1,1,0,0,0,0,0,0,0,0,0,1,0,0,0,0,0,0,0,0,0,0,0,0,0,0,0,0,0,0,0,0,0,0,13,0,0,0,0,0,0,0,0,0,0,0,0,0,0,0,0,0,0,0,0,0,0,0,0,0,0,0,0,0,0,0,0,0,0,0,0,0,0,0,0,0,0,0,0,0,0,0,0
-0.0581612,-0.148241,1.12113,0,0,0,0,-3.5497e-09,4.7112e-09,2.58737e-09,840,824,825,839,841,854,855,2417,2418,2432,2433,2434,2447,2448,0,0,0,0,0,0,0,0,0,824,825,839,841,854,855,2417,2418,2432,2433,2434,2447,2448,0,0,0,0,0,0,0,0,0,0.0543472,0.0450472,0.0399825,0.0451137,0.0393636,0.0550277,0.117921,0.111074,0.111566,0.101379,0.110488,0.110802,0.117152,0,0,0,0,0,0,0,0,0,0.06137,0.0474315,0.0440159,0.0476969,0.042976,0.0615417,0.119162,0.111637,0.110318,0.1,0.111804,0.109869,0.119307,0,0,0,0,0,0,0,0,0,1,1,1,1,1,1,1,1,1,1,1,1,1,0,0,0,0,0,0,0,0,0,1,1,1,1,1,1,1,1,1,1,1,1,1,0,0,0,0,0,0,0,0,0,1,0,0,0,0,0,0,0,0,0,0,0,0,0,0,0,0,0,0,0,0,0,0,13,0,0,0,0,0,0,0,0,0,0,0,0,0,0,0,0,0,0,0,0,0,0,0,0,0,0,0,0,0,0,0,0,0,0,0,0,0,0,0,0,0,0,0,0,0,0,0,0
-0.0929233,-0.171231,1.10386,0,0,0,0,-5.15794e-09,6.17323e-09,2.18026e-09,841,825,826,840,842,855,856,2418,2419,2433,2434,2435,2448,2449,0,0,0,0,0,0,0,0,0,825,826,840,842,855,856,2418,2419,2433,2434,2435,2448,2449,0,0,0,0,0,0,0,0,0,0.0542684,0.0507259,0.0451137,0.0510348,0.0451405,0.0549662,0.115431,0.113176,0.112861,0.0990367,0.112654,0.112719,0.115178,0,0,0,0,0,0,0,0,0,0.0523093,0.0520993,0.0476969,0.0520773,0.0471718,0.053026,0.114232,0.114122,0.112138,0.1,0.114105,0.111909,0.114609,0,0,0,0,0,0,0,0,0,1,1,1,1,1,1,1,1,1,1,1,1,1,0,0,0,0,0,0,0,0,0,1,1,1,1,1,1,1,1,1,1,1,1,1,0,0,0,0,0,0,0,0,0,1,0,0,0,0,0,0,0,0,0,0,0,0,0,0,0,0,0,0,0,0,0,0,13,0,0,0,0,0,0,0,0,0,0,0,0,0,0,0,0,0,0,0,0,0,0,0,0,0,0,0,0,0,0,0,0,0,0,0,0,0,0,0,0,0,0,0,0,0,0,0,0
-0.133003,-0.192222,1.08025,0,0,0,0,-7.26396e-09,7.87869e-09,2.76047e-09,842,826,827,841,843,856,857,2419,2420,2434,2435,2436,2449,2450,0,0,0,0,0,0,0,0,0,826,827,841,843,856,857,2419,2420,2434,2435,2436,2449,2450,0,0,0,0,0,0,0,0,0,0.0537818,0.0507485,0.0510348,0.0520574,0.0499789,0.0544129,0.115507,0.113458,0.114046,0.0996285,0.113454,0.113807,0.115361,0,0,0,0,0,0,0,0,0,0.0527028,0.051787,0.0520773,0.0525181,0.0511788,0.053225,0.114433,0.113961,0.114112,0.1,0.114334,0.113649,0.114709,0,0,0,0,0,0,0,0,0,1,1,1,1,1,1,1,1,1,1,1,1,1,0,0,0,0,0,0,0,0,0,1,1,1,1,1,1,1,1,1,1,1,1,1,0,0,0,0,0,0,0,0,0,1,0,0,0,0,0,0,0,0,0,0,0,0,0,0,0,0,0,0,0,0,0,0,13,0,0,0,0,0,0,0,0,0,0,0,0,0,0,0,0,0,0,0,0,0,0,0,0,0,0,0,0,0,0,0,0,0,0,0,0,0,0,0,0,0,0,0,0,0,0,0,0
-0.172623,-0.212841,1.05351,0,0,0,0,-9.91169e-09,9.76569e-09,3.85925e-09,843,827,828,842,844,857,858,2420,2421,2435,2436,2437,2450,2451,0,0,0,0,0,0,0,0,0,827,828,842,844,857,858,2420,2421,2435,2436,2437,2450,2451,0,0,0,0,0,0,0,0,0,0.0534204,0.0503681,0.0520574,0.0526156,0.0496621,0.0537547,0.115228,0.113321,0.114346,0.0996893,0.113804,0.113553,0.115012,0,0,0,0,0,0,0,0,0,0.0528819,0.051138,0.0525181,0.0527001,0.0506184,0.0530685,0.114524,0.113631,0.114337,0.1,0.114432,0.113371,0.114624,0,0,0,0,0,0,0,0,0,1,1,1,1,1,1,1,1,1,1,1,1,1,0,0,0,0,0,0,0,0,0,1,1,1,1,1,1,1,1,1,1,1,1,1,0,0,0,0,0,0,0,0,0,1,0,0,0,0,0,0,0,0,0,0,0,0,0,0,0,0,0,0,0,0,0,0,13,0,0,0,0,0,0,0,0,0,0,0,0,0,0,0,0,0,0,0,0,0,0,0,0,0,0,0,0,0,0,0,0,0,0,0,0,0,0,0,0,0,0,0,0,0,0,0,0
-0.211268,-0.232803,1.0239,0,0,0,0,-1.31689e-08,1.18278e-08,5.4726e-09,844,828,829,843,845,858,859,2421,2422,2436,2437,2438,2451,2452,0,0,0,0,0,0,0,0,0,828,829,843,845,858,859,2421,2422,2436,2437,2438,2451,2452,0,0,0,0,0,0,0,0,0,0.0530238,0.0495233,0.0526156,0.0527738,0.0491469,0.0529844,0.115,0.112958,0.114401,0.0997956,0.113964,0.11312,0.114648,0,0,0,0,0,0,0,0,0,0.0528302,0.0501321,0.0527001,0.0526475,0.0498887,0.0526353,0.114497,0.113129,0.114431,0.1,0.114408,0.113011,0.114398,0,0,0,0,0,0,0,0,0,1,1,1,1,1,1,1,1,1,1,1,1,1,0,0,0,0,0,0,0,0,0,1,1,1,1,1,1,1,1,1,1,1,1,1,0,0,0,0,0,0,0,0,0,1,0,0,0,0,0,0,0,0,0,0,0,0,0,0,0,0,0,0,0,0,0,0,13,0,0,0,0,0,0,0,0,0,0,0,0,0,0,0,0,0,0,0,0,0,0,0,0,0,0,0,0,0,0,0,0,0,0,0,0,0,0,0,0,0,0,0,0,0,0,0,0
-0.248587,-0.252012,0.991913,0,0,0,0,-1.70648e-08,1.40408e-08,7.54857e-09,845,829,830,844,846,859,860,2422,2423,2437,2438,2439,2452,2453,0,0,0,0,0,0,0,0,0,829,830,844,846,859,860,2422,2423,2437,2438,2439,2452,2453,0,0,0,0,0,0,0,0,0,0.0524437,0.0483593,0.0527738,0.052627,0.0483886,0.0520894,0.11466,0.11242,0.114369,0.0998614,0.113953,0.112653,0.1142,0,0,0,0,0,0,0,0,0,0.0524625,0.0488581,0.0526475,0.0523814,0.0489926,0.0519585,0.114307,0.112505,0.114404,0.1,0.114275,0.112573,0.114051,0,0,0,0,0,0,0,0,0,1,1,1,1,1,1,1,1,1,1,1,1,1,0,0,0,0,0,0,0,0,0,1,1,1,1,1,1,1,1,1,1,1,1,1,0,0,0,0,0,0,0,0,0,1,0,0,0,0,0,0,0,0,0,0,0,0,0,0,0,0,0,0,0,0,0,0,13,0,0,0,0,0,0,0,0,0,0,0,0,0,0,0,0,0,0,0,0,0,0,0,0,0,0,0,0,0,0,0,0,0,0,0,0,0,0,0,0,0,0,0,0,0,0,0,0
-0.28431,-0.270361,0.957902,0,0,0,0,-2.16139e-08,1.6395e-08,1.00257e-08,846,830,831,845,847,860,861,2423,2424,2438,2439,2440,2453,2454,0,0,0,0,0,0,0,0,0,830,831,845,847,860,861,2423,2424,2438,2439,2440,2453,2454,0,0,0,0,0,0,0,0,0,0.0515695,0.0470381,0.052627,0.0522201,0.0474417,0.05105,0.114168,0.111806,0.114227,0.0999085,0.113803,0.112131,0.113678,0,0,0,0,0,0,0,0,0,0.0517148,0.0474543,0.0523814,0.0519156,0.0479425,0.0510588,0.113926,0.111833,0.114268,0.1,0.114039,0.112068,0.113596,0,0,0,0,0,0,0,0,0,1,1,1,1,1,1,1,1,1,1,1,1,1,0,0,0,0,0,0,0,0,0,1,1,1,1,1,1,1,1,1,1,1,1,1,0,0,0,0,0,0,0,0,0,1,0,0,0,0,0,0,0,0,0,0,0,0,0,0,0,0,0,0,0,0,0,0,13,0,0,0,0,0,0,0,0,0,0,0,0,0,0,0,0,0,0,0,0,0,0,0,0,0,0,0,0,0,0,0,0,0,0,0,0,0,0,0,0,0,0,0,0,0,0,0,0
-0.318222,-0.287761,0.922206,0,0,0,0,-2.68037e-08,1.88893e-08,1.28294e-08,847,831,832,846,848,861,862,2424,2425,2439,2440,2441,2454,2455,0,0,0,0,0,0,0,0,0,831,832,846,848,861,862,2424,2425,2439,2440,2441,2454,2455,0,0,0,0,0,0,0,0,0,0.0503875,0.0456923,0.0522201,0.0515684,0.0463274,0.0498553,0.113528,0.11119,0.113984,0.0999399,0.113525,0.111561,0.113082,0,0,0,0,0,0,0,0,0,0.0506052,0.0460452,0.0519156,0.0512414,0.046746,0.049955,0.113369,0.111174,0.114032,0.1,0.113701,0.111504,0.113046,0,0,0,0,0,0,0,0,0,1,1,1,1,1,1,1,1,1,1,1,1,1,0,0,0,0,0,0,0,0,0,1,1,1,1,1,1,1,1,1,1,1,1,1,0,0,0,0,0,0,0,0,0,1,0,0,0,0,0,0,0,0,0,0,0,0,0,0,0,0,0,0,0,0,0,0,13,0,0,0,0,0,0,0,0,0,0,0,0,0,0,0,0,0,0,0,0,0,0,0,0,0,0,0,0,0,0,0,0,0,0,0,0,0,0,0,0,0,0,0,0,0,0,0,0
-0.350143,-0.30412,0.885156,0,0,0,0,-3.26046e-08,2.15343e-08,1.58701e-08,848,832,833,847,849,862,863,2425,2426,2440,2441,2442,2455,2456,0,0,0,0,0,0,0,0,0,832,833,847,849,862,863,2425,2426,2440,2441,2442,2455,2456,0,0,0,0,0,0,0,0,0,0.0489516,0.044365,0.0515684,0.0506823,0.0450582,0.0485018,0.112782,0.110593,0.113638,0.0999609,0.113127,0.110945,0.112421,0,0,0,0,0,0,0,0,0,0.0492121,0.044669,0.0512414,0.0503538,0.0454115,0.0486644,0.112683,0.110546,0.113692,0.1,0.113259,0.110887,0.112416,0,0,0,0,0,0,0,0,0,1,1,1,1,1,1,1,1,1,1,1,1,1,0,0,0,0,0,0,0,0,0,1,1,1,1,1,1,1,1,1,1,1,1,1,0,0,0,0,0,0,0,0,0,1,0,0,0,0,0,0,0,0,0,0,0,0,0,0,0,0,0,0,0,0,0,0,13,0,0,0,0,0,0,0,0,0,0,0,0,0,0,0,0,0,0,0,0,0,0,0,0,0,0,0,0,0,0,0,0,0,0,0,0,0,0,0,0,0,0,0,0,0,0,0,0
-0.379895,-0.319407,0.84708,0,0,0,0,-3.89688e-08,2.43548e-08,1.90367e-08,849,833,834,848,850,863,864,2426,2427,2441,2442,2443,2456,2457,0,0,0,0,0,0,0,0,0,833,834,848,850,863,864,2426,2427,2441,2442,2443,2456,2457,0,0,0,0,0,0,0,0,0,0.0473363,0.0430749,0.0506823,0.0495635,0.0435678,0.0469741,0.111976,0.11002,0.113191,0.099975,0.112618,0.110254,0.111692,0,0,0,0,0,0,0,0,0,0.0476257,0.0433397,0.0503538,0.0492472,0.0438738,0.0471813,0.11192,0.109955,0.11325,0.1,0.112716,0.110195,0.111709,0,0,0,0,0,0,0,0,0,1,1,1,1,1,1,1,1,1,1,1,1,1,0,0,0,0,0,0,0,0,0,1,1,1,1,1,1,1,1,1,1,1,1,1,0,0,0,0,0,0,0,0,0,1,0,0,0,0,0,0,0,0,0,0,0,0,0,0,0,0,0,0,0,0,0,0,13,0,0,0,0,0,0,0,0,0,0,0,0,0,0,0,0,0,0,0,0,0,0,0,0,0,0,0,0,0,0,0,0,0,0,0,0,0,0,0,0,0,0,0,0,0,0,0,0
-0.407241,-0.333738,0.808307,0,0,0,0,-4.58173e-08,2.74012e-08,2.21751e-08,850,834,835,849,851,864,865,2427,2428,2442,2443,2444,2457,2458,0,0,0,0,0,0,0,0,0,834,835,849,851,864,865,2427,2428,2442,2443,2444,2457,2458,0,0,0,0,0,0,0,0,0,0.0456563,0.0419435,0.0495635,0.0505678,0.041646,0.0470959,0.11117,0.109527,0.112647,0.0999856,0.113139,0.109403,0.111756,0,0,0,0,0,0,0,0,0,0.0459714,0.0421781,0.0492472,0.0502612,0.0419193,0.0473471,0.111146,0.10945,0.112707,0.1,0.113216,0.109344,0.111787,0,0,0,0,0,0,0,0,0,1,1,1,1,1,1,1,1,1,1,1,1,1,0,0,0,0,0,0,0,0,0,1,1,1,1,1,1,1,1,1,1,1,1,1,0,0,0,0,0,0,0,0,0,1,0,0,0,0,0,0,0,0,0,0,0,0,0,0,0,0,0,0,0,0,0,0,13,0,0,0,0,0,0,0,0,0,0,0,0,0,0,0,0,0,0,0,0,0,0,0,0,0,0,0,0,0,0,0,0,0,0,0,0,0,0,0,0,0,0,0,0,0,0,0,0
-0.43266,-0.348561,0.767182,0,0,0,0,-5.33109e-08,3.09845e-08,2.5025e-08,851,107,108,835,836,850,865,1700,1701,2428,2429,2443,2444,2458,0,0,0,0,0,0,0,0,0,107,108,835,836,850,865,1700,1701,2428,2429,2443,2444,2458,0,0,0,0,0,0,0,0,0,0.0471912,0.0508591,0.04591,0.0407395,0.0505678,0.0400739,0.111807,0.113309,0.111277,0.109022,0.113146,0.0999939,0.108729,0,0,0,0,0,0,0,0,0,0.0474869,0.0505593,0.0462495,0.0409715,0.0502612,0.0403254,0.111852,0.113365,0.111273,0.108938,0.113205,0.1,0.108673,0,0,0,0,0,0,0,0,0,1,1,1,1,1,1,1,1,1,1,1,1,1,0,0,0,0,0,0,0,0,0,1,1,1,1,1,1,1,1,1,1,1,1,1,0,0,0,0,0,0,0,0,0,1,0,0,0,0,0,0,0,0,0,0,0,0,0,0,0,0,0,0,0,0,0,0,13,0,0,0,0,0,0,0,0,0,0,0,0,0,0,0,0,0,0,0,0,0,0,0,0,0,0,0,0,0,0,0,0,0,0,0,0,0,0,0,0,0,0,0,0,0,0,0,0
0.0252927,-0.120084,1.13574,0,0,0,0,9.22572e-10,3.27022e-09,4.13302e-09,852,55,56,837,838,853,866,1648,1649,2430,2431,2445,2446,2459,0,0,0,0,0,0,0,0,0,55,56,837,838,853,866,1648,1649,2430,2431,2445,2446,2459,0,0,0,0,0,0,0,0,0,0.038669,0.0395308,0.0515505,0.0379946,0.0394142,0.0518266,0.109354,0.110335,0.11611,0.110147,0.100839,0.110202,0.115144,0,0,0,0,0,0,0,0,0,0.0424072,0.0435991,0.0583208,0.0423497,0.0436634,0.0581617,0.109622,0.110136,0.117445,0.109593,0.1,0.110166,0.117397,0,0,0,0,0,0,0,0,0,1,1,1,1,1,1,1,1,1,1,1,1,1,0,0,0,0,0,0,0,0,0,1,1,1,1,1,1,1,1,1,1,1,1,1,0,0,0,0,0,0,0,0,0,1,0,0,0,0,0,0,0,0,0,0,0,0,0,0,0,0,0,0,0,0,0,0,13,0,0,0,0,0,0,0,0,0,0,0,0,0,0,0,0,0,0,0,0,0,0,0,0,0,0,0,0,0,0,0,0,0,0,0,0,0,0,0,0,0,0,0,0,0,0,0,0
-0.00212712,-0.147623,1.12917,0,0,0,0,-4.25831e-10,4.41486e-09,2.26046e-09,853,838,839,852,854,866,867,2431,2432,2445,2446,2447,2459,2460,0,0,0,0,0,0,0,0,0,838,839,852,854,866,867,2431,2432,2445,2446,2447,2459,2460,0,0,0,0,0,0,0,0,0,0.0529665,0.0377791,0.0394142,0.0400967,0.0374556,0.0546289,0.116938,0.109786,0.110557,0.100915,0.110028,0.109153,0.116465,0,0,0,0,0,0,0,0,0,0.0593833,0.0420666,0.0436634,0.044198,0.0414554,0.0604621,0.118036,0.109471,0.110162,0.1,0.110403,0.109215,0.118688,0,0,0,0,0,0,0,0,0,1,1,1,1,1,1,1,1,1,1,1,1,1,0,0,0,0,0,0,0,0,0,1,1,1,1,1,1,1,1,1,1,1,1,1,0,0,0,0,0,0,0,0,0,1,0,0,0,0,0,0,0,0,0,0,0,0,0,0,0,0,0,0,0,0,0,0,13,0,0,0,0,0,0,0,0,0,0,0,0,0,0,0,0,0,0,0,0,0,0,0,0,0,0,0,0,0,0,0,0,0,0,0,0,0,0,0,0,0,0,0,0,0,0,0,0
-0.0293047,-0.174798,1.11774,0,0,0,0,-1.88162e-09,5.86302e-09,4.16128e-10,854,839,840,853,855,867,868,2432,2433,2446,2447,2448,2460,2461,0,0,0,0,0,0,0,0,0,839,840,853,855,867,868,2432,2433,2446,2447,2448,2460,2461,0,0,0,0,0,0,0,0,0,0.0545044,0.0393636,0.0400967,0.0412392,0.0384676,0.0552238,0.117602,0.110238,0.111099,0.100816,0.110178,0.109721,0.116588,0,0,0,0,0,0,0,0,0,0.0608064,0.042976,0.044198,0.0447399,0.0421894,0.0609843,0.118838,0.109866,0.110398,0.1,0.110648,0.10953,0.118986,0,0,0,0,0,0,0,0,0,1,1,1,1,1,1,1,1,1,1,1,1,1,0,0,0,0,0,0,0,0,0,1,1,1,1,1,1,1,1,1,1,1,1,1,0,0,0,0,0,0,0,0,0,1,0,0,0,0,0,0,0,0,0,0,0,0,0,0,0,0,0,0,0,0,0,0,13,0,0,0,0,0,0,0,0,0,0,0,0,0,0,0,0,0,0,0,0,0,0,0,0,0,0,0,0,0,0,0,0,0,0,0,0,0,0,0,0,0,0,0,0,0,0,0,0
-0.0580039,-0.199763,1.10181,0,0,0,0,-3.42405e-09,7.63299e-09,-1.16967e-09,855,840,841,854,856,868,869,2433,2434,2447,2448,2449,2461,2462,0,0,0,0,0,0,0,0,0,840,841,854,856,868,869,2433,2434,2447,2448,2449,2461,2462,0,0,0,0,0,0,0,0,0,0.0550277,0.0451405,0.0412392,0.0455556,0.0396048,0.0552958,0.118096,0.111239,0.111782,0.101282,0.110694,0.110632,0.116998,0,0,0,0,0,0,0,0,0,0.0615417,0.0471718,0.0447399,0.0478414,0.0427568,0.0611661,0.119257,0.111531,0.110644,0.1,0.111893,0.109778,0.119089,0,0,0,0,0,0,0,0,0,1,1,1,1,1,1,1,1,1,1,1,1,1,0,0,0,0,0,0,0,0,0,1,1,1,1,1,1,1,1,1,1,1,1,1,0,0,0,0,0,0,0,0,0,1,0,0,0,0,0,0,0,0,0,0,0,0,0,0,0,0,0,0,0,0,0,0,13,0,0,0,0,0,0,0,0,0,0,0,0,0,0,0,0,0,0,0,0,0,0,0,0,0,0,0,0,0,0,0,0,0,0,0,0,0,0,0,0,0,0,0,0,0,0,0,0
-0.0928605,-0.221905,1.08257,0,0,0,0,-5.02351e-09,9.56131e-09,-2.08881e-09,856,841,842,855,857,869,870,2434,2435,2448,2449,2450,2462,2463,0,0,0,0,0,0,0,0,0,841,842,855,857,869,870,2434,2435,2448,2449,2450,2462,2463,0,0,0,0,0,0,0,0,0,0.0549662,0.0499789,0.0455556,0.0507883,0.0447846,0.0549607,0.115729,0.112922,0.112806,0.0991013,0.112552,0.112339,0.115062,0,0,0,0,0,0,0,0,0,0.053026,0.0511788,0.0478414,0.0516721,0.0464769,0.0530305,0.1146,0.113657,0.112187,0.1,0.113899,0.111568,0.114613,0,0,0,0,0,0,0,0,0,1,1,1,1,1,1,1,1,1,1,1,1,1,0,0,0,0,0,0,0,0,0,1,1,1,1,1,1,1,1,1,1,1,1,1,0,0,0,0,0,0,0,0,0,1,0,0,0,0,0,0,0,0,0,0,0,0,0,0,0,0,0,0,0,0,0,0,13,0,0,0,0,0,0,0,0,0,0,0,0,0,0,0,0,0,0,0,0,0,0,0,0,0,0,0,0,0,0,0,0,0,0,0,0,0,0,0,0,0,0,0,0,0,0,0,0
-0.132447,-0.241733,1.05769,0,0,0,0,-7.10393e-09,1.17446e-08,-1.99914e-09,857,842,843,856,858,870,871,2435,2436,2449,2450,2451,2463,2464,0,0,0,0,0,0,0,0,0,842,843,856,858,870,871,2435,2436,2449,2450,2451,2463,2464,0,0,0,0,0,0,0,0,0,0.0544129,0.0496621,0.0507883,0.0517373,0.0489603,0.054229,0.115713,0.112985,0.113801,0.0996417,0.11329,0.113237,0.115131,0,0,0,0,0,0,0,0,0,0.053225,0.0506184,0.0516721,0.0520641,0.0499914,0.0529618,0.114702,0.113375,0.113906,0.1,0.114101,0.113058,0.114575,0,0,0,0,0,0,0,0,0,1,1,1,1,1,1,1,1,1,1,1,1,1,0,0,0,0,0,0,0,0,0,1,1,1,1,1,1,1,1,1,1,1,1,1,0,0,0,0,0,0,0,0,0,1,0,0,0,0,0,0,0,0,0,0,0,0,0,0,0,0,0,0,0,0,0,0,13,0,0,0,0,0,0,0,0,0,0,0,0,0,0,0,0,0,0,0,0,0,0,0,0,0,0,0,0,0,0,0,0,0,0,0,0,0,0,0,0,0,0,0,0,0,0,0,0
-0.171514,-0.261086,1.02983,0,0,0,0,-9.71335e-09,1.41165e-08,-1.37432e-09,858,843,844,857,859,871,872,2436,2437,2450,2451,2452,2464,2465,0,0,0,0,0,0,0,0,0,843,844,857,859,871,872,2436,2437,2450,2451,2452,2464,2465,0,0,0,0,0,0,0,0,0,0.0537547,0.0491469,0.0517373,0.052236,0.0484985,0.0533956,0.115278,0.112763,0.114092,0.0996997,0.113608,0.11294,0.114716,0,0,0,0,0,0,0,0,0,0.0530685,0.0498887,0.0520641,0.0522039,0.0493703,0.0525881,0.114621,0.113012,0.114105,0.1,0.114176,0.112755,0.11438,0,0,0,0,0,0,0,0,0,1,1,1,1,1,1,1,1,1,1,1,1,1,0,0,0,0,0,0,0,0,0,1,1,1,1,1,1,1,1,1,1,1,1,1,0,0,0,0,0,0,0,0,0,1,0,0,0,0,0,0,0,0,0,0,0,0,0,0,0,0,0,0,0,0,0,0,13,0,0,0,0,0,0,0,0,0,0,0,0,0,0,0,0,0,0,0,0,0,0,0,0,0,0,0,0,0,0,0,0,0,0,0,0,0,0,0,0,0,0,0,0,0,0,0,0
-0.209583,-0.279688,0.99928,0,0,0,0,-1.29144e-08,1.66661e-08,-2.05771e-10,859,844,845,858,860,872,873,2437,2438,2451,2452,2453,2465,2466,0,0,0,0,0,0,0,0,0,844,845,858,860,872,873,2437,2438,2451,2452,2453,2465,2466,0,0,0,0,0,0,0,0,0,0.0529844,0.0483886,0.052236,0.0523221,0.0479386,0.0524647,0.114862,0.112434,0.114143,0.0997983,0.113731,0.112514,0.114287,0,0,0,0,0,0,0,0,0,0.0526353,0.0489926,0.0522039,0.052098,0.0486485,0.0519756,0.114397,0.112572,0.114176,0.1,0.114125,0.112405,0.114065,0,0,0,0,0,0,0,0,0,1,1,1,1,1,1,1,1,1,1,1,1,1,0,0,0,0,0,0,0,0,0,1,1,1,1,1,1,1,1,1,1,1,1,1,0,0,0,0,0,0,0,0,0,1,0,0,0,0,0,0,0,0,0,0,0,0,0,0,0,0,0,0,0,0,0,0,13,0,0,0,0,0,0,0,0,0,0,0,0,0,0,0,0,0,0,0,0,0,0,0,0,0,0,0,0,0,0,0,0,0,0,0,0,0,0,0,0,0,0,0,0,0,0,0,0
-0.246311,-0.29743,0.96651,0,0,0,0,-1.67336e-08,1.93608e-08,1.46121e-09,860,845,846,859,861,873,874,2438,2439,2452,2453,2454,2466,2467,0,0,0,0,0,0,0,0,0,845,846,859,861,873,874,2438,2439,2452,2453,2454,2466,2467,0,0,0,0,0,0,0,0,0,0.0520894,0.0474417,0.0523221,0.0520833,0.0472288,0.0514435,0.114373,0.112001,0.11409,0.09986,0.113676,0.112086,0.113791,0,0,0,0,0,0,0,0,0,0.0519585,0.0479425,0.052098,0.0517622,0.0478229,0.0511705,0.114051,0.112066,0.114123,0.1,0.113957,0.11201,0.113656,0,0,0,0,0,0,0,0,0,1,1,1,1,1,1,1,1,1,1,1,1,1,0,0,0,0,0,0,0,0,0,1,1,1,1,1,1,1,1,1,1,1,1,1,0,0,0,0,0,0,0,0,0,1,0,0,0,0,0,0,0,0,0,0,0,0,0,0,0,0,0,0,0,0,0,0,13,0,0,0,0,0,0,0,0,0,0,0,0,0,0,0,0,0,0,0,0,0,0,0,0,0,0,0,0,0,0,0,0,0,0,0,0,0,0,0,0,0,0,0,0,0,0,0,0
-0.281431,-0.314195,0.931895,0,0,0,0,-2.11849e-08,2.21837e-08,3.56935e-09,861,846,847,860,862,874,875,2439,2440,2453,2454,2455,2467,2468,0,0,0,0,0,0,0,0,0,846,847,860,862,874,875,2439,2440,2453,2454,2455,2467,2468,0,0,0,0,0,0,0,0,0,0.05105,0.0463274,0.0520833,0.0515788,0.0463951,0.0503325,0.113814,0.111491,0.113914,0.0999043,0.113481,0.11163,0.113251,0,0,0,0,0,0,0,0,0,0.0510588,0.046746,0.0517622,0.0512185,0.0468897,0.0502112,0.113596,0.1115,0.113953,0.1,0.113685,0.11157,0.113177,0,0,0,0,0,0,0,0,0,1,1,1,1,1,1,1,1,1,1,1,1,1,0,0,0,0,0,0,0,0,0,1,1,1,1,1,1,1,1,1,1,1,1,1,0,0,0,0,0,0,0,0,0,1,0,0,0,0,0,0,0,0,0,0,0,0,0,0,0,0,0,0,0,0,0,0,13,0,0,0,0,0,0,0,0,0,0,0,0,0,0,0,0,0,0,0,0,0,0,0,0,0,0,0,0,0,0,0,0,0,0,0,0,0,0,0,0,0,0,0,0,0,0,0,0
-0.314742,-0.329891,0.895778,0,0,0,0,-2.62636e-08,2.51304e-08,6.0462e-09,862,847,848,861,863,875,876,2440,2441,2454,2455,2456,2468,2469,0,0,0,0,0,0,0,0,0,847,848,861,863,875,876,2440,2441,2454,2455,2456,2468,2469,0,0,0,0,0,0,0,0,0,0.0498553,0.0450582,0.0515788,0.0508482,0.0454283,0.0491471,0.113186,0.110916,0.113632,0.0999345,0.11317,0.111139,0.112678,0,0,0,0,0,0,0,0,0,0.049955,0.0454115,0.0512185,0.0504798,0.0458366,0.0491393,0.113047,0.110883,0.113679,0.1,0.113318,0.111081,0.11265,0,0,0,0,0,0,0,0,0,1,1,1,1,1,1,1,1,1,1,1,1,1,0,0,0,0,0,0,0,0,0,1,1,1,1,1,1,1,1,1,1,1,1,1,0,0,0,0,0,0,0,0,0,1,0,0,0,0,0,0,0,0,0,0,0,0,0,0,0,0,0,0,0,0,0,0,13,0,0,0,0,0,0,0,0,0,0,0,0,0,0,0,0,0,0,0,0,0,0,0,0,0,0,0,0,0,0,0,0,0,0,0,0,0,0,0,0,0,0,0,0,0,0,0,0
-0.346099,-0.344426,0.858482,0,0,0,0,-3.19533e-08,2.82054e-08,8.81453e-09,863,848,849,862,864,876,877,2441,2442,2455,2456,2457,2469,2470,0,0,0,0,0,0,0,0,0,848,849,862,864,876,877,2441,2442,2455,2456,2457,2469,2470,0,0,0,0,0,0,0,0,0,0.0485018,0.0435678,0.0508482,0.0499284,0.0443138,0.0479516,0.112496,0.110252,0.113256,0.0999556,0.112767,0.110604,0.112111,0,0,0,0,0,0,0,0,0,0.0486644,0.0438738,0.0504798,0.0495681,0.0446556,0.0480324,0.112418,0.110191,0.113311,0.1,0.11287,0.110543,0.112115,0,0,0,0,0,0,0,0,0,1,1,1,1,1,1,1,1,1,1,1,1,1,0,0,0,0,0,0,0,0,0,1,1,1,1,1,1,1,1,1,1,1,1,1,0,0,0,0,0,0,0,0,0,1,0,0,0,0,0,0,0,0,0,0,0,0,0,0,0,0,0,0,0,0,0,0,13,0,0,0,0,0,0,0,0,0,0,0,0,0,0,0,0,0,0,0,0,0,0,0,0,0,0,0,0,0,0,0,0,0,0,0,0,0,0,0,0,0,0,0,0,0,0,0,0
-0.375394,-0.357741,0.820307,0,0,0,0,-3.82254e-08,3.14215e-08,1.17931e-08,864,849,850,863,865,877,878,2442,2443,2456,2457,2458,2470,2471,0,0,0,0,0,0,0,0,0,849,850,863,865,877,878,2442,2443,2456,2457,2458,2470,2471,0,0,0,0,0,0,0,0,0,0.0469741,0.041646,0.0499284,0.0501187,0.0429667,0.047022,0.111742,0.109417,0.112803,0.0999712,0.112903,0.109987,0.111687,0,0,0,0,0,0,0,0,0,0.0471813,0.0419193,0.0495681,0.0497745,0.0432714,0.0471732,0.111711,0.10934,0.112862,0.1,0.112974,0.109928,0.111708,0,0,0,0,0,0,0,0,0,1,1,1,1,1,1,1,1,1,1,1,1,1,0,0,0,0,0,0,0,0,0,1,1,1,1,1,1,1,1,1,1,1,1,1,0,0,0,0,0,0,0,0,0,1,0,0,0,0,0,0,0,0,0,0,0,0,0,0,0,0,0,0,0,0,0,0,13,0,0,0,0,0,0,0,0,0,0,0,0,0,0,0,0,0,0,0,0,0,0,0,0,0,0,0,0,0,0,0,0,0,0,0,0,0,0,0,0,0,0,0,0,0,0,0,0
-0.402377,-0.371291,0.780305,0,0,0,0,-4.50776e-08,3.5112e-08,1.45499e-08,865,106,107,850,851,864,878,1699,1700,2443,2444,2457,2458,2471,0,0,0,0,0,0,0,0,0,106,107,850,851,864,878,1699,1700,2443,2444,2457,2458,2471,0,0,0,0,0,0,0,0,0,0.0477215,0.0509749,0.0470959,0.0400739,0.0501187,0.0404597,0.112035,0.113354,0.111787,0.108756,0.112904,0.0999845,0.108901,0,0,0,0,0,0,0,0,0,0.047941,0.0506426,0.0473471,0.0403254,0.0497745,0.040728,0.112071,0.113405,0.111788,0.10867,0.112964,0.1,0.10884,0,0,0,0,0,0,0,0,0,1,1,1,1,1,1,1,1,1,1,1,1,1,0,0,0,0,0,0,0,0,0,1,1,1,1,1,1,1,1,1,1,1,1,1,0,0,0,0,0,0,0,0,0,1,0,0,0,0,0,0,0,0,0,0,0,0,0,0,0,0,0,0,0,0,0,0,13,0,0,0,0,0,0,0,0,0,0,0,0,0,0,0,0,0,0,0,0,0,0,0,0,0,0,0,0,0,0,0,0,0,0,0,0,0,0,0,0,0,0,0,0,0,0,0,0
0.0269114,-0.169445,1.12003,0,0,0,0,9.84486e-10,5.57873e-09,1.22729e-09,866,54,55,852,853,867,879,1647,1648,2445,2446,2459,2460,2472,0,0,0,0,0,0,0,0,0,54,55,852,853,867,879,1647,1648,2445,2446,2459,2460,2472,0,0,0,0,0,0,0,0,0,0.0386874,0.040496,0.0518266,0.0374556,0.0411561,0.0548189,0.109285,0.110637,0.116055,0.109844,0.100797,0.110817,0.116432,0,0,0,0,0,0,0,0,0,0.0420478,0.0440536,0.0581617,0.0414554,0.0449708,0.0604582,0.109471,0.110339,0.117355,0.109214,0.1,0.110751,0.118685,0,0,0,0,0,0,0,0,0,1,1,1,1,1,1,1,1,1,1,1,1,1,0,0,0,0,0,0,0,0,0,1,1,1,1,1,1,1,1,1,1,1,1,1,0,0,0,0,0,0,0,0,0,1,0,0,0,0,0,0,0,0,0,0,0,0,0,0,0,0,0,0,0,0,0,0,13,0,0,0,0,0,0,0,0,0,0,0,0,0,0,0,0,0,0,0,0,0,0,0,0,0,0,0,0,0,0,0,0,0,0,0,0,0,0,0,0,0,0,0,0,0,0,0,0
-0.000202657,-0.198681,1.10984,0,0,0,0,-4.13167e-10,7.22198e-09,-1.44824e-09,867,853,854,866,868,879,880,2446,2447,2459,2460,2461,2472,2473,0,0,0,0,0,0,0,0,0,853,854,866,868,879,880,2446,2447,2459,2460,2461,2472,2473,0,0,0,0,0,0,0,0,0,0.0546289,0.0384676,0.0411561,0.0413979,0.0380292,0.054995,0.11763,0.110079,0.111156,0.10087,0.110471,0.109081,0.1164,0,0,0,0,0,0,0,0,0,0.0604621,0.0421894,0.0449708,0.0448994,0.0415334,0.0603113,0.118641,0.109528,0.110746,0.1,0.110721,0.109252,0.118601,0,0,0,0,0,0,0,0,0,1,1,1,1,1,1,1,1,1,1,1,1,1,0,0,0,0,0,0,0,0,0,1,1,1,1,1,1,1,1,1,1,1,1,1,0,0,0,0,0,0,0,0,0,1,0,0,0,0,0,0,0,0,0,0,0,0,0,0,0,0,0,0,0,0,0,0,13,0,0,0,0,0,0,0,0,0,0,0,0,0,0,0,0,0,0,0,0,0,0,0,0,0,0,0,0,0,0,0,0,0,0,0,0,0,0,0,0,0,0,0,0,0,0,0,0
-0.0284602,-0.225417,1.09568,0,0,0,0,-1.78249e-09,9.20189e-09,-3.91528e-09,868,854,855,867,869,880,881,2447,2448,2460,2461,2462,2473,2474,0,0,0,0,0,0,0,0,0,854,855,867,869,880,881,2447,2448,2460,2461,2462,2473,2474,0,0,0,0,0,0,0,0,0,0.0552238,0.0396048,0.0413979,0.0421151,0.0386036,0.0550888,0.11778,0.110298,0.111395,0.100762,0.110434,0.109567,0.116281,0,0,0,0,0,0,0,0,0,0.0609843,0.0427568,0.0448994,0.04514,0.0418314,0.0602312,0.118937,0.109775,0.110715,0.1,0.110832,0.109381,0.118555,0,0,0,0,0,0,0,0,0,1,1,1,1,1,1,1,1,1,1,1,1,1,0,0,0,0,0,0,0,0,0,1,1,1,1,1,1,1,1,1,1,1,1,1,0,0,0,0,0,0,0,0,0,1,0,0,0,0,0,0,0,0,0,0,0,0,0,0,0,0,0,0,0,0,0,0,13,0,0,0,0,0,0,0,0,0,0,0,0,0,0,0,0,0,0,0,0,0,0,0,0,0,0,0,0,0,0,0,0,0,0,0,0,0,0,0,0,0,0,0,0,0,0,0,0
-0.057914,-0.249462,1.07757,0,0,0,0,-3.2843e-09,1.15384e-08,-6.00655e-09,869,855,856,868,870,881,882,2448,2449,2461,2462,2463,2474,2475,0,0,0,0,0,0,0,0,0,855,856,868,870,881,882,2448,2449,2461,2462,2463,2474,2475,0,0,0,0,0,0,0,0,0,0.0552958,0.0447846,0.0421151,0.0457033,0.0395187,0.0548631,0.117955,0.111128,0.111861,0.101166,0.110774,0.110347,0.116498,0,0,0,0,0,0,0,0,0,0.0611661,0.0464769,0.04514,0.0477681,0.0421925,0.0600411,0.119039,0.111224,0.110827,0.1,0.111875,0.109538,0.118446,0,0,0,0,0,0,0,0,0,1,1,1,1,1,1,1,1,1,1,1,1,1,0,0,0,0,0,0,0,0,0,1,1,1,1,1,1,1,1,1,1,1,1,1,0,0,0,0,0,0,0,0,0,1,0,0,0,0,0,0,0,0,0,0,0,0,0,0,0,0,0,0,0,0,0,0,13,0,0,0,0,0,0,0,0,0,0,0,0,0,0,0,0,0,0,0,0,0,0,0,0,0,0,0,0,0,0,0,0,0,0,0,0,0,0,0,0,0,0,0,0,0,0,0,0
-0.0927939,-0.270437,1.05678,0,0,0,0,-4.87596e-09,1.39902e-08,-7.35336e-09,870,856,857,869,871,882,883,2449,2450,2462,2463,2464,2475,2476,0,0,0,0,0,0,0,0,0,856,857,869,871,882,883,2449,2450,2462,2463,2464,2475,2476,0,0,0,0,0,0,0,0,0,0.0549607,0.0489603,0.0457033,0.0503021,0.0442009,0.0543565,0.115626,0.112509,0.11264,0.0991924,0.112369,0.11187,0.114678,0,0,0,0,0,0,0,0,0,0.0530305,0.0499914,0.0477681,0.0510802,0.045568,0.0524796,0.114603,0.113066,0.112136,0.1,0.1136,0.111134,0.11433,0,0,0,0,0,0,0,0,0,1,1,1,1,1,1,1,1,1,1,1,1,1,0,0,0,0,0,0,0,0,0,1,1,1,1,1,1,1,1,1,1,1,1,1,0,0,0,0,0,0,0,0,0,1,0,0,0,0,0,0,0,0,0,0,0,0,0,0,0,0,0,0,0,0,0,0,13,0,0,0,0,0,0,0,0,0,0,0,0,0,0,0,0,0,0,0,0,0,0,0,0,0,0,0,0,0,0,0,0,0,0,0,0,0,0,0,0,0,0,0,0,0,0,0,0
-0.131834,-0.288946,1.03102,0,0,0,0,-6.92735e-09,1.66833e-08,-7.66977e-09,871,857,858,870,872,883,884,2450,2451,2463,2464,2465,2476,2477,0,0,0,0,0,0,0,0,0,857,858,870,872,883,884,2450,2451,2463,2464,2465,2476,2477,0,0,0,0,0,0,0,0,0,0.054229,0.0484985,0.0503021,0.0511329,0.0478323,0.0535425,0.115486,0.112462,0.113472,0.099671,0.113013,0.112629,0.114674,0,0,0,0,0,0,0,0,0,0.0529618,0.0493703,0.0510802,0.0513745,0.0487076,0.0522425,0.114567,0.11276,0.113607,0.1,0.11375,0.112432,0.114208,0,0,0,0,0,0,0,0,0,1,1,1,1,1,1,1,1,1,1,1,1,1,0,0,0,0,0,0,0,0,0,1,1,1,1,1,1,1,1,1,1,1,1,1,0,0,0,0,0,0,0,0,0,1,0,0,0,0,0,0,0,0,0,0,0,0,0,0,0,0,0,0,0,0,0,0,13,0,0,0,0,0,0,0,0,0,0,0,0,0,0,0,0,0,0,0,0,0,0,0,0,0,0,0,0,0,0,0,0,0,0,0,0,0,0,0,0,0,0,0,0,0,0,0,0
-0.170248,-0.306906,1.00244,0,0,0,0,-9.48943e-09,1.9565e-08,-7.4392e-09,872,858,859,871,873,884,885,2451,2452,2464,2465,2466,2477,2478,0,0,0,0,0,0,0,0,0,858,859,871,873,884,885,2451,2452,2464,2465,2466,2477,2478,0,0,0,0,0,0,0,0,0,0.0533956,0.0479386,0.0511329,0.0515405,0.047287,0.0526404,0.114973,0.112209,0.113724,0.099722,0.113279,0.112315,0.114244,0,0,0,0,0,0,0,0,0,0.0525881,0.0486485,0.0513745,0.0514424,0.0480807,0.0517457,0.114374,0.112408,0.113755,0.1,0.113788,0.112131,0.113953,0,0,0,0,0,0,0,0,0,1,1,1,1,1,1,1,1,1,1,1,1,1,0,0,0,0,0,0,0,0,0,1,1,1,1,1,1,1,1,1,1,1,1,1,0,0,0,0,0,0,0,0,0,1,0,0,0,0,0,0,0,0,0,0,0,0,0,0,0,0,0,0,0,0,0,0,13,0,0,0,0,0,0,0,0,0,0,0,0,0,0,0,0,0,0,0,0,0,0,0,0,0,0,0,0,0,0,0,0,0,0,0,0,0,0,0,0,0,0,0,0,0,0,0,0
-0.207603,-0.324054,0.971347,0,0,0,0,-1.2621e-08,2.26192e-08,-6.64614e-09,873,859,860,872,874,885,886,2452,2453,2465,2466,2467,2478,2479,0,0,0,0,0,0,0,0,0,859,860,872,874,885,886,2452,2453,2465,2466,2467,2478,2479,0,0,0,0,0,0,0,0,0,0.0524647,0.0472288,0.0515405,0.0515564,0.0467011,0.0516515,0.114485,0.111899,0.11375,0.0998091,0.113361,0.111903,0.113799,0,0,0,0,0,0,0,0,0,0.0519756,0.0478229,0.0514424,0.0512858,0.0473792,0.051043,0.114061,0.112011,0.113789,0.1,0.113712,0.111798,0.113597,0,0,0,0,0,0,0,0,0,1,1,1,1,1,1,1,1,1,1,1,1,1,0,0,0,0,0,0,0,0,0,1,1,1,1,1,1,1,1,1,1,1,1,1,0,0,0,0,0,0,0,0,0,1,0,0,0,0,0,0,0,0,0,0,0,0,0,0,0,0,0,0,0,0,0,0,13,0,0,0,0,0,0,0,0,0,0,0,0,0,0,0,0,0,0,0,0,0,0,0,0,0,0,0,0,0,0,0,0,0,0,0,0,0,0,0,0,0,0,0,0,0,0,0,0
-0.243586,-0.340286,0.938184,0,0,0,0,-1.63483e-08,2.5807e-08,-5.33111e-09,874,860,861,873,875,886,887,2453,2454,2466,2467,2468,2479,2480,0,0,0,0,0,0,0,0,0,860,861,873,875,886,887,2453,2454,2466,2467,2468,2479,2480,0,0,0,0,0,0,0,0,0,0.0514435,0.0463951,0.0515564,0.0512748,0.0460272,0.0505837,0.113947,0.111523,0.113673,0.0998637,0.113283,0.111507,0.113296,0,0,0,0,0,0,0,0,0,0.0511705,0.0468897,0.0512858,0.0509254,0.0466015,0.0501836,0.113654,0.111569,0.113711,0.1,0.113534,0.111434,0.113167,0,0,0,0,0,0,0,0,0,1,1,1,1,1,1,1,1,1,1,1,1,1,0,0,0,0,0,0,0,0,0,1,1,1,1,1,1,1,1,1,1,1,1,1,0,0,0,0,0,0,0,0,0,1,0,0,0,0,0,0,0,0,0,0,0,0,0,0,0,0,0,0,0,0,0,0,13,0,0,0,0,0,0,0,0,0,0,0,0,0,0,0,0,0,0,0,0,0,0,0,0,0,0,0,0,0,0,0,0,0,0,0,0,0,0,0,0,0,0,0,0,0,0,0,0
-0.277973,-0.355484,0.903318,0,0,0,0,-2.06888e-08,2.91077e-08,-3.5448e-09,875,861,862,874,876,887,888,2454,2455,2467,2468,2469,2480,2481,0,0,0,0,0,0,0,0,0,861,862,874,876,887,888,2454,2455,2467,2468,2469,2480,2481,0,0,0,0,0,0,0,0,0,0.0503325,0.0454283,0.0512748,0.0507839,0.0452795,0.0494556,0.113371,0.111087,0.113484,0.0999034,0.113098,0.111103,0.112763,0,0,0,0,0,0,0,0,0,0.0502112,0.0458366,0.0509254,0.0504054,0.045747,0.0492228,0.113175,0.111079,0.113531,0.1,0.113277,0.111039,0.112694,0,0,0,0,0,0,0,0,0,1,1,1,1,1,1,1,1,1,1,1,1,1,0,0,0,0,0,0,0,0,0,1,1,1,1,1,1,1,1,1,1,1,1,1,0,0,0,0,0,0,0,0,0,1,0,0,0,0,0,0,0,0,0,0,0,0,0,0,0,0,0,0,0,0,0,0,13,0,0,0,0,0,0,0,0,0,0,0,0,0,0,0,0,0,0,0,0,0,0,0,0,0,0,0,0,0,0,0,0,0,0,0,0,0,0,0,0,0,0,0,0,0,0,0,0
-0.310621,-0.369557,0.867053,0,0,0,0,-2.56512e-08,3.25141e-08,-1.34877e-09,876,862,863,875,877,888,889,2455,2456,2468,2469,2470,2481,2482,0,0,0,0,0,0,0,0,0,862,863,875,877,888,889,2455,2456,2468,2469,2470,2481,2482,0,0,0,0,0,0,0,0,0,0.0491471,0.0443138,0.0507839,0.050202,0.044438,0.0483432,0.112768,0.110589,0.113217,0.0999312,0.112867,0.110678,0.112245,0,0,0,0,0,0,0,0,0,0.0491393,0.0446556,0.0504054,0.0498173,0.0448132,0.0482531,0.112649,0.110541,0.113273,0.1,0.112989,0.110614,0.112224,0,0,0,0,0,0,0,0,0,1,1,1,1,1,1,1,1,1,1,1,1,1,0,0,0,0,0,0,0,0,0,1,1,1,1,1,1,1,1,1,1,1,1,1,0,0,0,0,0,0,0,0,0,1,0,0,0,0,0,0,0,0,0,0,0,0,0,0,0,0,0,0,0,0,0,0,13,0,0,0,0,0,0,0,0,0,0,0,0,0,0,0,0,0,0,0,0,0,0,0,0,0,0,0,0,0,0,0,0,0,0,0,0,0,0,0,0,0,0,0,0,0,0,0,0
-0.341481,-0.38243,0.829608,0,0,0,0,-3.12499e-08,3.60301e-08,1.19944e-09,877,863,864,876,878,889,890,2456,2457,2469,2470,2471,2482,2483,0,0,0,0,0,0,0,0,0,863,864,876,878,889,890,2456,2457,2469,2470,2471,2482,2483,0,0,0,0,0,0,0,0,0,0.0479516,0.0429667,0.050202,0.0498937,0.0435134,0.047512,0.112171,0.109999,0.112923,0.0999521,0.112768,0.110239,0.111871,0,0,0,0,0,0,0,0,0,0.0480324,0.0432714,0.0498173,0.0495183,0.043834,0.0475363,0.112115,0.109925,0.112983,0.1,0.112844,0.110175,0.111882,0,0,0,0,0,0,0,0,0,1,1,1,1,1,1,1,1,1,1,1,1,1,0,0,0,0,0,0,0,0,0,1,1,1,1,1,1,1,1,1,1,1,1,1,0,0,0,0,0,0,0,0,0,1,0,0,0,0,0,0,0,0,0,0,0,0,0,0,0,0,0,0,0,0,0,0,13,0,0,0,0,0,0,0,0,0,0,0,0,0,0,0,0,0,0,0,0,0,0,0,0,0,0,0,0,0,0,0,0,0,0,0,0,0,0,0,0,0,0,0,0,0,0,0,0
-0.370704,-0.39413,0.790898,0,0,0,0,-3.75569e-08,3.97062e-08,4.06179e-09,878,105,106,864,865,877,890,1698,1699,2457,2458,2470,2471,2483,0,0,0,0,0,0,0,0,0,105,106,864,865,877,890,1698,1699,2457,2458,2470,2471,2483,0,0,0,0,0,0,0,0,0,0.0478841,0.0508189,0.047022,0.0404597,0.0498937,0.042635,0.112084,0.11326,0.111715,0.108917,0.112779,0.0999702,0.109842,0,0,0,0,0,0,0,0,0,0.04801,0.0504547,0.0471732,0.040728,0.0495183,0.0429287,0.112106,0.113309,0.111708,0.108838,0.112837,0.1,0.109777,0,0,0,0,0,0,0,0,0,1,1,1,1,1,1,1,1,1,1,1,1,1,0,0,0,0,0,0,0,0,0,1,1,1,1,1,1,1,1,1,1,1,1,1,0,0,0,0,0,0,0,0,0,1,0,0,0,0,0,0,0,0,0,0,0,0,0,0,0,0,0,0,0,0,0,0,13,0,0,0,0,0,0,0,0,0,0,0,0,0,0,0,0,0,0,0,0,0,0,0,0,0,0,0,0,0,0,0,0,0,0,0,0,0,0,0,0,0,0,0,0,0,0,0,0
0.0293141,-0.219765,1.09842,0,0,0,0,1.01384e-09,8.77147e-09,-2.9361e-09,879,53,54,866,867,880,891,1646,1647,2459,2460,2472,2473,2484,0,0,0,0,0,0,0,0,0,53,54,866,867,880,891,1646,1647,2459,2460,2472,2473,2484,0,0,0,0,0,0,0,0,0,0.0381601,0.0424471,0.0548189,0.0380292,0.0419018,0.0544194,0.108865,0.111358,0.117417,0.110048,0.100754,0.110969,0.115965,0,0,0,0,0,0,0,0,0,0.041241,0.0455983,0.0604582,0.0415334,0.0451108,0.0595248,0.10913,0.111034,0.118637,0.10925,0.1,0.110818,0.118155,0,0,0,0,0,0,0,0,0,1,1,1,1,1,1,1,1,1,1,1,1,1,0,0,0,0,0,0,0,0,0,1,1,1,1,1,1,1,1,1,1,1,1,1,0,0,0,0,0,0,0,0,0,1,0,0,0,0,0,0,0,0,0,0,0,0,0,0,0,0,0,0,0,0,0,0,13,0,0,0,0,0,0,0,0,0,0,0,0,0,0,0,0,0,0,0,0,0,0,0,0,0,0,0,0,0,0,0,0,0,0,0,0,0,0,0,0,0,0,0,0,0,0,0,0
0.00115991,-0.24804,1.08562,0,0,0,0,-3.21196e-10,1.10017e-08,-6.23064e-09,880,867,868,879,881,891,892,2460,2461,2472,2473,2474,2484,2485,0,0,0,0,0,0,0,0,0,867,868,879,881,891,892,2460,2461,2472,2473,2474,2484,2485,0,0,0,0,0,0,0,0,0,0.054995,0.0386036,0.0419018,0.0420892,0.0379669,0.0544676,0.11762,0.109996,0.111276,0.100797,0.110604,0.108881,0.115886,0,0,0,0,0,0,0,0,0,0.0603113,0.0418314,0.0451108,0.045077,0.0409833,0.0591812,0.118552,0.109378,0.110812,0.1,0.110804,0.109023,0.117961,0,0,0,0,0,0,0,0,0,1,1,1,1,1,1,1,1,1,1,1,1,1,0,0,0,0,0,0,0,0,0,1,1,1,1,1,1,1,1,1,1,1,1,1,0,0,0,0,0,0,0,0,0,1,0,0,0,0,0,0,0,0,0,0,0,0,0,0,0,0,0,0,0,0,0,0,13,0,0,0,0,0,0,0,0,0,0,0,0,0,0,0,0,0,0,0,0,0,0,0,0,0,0,0,0,0,0,0,0,0,0,0,0,0,0,0,0,0,0,0,0,0,0,0,0
-0.0278609,-0.273721,1.0692,0,0,0,0,-1.6555e-09,1.36022e-08,-9.21756e-09,881,868,869,880,882,892,893,2461,2462,2473,2474,2475,2485,2486,0,0,0,0,0,0,0,0,0,868,869,880,882,892,893,2461,2462,2473,2474,2475,2485,2486,0,0,0,0,0,0,0,0,0,0.0550888,0.0395187,0.0420892,0.0426018,0.0384504,0.0543519,0.117438,0.110134,0.111466,0.100696,0.110513,0.109317,0.115689,0,0,0,0,0,0,0,0,0,0.0602312,0.0421925,0.045077,0.0452178,0.0411788,0.0588632,0.118505,0.109535,0.110798,0.1,0.110871,0.109108,0.117782,0,0,0,0,0,0,0,0,0,1,1,1,1,1,1,1,1,1,1,1,1,1,0,0,0,0,0,0,0,0,0,1,1,1,1,1,1,1,1,1,1,1,1,1,0,0,0,0,0,0,0,0,0,1,0,0,0,0,0,0,0,0,0,0,0,0,0,0,0,0,0,0,0,0,0,0,13,0,0,0,0,0,0,0,0,0,0,0,0,0,0,0,0,0,0,0,0,0,0,0,0,0,0,0,0,0,0,0,0,0,0,0,0,0,0,0,0,0,0,0,0,0,0,0,0
-0.0578903,-0.296526,1.04937,0,0,0,0,-3.12609e-09,1.65499e-08,-1.17251e-08,882,869,870,881,883,893,894,2462,2463,2474,2475,2476,2486,2487,0,0,0,0,0,0,0,0,0,869,870,881,883,893,894,2462,2463,2474,2475,2476,2486,2487,0,0,0,0,0,0,0,0,0,0.0548631,0.0442009,0.0426018,0.0455918,0.0392538,0.053963,0.117411,0.110875,0.111781,0.101038,0.110743,0.109991,0.115789,0,0,0,0,0,0,0,0,0,0.0600411,0.045568,0.0452178,0.0474653,0.0414625,0.0584538,0.118396,0.110822,0.110865,0.1,0.111748,0.109232,0.117553,0,0,0,0,0,0,0,0,0,1,1,1,1,1,1,1,1,1,1,1,1,1,0,0,0,0,0,0,0,0,0,1,1,1,1,1,1,1,1,1,1,1,1,1,0,0,0,0,0,0,0,0,0,1,0,0,0,0,0,0,0,0,0,0,0,0,0,0,0,0,0,0,0,0,0,0,13,0,0,0,0,0,0,0,0,0,0,0,0,0,0,0,0,0,0,0,0,0,0,0,0,0,0,0,0,0,0,0,0,0,0,0,0,0,0,0,0,0,0,0,0,0,0,0,0
-0.0926787,-0.316183,1.02742,0,0,0,0,-4.70817e-09,1.95483e-08,-1.34144e-08,883,870,871,882,884,894,895,2463,2464,2475,2476,2477,2487,2488,0,0,0,0,0,0,0,0,0,870,871,882,884,894,895,2463,2464,2475,2476,2477,2487,2488,0,0,0,0,0,0,0,0,0,0.0543565,0.0478323,0.0455918,0.0496065,0.0434911,0.0533652,0.11522,0.112033,0.112368,0.0992977,0.11211,0.111359,0.114135,0,0,0,0,0,0,0,0,0,0.0524796,0.0487076,0.0474653,0.0503088,0.0445633,0.0515955,0.11432,0.112439,0.111976,0.1,0.113215,0.110663,0.113881,0,0,0,0,0,0,0,0,0,1,1,1,1,1,1,1,1,1,1,1,1,1,0,0,0,0,0,0,0,0,0,1,1,1,1,1,1,1,1,1,1,1,1,1,0,0,0,0,0,0,0,0,0,1,0,0,0,0,0,0,0,0,0,0,0,0,0,0,0,0,0,0,0,0,0,0,13,0,0,0,0,0,0,0,0,0,0,0,0,0,0,0,0,0,0,0,0,0,0,0,0,0,0,0,0,0,0,0,0,0,0,0,0,0,0,0,0,0,0,0,0,0,0,0,0
-0.131075,-0.333359,1.00112,0,0,0,0,-6.72536e-09,2.27598e-08,-1.40639e-08,884,871,872,883,885,895,896,2464,2465,2476,2477,2478,2488,2489,0,0,0,0,0,0,0,0,0,871,872,883,885,895,896,2464,2465,2476,2477,2478,2488,2489,0,0,0,0,0,0,0,0,0,0.0535425,0.047287,0.0496065,0.0503197,0.0466266,0.0525332,0.115013,0.111915,0.113066,0.0997103,0.112657,0.112001,0.114086,0,0,0,0,0,0,0,0,0,0.0522425,0.0480807,0.0503088,0.0505115,0.0473673,0.0512468,0.114199,0.112136,0.113222,0.1,0.113318,0.111792,0.113705,0,0,0,0,0,0,0,0,0,1,1,1,1,1,1,1,1,1,1,1,1,1,0,0,0,0,0,0,0,0,0,1,1,1,1,1,1,1,1,1,1,1,1,1,0,0,0,0,0,0,0,0,0,1,0,0,0,0,0,0,0,0,0,0,0,0,0,0,0,0,0,0,0,0,0,0,13,0,0,0,0,0,0,0,0,0,0,0,0,0,0,0,0,0,0,0,0,0,0,0,0,0,0,0,0,0,0,0,0,0,0,0,0,0,0,0,0,0,0,0,0,0,0,0,0
-0.168733,-0.349929,0.972149,0,0,0,0,-9.23297e-09,2.61584e-08,-1.4161e-08,885,872,873,884,886,896,897,2465,2466,2477,2478,2479,2489,2490,0,0,0,0,0,0,0,0,0,872,873,884,886,896,897,2465,2466,2477,2478,2479,2489,2490,0,0,0,0,0,0,0,0,0,0.0526404,0.0467011,0.0503197,0.0506337,0.0460194,0.0516297,0.114482,0.111644,0.113276,0.0997518,0.112864,0.111676,0.113672,0,0,0,0,0,0,0,0,0,0.0517457,0.0473792,0.0505115,0.0505141,0.0467497,0.050674,0.113946,0.111802,0.113323,0.1,0.113322,0.111502,0.113417,0,0,0,0,0,0,0,0,0,1,1,1,1,1,1,1,1,1,1,1,1,1,0,0,0,0,0,0,0,0,0,1,1,1,1,1,1,1,1,1,1,1,1,1,0,0,0,0,0,0,0,0,0,1,0,0,0,0,0,0,0,0,0,0,0,0,0,0,0,0,0,0,0,0,0,0,13,0,0,0,0,0,0,0,0,0,0,0,0,0,0,0,0,0,0,0,0,0,0,0,0,0,0,0,0,0,0,0,0,0,0,0,0,0,0,0,0,0,0,0,0,0,0,0,0
-0.205266,-0.365647,0.940812,0,0,0,0,-1.2288e-08,2.97205e-08,-1.36845e-08,886,873,874,885,887,897,898,2466,2467,2478,2479,2480,2490,2491,0,0,0,0,0,0,0,0,0,873,874,885,887,897,898,2466,2467,2478,2479,2480,2490,2491,0,0,0,0,0,0,0,0,0,0.0516515,0.0460272,0.0506337,0.0505924,0.0454254,0.0506398,0.113976,0.111349,0.113273,0.0998247,0.112909,0.111285,0.113236,0,0,0,0,0,0,0,0,0,0.051043,0.0466015,0.0505141,0.0503249,0.0460705,0.0499264,0.113591,0.111436,0.113324,0.1,0.113231,0.111187,0.113044,0,0,0,0,0,0,0,0,0,1,1,1,1,1,1,1,1,1,1,1,1,1,0,0,0,0,0,0,0,0,0,1,1,1,1,1,1,1,1,1,1,1,1,1,0,0,0,0,0,0,0,0,0,1,0,0,0,0,0,0,0,0,0,0,0,0,0,0,0,0,0,0,0,0,0,0,13,0,0,0,0,0,0,0,0,0,0,0,0,0,0,0,0,0,0,0,0,0,0,0,0,0,0,0,0,0,0,0,0,0,0,0,0,0,0,0,0,0,0,0,0,0,0,0,0
-0.24041,-0.38041,0.907546,0,0,0,0,-1.59172e-08,3.34012e-08,-1.2668e-08,887,874,875,886,888,898,899,2467,2468,2479,2480,2481,2491,2492,0,0,0,0,0,0,0,0,0,874,875,886,888,898,899,2467,2468,2479,2480,2481,2491,2492,0,0,0,0,0,0,0,0,0,0.0505837,0.0452795,0.0505924,0.0503186,0.044805,0.0495661,0.113431,0.111017,0.113175,0.0998702,0.112834,0.110927,0.112741,0,0,0,0,0,0,0,0,0,0.0501836,0.045747,0.0503249,0.0499822,0.0453325,0.0490611,0.113163,0.111039,0.113231,0.1,0.113064,0.110848,0.112619,0,0,0,0,0,0,0,0,0,1,1,1,1,1,1,1,1,1,1,1,1,1,0,0,0,0,0,0,0,0,0,1,1,1,1,1,1,1,1,1,1,1,1,1,0,0,0,0,0,0,0,0,0,1,0,0,0,0,0,0,0,0,0,0,0,0,0,0,0,0,0,0,0,0,0,0,13,0,0,0,0,0,0,0,0,0,0,0,0,0,0,0,0,0,0,0,0,0,0,0,0,0,0,0,0,0,0,0,0,0,0,0,0,0,0,0,0,0,0,0,0,0,0,0,0
-0.274007,-0.394103,0.87268,0,0,0,0,-2.01449e-08,3.71771e-08,-1.11524e-08,888,875,876,887,889,899,900,2468,2469,2480,2481,2482,2492,2493,0,0,0,0,0,0,0,0,0,875,876,887,889,899,900,2468,2469,2480,2481,2482,2492,2493,0,0,0,0,0,0,0,0,0,0.0494556,0.044438,0.0503186,0.0499559,0.0441434,0.0484679,0.112864,0.110643,0.112996,0.0999035,0.112716,0.110569,0.112242,0,0,0,0,0,0,0,0,0,0.0492228,0.0448132,0.0499822,0.0495808,0.044543,0.0481644,0.112691,0.110613,0.113062,0.1,0.112869,0.110491,0.112185,0,0,0,0,0,0,0,0,0,1,1,1,1,1,1,1,1,1,1,1,1,1,0,0,0,0,0,0,0,0,0,1,1,1,1,1,1,1,1,1,1,1,1,1,0,0,0,0,0,0,0,0,0,1,0,0,0,0,0,0,0,0,0,0,0,0,0,0,0,0,0,0,0,0,0,0,13,0,0,0,0,0,0,0,0,0,0,0,0,0,0,0,0,0,0,0,0,0,0,0,0,0,0,0,0,0,0,0,0,0,0,0,0,0,0,0,0,0,0,0,0,0,0,0,0
-0.305991,-0.406668,0.83642,0,0,0,0,-2.50022e-08,4.10479e-08,-9.19107e-09,889,876,877,888,890,900,901,2469,2470,2481,2482,2483,2493,2494,0,0,0,0,0,0,0,0,0,876,877,888,890,900,901,2469,2470,2481,2482,2483,2493,2494,0,0,0,0,0,0,0,0,0,0.0483432,0.0435134,0.0499559,0.0497652,0.0433886,0.0475599,0.112316,0.110237,0.112799,0.0999305,0.112677,0.110197,0.111843,0,0,0,0,0,0,0,0,0,0.0482531,0.043834,0.0495808,0.0493787,0.0437187,0.0474212,0.112222,0.110174,0.112866,0.1,0.112772,0.110124,0.111831,0,0,0,0,0,0,0,0,0,1,1,1,1,1,1,1,1,1,1,1,1,1,0,0,0,0,0,0,0,0,0,1,1,1,1,1,1,1,1,1,1,1,1,1,0,0,0,0,0,0,0,0,0,1,0,0,0,0,0,0,0,0,0,0,0,0,0,0,0,0,0,0,0,0,0,0,13,0,0,0,0,0,0,0,0,0,0,0,0,0,0,0,0,0,0,0,0,0,0,0,0,0,0,0,0,0,0,0,0,0,0,0,0,0,0,0,0,0,0,0,0,0,0,0,0
-0.336381,-0.418178,0.79873,0,0,0,0,-3.05455e-08,4.50596e-08,-6.85583e-09,890,104,105,877,878,889,901,1697,1698,2470,2471,2482,2483,2494,0,0,0,0,0,0,0,0,0,104,105,877,878,889,901,1697,1698,2470,2471,2482,2483,2494,0,0,0,0,0,0,0,0,0,0.0472334,0.050489,0.047512,0.042635,0.0497652,0.0426427,0.111729,0.113077,0.111913,0.109851,0.112707,0.0999519,0.109851,0,0,0,0,0,0,0,0,0,0.0472348,0.050104,0.0475363,0.0429287,0.0493787,0.0429405,0.111741,0.113131,0.11188,0.109775,0.112767,0.1,0.109782,0,0,0,0,0,0,0,0,0,1,1,1,1,1,1,1,1,1,1,1,1,1,0,0,0,0,0,0,0,0,0,1,1,1,1,1,1,1,1,1,1,1,1,1,0,0,0,0,0,0,0,0,0,1,0,0,0,0,0,0,0,0,0,0,0,0,0,0,0,0,0,0,0,0,0,0,13,0,0,0,0,0,0,0,0,0,0,0,0,0,0,0,0,0,0,0,0,0,0,0,0,0,0,0,0,0,0,0,0,0,0,0,0,0,0,0,0,0,0,0,0,0,0,0,0
0.0309538,-0.267654,1.07262,0,0,0,0,1.12203e-09,1.29762e-08,-8.04738e-09,891,52,53,879,880,892,902,1645,1646,2472,2473,2484,2485,2495,0,0,0,0,0,0,0,0,0,52,53,879,880,892,902,1645,1646,2472,2473,2484,2485,2495,0,0,0,0,0,0,0,0,0,0.0376477,0.0424763,0.0544194,0.0379669,0.0422703,0.0535274,0.108499,0.111249,0.117022,0.109802,0.100678,0.110911,0.115273,0,0,0,0,0,0,0,0,0,0.0403221,0.0450921,0.0595248,0.0409833,0.0449721,0.0580254,0.108749,0.110805,0.118107,0.109021,0.1,0.110758,0.117317,0,0,0,0,0,0,0,0,0,1,1,1,1,1,1,1,1,1,1,1,1,1,0,0,0,0,0,0,0,0,0,1,1,1,1,1,1,1,1,1,1,1,1,1,0,0,0,0,0,0,0,0,0,1,0,0,0,0,0,0,0,0,0,0,0,0,0,0,0,0,0,0,0,0,0,0,13,0,0,0,0,0,0,0,0,0,0,0,0,0,0,0,0,0,0,0,0,0,0,0,0,0,0,0,0,0,0,0,0,0,0,0,0,0,0,0,0,0,0,0,0,0,0,0,0
0.0021796,-0.294706,1.05755,0,0,0,0,-1.93045e-10,1.58714e-08,-1.18652e-08,892,880,881,891,893,902,903,2473,2474,2484,2485,2486,2495,2496,0,0,0,0,0,0,0,0,0,880,881,891,893,902,903,2473,2474,2484,2485,2486,2495,2496,0,0,0,0,0,0,0,0,0,0.0544676,0.0384504,0.0422703,0.0424702,0.0376723,0.0535118,0.117061,0.10974,0.11126,0.100716,0.110604,0.108606,0.115188,0,0,0,0,0,0,0,0,0,0.0591812,0.0411788,0.0449721,0.0449998,0.0402244,0.0576133,0.117913,0.109106,0.110751,0.1,0.110772,0.108711,0.117088,0,0,0,0,0,0,0,0,0,1,1,1,1,1,1,1,1,1,1,1,1,1,0,0,0,0,0,0,0,0,0,1,1,1,1,1,1,1,1,1,1,1,1,1,0,0,0,0,0,0,0,0,0,1,0,0,0,0,0,0,0,0,0,0,0,0,0,0,0,0,0,0,0,0,0,0,13,0,0,0,0,0,0,0,0,0,0,0,0,0,0,0,0,0,0,0,0,0,0,0,0,0,0,0,0,0,0,0,0,0,0,0,0,0,0,0,0,0,0,0,0,0,0,0,0
-0.0274014,-0.3191,1.03929,0,0,0,0,-1.50416e-09,1.91376e-08,-1.52833e-08,893,881,882,892,894,903,904,2474,2475,2485,2486,2487,2496,2497,0,0,0,0,0,0,0,0,0,881,882,892,894,903,904,2474,2475,2485,2486,2487,2496,2497,0,0,0,0,0,0,0,0,0,0.0543519,0.0392538,0.0424702,0.0428271,0.0381397,0.0532651,0.116772,0.109863,0.111396,0.100625,0.110488,0.109007,0.114957,0,0,0,0,0,0,0,0,0,0.0588632,0.0414625,0.0449998,0.0450824,0.0404041,0.0571517,0.117734,0.109229,0.110766,0.1,0.110813,0.108789,0.116834,0,0,0,0,0,0,0,0,0,1,1,1,1,1,1,1,1,1,1,1,1,1,0,0,0,0,0,0,0,0,0,1,1,1,1,1,1,1,1,1,1,1,1,1,0,0,0,0,0,0,0,0,0,1,0,0,0,0,0,0,0,0,0,0,0,0,0,0,0,0,0,0,0,0,0,0,13,0,0,0,0,0,0,0,0,0,0,0,0,0,0,0,0,0,0,0,0,0,0,0,0,0,0,0,0,0,0,0,0,0,0,0,0,0,0,0,0,0,0,0,0,0,0,0,0
-0.0578605,-0.340541,1.01815,0,0,0,0,-2.94712e-09,2.27103e-08,-1.81219e-08,894,882,883,893,895,904,905,2475,2476,2486,2487,2488,2497,2498,0,0,0,0,0,0,0,0,0,882,883,893,895,904,905,2475,2476,2486,2487,2488,2497,2498,0,0,0,0,0,0,0,0,0,0.053963,0.0434911,0.0428271,0.0452936,0.038877,0.0527728,0.116629,0.11055,0.111588,0.100909,0.110639,0.109601,0.114974,0,0,0,0,0,0,0,0,0,0.0584538,0.0445633,0.0450824,0.046994,0.0406624,0.0566083,0.117505,0.110383,0.110807,0.1,0.111543,0.108901,0.116537,0,0,0,0,0,0,0,0,0,1,1,1,1,1,1,1,1,1,1,1,1,1,0,0,0,0,0,0,0,0,0,1,1,1,1,1,1,1,1,1,1,1,1,1,0,0,0,0,0,0,0,0,0,1,0,0,0,0,0,0,0,0,0,0,0,0,0,0,0,0,0,0,0,0,0,0,13,0,0,0,0,0,0,0,0,0,0,0,0,0,0,0,0,0,0,0,0,0,0,0,0,0,0,0,0,0,0,0,0,0,0,0,0,0,0,0,0,0,0,0,0,0,0,0,0
-0.0924585,-0.358848,0.995363,0,0,0,0,-4.51712e-09,2.62567e-08,-2.00769e-08,895,883,884,894,896,905,906,2476,2477,2487,2488,2489,2498,2499,0,0,0,0,0,0,0,0,0,883,884,894,896,905,906,2476,2477,2487,2488,2489,2498,2499,0,0,0,0,0,0,0,0,0,0.0533652,0.0466266,0.0452936,0.0487673,0.0426954,0.0520959,0.114637,0.11152,0.112025,0.0994089,0.1118,0.11083,0.113494,0,0,0,0,0,0,0,0,0,0.0515955,0.0473673,0.046994,0.049407,0.0435062,0.0504933,0.113871,0.111798,0.111739,0.1,0.112772,0.110178,0.11333,0,0,0,0,0,0,0,0,0,1,1,1,1,1,1,1,1,1,1,1,1,1,0,0,0,0,0,0,0,0,0,1,1,1,1,1,1,1,1,1,1,1,1,1,0,0,0,0,0,0,0,0,0,1,0,0,0,0,0,0,0,0,0,0,0,0,0,0,0,0,0,0,0,0,0,0,13,0,0,0,0,0,0,0,0,0,0,0,0,0,0,0,0,0,0,0,0,0,0,0,0,0,0,0,0,0,0,0,0,0,0,0,0,0,0,0,0,0,0,0,0,0,0,0,0
-0.130126,-0.374747,0.96878,0,0,0,0,-6.49659e-09,2.99825e-08,-2.09989e-08,896,884,885,895,897,906,907,2477,2478,2488,2489,2490,2499,2500,0,0,0,0,0,0,0,0,0,884,885,895,897,906,907,2477,2478,2488,2489,2490,2499,2500,0,0,0,0,0,0,0,0,0,0.0525332,0.0460194,0.0487673,0.0493642,0.0453413,0.0513054,0.114399,0.111346,0.112612,0.0997546,0.112248,0.111356,0.113423,0,0,0,0,0,0,0,0,0,0.0512468,0.0467497,0.049407,0.0495315,0.0459844,0.0500654,0.113695,0.111507,0.112778,0.1,0.112834,0.111146,0.113117,0,0,0,0,0,0,0,0,0,1,1,1,1,1,1,1,1,1,1,1,1,1,0,0,0,0,0,0,0,0,0,1,1,1,1,1,1,1,1,1,1,1,1,1,0,0,0,0,0,0,0,0,0,1,0,0,0,0,0,0,0,0,0,0,0,0,0,0,0,0,0,0,0,0,0,0,13,0,0,0,0,0,0,0,0,0,0,0,0,0,0,0,0,0,0,0,0,0,0,0,0,0,0,0,0,0,0,0,0,0,0,0,0,0,0,0,0,0,0,0,0,0,0,0,0
-0.166939,-0.390001,0.939644,0,0,0,0,-8.94725e-09,3.38961e-08,-2.13696e-08,897,885,886,896,898,907,908,2478,2479,2489,2490,2491,2500,2501,0,0,0,0,0,0,0,0,0,885,886,896,898,907,908,2478,2479,2489,2490,2491,2500,2501,0,0,0,0,0,0,0,0,0,0.0516297,0.0454254,0.0493642,0.0495789,0.044688,0.0504636,0.113886,0.111067,0.11278,0.0997844,0.11239,0.111025,0.11305,0,0,0,0,0,0,0,0,0,0.050674,0.0460705,0.0495315,0.0494845,0.0453815,0.0494467,0.113408,0.11119,0.112839,0.1,0.112814,0.11087,0.112812,0,0,0,0,0,0,0,0,0,1,1,1,1,1,1,1,1,1,1,1,1,1,0,0,0,0,0,0,0,0,0,1,1,1,1,1,1,1,1,1,1,1,1,1,0,0,0,0,0,0,0,0,0,1,0,0,0,0,0,0,0,0,0,0,0,0,0,0,0,0,0,0,0,0,0,0,13,0,0,0,0,0,0,0,0,0,0,0,0,0,0,0,0,0,0,0,0,0,0,0,0,0,0,0,0,0,0,0,0,0,0,0,0,0,0,0,0,0,0,0,0,0,0,0,0
-0.202556,-0.40437,0.908291,0,0,0,0,-1.19241e-08,3.79612e-08,-2.11601e-08,898,886,887,897,899,908,909,2479,2480,2490,2491,2492,2501,2502,0,0,0,0,0,0,0,0,0,886,887,897,899,908,909,2479,2480,2490,2491,2492,2501,2502,0,0,0,0,0,0,0,0,0,0.0506398,0.044805,0.0495789,0.0495073,0.0441381,0.0495004,0.113392,0.110797,0.112743,0.0998413,0.112412,0.110674,0.112624,0,0,0,0,0,0,0,0,0,0.0499264,0.0453325,0.0494845,0.0492894,0.0447263,0.0486902,0.113038,0.110851,0.112816,0.1,0.112721,0.110573,0.112443,0,0,0,0,0,0,0,0,0,1,1,1,1,1,1,1,1,1,1,1,1,1,0,0,0,0,0,0,0,0,0,1,1,1,1,1,1,1,1,1,1,1,1,1,0,0,0,0,0,0,0,0,0,1,0,0,0,0,0,0,0,0,0,0,0,0,0,0,0,0,0,0,0,0,0,0,13,0,0,0,0,0,0,0,0,0,0,0,0,0,0,0,0,0,0,0,0,0,0,0,0,0,0,0,0,0,0,0,0,0,0,0,0,0,0,0,0,0,0,0,0,0,0,0,0
-0.236806,-0.417739,0.875136,0,0,0,0,-1.54534e-08,4.2124e-08,-2.03909e-08,899,887,888,898,900,909,910,2480,2481,2491,2492,2493,2502,2503,0,0,0,0,0,0,0,0,0,887,888,898,900,909,910,2480,2481,2491,2492,2493,2502,2503,0,0,0,0,0,0,0,0,0,0.0495661,0.0441434,0.0495073,0.0493321,0.043626,0.0484182,0.112857,0.110505,0.112633,0.0998739,0.112386,0.110363,0.112146,0,0,0,0,0,0,0,0,0,0.0490611,0.044543,0.0492894,0.0490166,0.0440258,0.0478727,0.112614,0.110492,0.112721,0.1,0.112591,0.110259,0.112049,0,0,0,0,0,0,0,0,0,1,1,1,1,1,1,1,1,1,1,1,1,1,0,0,0,0,0,0,0,0,0,1,1,1,1,1,1,1,1,1,1,1,1,1,0,0,0,0,0,0,0,0,0,1,0,0,0,0,0,0,0,0,0,0,0,0,0,0,0,0,0,0,0,0,0,0,13,0,0,0,0,0,0,0,0,0,0,0,0,0,0,0,0,0,0,0,0,0,0,0,0,0,0,0,0,0,0,0,0,0,0,0,0,0,0,0,0,0,0,0,0,0,0,0,0
-0.269635,-0.430008,0.840418,0,0,0,0,-1.95798e-08,4.63668e-08,-1.90914e-08,900,888,889,899,901,910,911,2481,2482,2492,2493,2494,2503,2504,0,0,0,0,0,0,0,0,0,888,889,899,901,910,911,2481,2482,2492,2493,2494,2503,2504,0,0,0,0,0,0,0,0,0,0.0484679,0.0433886,0.0493321,0.0491968,0.0429732,0.047464,0.112321,0.110175,0.112506,0.0999061,0.112379,0.110031,0.11174,0,0,0,0,0,0,0,0,0,0.0481644,0.0437187,0.0490166,0.0488316,0.0432948,0.0471357,0.112181,0.110124,0.112589,0.1,0.112503,0.109937,0.111699,0,0,0,0,0,0,0,0,0,1,1,1,1,1,1,1,1,1,1,1,1,1,0,0,0,0,0,0,0,0,0,1,1,1,1,1,1,1,1,1,1,1,1,1,0,0,0,0,0,0,0,0,0,1,0,0,0,0,0,0,0,0,0,0,0,0,0,0,0,0,0,0,0,0,0,0,13,0,0,0,0,0,0,0,0,0,0,0,0,0,0,0,0,0,0,0,0,0,0,0,0,0,0,0,0,0,0,0,0,0,0,0,0,0,0,0,0,0,0,0,0,0,0,0,0
-0.300943,-0.441263,0.804176,0,0,0,0,-2.43545e-08,5.07271e-08,-1.73448e-08,901,103,104,889,890,900,911,1696,1697,2482,2483,2493,2494,2504,0,0,0,0,0,0,0,0,0,103,104,889,890,900,911,1696,1697,2482,2483,2493,2494,2504,0,0,0,0,0,0,0,0,0,0.0468526,0.0494371,0.0475599,0.0426427,0.0491968,0.0422617,0.111503,0.112541,0.111889,0.109849,0.112431,0.0999331,0.109697,0,0,0,0,0,0,0,0,0,0.0467016,0.0490524,0.0474212,0.0429405,0.0488316,0.0425553,0.111494,0.112613,0.111827,0.109781,0.1125,0.1,0.109614,0,0,0,0,0,0,0,0,0,1,1,1,1,1,1,1,1,1,1,1,1,1,0,0,0,0,0,0,0,0,0,1,1,1,1,1,1,1,1,1,1,1,1,1,0,0,0,0,0,0,0,0,0,1,0,0,0,0,0,0,0,0,0,0,0,0,0,0,0,0,0,0,0,0,0,0,13,0,0,0,0,0,0,0,0,0,0,0,0,0,0,0,0,0,0,0,0,0,0,0,0,0,0,0,0,0,0,0,0,0,0,0,0,0,0,0,0,0,0,0,0,0,0,0,0
0.0322373,-0.312566,1.04353,0,0,0,0,1.26058e-09,1.82567e-08,-1.38911e-08,902,51,52,891,892,903,912,1644,1645,2484,2485,2495,2496,2505,0,0,0,0,0,0,0,0,0,51,52,891,892,903,912,1644,1645,2484,2485,2495,2496,2505,0,0,0,0,0,0,0,0,0,0.0371006,0.0426118,0.0535274,0.0376723,0.0425081,0.052432,0.108149,0.111148,0.11631,0.109448,0.1006,0.110813,0.114527,0,0,0,0,0,0,0,0,0,0.0394103,0.0447316,0.0580254,0.0402244,0.0447344,0.0562962,0.108379,0.110644,0.117271,0.108709,0.1,0.110653,0.116369,0,0,0,0,0,0,0,0,0,1,1,1,1,1,1,1,1,1,1,1,1,1,0,0,0,0,0,0,0,0,0,1,1,1,1,1,1,1,1,1,1,1,1,1,0,0,0,0,0,0,0,0,0,1,0,0,0,0,0,0,0,0,0,0,0,0,0,0,0,0,0,0,0,0,0,0,13,0,0,0,0,0,0,0,0,0,0,0,0,0,0,0,0,0,0,0,0,0,0,0,0,0,0,0,0,0,0,0,0,0,0,0,0,0,0,0,0,0,0,0,0,0,0,0,0
0.00298304,-0.338307,1.02654,0,0,0,0,-3.93121e-11,2.18663e-08,-1.8153e-08,903,892,893,902,904,912,913,2485,2486,2495,2496,2497,2505,2506,0,0,0,0,0,0,0,0,0,892,893,902,904,912,913,2485,2486,2495,2496,2497,2505,2506,0,0,0,0,0,0,0,0,0,0.0535118,0.0381397,0.0425081,0.0426481,0.0372523,0.0523176,0.11628,0.109415,0.111156,0.100632,0.110532,0.108293,0.114413,0,0,0,0,0,0,0,0,0,0.0576133,0.0404041,0.0447344,0.0447691,0.0393969,0.0558046,0.117042,0.108787,0.110646,0.1,0.110671,0.108377,0.116103,0,0,0,0,0,0,0,0,0,1,1,1,1,1,1,1,1,1,1,1,1,1,0,0,0,0,0,0,0,0,0,1,1,1,1,1,1,1,1,1,1,1,1,1,0,0,0,0,0,0,0,0,0,1,0,0,0,0,0,0,0,0,0,0,0,0,0,0,0,0,0,0,0,0,0,0,13,0,0,0,0,0,0,0,0,0,0,0,0,0,0,0,0,0,0,0,0,0,0,0,0,0,0,0,0,0,0,0,0,0,0,0,0,0,0,0,0,0,0,0,0,0,0,0,0
-0.02702,-0.361317,1.00681,0,0,0,0,-1.33112e-09,2.58142e-08,-2.19158e-08,904,893,894,903,905,913,914,2486,2487,2496,2497,2498,2506,2507,0,0,0,0,0,0,0,0,0,893,894,903,905,913,914,2486,2487,2496,2497,2498,2506,2507,0,0,0,0,0,0,0,0,0,0.0532651,0.038877,0.0426481,0.042857,0.037724,0.0519716,0.11594,0.109541,0.111227,0.100554,0.110392,0.108667,0.114165,0,0,0,0,0,0,0,0,0,0.0571517,0.0406624,0.0447691,0.0448045,0.0395816,0.0552469,0.116788,0.108898,0.110665,0.1,0.11069,0.108457,0.115804,0,0,0,0,0,0,0,0,0,1,1,1,1,1,1,1,1,1,1,1,1,1,0,0,0,0,0,0,0,0,0,1,1,1,1,1,1,1,1,1,1,1,1,1,0,0,0,0,0,0,0,0,0,1,0,0,0,0,0,0,0,0,0,0,0,0,0,0,0,0,0,0,0,0,0,0,13,0,0,0,0,0,0,0,0,0,0,0,0,0,0,0,0,0,0,0,0,0,0,0,0,0,0,0,0,0,0,0,0,0,0,0,0,0,0,0,0,0,0,0,0,0,0,0,0
-0.0577836,-0.381367,0.984712,0,0,0,0,-2.74869e-09,3.00043e-08,-2.50072e-08,905,894,895,904,906,914,915,2487,2488,2497,2498,2499,2507,2508,0,0,0,0,0,0,0,0,0,894,895,904,906,914,915,2487,2488,2497,2498,2499,2507,2508,0,0,0,0,0,0,0,0,0,0.0527728,0.0426954,0.042857,0.0448428,0.0384202,0.051384,0.115726,0.110186,0.11132,0.100787,0.110477,0.109195,0.114109,0,0,0,0,0,0,0,0,0,0.0566083,0.0435062,0.0448045,0.0464007,0.0398337,0.054609,0.116492,0.10993,0.110684,0.1,0.111281,0.108564,0.115464,0,0,0,0,0,0,0,0,0,1,1,1,1,1,1,1,1,1,1,1,1,1,0,0,0,0,0,0,0,0,0,1,1,1,1,1,1,1,1,1,1,1,1,1,0,0,0,0,0,0,0,0,0,1,0,0,0,0,0,0,0,0,0,0,0,0,0,0,0,0,0,0,0,0,0,0,13,0,0,0,0,0,0,0,0,0,0,0,0,0,0,0,0,0,0,0,0,0,0,0,0,0,0,0,0,0,0,0,0,0,0,0,0,0,0,0,0,0,0,0,0,0,0,0,0
-0.0921128,-0.398325,0.961371,0,0,0,0,-4.3047e-09,3.40829e-08,-2.71549e-08,906,895,896,905,907,915,916,2488,2489,2498,2499,2500,2508,2509,0,0,0,0,0,0,0,0,0,895,896,905,907,915,916,2488,2489,2498,2499,2500,2508,2509,0,0,0,0,0,0,0,0,0,0.0520959,0.0453413,0.0448428,0.0478442,0.0418429,0.0505828,0.113945,0.110976,0.111634,0.0995263,0.111465,0.110302,0.112778,0,0,0,0,0,0,0,0,0,0.0504933,0.0459844,0.0464007,0.0484149,0.0424171,0.0492384,0.11332,0.111152,0.111448,0.1,0.112291,0.109689,0.112713,0,0,0,0,0,0,0,0,0,1,1,1,1,1,1,1,1,1,1,1,1,1,0,0,0,0,0,0,0,0,0,1,1,1,1,1,1,1,1,1,1,1,1,1,0,0,0,0,0,0,0,0,0,1,0,0,0,0,0,0,0,0,0,0,0,0,0,0,0,0,0,0,0,0,0,0,13,0,0,0,0,0,0,0,0,0,0,0,0,0,0,0,0,0,0,0,0,0,0,0,0,0,0,0,0,0,0,0,0,0,0,0,0,0,0,0,0,0,0,0,0,0,0,0,0
-0.12898,-0.413052,0.934669,0,0,0,0,-6.24507e-09,3.83162e-08,-2.83043e-08,907,896,897,906,908,916,917,2489,2490,2499,2500,2501,2509,2510,0,0,0,0,0,0,0,0,0,896,897,906,908,916,917,2489,2490,2499,2500,2501,2509,2510,0,0,0,0,0,0,0,0,0,0.0513054,0.044688,0.0478442,0.0483016,0.0439433,0.0499681,0.113705,0.110752,0.112143,0.0998001,0.111797,0.110689,0.11274,0,0,0,0,0,0,0,0,0,0.0500654,0.0453815,0.0484149,0.0484777,0.0445699,0.0487562,0.113108,0.110875,0.112297,0.1,0.112323,0.110502,0.112479,0,0,0,0,0,0,0,0,0,1,1,1,1,1,1,1,1,1,1,1,1,1,0,0,0,0,0,0,0,0,0,1,1,1,1,1,1,1,1,1,1,1,1,1,0,0,0,0,0,0,0,0,0,1,0,0,0,0,0,0,0,0,0,0,0,0,0,0,0,0,0,0,0,0,0,0,13,0,0,0,0,0,0,0,0,0,0,0,0,0,0,0,0,0,0,0,0,0,0,0,0,0,0,0,0,0,0,0,0,0,0,0,0,0,0,0,0,0,0,0,0,0,0,0,0
-0.164832,-0.427115,0.905516,0,0,0,0,-8.64178e-09,4.27438e-08,-2.89109e-08,908,897,898,907,909,917,918,2490,2491,2500,2501,2502,2510,2511,0,0,0,0,0,0,0,0,0,897,898,907,909,917,918,2490,2491,2500,2501,2502,2510,2511,0,0,0,0,0,0,0,0,0,0.0504636,0.0441381,0.0483016,0.0484047,0.0433067,0.0492559,0.113243,0.110494,0.112255,0.0998178,0.111866,0.110369,0.11241,0,0,0,0,0,0,0,0,0,0.0494467,0.0447263,0.0484777,0.0484044,0.0439849,0.0481212,0.112804,0.110577,0.112327,0.1,0.11229,0.110241,0.112172,0,0,0,0,0,0,0,0,0,1,1,1,1,1,1,1,1,1,1,1,1,1,0,0,0,0,0,0,0,0,0,1,1,1,1,1,1,1,1,1,1,1,1,1,0,0,0,0,0,0,0,0,0,1,0,0,0,0,0,0,0,0,0,0,0,0,0,0,0,0,0,0,0,0,0,0,13,0,0,0,0,0,0,0,0,0,0,0,0,0,0,0,0,0,0,0,0,0,0,0,0,0,0,0,0,0,0,0,0,0,0,0,0,0,0,0,0,0,0,0,0,0,0,0,0
-0.19944,-0.440242,0.874324,0,0,0,0,-1.15364e-08,4.72984e-08,-2.89276e-08,909,898,899,908,910,918,919,2491,2492,2501,2502,2503,2511,2512,0,0,0,0,0,0,0,0,0,898,899,908,910,918,919,2491,2492,2501,2502,2503,2511,2512,0,0,0,0,0,0,0,0,0,0.0495004,0.043626,0.0484047,0.0484356,0.0430072,0.0481961,0.112765,0.110265,0.112166,0.0998436,0.111935,0.110112,0.111957,0,0,0,0,0,0,0,0,0,0.0486902,0.0440258,0.0484044,0.0482415,0.0433553,0.0474012,0.112436,0.110262,0.112292,0.1,0.112214,0.109963,0.111829,0,0,0,0,0,0,0,0,0,1,1,1,1,1,1,1,1,1,1,1,1,1,0,0,0,0,0,0,0,0,0,1,1,1,1,1,1,1,1,1,1,1,1,1,0,0,0,0,0,0,0,0,0,1,0,0,0,0,0,0,0,0,0,0,0,0,0,0,0,0,0,0,0,0,0,0,13,0,0,0,0,0,0,0,0,0,0,0,0,0,0,0,0,0,0,0,0,0,0,0,0,0,0,0,0,0,0,0,0,0,0,0,0,0,0,0,0,0,0,0,0,0,0,0,0
-0.232882,-0.452256,0.84141,0,0,0,0,-1.49785e-08,5.19195e-08,-2.83368e-08,910,899,900,909,911,919,920,2492,2493,2502,2503,2504,2512,2513,0,0,0,0,0,0,0,0,0,899,900,909,911,919,920,2492,2493,2502,2503,2504,2512,2513,0,0,0,0,0,0,0,0,0,0.0484182,0.0429732,0.0484356,0.0484026,0.0424131,0.0472399,0.112237,0.109984,0.112103,0.0998804,0.111981,0.109801,0.11157,0,0,0,0,0,0,0,0,0,0.0478727,0.0432948,0.0482415,0.0480972,0.0426906,0.0467122,0.112043,0.109938,0.112214,0.1,0.112147,0.109673,0.111503,0,0,0,0,0,0,0,0,0,1,1,1,1,1,1,1,1,1,1,1,1,1,0,0,0,0,0,0,0,0,0,1,1,1,1,1,1,1,1,1,1,1,1,1,0,0,0,0,0,0,0,0,0,1,0,0,0,0,0,0,0,0,0,0,0,0,0,0,0,0,0,0,0,0,0,0,13,0,0,0,0,0,0,0,0,0,0,0,0,0,0,0,0,0,0,0,0,0,0,0,0,0,0,0,0,0,0,0,0,0,0,0,0,0,0,0,0,0,0,0,0,0,0,0,0
-0.264955,-0.463254,0.806867,0,0,0,0,-1.90244e-08,5.66354e-08,-2.72214e-08,911,102,103,900,901,910,920,1695,1696,2493,2494,2503,2504,2513,0,0,0,0,0,0,0,0,0,102,103,900,901,910,920,1695,1696,2493,2494,2503,2504,2513,0,0,0,0,0,0,0,0,0,0.0465281,0.0485021,0.047464,0.0422617,0.0484026,0.0417297,0.111301,0.112076,0.111789,0.109675,0.112061,0.0999127,0.109482,0,0,0,0,0,0,0,0,0,0.046211,0.0481444,0.0471357,0.0425553,0.0480972,0.0420032,0.111269,0.112172,0.111694,0.109615,0.112146,0.1,0.109376,0,0,0,0,0,0,0,0,0,1,1,1,1,1,1,1,1,1,1,1,1,1,0,0,0,0,0,0,0,0,0,1,1,1,1,1,1,1,1,1,1,1,1,1,0,0,0,0,0,0,0,0,0,1,0,0,0,0,0,0,0,0,0,0,0,0,0,0,0,0,0,0,0,0,0,0,13,0,0,0,0,0,0,0,0,0,0,0,0,0,0,0,0,0,0,0,0,0,0,0,0,0,0,0,0,0,0,0,0,0,0,0,0,0,0,0,0,0,0,0,0,0,0,0,0
0.0332381,-0.354389,1.01192,0,0,0,0,1.42254e-09,2.46274e-08,-2.02929e-08,912,50,51,902,903,913,921,1643,1644,2495,2496,2505,2506,2514,0,0,0,0,0,0,0,0,0,50,51,902,903,913,921,1643,1644,2495,2496,2505,2506,2514,0,0,0,0,0,0,0,0,0,0.0365286,0.0427188,0.052432,0.0372523,0.0426132,0.0511808,0.107808,0.111017,0.115489,0.109051,0.100521,0.110674,0.11375,0,0,0,0,0,0,0,0,0,0.0385176,0.0443913,0.0562962,0.0393969,0.0444159,0.0544164,0.108025,0.110493,0.116325,0.108375,0.1,0.110512,0.115364,0,0,0,0,0,0,0,0,0,1,1,1,1,1,1,1,1,1,1,1,1,1,0,0,0,0,0,0,0,0,0,1,1,1,1,1,1,1,1,1,1,1,1,1,0,0,0,0,0,0,0,0,0,1,0,0,0,0,0,0,0,0,0,0,0,0,0,0,0,0,0,0,0,0,0,0,13,0,0,0,0,0,0,0,0,0,0,0,0,0,0,0,0,0,0,0,0,0,0,0,0,0,0,0,0,0,0,0,0,0,0,0,0,0,0,0,0,0,0,0,0,0,0,0,0
0.00360974,-0.37875,0.993356,0,0,0,0,1.36568e-10,2.89687e-08,-2.49127e-08,913,903,904,912,914,921,922,2496,2497,2505,2506,2507,2514,2515,0,0,0,0,0,0,0,0,0,903,904,912,914,921,922,2496,2497,2505,2506,2507,2514,2515,0,0,0,0,0,0,0,0,0,0.0523176,0.037724,0.0426132,0.0426611,0.0367528,0.0509778,0.115397,0.109053,0.110988,0.100548,0.110405,0.107964,0.11361,0,0,0,0,0,0,0,0,0,0.0558046,0.0395816,0.0444159,0.0444331,0.0385511,0.0538571,0.11606,0.108455,0.110506,0.1,0.110523,0.108043,0.115069,0,0,0,0,0,0,0,0,0,1,1,1,1,1,1,1,1,1,1,1,1,1,0,0,0,0,0,0,0,0,0,1,1,1,1,1,1,1,1,1,1,1,1,1,0,0,0,0,0,0,0,0,0,1,0,0,0,0,0,0,0,0,0,0,0,0,0,0,0,0,0,0,0,0,0,0,13,0,0,0,0,0,0,0,0,0,0,0,0,0,0,0,0,0,0,0,0,0,0,0,0,0,0,0,0,0,0,0,0,0,0,0,0,0,0,0,0,0,0,0,0,0,0,0,0
-0.0266942,-0.40035,0.972498,0,0,0,0,-1.13856e-09,3.35914e-08,-2.89382e-08,914,904,905,913,915,922,923,2497,2498,2506,2507,2508,2515,2516,0,0,0,0,0,0,0,0,0,904,905,913,915,922,923,2497,2498,2506,2507,2508,2515,2516,0,0,0,0,0,0,0,0,0,0.0519716,0.0384202,0.0426611,0.0427153,0.037223,0.0505554,0.115034,0.10919,0.110994,0.100484,0.110239,0.108308,0.113354,0,0,0,0,0,0,0,0,0,0.0552469,0.0398337,0.0444331,0.0444223,0.0387436,0.053225,0.11576,0.108562,0.110516,0.1,0.110521,0.108124,0.114739,0,0,0,0,0,0,0,0,0,1,1,1,1,1,1,1,1,1,1,1,1,1,0,0,0,0,0,0,0,0,0,1,1,1,1,1,1,1,1,1,1,1,1,1,0,0,0,0,0,0,0,0,0,1,0,0,0,0,0,0,0,0,0,0,0,0,0,0,0,0,0,0,0,0,0,0,13,0,0,0,0,0,0,0,0,0,0,0,0,0,0,0,0,0,0,0,0,0,0,0,0,0,0,0,0,0,0,0,0,0,0,0,0,0,0,0,0,0,0,0,0,0,0,0,0
-0.0576512,-0.419009,0.949736,0,0,0,0,-2.5334e-09,3.83732e-08,-3.22081e-08,915,905,906,914,916,923,924,2498,2499,2507,2508,2509,2516,2517,0,0,0,0,0,0,0,0,0,905,906,914,916,923,924,2498,2499,2507,2508,2509,2516,2517,0,0,0,0,0,0,0,0,0,0.051384,0.0418429,0.0427153,0.0442319,0.0378886,0.0498848,0.114764,0.109804,0.110998,0.100676,0.110261,0.108781,0.113233,0,0,0,0,0,0,0,0,0,0.054609,0.0424171,0.0444223,0.0457185,0.038997,0.0525199,0.115421,0.109473,0.110515,0.1,0.110981,0.108231,0.114374,0,0,0,0,0,0,0,0,0,1,1,1,1,1,1,1,1,1,1,1,1,1,0,0,0,0,0,0,0,0,0,1,1,1,1,1,1,1,1,1,1,1,1,1,0,0,0,0,0,0,0,0,0,1,0,0,0,0,0,0,0,0,0,0,0,0,0,0,0,0,0,0,0,0,0,0,13,0,0,0,0,0,0,0,0,0,0,0,0,0,0,0,0,0,0,0,0,0,0,0,0,0,0,0,0,0,0,0,0,0,0,0,0,0,0,0,0,0,0,0,0,0,0,0,0
-0.0916481,-0.434601,0.926123,0,0,0,0,-4.07527e-09,4.29466e-08,-3.44721e-08,916,906,907,915,917,924,925,2499,2500,2508,2509,2510,2517,2518,0,0,0,0,0,0,0,0,0,906,907,915,917,924,925,2499,2500,2508,2509,2510,2517,2518,0,0,0,0,0,0,0,0,0,0.0505828,0.0439433,0.0442319,0.0468993,0.0409629,0.0487418,0.113171,0.110389,0.1112,0.09965,0.111124,0.109787,0.11205,0,0,0,0,0,0,0,0,0,0.0492384,0.0445699,0.0457185,0.0473655,0.0413091,0.0478779,0.112703,0.110508,0.111119,0.1,0.111791,0.109201,0.112058,0,0,0,0,0,0,0,0,0,1,1,1,1,1,1,1,1,1,1,1,1,1,0,0,0,0,0,0,0,0,0,1,1,1,1,1,1,1,1,1,1,1,1,1,0,0,0,0,0,0,0,0,0,1,0,0,0,0,0,0,0,0,0,0,0,0,0,0,0,0,0,0,0,0,0,0,13,0,0,0,0,0,0,0,0,0,0,0,0,0,0,0,0,0,0,0,0,0,0,0,0,0,0,0,0,0,0,0,0,0,0,0,0,0,0,0,0,0,0,0,0,0,0,0,0
-0.127601,-0.448354,0.899332,0,0,0,0,-5.9792e-09,4.77015e-08,-3.58375e-08,917,907,908,916,918,925,926,2500,2501,2509,2510,2511,2518,2519,0,0,0,0,0,0,0,0,0,907,908,916,918,925,926,2500,2501,2509,2510,2511,2518,2519,0,0,0,0,0,0,0,0,0,0.0499681,0.0433067,0.0468993,0.04706,0.0422539,0.0488218,0.112988,0.110141,0.111689,0.0998396,0.111244,0.110031,0.112086,0,0,0,0,0,0,0,0,0,0.0487562,0.0439849,0.0473655,0.0473887,0.0431348,0.0473693,0.112469,0.110245,0.111796,0.1,0.111803,0.109866,0.111816,0,0,0,0,0,0,0,0,0,1,1,1,1,1,1,1,1,1,1,1,1,1,0,0,0,0,0,0,0,0,0,1,1,1,1,1,1,1,1,1,1,1,1,1,0,0,0,0,0,0,0,0,0,1,0,0,0,0,0,0,0,0,0,0,0,0,0,0,0,0,0,0,0,0,0,0,13,0,0,0,0,0,0,0,0,0,0,0,0,0,0,0,0,0,0,0,0,0,0,0,0,0,0,0,0,0,0,0,0,0,0,0,0,0,0,0,0,0,0,0,0,0,0,0,0
-0.16223,-0.461421,0.870267,0,0,0,0,-8.3171e-09,5.26509e-08,-3.66731e-08,918,908,909,917,919,926,927,2501,2502,2510,2511,2512,2519,2520,0,0,0,0,0,0,0,0,0,908,909,917,919,926,927,2501,2502,2510,2511,2512,2519,2520,0,0,0,0,0,0,0,0,0,0.0492559,0.0430072,0.04706,0.04734,0.0423825,0.0477821,0.112595,0.109983,0.111644,0.0998116,0.111403,0.109815,0.111671,0,0,0,0,0,0,0,0,0,0.0481212,0.0433553,0.0473887,0.0473223,0.0425695,0.0467601,0.112164,0.109966,0.111807,0.1,0.111774,0.10962,0.111529,0,0,0,0,0,0,0,0,0,1,1,1,1,1,1,1,1,1,1,1,1,1,0,0,0,0,0,0,0,0,0,1,1,1,1,1,1,1,1,1,1,1,1,1,0,0,0,0,0,0,0,0,0,1,0,0,0,0,0,0,0,0,0,0,0,0,0,0,0,0,0,0,0,0,0,0,13,0,0,0,0,0,0,0,0,0,0,0,0,0,0,0,0,0,0,0,0,0,0,0,0,0,0,0,0,0,0,0,0,0,0,0,0,0,0,0,0,0,0,0,0,0,0,0,0
-0.196084,-0.473246,0.839362,0,0,0,0,-1.11432e-08,5.76438e-08,-3.68156e-08,919,909,910,918,920,927,928,2502,2503,2511,2512,2513,2520,2521,0,0,0,0,0,0,0,0,0,909,910,918,920,927,928,2502,2503,2511,2512,2513,2520,2521,0,0,0,0,0,0,0,0,0,0.0481961,0.0424131,0.04734,0.0474493,0.0417852,0.0468701,0.112071,0.109728,0.111632,0.0998512,0.111517,0.109541,0.111323,0,0,0,0,0,0,0,0,0,0.0474012,0.0426906,0.0473223,0.0472382,0.0419657,0.0461512,0.111821,0.109675,0.111776,0.1,0.111736,0.10936,0.111245,0,0,0,0,0,0,0,0,0,1,1,1,1,1,1,1,1,1,1,1,1,1,0,0,0,0,0,0,0,0,0,1,1,1,1,1,1,1,1,1,1,1,1,1,0,0,0,0,0,0,0,0,0,1,0,0,0,0,0,0,0,0,0,0,0,0,0,0,0,0,0,0,0,0,0,0,13,0,0,0,0,0,0,0,0,0,0,0,0,0,0,0,0,0,0,0,0,0,0,0,0,0,0,0,0,0,0,0,0,0,0,0,0,0,0,0,0,0,0,0,0,0,0,0,0
-0.228769,-0.484038,0.806702,0,0,0,0,-1.45192e-08,6.2719e-08,-3.63661e-08,920,101,102,910,911,919,928,1694,1695,2503,2504,2512,2513,2521,0,0,0,0,0,0,0,0,0,101,102,910,911,919,928,1694,1695,2503,2504,2512,2513,2521,0,0,0,0,0,0,0,0,0,0.0461566,0.0475526,0.0472399,0.0417297,0.0474493,0.0410974,0.111075,0.111616,0.111626,0.109435,0.111635,0.0998915,0.109223,0,0,0,0,0,0,0,0,0,0.0456697,0.0472484,0.0467122,0.0420032,0.0472382,0.0413292,0.111022,0.111743,0.111497,0.109378,0.111737,0.1,0.10909,0,0,0,0,0,0,0,0,0,1,1,1,1,1,1,1,1,1,1,1,1,1,0,0,0,0,0,0,0,0,0,1,1,1,1,1,1,1,1,1,1,1,1,1,0,0,0,0,0,0,0,0,0,1,0,0,0,0,0,0,0,0,0,0,0,0,0,0,0,0,0,0,0,0,0,0,13,0,0,0,0,0,0,0,0,0,0,0,0,0,0,0,0,0,0,0,0,0,0,0,0,0,0,0,0,0,0,0,0,0,0,0,0,0,0,0,0,0,0,0,0,0,0,0,0
0.0339865,-0.393131,0.978483,0,0,0,0,1.60372e-09,3.20547e-08,-2.70897e-08,921,49,50,912,913,922,929,1642,1643,2505,2506,2514,2515,2522,0,0,0,0,0,0,0,0,0,49,50,912,913,922,929,1642,1643,2505,2506,2514,2515,2522,0,0,0,0,0,0,0,0,0,0.0359443,0.0427518,0.0511808,0.0367528,0.0426096,0.0498104,0.107479,0.110852,0.114614,0.108637,0.100443,0.110502,0.112955,0,0,0,0,0,0,0,0,0,0.0376576,0.044023,0.0544164,0.0385511,0.0440313,0.0524428,0.107692,0.110331,0.115322,0.108041,0.1,0.110343,0.114336,0,0,0,0,0,0,0,0,0,1,1,1,1,1,1,1,1,1,1,1,1,1,0,0,0,0,0,0,0,0,0,1,1,1,1,1,1,1,1,1,1,1,1,1,0,0,0,0,0,0,0,0,0,1,0,0,0,0,0,0,0,0,0,0,0,0,0,0,0,0,0,0,0,0,0,0,13,0,0,0,0,0,0,0,0,0,0,0,0,0,0,0,0,0,0,0,0,0,0,0,0,0,0,0,0,0,0,0,0,0,0,0,0,0,0,0,0,0,0,0,0,0,0,0,0
0.00406544,-0.416087,0.958651,0,0,0,0,3.32098e-10,3.7122e-08,-3.19825e-08,922,913,914,921,923,929,930,2506,2507,2514,2515,2516,2522,2523,0,0,0,0,0,0,0,0,0,913,914,921,923,929,930,2506,2507,2514,2515,2516,2522,2523,0,0,0,0,0,0,0,0,0,0.0509778,0.037223,0.0426096,0.0425531,0.0361884,0.0495428,0.114477,0.10867,0.110779,0.100465,0.110238,0.107624,0.112793,0,0,0,0,0,0,0,0,0,0.0538571,0.0387436,0.0440313,0.0440165,0.0377089,0.0518242,0.115028,0.108123,0.110337,0.1,0.11034,0.107716,0.114019,0,0,0,0,0,0,0,0,0,1,1,1,1,1,1,1,1,1,1,1,1,1,0,0,0,0,0,0,0,0,0,1,1,1,1,1,1,1,1,1,1,1,1,1,0,0,0,0,0,0,0,0,0,1,0,0,0,0,0,0,0,0,0,0,0,0,0,0,0,0,0,0,0,0,0,0,13,0,0,0,0,0,0,0,0,0,0,0,0,0,0,0,0,0,0,0,0,0,0,0,0,0,0,0,0,0,0,0,0,0,0,0,0,0,0,0,0,0,0,0,0,0,0,0,0
-0.0264532,-0.436285,0.936938,0,0,0,0,-9.26952e-10,4.2397e-08,-3.61931e-08,923,914,915,922,924,930,931,2507,2508,2515,2516,2517,2523,2524,0,0,0,0,0,0,0,0,0,914,915,922,924,930,931,2507,2508,2515,2516,2517,2523,2524,0,0,0,0,0,0,0,0,0,0.0505554,0.0378886,0.0425531,0.0424313,0.0366195,0.0491155,0.114109,0.108825,0.110727,0.100418,0.110037,0.107921,0.112548,0,0,0,0,0,0,0,0,0,0.053225,0.038997,0.0440165,0.0439631,0.037907,0.0511369,0.114698,0.108229,0.110333,0.1,0.110319,0.107799,0.113671,0,0,0,0,0,0,0,0,0,1,1,1,1,1,1,1,1,1,1,1,1,1,0,0,0,0,0,0,0,0,0,1,1,1,1,1,1,1,1,1,1,1,1,1,0,0,0,0,0,0,0,0,0,1,0,0,0,0,0,0,0,0,0,0,0,0,0,0,0,0,0,0,0,0,0,0,13,0,0,0,0,0,0,0,0,0,0,0,0,0,0,0,0,0,0,0,0,0,0,0,0,0,0,0,0,0,0,0,0,0,0,0,0,0,0,0,0,0,0,0,0,0,0,0,0
-0.0575117,-0.453576,0.913769,0,0,0,0,-2.30155e-09,4.77317e-08,-3.95748e-08,924,915,916,923,925,931,932,2508,2509,2516,2517,2518,2524,2525,0,0,0,0,0,0,0,0,0,915,916,923,925,931,932,2508,2509,2516,2517,2518,2524,2525,0,0,0,0,0,0,0,0,0,0.0498848,0.0409629,0.0424313,0.0433294,0.037176,0.0485228,0.113795,0.109423,0.11064,0.100569,0.11003,0.108295,0.112399,0,0,0,0,0,0,0,0,0,0.0525199,0.0413091,0.0439631,0.0449761,0.0381639,0.0503898,0.114334,0.109018,0.110313,0.1,0.110657,0.107905,0.113297,0,0,0,0,0,0,0,0,0,1,1,1,1,1,1,1,1,1,1,1,1,1,0,0,0,0,0,0,0,0,0,1,1,1,1,1,1,1,1,1,1,1,1,1,0,0,0,0,0,0,0,0,0,1,0,0,0,0,0,0,0,0,0,0,0,0,0,0,0,0,0,0,0,0,0,0,13,0,0,0,0,0,0,0,0,0,0,0,0,0,0,0,0,0,0,0,0,0,0,0,0,0,0,0,0,0,0,0,0,0,0,0,0,0,0,0,0,0,0,0,0,0,0,0,0
-0.0910907,-0.46758,0.890237,0,0,0,0,-3.84152e-09,5.27261e-08,-4.18311e-08,925,916,917,924,926,932,933,2509,2510,2517,2518,2519,2525,2526,0,0,0,0,0,0,0,0,0,916,917,924,926,932,933,2509,2510,2517,2518,2519,2525,2526,0,0,0,0,0,0,0,0,0,0.0487418,0.0422539,0.0433294,0.0457071,0.0397619,0.0481843,0.112371,0.109767,0.110753,0.0999853,0.110662,0.109203,0.111851,0,0,0,0,0,0,0,0,0,0.0478779,0.0431348,0.0449761,0.0462912,0.0401923,0.0478747,0.112048,0.109871,0.110768,0.1,0.111288,0.108721,0.111996,0,0,0,0,0,0,0,0,0,1,1,1,1,1,1,1,1,1,1,1,1,1,0,0,0,0,0,0,0,0,0,1,1,1,1,1,1,1,1,1,1,1,1,1,0,0,0,0,0,0,0,0,0,1,0,0,0,0,0,0,0,0,0,0,0,0,0,0,0,0,0,0,0,0,0,0,13,0,0,0,0,0,0,0,0,0,0,0,0,0,0,0,0,0,0,0,0,0,0,0,0,0,0,0,0,0,0,0,0,0,0,0,0,0,0,0,0,0,0,0,0,0,0,0,0
-0.125362,-0.481087,0.863178,0,0,0,0,-5.69692e-09,5.81164e-08,-4.35829e-08,926,917,918,925,927,933,934,2510,2511,2518,2519,2520,2526,2527,0,0,0,0,0,0,0,0,0,917,918,925,927,933,934,2510,2511,2518,2519,2520,2526,2527,0,0,0,0,0,0,0,0,0,0.0488218,0.0423825,0.0457071,0.0462007,0.0400897,0.0472686,0.112335,0.109666,0.111178,0.0997054,0.110842,0.108937,0.111259,0,0,0,0,0,0,0,0,0,0.0473693,0.0425695,0.0462912,0.0463061,0.0400573,0.045964,0.111807,0.109624,0.111293,0.1,0.111296,0.10865,0.111161,0,0,0,0,0,0,0,0,0,1,1,1,1,1,1,1,1,1,1,1,1,1,0,0,0,0,0,0,0,0,0,1,1,1,1,1,1,1,1,1,1,1,1,1,0,0,0,0,0,0,0,0,0,1,0,0,0,0,0,0,0,0,0,0,0,0,0,0,0,0,0,0,0,0,0,0,13,0,0,0,0,0,0,0,0,0,0,0,0,0,0,0,0,0,0,0,0,0,0,0,0,0,0,0,0,0,0,0,0,0,0,0,0,0,0,0,0,0,0,0,0,0,0,0,0
-0.159507,-0.492818,0.834351,0,0,0,0,-7.99336e-09,6.34815e-08,-4.4455e-08,927,918,919,926,928,934,935,2511,2512,2519,2520,2521,2527,2528,0,0,0,0,0,0,0,0,0,918,919,926,928,934,935,2511,2512,2519,2520,2521,2527,2528,0,0,0,0,0,0,0,0,0,0.0477821,0.0417852,0.0462007,0.0464056,0.0410992,0.0463835,0.11182,0.109445,0.111131,0.0998251,0.111028,0.109199,0.11103,0,0,0,0,0,0,0,0,0,0.0467601,0.0419657,0.0463061,0.04629,0.0411438,0.0454554,0.111521,0.109363,0.1113,0.1,0.111291,0.109012,0.110927,0,0,0,0,0,0,0,0,0,1,1,1,1,1,1,1,1,1,1,1,1,1,0,0,0,0,0,0,0,0,0,1,1,1,1,1,1,1,1,1,1,1,1,1,0,0,0,0,0,0,0,0,0,1,0,0,0,0,0,0,0,0,0,0,0,0,0,0,0,0,0,0,0,0,0,0,13,0,0,0,0,0,0,0,0,0,0,0,0,0,0,0,0,0,0,0,0,0,0,0,0,0,0,0,0,0,0,0,0,0,0,0,0,0,0,0,0,0,0,0,0,0,0,0,0
-0.192688,-0.503485,0.803712,0,0,0,0,-1.07698e-08,6.89079e-08,-4.469e-08,928,100,101,919,920,927,935,1693,1694,2512,2513,2520,2521,2528,0,0,0,0,0,0,0,0,0,100,101,919,920,927,935,1693,1694,2512,2513,2520,2521,2528,0,0,0,0,0,0,0,0,0,0.0457176,0.0465553,0.0468701,0.0410974,0.0464056,0.040374,0.110816,0.111144,0.111393,0.109152,0.111188,0.0998651,0.108928,0,0,0,0,0,0,0,0,0,0.0450487,0.0463236,0.0461512,0.0413292,0.04629,0.0405616,0.110741,0.111308,0.111237,0.109092,0.111293,0.1,0.108768,0,0,0,0,0,0,0,0,0,1,1,1,1,1,1,1,1,1,1,1,1,1,0,0,0,0,0,0,0,0,0,1,1,1,1,1,1,1,1,1,1,1,1,1,0,0,0,0,0,0,0,0,0,1,0,0,0,0,0,0,0,0,0,0,0,0,0,0,0,0,0,0,0,0,0,0,13,0,0,0,0,0,0,0,0,0,0,0,0,0,0,0,0,0,0,0,0,0,0,0,0,0,0,0,0,0,0,0,0,0,0,0,0,0,0,0,0,0,0,0,0,0,0,0,0
0.0344857,-0.428873,0.943794,0,0,0,0,1.79877e-09,4.04705e-08,-3.41335e-08,929,48,49,921,922,930,936,1641,1642,2514,2515,2522,2523,2529,0,0,0,0,0,0,0,0,0,48,49,921,922,930,936,1641,1642,2514,2515,2522,2523,2529,0,0,0,0,0,0,0,0,0,0.0353728,0.0427182,0.0498104,0.0361884,0.04256,0.0483078,0.10717,0.110665,0.113716,0.108213,0.100365,0.110316,0.112137,0,0,0,0,0,0,0,0,0,0.0368367,0.0436158,0.0524428,0.0377089,0.0435907,0.0504096,0.10738,0.110153,0.114297,0.107715,0.1,0.110151,0.113308,0,0,0,0,0,0,0,0,0,1,1,1,1,1,1,1,1,1,1,1,1,1,0,0,0,0,0,0,0,0,0,1,1,1,1,1,1,1,1,1,1,1,1,1,0,0,0,0,0,0,0,0,0,1,0,0,0,0,0,0,0,0,0,0,0,0,0,0,0,0,0,0,0,0,0,0,13,0,0,0,0,0,0,0,0,0,0,0,0,0,0,0,0,0,0,0,0,0,0,0,0,0,0,0,0,0,0,0,0,0,0,0,0,0,0,0,0,0,0,0,0,0,0,0,0
0.00428834,-0.450439,0.922952,0,0,0,0,5.42257e-10,4.6242e-08,-3.92196e-08,930,922,923,929,931,936,937,2515,2516,2522,2523,2524,2529,2530,0,0,0,0,0,0,0,0,0,922,923,929,931,936,937,2515,2516,2522,2523,2524,2529,2530,0,0,0,0,0,0,0,0,0,0.0495428,0.0366195,0.04256,0.0424901,0.0356189,0.0479511,0.11355,0.10826,0.110564,0.100376,0.110076,0.1073,0.111938,0,0,0,0,0,0,0,0,0,0.0518242,0.037907,0.0435907,0.0435392,0.0368819,0.0497453,0.113981,0.107798,0.110144,0.1,0.110131,0.107402,0.112978,0,0,0,0,0,0,0,0,0,1,1,1,1,1,1,1,1,1,1,1,1,1,0,0,0,0,0,0,0,0,0,1,1,1,1,1,1,1,1,1,1,1,1,1,0,0,0,0,0,0,0,0,0,1,0,0,0,0,0,0,0,0,0,0,0,0,0,0,0,0,0,0,0,0,0,0,13,0,0,0,0,0,0,0,0,0,0,0,0,0,0,0,0,0,0,0,0,0,0,0,0,0,0,0,0,0,0,0,0,0,0,0,0,0,0,0,0,0,0,0,0,0,0,0,0
-0.0265157,-0.469295,0.900569,0,0,0,0,-6.99535e-10,5.21444e-08,-4.35464e-08,931,923,924,930,932,937,938,2516,2517,2523,2524,2525,2530,2531,0,0,0,0,0,0,0,0,0,923,924,930,932,937,938,2516,2517,2523,2524,2525,2530,2531,0,0,0,0,0,0,0,0,0,0.0491155,0.037176,0.0424901,0.042449,0.0360537,0.0474375,0.113211,0.108391,0.110492,0.100328,0.109893,0.107564,0.111663,0,0,0,0,0,0,0,0,0,0.0511369,0.0381639,0.0435392,0.0434515,0.0370812,0.0490243,0.113633,0.107904,0.110125,0.1,0.110096,0.107484,0.112625,0,0,0,0,0,0,0,0,0,1,1,1,1,1,1,1,1,1,1,1,1,1,0,0,0,0,0,0,0,0,0,1,1,1,1,1,1,1,1,1,1,1,1,1,0,0,0,0,0,0,0,0,0,1,0,0,0,0,0,0,0,0,0,0,0,0,0,0,0,0,0,0,0,0,0,0,13,0,0,0,0,0,0,0,0,0,0,0,0,0,0,0,0,0,0,0,0,0,0,0,0,0,0,0,0,0,0,0,0,0,0,0,0,0,0,0,0,0,0,0,0,0,0,0,0
-0.0580279,-0.485313,0.877068,0,0,0,0,-2.04259e-09,5.80055e-08,-4.69783e-08,932,924,925,931,933,938,939,2517,2518,2524,2525,2526,2531,2532,0,0,0,0,0,0,0,0,0,924,925,931,933,938,939,2517,2518,2524,2525,2526,2531,2532,0,0,0,0,0,0,0,0,0,0.0485228,0.0397619,0.042449,0.0424574,0.036717,0.0468307,0.112905,0.108985,0.110404,0.100375,0.109564,0.107917,0.111415,0,0,0,0,0,0,0,0,0,0.0503898,0.0401923,0.0434515,0.0433251,0.0373413,0.0482656,0.11326,0.108569,0.110091,0.1,0.110044,0.10759,0.112257,0,0,0,0,0,0,0,0,0,1,1,1,1,1,1,1,1,1,1,1,1,1,0,0,0,0,0,0,0,0,0,1,1,1,1,1,1,1,1,1,1,1,1,1,0,0,0,0,0,0,0,0,0,1,0,0,0,0,0,0,0,0,0,0,0,0,0,0,0,0,0,0,0,0,0,0,13,0,0,0,0,0,0,0,0,0,0,0,0,0,0,0,0,0,0,0,0,0,0,0,0,0,0,0,0,0,0,0,0,0,0,0,0,0,0,0,0,0,0,0,0,0,0,0,0
-0.0906308,-0.498491,0.853277,0,0,0,0,-3.58591e-09,6.35226e-08,-4.93782e-08,933,925,926,932,934,939,940,2518,2519,2525,2526,2527,2532,2533,0,0,0,0,0,0,0,0,0,925,926,932,934,939,940,2518,2519,2525,2526,2527,2532,2533,0,0,0,0,0,0,0,0,0,0.0481843,0.0400897,0.0424574,0.0440963,0.0380244,0.0473365,0.11215,0.108693,0.110116,0.0998968,0.109913,0.108246,0.111549,0,0,0,0,0,0,0,0,0,0.0478747,0.0400573,0.0433251,0.04417,0.0376005,0.0475071,0.112109,0.108528,0.110039,0.1,0.110307,0.107697,0.111894,0,0,0,0,0,0,0,0,0,1,1,1,1,1,1,1,1,1,1,1,1,1,0,0,0,0,0,0,0,0,0,1,1,1,1,1,1,1,1,1,1,1,1,1,0,0,0,0,0,0,0,0,0,1,0,0,0,0,0,0,0,0,0,0,0,0,0,0,0,0,0,0,0,0,0,0,13,0,0,0,0,0,0,0,0,0,0,0,0,0,0,0,0,0,0,0,0,0,0,0,0,0,0,0,0,0,0,0,0,0,0,0,0,0,0,0,0,0,0,0,0,0,0,0,0
-0.123431,-0.510891,0.82654,0,0,0,0,-5.43177e-09,6.93719e-08,-5.12371e-08,934,926,927,933,935,940,941,2519,2520,2526,2527,2528,2533,2534,0,0,0,0,0,0,0,0,0,926,927,933,935,940,941,2519,2520,2526,2527,2528,2533,2534,0,0,0,0,0,0,0,0,0,0.0472686,0.0410992,0.0440963,0.0453391,0.0388494,0.0459791,0.111436,0.109082,0.110346,0.0996806,0.110496,0.108491,0.110704,0,0,0,0,0,0,0,0,0,0.045964,0.0411438,0.04417,0.045281,0.0389502,0.0446356,0.111152,0.109015,0.1104,0.1,0.110825,0.108188,0.110556,0,0,0,0,0,0,0,0,0,1,1,1,1,1,1,1,1,1,1,1,1,1,0,0,0,0,0,0,0,0,0,1,1,1,1,1,1,1,1,1,1,1,1,1,0,0,0,0,0,0,0,0,0,1,0,0,0,0,0,0,0,0,0,0,0,0,0,0,0,0,0,0,0,0,0,0,13,0,0,0,0,0,0,0,0,0,0,0,0,0,0,0,0,0,0,0,0,0,0,0,0,0,0,0,0,0,0,0,0,0,0,0,0,0,0,0,0,0,0,0,0,0,0,0,0
-0.157006,-0.521481,0.79797,0,0,0,0,-7.69039e-09,7.51429e-08,-5.21384e-08,935,99,100,927,928,934,941,1692,1693,2520,2521,2527,2528,2534,0,0,0,0,0,0,0,0,0,99,100,927,928,934,941,1692,1693,2520,2521,2527,2528,2534,0,0,0,0,0,0,0,0,0,0.0452568,0.0454968,0.0463835,0.040374,0.0453391,0.0395365,0.110564,0.11066,0.111113,0.108832,0.110698,0.0998461,0.108568,0,0,0,0,0,0,0,0,0,0.0443422,0.0453661,0.0454554,0.0405616,0.045281,0.0397123,0.110424,0.110866,0.110919,0.108771,0.110829,0.1,0.108419,0,0,0,0,0,0,0,0,0,1,1,1,1,1,1,1,1,1,1,1,1,1,0,0,0,0,0,0,0,0,0,1,1,1,1,1,1,1,1,1,1,1,1,1,0,0,0,0,0,0,0,0,0,1,0,0,0,0,0,0,0,0,0,0,0,0,0,0,0,0,0,0,0,0,0,0,13,0,0,0,0,0,0,0,0,0,0,0,0,0,0,0,0,0,0,0,0,0,0,0,0,0,0,0,0,0,0,0,0,0,0,0,0,0,0,0,0,0,0,0,0,0,0,0,0
0.0347655,-0.461711,0.908364,0,0,0,0,1.99982e-09,4.97751e-08,-4.12864e-08,936,47,48,929,930,937,942,1640,1641,2522,2523,2529,2530,2535,0,0,0,0,0,0,0,0,0,47,48,929,930,937,942,1640,1641,2522,2523,2529,2530,2535,0,0,0,0,0,0,0,0,0,0.034843,0.0426125,0.0483078,0.0356189,0.0424439,0.0466875,0.106896,0.110461,0.112796,0.1078,0.100292,0.11012,0.111308,0,0,0,0,0,0,0,0,0,0.0360626,0.043174,0.0504096,0.0368819,0.0431081,0.0483462,0.107093,0.109962,0.113272,0.107401,0.1,0.109942,0.112297,0,0,0,0,0,0,0,0,0,1,1,1,1,1,1,1,1,1,1,1,1,1,0,0,0,0,0,0,0,0,0,1,1,1,1,1,1,1,1,1,1,1,1,1,0,0,0,0,0,0,0,0,0,1,0,0,0,0,0,0,0,0,0,0,0,0,0,0,0,0,0,0,0,0,0,0,13,0,0,0,0,0,0,0,0,0,0,0,0,0,0,0,0,0,0,0,0,0,0,0,0,0,0,0,0,0,0,0,0,0,0,0,0,0,0,0,0,0,0,0,0,0,0,0,0
0.00431305,-0.481896,0.886761,0,0,0,0,7.54259e-10,5.62091e-08,-4.64872e-08,937,930,931,936,938,942,943,2523,2524,2529,2530,2531,2535,2536,0,0,0,0,0,0,0,0,0,930,931,936,938,942,943,2523,2524,2529,2530,2531,2535,2536,0,0,0,0,0,0,0,0,0,0.0479511,0.0360537,0.0424439,0.0423711,0.0350935,0.0462368,0.112589,0.107861,0.11034,0.100293,0.109907,0.107017,0.111077,0,0,0,0,0,0,0,0,0,0.0497453,0.0370812,0.0431081,0.0430225,0.0360768,0.0476557,0.112943,0.107483,0.109936,0.1,0.109907,0.107103,0.111966,0,0,0,0,0,0,0,0,0,1,1,1,1,1,1,1,1,1,1,1,1,1,0,0,0,0,0,0,0,0,0,1,1,1,1,1,1,1,1,1,1,1,1,1,0,0,0,0,0,0,0,0,0,1,0,0,0,0,0,0,0,0,0,0,0,0,0,0,0,0,0,0,0,0,0,0,13,0,0,0,0,0,0,0,0,0,0,0,0,0,0,0,0,0,0,0,0,0,0,0,0,0,0,0,0,0,0,0,0,0,0,0,0,0,0,0,0,0,0,0,0,0,0,0,0
-0.02678,-0.499418,0.863925,0,0,0,0,-4.73831e-10,6.26883e-08,-5.08599e-08,938,931,932,937,939,943,944,2524,2525,2530,2531,2532,2536,2537,0,0,0,0,0,0,0,0,0,931,932,937,939,943,944,2524,2525,2530,2531,2532,2536,2537,0,0,0,0,0,0,0,0,0,0.0474375,0.036717,0.0423711,0.042321,0.0356129,0.0456994,0.112233,0.108004,0.110259,0.100247,0.109692,0.107293,0.110814,0,0,0,0,0,0,0,0,0,0.0490243,0.0373413,0.0430225,0.0429158,0.0362711,0.0469299,0.11259,0.10759,0.109902,0.1,0.109864,0.107182,0.111622,0,0,0,0,0,0,0,0,0,1,1,1,1,1,1,1,1,1,1,1,1,1,0,0,0,0,0,0,0,0,0,1,1,1,1,1,1,1,1,1,1,1,1,1,0,0,0,0,0,0,0,0,0,1,0,0,0,0,0,0,0,0,0,0,0,0,0,0,0,0,0,0,0,0,0,0,13,0,0,0,0,0,0,0,0,0,0,0,0,0,0,0,0,0,0,0,0,0,0,0,0,0,0,0,0,0,0,0,0,0,0,0,0,0,0,0,0,0,0,0,0,0,0,0,0
-0.0585707,-0.51425,0.840251,0,0,0,0,-1.78641e-09,6.90319e-08,-5.43062e-08,939,932,933,938,940,944,945,2525,2526,2531,2532,2533,2537,2538,0,0,0,0,0,0,0,0,0,932,933,938,940,944,945,2525,2526,2531,2532,2533,2537,2538,0,0,0,0,0,0,0,0,0,0.0468307,0.0380244,0.042321,0.0418772,0.0364632,0.0455077,0.11184,0.108121,0.110113,0.100167,0.10941,0.107645,0.110747,0,0,0,0,0,0,0,0,0,0.0482656,0.0376005,0.0429158,0.0427998,0.0365325,0.0462075,0.112223,0.107697,0.10986,0.1,0.109818,0.107287,0.111284,0,0,0,0,0,0,0,0,0,1,1,1,1,1,1,1,1,1,1,1,1,1,0,0,0,0,0,0,0,0,0,1,1,1,1,1,1,1,1,1,1,1,1,1,0,0,0,0,0,0,0,0,0,1,0,0,0,0,0,0,0,0,0,0,0,0,0,0,0,0,0,0,0,0,0,0,13,0,0,0,0,0,0,0,0,0,0,0,0,0,0,0,0,0,0,0,0,0,0,0,0,0,0,0,0,0,0,0,0,0,0,0,0,0,0,0,0,0,0,0,0,0,0,0,0
-0.0898509,-0.52701,0.815504,0,0,0,0,-3.33836e-09,7.53096e-08,-5.69279e-08,940,933,934,939,941,945,946,2526,2527,2532,2533,2534,2538,2539,0,0,0,0,0,0,0,0,0,933,934,939,941,945,946,2526,2527,2532,2533,2534,2538,2539,0,0,0,0,0,0,0,0,0,0.0473365,0.0388494,0.0418772,0.0429194,0.0368013,0.045214,0.111757,0.108259,0.109766,0.100179,0.109612,0.107795,0.1107,0,0,0,0,0,0,0,0,0,0.0475071,0.0389502,0.0427998,0.0434497,0.0367959,0.0455712,0.111861,0.108095,0.109814,0.1,0.110001,0.107394,0.11099,0,0,0,0,0,0,0,0,0,1,1,1,1,1,1,1,1,1,1,1,1,1,0,0,0,0,0,0,0,0,0,1,1,1,1,1,1,1,1,1,1,1,1,1,0,0,0,0,0,0,0,0,0,1,0,0,0,0,0,0,0,0,0,0,0,0,0,0,0,0,0,0,0,0,0,0,13,0,0,0,0,0,0,0,0,0,0,0,0,0,0,0,0,0,0,0,0,0,0,0,0,0,0,0,0,0,0,0,0,0,0,0,0,0,0,0,0,0,0,0,0,0,0,0,0
-0.122131,-0.538051,0.789463,0,0,0,0,-5.163e-09,8.14113e-08,-5.87035e-08,941,98,99,934,935,940,946,1691,1692,2527,2528,2533,2534,2539,0,0,0,0,0,0,0,0,0,98,99,934,935,940,946,1691,1692,2527,2528,2533,2534,2539,0,0,0,0,0,0,0,0,0,0.0446567,0.0442468,0.0459791,0.0395365,0.0429194,0.0378161,0.110205,0.11009,0.110796,0.108441,0.109957,0.0997784,0.108058,0,0,0,0,0,0,0,0,0,0.0435601,0.0443882,0.0446356,0.0397123,0.0434497,0.0378448,0.110077,0.110422,0.110548,0.108422,0.110069,0.1,0.107737,0,0,0,0,0,0,0,0,0,1,1,1,1,1,1,1,1,1,1,1,1,1,0,0,0,0,0,0,0,0,0,1,1,1,1,1,1,1,1,1,1,1,1,1,0,0,0,0,0,0,0,0,0,1,0,0,0,0,0,0,0,0,0,0,0,0,0,0,0,0,0,0,0,0,0,0,13,0,0,0,0,0,0,0,0,0,0,0,0,0,0,0,0,0,0,0,0,0,0,0,0,0,0,0,0,0,0,0,0,0,0,0,0,0,0,0,0,0,0,0,0,0,0,0,0
0.0348851,-0.491763,0.872635,0,0,0,0,2.20656e-09,5.98518e-08,-4.84251e-08,942,46,47,936,937,943,947,1639,1640,2529,2530,2535,2536,2540,0,0,0,0,0,0,0,0,0,46,47,936,937,943,947,1639,1640,2529,2530,2535,2536,2540,0,0,0,0,0,0,0,0,0,0.0343741,0.042424,0.0466875,0.0350935,0.0422158,0.0450075,0.106661,0.110235,0.111864,0.107426,0.100227,0.109896,0.110499,0,0,0,0,0,0,0,0,0,0.0353451,0.0427116,0.0483462,0.0360768,0.0426024,0.0462805,0.106832,0.109764,0.112264,0.107102,0.1,0.109724,0.111319,0,0,0,0,0,0,0,0,0,1,1,1,1,1,1,1,1,1,1,1,1,1,0,0,0,0,0,0,0,0,0,1,1,1,1,1,1,1,1,1,1,1,1,1,0,0,0,0,0,0,0,0,0,1,0,0,0,0,0,0,0,0,0,0,0,0,0,0,0,0,0,0,0,0,0,0,13,0,0,0,0,0,0,0,0,0,0,0,0,0,0,0,0,0,0,0,0,0,0,0,0,0,0,0,0,0,0,0,0,0,0,0,0,0,0,0,0,0,0,0,0,0,0,0,0
0.00425851,-0.51059,0.850505,0,0,0,0,9.75194e-10,6.68937e-08,-5.367e-08,943,937,938,942,944,947,948,2530,2531,2535,2536,2537,2540,2541,0,0,0,0,0,0,0,0,0,937,938,942,944,947,948,2530,2531,2535,2536,2537,2540,2541,0,0,0,0,0,0,0,0,0,0.0462368,0.0356129,0.0422158,0.0420524,0.0346118,0.0445489,0.111613,0.107526,0.110085,0.100219,0.109671,0.106772,0.110282,0,0,0,0,0,0,0,0,0,0.0476557,0.0362711,0.0426024,0.0424935,0.0352958,0.0455935,0.111933,0.107181,0.109719,0.1,0.109681,0.106818,0.111001,0,0,0,0,0,0,0,0,0,1,1,1,1,1,1,1,1,1,1,1,1,1,0,0,0,0,0,0,0,0,0,1,1,1,1,1,1,1,1,1,1,1,1,1,0,0,0,0,0,0,0,0,0,1,0,0,0,0,0,0,0,0,0,0,0,0,0,0,0,0,0,0,0,0,0,0,13,0,0,0,0,0,0,0,0,0,0,0,0,0,0,0,0,0,0,0,0,0,0,0,0,0,0,0,0,0,0,0,0,0,0,0,0,0,0,0,0,0,0,0,0,0,0,0,0
-0.0268705,-0.526865,0.827386,0,0,0,0,-2.30751e-10,7.39049e-08,-5.80507e-08,944,938,939,943,945,948,949,2531,2532,2536,2537,2538,2541,2542,0,0,0,0,0,0,0,0,0,938,939,943,945,948,949,2531,2532,2536,2537,2538,2541,2542,0,0,0,0,0,0,0,0,0,0.0456994,0.0364632,0.0420524,0.0417496,0.0351575,0.0442098,0.111256,0.107691,0.109949,0.100167,0.10942,0.107033,0.110137,0,0,0,0,0,0,0,0,0,0.0469299,0.0365325,0.0424935,0.0423973,0.0354768,0.0449133,0.11159,0.107287,0.109676,0.1,0.109643,0.106891,0.11069,0,0,0,0,0,0,0,0,0,1,1,1,1,1,1,1,1,1,1,1,1,1,0,0,0,0,0,0,0,0,0,1,1,1,1,1,1,1,1,1,1,1,1,1,0,0,0,0,0,0,0,0,0,1,0,0,0,0,0,0,0,0,0,0,0,0,0,0,0,0,0,0,0,0,0,0,13,0,0,0,0,0,0,0,0,0,0,0,0,0,0,0,0,0,0,0,0,0,0,0,0,0,0,0,0,0,0,0,0,0,0,0,0,0,0,0,0,0,0,0,0,0,0,0,0
-0.0579954,-0.540836,0.803322,0,0,0,0,-1.54336e-09,8.08335e-08,-6.15659e-08,945,939,940,944,946,949,950,2532,2533,2537,2538,2539,2542,2543,0,0,0,0,0,0,0,0,0,939,940,944,946,949,950,2532,2533,2537,2538,2539,2542,2543,0,0,0,0,0,0,0,0,0,0.0455077,0.0368013,0.0417496,0.041645,0.0355944,0.0439235,0.111036,0.107749,0.109703,0.100141,0.109324,0.107232,0.110048,0,0,0,0,0,0,0,0,0,0.0462075,0.0367959,0.0423973,0.0423476,0.0357357,0.0443325,0.111253,0.107394,0.109638,0.1,0.109625,0.106994,0.110427,0,0,0,0,0,0,0,0,0,1,1,1,1,1,1,1,1,1,1,1,1,1,0,0,0,0,0,0,0,0,0,1,1,1,1,1,1,1,1,1,1,1,1,1,0,0,0,0,0,0,0,0,0,1,0,0,0,0,0,0,0,0,0,0,0,0,0,0,0,0,0,0,0,0,0,0,13,0,0,0,0,0,0,0,0,0,0,0,0,0,0,0,0,0,0,0,0,0,0,0,0,0,0,0,0,0,0,0,0,0,0,0,0,0,0,0,0,0,0,0,0,0,0,0,0
-0.089109,-0.552734,0.778328,0,0,0,0,-3.07288e-09,8.76081e-08,-6.42131e-08,946,97,98,940,941,945,950,1690,1691,2533,2534,2538,2539,2543,0,0,0,0,0,0,0,0,0,97,98,940,941,945,950,1690,1691,2533,2534,2538,2539,2543,0,0,0,0,0,0,0,0,0,0.0437472,0.0423037,0.045214,0.0378161,0.041645,0.0359059,0.110069,0.1094,0.110865,0.107868,0.109576,0.100166,0.107391,0,0,0,0,0,0,0,0,0,0.0440326,0.0428871,0.0455712,0.0378448,0.0423476,0.0360022,0.110293,0.109768,0.110959,0.107673,0.109621,0.1,0.1071,0,0,0,0,0,0,0,0,0,1,1,1,1,1,1,1,1,1,1,1,1,1,0,0,0,0,0,0,0,0,0,1,1,1,1,1,1,1,1,1,1,1,1,1,0,0,0,0,0,0,0,0,0,1,0,0,0,0,0,0,0,0,0,0,0,0,0,0,0,0,0,0,0,0,0,0,13,0,0,0,0,0,0,0,0,0,0,0,0,0,0,0,0,0,0,0,0,0,0,0,0,0,0,0,0,0,0,0,0,0,0,0,0,0,0,0,0,0,0,0,0,0,0,0,0
0.0349222,-0.519189,0.836949,0,0,0,0,2.42677e-09,7.05804e-08,-5.54511e-08,947,45,46,942,943,948,951,1638,1639,2535,2536,2540,2541,2544,0,0,0,0,0,0,0,0,0,45,46,942,943,948,951,1638,1639,2535,2536,2540,2541,2544,0,0,0,0,0,0,0,0,0,0.0339659,0.0421582,0.0450075,0.0346118,0.0418705,0.0433424,0.106463,0.109989,0.110952,0.107093,0.10017,0.109645,0.109743,0,0,0,0,0,0,0,0,0,0.0346975,0.0422534,0.0462805,0.0352958,0.0421023,0.0442443,0.106602,0.109569,0.111289,0.106818,0.1,0.109512,0.110389,0,0,0,0,0,0,0,0,0,1,1,1,1,1,1,1,1,1,1,1,1,1,0,0,0,0,0,0,0,0,0,1,1,1,1,1,1,1,1,1,1,1,1,1,0,0,0,0,0,0,0,0,0,1,0,0,0,0,0,0,0,0,0,0,0,0,0,0,0,0,0,0,0,0,0,0,13,0,0,0,0,0,0,0,0,0,0,0,0,0,0,0,0,0,0,0,0,0,0,0,0,0,0,0,0,0,0,0,0,0,0,0,0,0,0,0,0,0,0,0,0,0,0,0,0
0.00428907,-0.536741,0.814439,0,0,0,0,1.21811e-09,7.81866e-08,-6.06941e-08,948,943,944,947,949,951,952,2536,2537,2540,2541,2542,2544,2545,0,0,0,0,0,0,0,0,0,943,944,947,949,951,952,2536,2537,2540,2541,2542,2544,2545,0,0,0,0,0,0,0,0,0,0.0445489,0.0351575,0.0418705,0.0415958,0.0340872,0.0429845,0.110697,0.107206,0.109796,0.100155,0.109423,0.106527,0.109588,0,0,0,0,0,0,0,0,0,0.0455935,0.0354768,0.0421023,0.0419967,0.0345355,0.0436173,0.110971,0.106891,0.109507,0.1,0.10947,0.106547,0.110109,0,0,0,0,0,0,0,0,0,1,1,1,1,1,1,1,1,1,1,1,1,1,0,0,0,0,0,0,0,0,0,1,1,1,1,1,1,1,1,1,1,1,1,1,0,0,0,0,0,0,0,0,0,1,0,0,0,0,0,0,0,0,0,0,0,0,0,0,0,0,0,0,0,0,0,0,13,0,0,0,0,0,0,0,0,0,0,0,0,0,0,0,0,0,0,0,0,0,0,0,0,0,0,0,0,0,0,0,0,0,0,0,0,0,0,0,0,0,0,0,0,0,0,0,0
-0.0265121,-0.551954,0.790986,0,0,0,0,1.87152e-11,8.57515e-08,-6.50772e-08,949,944,945,948,950,952,953,2537,2538,2541,2542,2543,2545,2546,0,0,0,0,0,0,0,0,0,944,945,948,950,952,953,2537,2538,2541,2542,2543,2545,2546,0,0,0,0,0,0,0,0,0,0.0442098,0.0355944,0.0415958,0.0414704,0.034419,0.0427227,0.110453,0.107294,0.109616,0.100137,0.10929,0.106703,0.1095,0,0,0,0,0,0,0,0,0,0.0449133,0.0357357,0.0419967,0.0419752,0.0346915,0.0431084,0.110661,0.106994,0.109466,0.1,0.109465,0.10661,0.109884,0,0,0,0,0,0,0,0,0,1,1,1,1,1,1,1,1,1,1,1,1,1,0,0,0,0,0,0,0,0,0,1,1,1,1,1,1,1,1,1,1,1,1,1,0,0,0,0,0,0,0,0,0,1,0,0,0,0,0,0,0,0,0,0,0,0,0,0,0,0,0,0,0,0,0,0,13,0,0,0,0,0,0,0,0,0,0,0,0,0,0,0,0,0,0,0,0,0,0,0,0,0,0,0,0,0,0,0,0,0,0,0,0,0,0,0,0,0,0,0,0,0,0,0,0
-0.0574511,-0.56501,0.766653,0,0,0,0,-1.28144e-09,9.3199e-08,-6.85953e-08,950,96,97,945,946,949,953,1689,1690,2538,2539,2542,2543,2546,0,0,0,0,0,0,0,0,0,96,97,945,946,949,953,1689,1690,2538,2539,2542,2543,2546,0,0,0,0,0,0,0,0,0,0.0427573,0.0415901,0.0439235,0.0359059,0.0414704,0.034765,0.10957,0.109282,0.110261,0.107354,0.109487,0.100123,0.106873,0,0,0,0,0,0,0,0,0,0.0429857,0.0421094,0.0443325,0.0360022,0.0419752,0.0349439,0.10983,0.109525,0.110399,0.1071,0.109461,0.1,0.106708,0,0,0,0,0,0,0,0,0,1,1,1,1,1,1,1,1,1,1,1,1,1,0,0,0,0,0,0,0,0,0,1,1,1,1,1,1,1,1,1,1,1,1,1,0,0,0,0,0,0,0,0,0,1,0,0,0,0,0,0,0,0,0,0,0,0,0,0,0,0,0,0,0,0,0,0,13,0,0,0,0,0,0,0,0,0,0,0,0,0,0,0,0,0,0,0,0,0,0,0,0,0,0,0,0,0,0,0,0,0,0,0,0,0,0,0,0,0,0,0,0,0,0,0,0
0.0349504,-0.544177,0.801535,0,0,0,0,2.66531e-09,8.18494e-08,-6.22903e-08,951,44,45,947,948,952,954,1637,1638,2540,2541,2544,2545,2547,0,0,0,0,0,0,0,0,0,44,45,947,948,952,954,1637,1638,2540,2541,2544,2545,2547,0,0,0,0,0,0,0,0,0,0.0335955,0.0418547,0.0433424,0.0340872,0.0414982,0.0417398,0.10629,0.109744,0.110097,0.106772,0.100124,0.109414,0.109053,0,0,0,0,0,0,0,0,0,0.0341414,0.0418429,0.0442443,0.0345355,0.0416602,0.042289,0.10641,0.109398,0.110361,0.106548,0.1,0.109326,0.109528,0,0,0,0,0,0,0,0,0,1,1,1,1,1,1,1,1,1,1,1,1,1,0,0,0,0,0,0,0,0,0,1,1,1,1,1,1,1,1,1,1,1,1,1,0,0,0,0,0,0,0,0,0,1,0,0,0,0,0,0,0,0,0,0,0,0,0,0,0,0,0,0,0,0,0,0,13,0,0,0,0,0,0,0,0,0,0,0,0,0,0,0,0,0,0,0,0,0,0,0,0,0,0,0,0,0,0,0,0,0,0,0,0,0,0,0,0,0,0,0,0,0,0,0,0
0.00444935,-0.560579,0.778671,0,0,0,0,1.47375e-09,9.0007e-08,-6.75032e-08,952,948,949,951,953,954,955,2541,2542,2544,2545,2546,2547,2548,0,0,0,0,0,0,0,0,0,948,949,951,953,954,955,2541,2542,2544,2545,2546,2547,2548,0,0,0,0,0,0,0,0,0,0.0429845,0.034419,0.0414982,0.0413481,0.0334196,0.0415411,0.109897,0.106846,0.109527,0.100119,0.109276,0.106253,0.108982,0,0,0,0,0,0,0,0,0,0.0436173,0.0346915,0.0416602,0.0416317,0.0337798,0.0418815,0.110082,0.10661,0.109322,0.1,0.109317,0.106283,0.109353,0,0,0,0,0,0,0,0,0,1,1,1,1,1,1,1,1,1,1,1,1,1,0,0,0,0,0,0,0,0,0,1,1,1,1,1,1,1,1,1,1,1,1,1,0,0,0,0,0,0,0,0,0,1,0,0,0,0,0,0,0,0,0,0,0,0,0,0,0,0,0,0,0,0,0,0,13,0,0,0,0,0,0,0,0,0,0,0,0,0,0,0,0,0,0,0,0,0,0,0,0,0,0,0,0,0,0,0,0,0,0,0,0,0,0,0,0,0,0,0,0,0,0,0,0
-0.0262384,-0.574816,0.754896,0,0,0,0,2.91929e-10,9.81084e-08,-7.18664e-08,953,95,96,949,950,952,955,1688,1689,2542,2543,2545,2546,2548,0,0,0,0,0,0,0,0,0,95,96,949,950,952,955,1688,1689,2542,2543,2545,2546,2548,0,0,0,0,0,0,0,0,0,0.0418592,0.0415317,0.0427227,0.034765,0.0413481,0.0336424,0.109163,0.109274,0.109728,0.106913,0.109415,0.100109,0.106386,0,0,0,0,0,0,0,0,0,0.0420454,0.0418615,0.0431084,0.0349439,0.0416317,0.0338938,0.109422,0.109418,0.109858,0.106709,0.109313,0.1,0.106329,0,0,0,0,0,0,0,0,0,1,1,1,1,1,1,1,1,1,1,1,1,1,0,0,0,0,0,0,0,0,0,1,1,1,1,1,1,1,1,1,1,1,1,1,0,0,0,0,0,0,0,0,0,1,0,0,0,0,0,0,0,0,0,0,0,0,0,0,0,0,0,0,0,0,0,0,13,0,0,0,0,0,0,0,0,0,0,0,0,0,0,0,0,0,0,0,0,0,0,0,0,0,0,0,0,0,0,0,0,0,0,0,0,0,0,0,0,0,0,0,0,0,0,0,0
0.0349351,-0.566918,0.766534,0,0,0,0,2.91668e-09,9.35634e-08,-6.88843e-08,954,43,44,951,952,955,956,1636,1637,2544,2545,2547,2548,2549,0,0,0,0,0,0,0,0,0,43,44,951,952,955,956,1636,1637,2544,2545,2547,2548,2549,0,0,0,0,0,0,0,0,0,0.0332817,0.0416335,0.0417398,0.0334196,0.0413396,0.0402929,0.106152,0.109557,0.109325,0.106443,0.100095,0.109291,0.108463,0,0,0,0,0,0,0,0,0,0.0337183,0.041571,0.042289,0.0337798,0.0414123,0.0405786,0.106268,0.109287,0.109503,0.106284,0.1,0.109225,0.108802,0,0,0,0,0,0,0,0,0,1,1,1,1,1,1,1,1,1,1,1,1,1,0,0,0,0,0,0,0,0,0,1,1,1,1,1,1,1,1,1,1,1,1,1,0,0,0,0,0,0,0,0,0,1,0,0,0,0,0,0,0,0,0,0,0,0,0,0,0,0,0,0,0,0,0,0,13,0,0,0,0,0,0,0,0,0,0,0,0,0,0,0,0,0,0,0,0,0,0,0,0,0,0,0,0,0,0,0,0,0,0,0,0,0,0,0,0,0,0,0,0,0,0,0,0
0.0044278,-0.582313,0.743269,0,0,0,0,1.7532e-09,1.02279e-07,-7.40615e-08,955,94,95,952,953,954,956,1687,1688,2545,2546,2547,2548,2549,0,0,0,0,0,0,0,0,0,94,95,952,953,954,956,1687,1688,2545,2546,2547,2548,2549,0,0,0,0,0,0,0,0,0,0.0411206,0.0416076,0.0415411,0.0336424,0.0413396,0.0326689,0.10884,0.109331,0.109208,0.106484,0.109378,0.100092,0.105969,0,0,0,0,0,0,0,0,0,0.0412703,0.041746,0.0418815,0.0338938,0.0414123,0.0329713,0.109092,0.109368,0.109328,0.10633,0.109221,0.1,0.106006,0,0,0,0,0,0,0,0,0,1,1,1,1,1,1,1,1,1,1,1,1,1,0,0,0,0,0,0,0,0,0,1,1,1,1,1,1,1,1,1,1,1,1,1,0,0,0,0,0,0,0,0,0,1,0,0,0,0,0,0,0,0,0,0,0,0,0,0,0,0,0,0,0,0,0,0,13,0,0,0,0,0,0,0,0,0,0,0,0,0,0,0,0,0,0,0,0,0,0,0,0,0,0,0,0,0,0,0,0,0,0,0,0,0,0,0,0,0,0,0,0,0,0,0,0
0.0346178,-0.587642,0.731981,0,0,0,0,3.17256e-09,1.05661e-07,-7.52146e-08,956,42,43,93,94,954,955,1635,1636,1686,1687,2547,2548,2549,0,0,0,0,0,0,0,0,0,42,43,93,94,954,955,1635,1636,1686,1687,2547,2548,2549,0,0,0,0,0,0,0,0,0,0.0337644,0.0418015,0.0411665,0.0420283,0.0402929,0.0326689,0.106306,0.10956,0.108854,0.109526,0.108668,0.106103,0.100077,0,0,0,0,0,0,0,0,0,0.0341073,0.0417024,0.0412669,0.0420045,0.0405786,0.0329713,0.106416,0.10935,0.10909,0.109478,0.108779,0.106007,0.1,0,0,0,0,0,0,0,0,0,1,1,1,1,1,1,1,1,1,1,1,1,1,0,0,0,0,0,0,0,0,0,1,1,1,1,1,1,1,1,1,1,1,1,1,0,0,0,0,0,0,0,0,0,1,0,0,0,0,0,0,0,0,0,0,0,0,0,0,0,0,0,0,0,0,0,0,13,0,0,0,0,0,0,0,0,0,0,0,0,0,0,0,0,0,0,0,0,0,0,0,0,0,0,0,0,0,0,0,0,0,0,0,0,0,0,0,0,0,0,0,0,0,0,0,0
0.63186,-0.260398,0.485519,0,0,0,0,1.6796e-07,2.26374e-08,9.72283e-08,957,27,28,959,1620,1621,2550,2552,0,0,0,0,0,0,0,0,0,0,0,0,0,0,0,27,28,959,1620,1621,2550,2552,0,0,0,0,0,0,0,0,0,0,0,0,0,0,0,0.0489517,0.0383867,0.0408231,0.112428,0.107947,0.100016,0.108984,0,0,0,0,0,0,0,0,0,0,0,0,0,0,0,0.0486518,0.0386198,0.0410781,0.112421,0.107977,0.1,0.108983,0,0,0,0,0,0,0,0,0,0,0,0,0,0,0,1,1,1,1,1,1,1,0,0,0,0,0,0,0,0,0,0,0,0,0,0,0,1,1,1,1,1,1,1,0,0,0,0,0,0,0,0,0,0,0,0,0,0,0,1,0,0,0,0,0,0,0,0,0,0,0,0,0,0,0,0,0,0,0,0,0,0,7,0,0,0,0,0,0,0,0,0,0,0,0,0,0,0,0,0,0,0,0,0,0,0,0,0,0,0,0,0,0,0,0,0,0,0,0,0,0,0,0,0,0,0,0,0,0,0,0
0.605424,-0.317946,0.489207,0,0,0,0,1.52795e-07,3.41712e-08,8.09437e-08,958,959,961,962,2551,2552,2554,2555,0,0,0,0,0,0,0,0,0,0,0,0,0,0,0,959,961,962,2551,2552,2554,2555,0,0,0,0,0,0,0,0,0,0,0,0,0,0,0,0.0401921,0.0405489,0.0492434,0.100014,0.108671,0.108901,0.112566,0,0,0,0,0,0,0,0,0,0,0,0,0,0,0,0.0404802,0.0408663,0.0488852,0.1,0.108733,0.108893,0.112534,0,0,0,0,0,0,0,0,0,0,0,0,0,0,0,1,1,1,1,1,1,1,0,0,0,0,0,0,0,0,0,0,0,0,0,0,0,1,1,1,1,1,1,1,0,0,0,0,0,0,0,0,0,0,0,0,0,0,0,1,0,0,0,0,0,0,0,0,0,0,0,0,0,0,0,0,0,0,0,0,0,0,7,0,0,0,0,0,0,0,0,0,0,0,0,0,0,0,0,0,0,0,0,0,0,0,0,0,0,0,0,0,0,0,0,0,0,0,0,0,0,0,0,0,0,0,0,0,0,0,0
0.613069,-0.285499,0.511661,0,0,0,0,1.52469e-07,2.69997e-08,8.88285e-08,959,26,27,957,958,962,1619,1620,2550,2551,2552,2555,0,0,0,0,0,0,0,0,0,0,0,26,27,957,958,962,1619,1620,2550,2551,2552,2555,0,0,0,0,0,0,0,0,0,0,0,0.0494003,0.0394979,0.0408231,0.0401921,0.0409387,0.112644,0.10846,0.108975,0.108766,0.100019,0.109096,0,0,0,0,0,0,0,0,0,0,0,0.0492197,0.0398997,0.0410781,0.0404802,0.0413411,0.112696,0.108494,0.108982,0.108732,0.1,0.109093,0,0,0,0,0,0,0,0,0,0,0,1,1,1,1,1,1,1,1,1,1,1,0,0,0,0,0,0,0,0,0,0,0,1,1,1,1,1,1,1,1,1,1,1,0,0,0,0,0,0,0,0,0,0,0,1,0,0,0,0,0,0,0,0,0,0,0,0,0,0,0,0,0,0,0,0,0,0,11,0,0,0,0,0,0,0,0,0,0,0,0,0,0,0,0,0,0,0,0,0,0,0,0,0,0,0,0,0,0,0,0,0,0,0,0,0,0,0,0,0,0,0,0,0,0,0,0
0.574311,-0.374882,0.486698,0,0,0,0,1.36705e-07,4.87941e-08,6.1839e-08,960,961,964,965,2553,2554,2557,2558,0,0,0,0,0,0,0,0,0,0,0,0,0,0,0,961,964,965,2553,2554,2557,2558,0,0,0,0,0,0,0,0,0,0,0,0,0,0,0,0.041716,0.0391476,0.0484595,0.100011,0.109311,0.108337,0.112192,0,0,0,0,0,0,0,0,0,0,0,0,0,0,0,0.0420443,0.0394958,0.0480662,0.1,0.109393,0.108327,0.11214,0,0,0,0,0,0,0,0,0,0,0,0,0,0,0,1,1,1,1,1,1,1,0,0,0,0,0,0,0,0,0,0,0,0,0,0,0,1,1,1,1,1,1,1,0,0,0,0,0,0,0,0,0,0,0,0,0,0,0,1,0,0,0,0,0,0,0,0,0,0,0,0,0,0,0,0,0,0,0,0,0,0,7,0,0,0,0,0,0,0,0,0,0,0,0,0,0,0,0,0,0,0,0,0,0,0,0,0,0,0,0,0,0,0,0,0,0,0,0,0,0,0,0,0,0,0,0,0,0,0,0
0.583955,-0.343414,0.51233,0,0,0,0,1.37278e-07,3.94527e-08,7.09966e-08,961,958,960,962,965,966,2551,2553,2554,2555,2558,2559,0,0,0,0,0,0,0,0,0,0,0,958,960,962,965,966,2551,2553,2554,2555,2558,2559,0,0,0,0,0,0,0,0,0,0,0,0.0405489,0.041716,0.0411553,0.0396786,0.048923,0.108868,0.109423,0.100036,0.109154,0.1086,0.112431,0,0,0,0,0,0,0,0,0,0,0,0.0408663,0.0420443,0.041615,0.0401647,0.0487355,0.108891,0.109392,0.1,0.10921,0.108602,0.112461,0,0,0,0,0,0,0,0,0,0,0,1,1,1,1,1,1,1,1,1,1,1,0,0,0,0,0,0,0,0,0,0,0,1,1,1,1,1,1,1,1,1,1,1,0,0,0,0,0,0,0,0,0,0,0,1,0,0,0,0,0,0,0,0,0,0,0,0,0,0,0,0,0,0,0,0,0,0,11,0,0,0,0,0,0,0,0,0,0,0,0,0,0,0,0,0,0,0,0,0,0,0,0,0,0,0,0,0,0,0,0,0,0,0,0,0,0,0,0,0,0,0,0,0,0,0,0
0.592278,-0.31089,0.536135,0,0,0,0,1.37706e-07,3.08999e-08,7.85439e-08,962,25,26,958,959,961,966,1618,1619,2551,2552,2554,2555,2559,0,0,0,0,0,0,0,0,0,25,26,958,959,961,966,1618,1619,2551,2552,2554,2555,2559,0,0,0,0,0,0,0,0,0,0.0502159,0.0409672,0.0492434,0.0409387,0.0411553,0.0407971,0.113046,0.109073,0.112513,0.109086,0.109215,0.10002,0.10903,0,0,0,0,0,0,0,0,0,0.0499677,0.041349,0.0488852,0.0413411,0.041615,0.0411402,0.113062,0.109098,0.112548,0.109091,0.109209,0.1,0.109009,0,0,0,0,0,0,0,0,0,1,1,1,1,1,1,1,1,1,1,1,1,1,0,0,0,0,0,0,0,0,0,1,1,1,1,1,1,1,1,1,1,1,1,1,0,0,0,0,0,0,0,0,0,1,0,0,0,0,0,0,0,0,0,0,0,0,0,0,0,0,0,0,0,0,0,0,13,0,0,0,0,0,0,0,0,0,0,0,0,0,0,0,0,0,0,0,0,0,0,0,0,0,0,0,0,0,0,0,0,0,0,0,0,0,0,0,0,0,0,0,0,0,0,0,0
0.539423,-0.429006,0.478218,0,0,0,0,1.20585e-07,6.62983e-08,4.08659e-08,963,964,968,969,2556,2557,2561,2562,0,0,0,0,0,0,0,0,0,0,0,0,0,0,0,964,968,969,2556,2557,2561,2562,0,0,0,0,0,0,0,0,0,0,0,0,0,0,0,0.0424832,0.0387519,0.0487563,0.10001,0.109642,0.108176,0.112338,0,0,0,0,0,0,0,0,0,0,0,0,0,0,0,0.0428294,0.0391045,0.048345,0.1,0.109733,0.108169,0.112273,0,0,0,0,0,0,0,0,0,0,0,0,0,0,0,1,1,1,1,1,1,1,0,0,0,0,0,0,0,0,0,0,0,0,0,0,0,1,1,1,1,1,1,1,0,0,0,0,0,0,0,0,0,0,0,0,0,0,0,1,0,0,0,0,0,0,0,0,0,0,0,0,0,0,0,0,0,0,0,0,0,0,7,0,0,0,0,0,0,0,0,0,0,0,0,0,0,0,0,0,0,0,0,0,0,0,0,0,0,0,0,0,0,0,0,0,0,0,0,0,0,0,0,0,0,0,0,0,0,0,0
0.550934,-0.399351,0.506377,0,0,0,0,1.21907e-07,5.4849e-08,5.08314e-08,964,960,963,965,969,970,2553,2556,2557,2558,2562,2563,0,0,0,0,0,0,0,0,0,0,0,960,963,965,969,970,2553,2556,2557,2558,2562,2563,0,0,0,0,0,0,0,0,0,0,0,0.0391476,0.0424832,0.0419222,0.0384324,0.0477669,0.108294,0.109753,0.100052,0.109488,0.108094,0.11189,0,0,0,0,0,0,0,0,0,0,0,0.0394958,0.0428294,0.0424065,0.0389502,0.0475705,0.108325,0.109733,0.1,0.10955,0.108108,0.111904,0,0,0,0,0,0,0,0,0,0,0,1,1,1,1,1,1,1,1,1,1,1,0,0,0,0,0,0,0,0,0,0,0,1,1,1,1,1,1,1,1,1,1,1,0,0,0,0,0,0,0,0,0,0,0,1,0,0,0,0,0,0,0,0,0,0,0,0,0,0,0,0,0,0,0,0,0,0,11,0,0,0,0,0,0,0,0,0,0,0,0,0,0,0,0,0,0,0,0,0,0,0,0,0,0,0,0,0,0,0,0,0,0,0,0,0,0,0,0,0,0,0,0,0,0,0,0
0.561113,-0.368512,0.532888,0,0,0,0,1.22939e-07,4.43217e-08,5.95719e-08,965,960,961,964,966,970,971,2553,2554,2557,2558,2559,2563,2564,0,0,0,0,0,0,0,0,0,960,961,964,966,970,971,2553,2554,2557,2558,2559,2563,2564,0,0,0,0,0,0,0,0,0,0.0484595,0.0396786,0.0419222,0.042033,0.0384131,0.0489396,0.112135,0.108586,0.109535,0.100025,0.109524,0.108063,0.112438,0,0,0,0,0,0,0,0,0,0.0480662,0.0401647,0.0424065,0.042418,0.0388112,0.048678,0.112153,0.108599,0.109549,0.1,0.109555,0.108053,0.112434,0,0,0,0,0,0,0,0,0,1,1,1,1,1,1,1,1,1,1,1,1,1,0,0,0,0,0,0,0,0,0,1,1,1,1,1,1,1,1,1,1,1,1,1,0,0,0,0,0,0,0,0,0,1,0,0,0,0,0,0,0,0,0,0,0,0,0,0,0,0,0,0,0,0,0,0,13,0,0,0,0,0,0,0,0,0,0,0,0,0,0,0,0,0,0,0,0,0,0,0,0,0,0,0,0,0,0,0,0,0,0,0,0,0,0,0,0,0,0,0,0,0,0,0,0
0.569648,-0.336358,0.558579,0,0,0,0,1.23218e-07,3.50654e-08,6.78314e-08,966,24,25,961,962,965,971,1617,1618,2554,2555,2558,2559,2564,0,0,0,0,0,0,0,0,0,24,25,961,962,965,971,1617,1618,2554,2555,2558,2559,2564,0,0,0,0,0,0,0,0,0,0.0501257,0.0427486,0.048923,0.0407971,0.042033,0.0386268,0.112999,0.109846,0.112488,0.109013,0.109525,0.100021,0.108137,0,0,0,0,0,0,0,0,0,0.0499022,0.0431584,0.0487355,0.0411402,0.042418,0.0389873,0.11303,0.109876,0.112475,0.109006,0.109554,0.1,0.108125,0,0,0,0,0,0,0,0,0,1,1,1,1,1,1,1,1,1,1,1,1,1,0,0,0,0,0,0,0,0,0,1,1,1,1,1,1,1,1,1,1,1,1,1,0,0,0,0,0,0,0,0,0,1,0,0,0,0,0,0,0,0,0,0,0,0,0,0,0,0,0,0,0,0,0,0,13,0,0,0,0,0,0,0,0,0,0,0,0,0,0,0,0,0,0,0,0,0,0,0,0,0,0,0,0,0,0,0,0,0,0,0,0,0,0,0,0,0,0,0,0,0,0,0,0
0.500355,-0.47974,0.466308,0,0,0,0,1.04591e-07,8.63517e-08,1.84364e-08,967,968,972,973,2560,2561,2565,2566,0,0,0,0,0,0,0,0,0,0,0,0,0,0,0,968,972,973,2560,2561,2565,2566,0,0,0,0,0,0,0,0,0,0,0,0,0,0,0,0.0432919,0.0394899,0.0494282,0.100015,0.109995,0.108447,0.112686,0,0,0,0,0,0,0,0,0,0,0,0,0,0,0,0.0436276,0.0398227,0.0490446,0.1,0.110083,0.108459,0.11261,0,0,0,0,0,0,0,0,0,0,0,0,0,0,0,1,1,1,1,1,1,1,0,0,0,0,0,0,0,0,0,0,0,0,0,0,0,1,1,1,1,1,1,1,0,0,0,0,0,0,0,0,0,0,0,0,0,0,0,1,0,0,0,0,0,0,0,0,0,0,0,0,0,0,0,0,0,0,0,0,0,0,7,0,0,0,0,0,0,0,0,0,0,0,0,0,0,0,0,0,0,0,0,0,0,0,0,0,0,0,0,0,0,0,0,0,0,0,0,0,0,0,0,0,0,0,0,0,0,0,0
0.513975,-0.451831,0.49647,0,0,0,0,1.06473e-07,7.28684e-08,2.90569e-08,968,963,967,969,973,974,2556,2560,2561,2562,2566,2567,0,0,0,0,0,0,0,0,0,0,0,963,967,969,973,974,2556,2560,2561,2562,2566,2567,0,0,0,0,0,0,0,0,0,0,0,0.0387519,0.0432919,0.042578,0.0393317,0.0489128,0.108129,0.1101,0.100066,0.109773,0.108453,0.112446,0,0,0,0,0,0,0,0,0,0,0,0.0391045,0.0436276,0.0430785,0.0398723,0.0487023,0.108167,0.110084,0.1,0.109842,0.10848,0.112445,0,0,0,0,0,0,0,0,0,0,0,1,1,1,1,1,1,1,1,1,1,1,0,0,0,0,0,0,0,0,0,0,0,1,1,1,1,1,1,1,1,1,1,1,0,0,0,0,0,0,0,0,0,0,0,1,0,0,0,0,0,0,0,0,0,0,0,0,0,0,0,0,0,0,0,0,0,0,11,0,0,0,0,0,0,0,0,0,0,0,0,0,0,0,0,0,0,0,0,0,0,0,0,0,0,0,0,0,0,0,0,0,0,0,0,0,0,0,0,0,0,0,0,0,0,0,0
0.526436,-0.42256,0.524769,0,0,0,0,1.0814e-07,6.03566e-08,3.89341e-08,969,963,964,968,970,974,975,2556,2557,2561,2562,2563,2567,2568,0,0,0,0,0,0,0,0,0,963,964,968,970,974,975,2556,2557,2561,2562,2563,2567,2568,0,0,0,0,0,0,0,0,0,0.0487563,0.0384324,0.042578,0.0419759,0.0392552,0.0483628,0.11229,0.108092,0.109815,0.10003,0.109496,0.108396,0.112161,0,0,0,0,0,0,0,0,0,0.048345,0.0389502,0.0430785,0.0423666,0.039681,0.0480817,0.112286,0.108106,0.109842,0.1,0.109533,0.108403,0.112147,0,0,0,0,0,0,0,0,0,1,1,1,1,1,1,1,1,1,1,1,1,1,0,0,0,0,0,0,0,0,0,1,1,1,1,1,1,1,1,1,1,1,1,1,0,0,0,0,0,0,0,0,0,1,0,0,0,0,0,0,0,0,0,0,0,0,0,0,0,0,0,0,0,0,0,0,13,0,0,0,0,0,0,0,0,0,0,0,0,0,0,0,0,0,0,0,0,0,0,0,0,0,0,0,0,0,0,0,0,0,0,0,0,0,0,0,0,0,0,0,0,0,0,0,0
0.537352,-0.392188,0.551609,0,0,0,0,1.09377e-07,4.92637e-08,4.83349e-08,970,964,965,969,971,975,976,2557,2558,2562,2563,2564,2568,2569,0,0,0,0,0,0,0,0,0,964,965,969,971,975,976,2557,2558,2562,2563,2564,2568,2569,0,0,0,0,0,0,0,0,0,0.0477669,0.0384131,0.0419759,0.0432676,0.038613,0.0492796,0.111948,0.108056,0.109494,0.100027,0.110058,0.108135,0.11259,0,0,0,0,0,0,0,0,0,0.0475705,0.0388112,0.0423666,0.0436696,0.0390154,0.0490391,0.111916,0.108051,0.109533,0.1,0.110102,0.108135,0.112608,0,0,0,0,0,0,0,0,0,1,1,1,1,1,1,1,1,1,1,1,1,1,0,0,0,0,0,0,0,0,0,1,1,1,1,1,1,1,1,1,1,1,1,1,0,0,0,0,0,0,0,0,0,1,0,0,0,0,0,0,0,0,0,0,0,0,0,0,0,0,0,0,0,0,0,0,13,0,0,0,0,0,0,0,0,0,0,0,0,0,0,0,0,0,0,0,0,0,0,0,0,0,0,0,0,0,0,0,0,0,0,0,0,0,0,0,0,0,0,0,0,0,0,0,0
0.546546,-0.359805,0.578791,0,0,0,0,1.09991e-07,3.92427e-08,5.70385e-08,971,23,24,965,966,970,976,1616,1617,2558,2559,2563,2564,2569,0,0,0,0,0,0,0,0,0,23,24,965,966,970,976,1616,1617,2558,2559,2563,2564,2569,0,0,0,0,0,0,0,0,0,0.0502082,0.0438083,0.0489396,0.0386268,0.0432676,0.0381397,0.113036,0.110307,0.11243,0.108151,0.110066,0.10002,0.107949,0,0,0,0,0,0,0,0,0,0.0499652,0.0442035,0.048678,0.0389873,0.0436696,0.0384828,0.113061,0.110339,0.112447,0.108122,0.110101,0.1,0.107924,0,0,0,0,0,0,0,0,0,1,1,1,1,1,1,1,1,1,1,1,1,1,0,0,0,0,0,0,0,0,0,1,1,1,1,1,1,1,1,1,1,1,1,1,0,0,0,0,0,0,0,0,0,1,0,0,0,0,0,0,0,0,0,0,0,0,0,0,0,0,0,0,0,0,0,0,13,0,0,0,0,0,0,0,0,0,0,0,0,0,0,0,0,0,0,0,0,0,0,0,0,0,0,0,0,0,0,0,0,0,0,0,0,0,0,0,0,0,0,0,0,0,0,0,0
0.472083,-0.502056,0.482499,0,0,0,0,9.12156e-08,9.35943e-08,5.28953e-09,972,967,973,978,979,2560,2565,2566,2571,2572,0,0,0,0,0,0,0,0,0,0,0,0,0,967,973,978,979,2560,2565,2566,2571,2572,0,0,0,0,0,0,0,0,0,0,0,0,0,0.0394899,0.0440082,0.0392555,0.0489471,0.108411,0.100037,0.110378,0.108423,0.112464,0,0,0,0,0,0,0,0,0,0,0,0,0,0.0398227,0.0443429,0.0398828,0.0486143,0.108457,0.1,0.110402,0.108483,0.112401,0,0,0,0,0,0,0,0,0,0,0,0,0,1,1,1,1,1,1,1,1,1,0,0,0,0,0,0,0,0,0,0,0,0,0,1,1,1,1,1,1,1,1,1,0,0,0,0,0,0,0,0,0,0,0,0,0,1,0,0,0,0,0,0,0,0,0,0,0,0,0,0,0,0,0,0,0,0,0,0,9,0,0,0,0,0,0,0,0,0,0,0,0,0,0,0,0,0,0,0,0,0,0,0,0,0,0,0,0,0,0,0,0,0,0,0,0,0,0,0,0,0,0,0,0,0,0,0,0
0.486588,-0.474364,0.513475,0,0,0,0,9.29504e-08,7.92883e-08,1.62081e-08,973,967,968,972,974,979,980,2560,2561,2565,2566,2567,2572,2573,0,0,0,0,0,0,0,0,0,967,968,972,974,979,980,2560,2561,2565,2566,2567,2572,2573,0,0,0,0,0,0,0,0,0,0.0494282,0.0393317,0.0440082,0.0435031,0.039669,0.048847,0.112634,0.108455,0.110338,0.100033,0.110152,0.1086,0.112408,0,0,0,0,0,0,0,0,0,0.0490446,0.0398723,0.0443429,0.0438475,0.0402015,0.0485151,0.112623,0.108478,0.110403,0.1,0.110181,0.108615,0.112354,0,0,0,0,0,0,0,0,0,1,1,1,1,1,1,1,1,1,1,1,1,1,0,0,0,0,0,0,0,0,0,1,1,1,1,1,1,1,1,1,1,1,1,1,0,0,0,0,0,0,0,0,0,1,0,0,0,0,0,0,0,0,0,0,0,0,0,0,0,0,0,0,0,0,0,0,13,0,0,0,0,0,0,0,0,0,0,0,0,0,0,0,0,0,0,0,0,0,0,0,0,0,0,0,0,0,0,0,0,0,0,0,0,0,0,0,0,0,0,0,0,0,0,0,0
0.499874,-0.44513,0.542824,0,0,0,0,9.46397e-08,6.60399e-08,2.67565e-08,974,968,969,973,975,980,981,2561,2562,2566,2567,2568,2573,2574,0,0,0,0,0,0,0,0,0,968,969,973,975,980,981,2561,2562,2566,2567,2568,2573,2574,0,0,0,0,0,0,0,0,0,0.0489128,0.0392552,0.0435031,0.0427952,0.0399115,0.048593,0.112503,0.108401,0.110131,0.100031,0.109842,0.108676,0.112263,0,0,0,0,0,0,0,0,0,0.0487023,0.039681,0.0438475,0.0431944,0.0403797,0.0483215,0.112458,0.108401,0.110181,0.1,0.109893,0.10869,0.112261,0,0,0,0,0,0,0,0,0,1,1,1,1,1,1,1,1,1,1,1,1,1,0,0,0,0,0,0,0,0,0,1,1,1,1,1,1,1,1,1,1,1,1,1,0,0,0,0,0,0,0,0,0,1,0,0,0,0,0,0,0,0,0,0,0,0,0,0,0,0,0,0,0,0,0,0,13,0,0,0,0,0,0,0,0,0,0,0,0,0,0,0,0,0,0,0,0,0,0,0,0,0,0,0,0,0,0,0,0,0,0,0,0,0,0,0,0,0,0,0,0,0,0,0,0
0.51197,-0.414558,0.570218,0,0,0,0,9.63375e-08,5.4213e-08,3.67248e-08,975,969,970,974,976,981,982,2562,2563,2567,2568,2569,2574,2575,0,0,0,0,0,0,0,0,0,969,970,974,976,981,982,2562,2563,2567,2568,2569,2574,2575,0,0,0,0,0,0,0,0,0,0.0483628,0.038613,0.0427952,0.0433448,0.0399784,0.0485292,0.112166,0.108155,0.109853,0.100023,0.110084,0.108691,0.112221,0,0,0,0,0,0,0,0,0,0.0480817,0.0390154,0.0431944,0.0437311,0.0403546,0.0482608,0.112159,0.108133,0.109893,0.1,0.11013,0.108681,0.112233,0,0,0,0,0,0,0,0,0,1,1,1,1,1,1,1,1,1,1,1,1,1,0,0,0,0,0,0,0,0,0,1,1,1,1,1,1,1,1,1,1,1,1,1,0,0,0,0,0,0,0,0,0,1,0,0,0,0,0,0,0,0,0,0,0,0,0,0,0,0,0,0,0,0,0,0,13,0,0,0,0,0,0,0,0,0,0,0,0,0,0,0,0,0,0,0,0,0,0,0,0,0,0,0,0,0,0,0,0,0,0,0,0,0,0,0,0,0,0,0,0,0,0,0,0
0.522181,-0.382435,0.597469,0,0,0,0,9.74811e-08,4.36613e-08,4.60194e-08,976,22,23,970,971,975,982,1615,1616,2563,2564,2568,2569,2575,0,0,0,0,0,0,0,0,0,22,23,970,971,975,982,1615,1616,2563,2564,2568,2569,2575,0,0,0,0,0,0,0,0,0,0.0501167,0.0445121,0.0492796,0.0381397,0.0433448,0.0386114,0.112981,0.110609,0.112619,0.107954,0.11009,0.100019,0.108138,0,0,0,0,0,0,0,0,0,0.0498606,0.044904,0.0490391,0.0384828,0.0437311,0.0389499,0.113009,0.110654,0.112621,0.107921,0.110129,0.1,0.10811,0,0,0,0,0,0,0,0,0,1,1,1,1,1,1,1,1,1,1,1,1,1,0,0,0,0,0,0,0,0,0,1,1,1,1,1,1,1,1,1,1,1,1,1,0,0,0,0,0,0,0,0,0,1,0,0,0,0,0,0,0,0,0,0,0,0,0,0,0,0,0,0,0,0,0,0,13,0,0,0,0,0,0,0,0,0,0,0,0,0,0,0,0,0,0,0,0,0,0,0,0,0,0,0,0,0,0,0,0,0,0,0,0,0,0,0,0,0,0,0,0,0,0,0,0
0.427063,-0.548429,0.462892,0,0,0,0,7.59748e-08,1.18506e-07,-1.77338e-08,977,978,983,984,2570,2571,2576,2577,0,0,0,0,0,0,0,0,0,0,0,0,0,0,0,978,983,984,2570,2571,2576,2577,0,0,0,0,0,0,0,0,0,0,0,0,0,0,0,0.0448466,0.0385954,0.0482844,0.100011,0.110677,0.108115,0.11214,0,0,0,0,0,0,0,0,0,0,0,0,0,0,0,0.0452159,0.0389626,0.0478784,0.1,0.110797,0.108109,0.112048,0,0,0,0,0,0,0,0,0,0,0,0,0,0,0,1,1,1,1,1,1,1,0,0,0,0,0,0,0,0,0,0,0,0,0,0,0,1,1,1,1,1,1,1,0,0,0,0,0,0,0,0,0,0,0,0,0,0,0,1,0,0,0,0,0,0,0,0,0,0,0,0,0,0,0,0,0,0,0,0,0,0,7,0,0,0,0,0,0,0,0,0,0,0,0,0,0,0,0,0,0,0,0,0,0,0,0,0,0,0,0,0,0,0,0,0,0,0,0,0,0,0,0,0,0,0,0,0,0,0,0
0.44245,-0.523455,0.496815,0,0,0,0,7.84294e-08,1.02051e-07,-7.23586e-09,978,972,977,979,984,985,2565,2570,2571,2572,2577,2578,0,0,0,0,0,0,0,0,0,0,0,972,977,979,984,985,2565,2570,2571,2572,2577,2578,0,0,0,0,0,0,0,0,0,0,0,0.0392555,0.0448466,0.044518,0.0388187,0.0480975,0.108465,0.110826,0.100105,0.110602,0.108273,0.112072,0,0,0,0,0,0,0,0,0,0,0,0.0398828,0.0452159,0.0449884,0.0395477,0.047971,0.108481,0.1108,0.1,0.110693,0.108347,0.112092,0,0,0,0,0,0,0,0,0,0,0,1,1,1,1,1,1,1,1,1,1,1,0,0,0,0,0,0,0,0,0,0,0,1,1,1,1,1,1,1,1,1,1,1,0,0,0,0,0,0,0,0,0,0,0,1,0,0,0,0,0,0,0,0,0,0,0,0,0,0,0,0,0,0,0,0,0,0,11,0,0,0,0,0,0,0,0,0,0,0,0,0,0,0,0,0,0,0,0,0,0,0,0,0,0,0,0,0,0,0,0,0,0,0,0,0,0,0,0,0,0,0,0,0,0,0,0
0.457396,-0.496391,0.528846,0,0,0,0,8.02463e-08,8.64348e-08,3.38275e-09,979,972,973,978,980,985,986,2565,2566,2571,2572,2573,2578,2579,0,0,0,0,0,0,0,0,0,972,973,978,980,985,986,2565,2566,2571,2572,2573,2578,2579,0,0,0,0,0,0,0,0,0,0.0489471,0.039669,0.044518,0.0442288,0.0395331,0.0482412,0.112459,0.108567,0.110687,0.10004,0.110454,0.108537,0.112106,0,0,0,0,0,0,0,0,0,0.0486143,0.0402015,0.0449884,0.0446295,0.040041,0.0479664,0.112414,0.108613,0.110695,0.1,0.110531,0.108549,0.11209,0,0,0,0,0,0,0,0,0,1,1,1,1,1,1,1,1,1,1,1,1,1,0,0,0,0,0,0,0,0,0,1,1,1,1,1,1,1,1,1,1,1,1,1,0,0,0,0,0,0,0,0,0,1,0,0,0,0,0,0,0,0,0,0,0,0,0,0,0,0,0,0,0,0,0,0,13,0,0,0,0,0,0,0,0,0,0,0,0,0,0,0,0,0,0,0,0,0,0,0,0,0,0,0,0,0,0,0,0,0,0,0,0,0,0,0,0,0,0,0,0,0,0,0,0
0.471262,-0.46752,0.559348,0,0,0,0,8.18614e-08,7.23006e-08,1.41008e-08,980,973,974,979,981,986,987,2566,2567,2572,2573,2574,2579,2580,0,0,0,0,0,0,0,0,0,973,974,979,981,986,987,2566,2567,2572,2573,2574,2579,2580,0,0,0,0,0,0,0,0,0,0.048847,0.0399115,0.0442288,0.0438316,0.0399856,0.0482236,0.112388,0.108686,0.110491,0.100029,0.110284,0.108718,0.112081,0,0,0,0,0,0,0,0,0,0.0485151,0.0403797,0.0446295,0.0442085,0.0404381,0.047929,0.112366,0.108687,0.110532,0.1,0.110342,0.108714,0.112073,0,0,0,0,0,0,0,0,0,1,1,1,1,1,1,1,1,1,1,1,1,1,0,0,0,0,0,0,0,0,0,1,1,1,1,1,1,1,1,1,1,1,1,1,0,0,0,0,0,0,0,0,0,1,0,0,0,0,0,0,0,0,0,0,0,0,0,0,0,0,0,0,0,0,0,0,13,0,0,0,0,0,0,0,0,0,0,0,0,0,0,0,0,0,0,0,0,0,0,0,0,0,0,0,0,0,0,0,0,0,0,0,0,0,0,0,0,0,0,0,0,0,0,0,0
0.484109,-0.436999,0.588064,0,0,0,0,8.36272e-08,5.96624e-08,2.45227e-08,981,974,975,980,982,987,988,2567,2568,2573,2574,2575,2580,2581,0,0,0,0,0,0,0,0,0,974,975,980,982,987,988,2567,2568,2573,2574,2575,2580,2581,0,0,0,0,0,0,0,0,0,0.048593,0.0399784,0.0438316,0.0436494,0.0403861,0.0483779,0.112293,0.108702,0.110299,0.100021,0.110209,0.108868,0.112139,0,0,0,0,0,0,0,0,0,0.0483215,0.0403546,0.0442085,0.0440391,0.0407737,0.0480933,0.112273,0.108678,0.110342,0.1,0.110266,0.108855,0.112152,0,0,0,0,0,0,0,0,0,1,1,1,1,1,1,1,1,1,1,1,1,1,0,0,0,0,0,0,0,0,0,1,1,1,1,1,1,1,1,1,1,1,1,1,0,0,0,0,0,0,0,0,0,1,0,0,0,0,0,0,0,0,0,0,0,0,0,0,0,0,0,0,0,0,0,0,13,0,0,0,0,0,0,0,0,0,0,0,0,0,0,0,0,0,0,0,0,0,0,0,0,0,0,0,0,0,0,0,0,0,0,0,0,0,0,0,0,0,0,0,0,0,0,0,0
0.496003,-0.404766,0.614987,0,0,0,0,8.54856e-08,4.84546e-08,3.45581e-08,982,21,22,975,976,981,988,1614,1615,2568,2569,2574,2575,2581,0,0,0,0,0,0,0,0,0,21,22,975,976,981,988,1614,1615,2568,2569,2574,2575,2581,0,0,0,0,0,0,0,0,0,0.0496862,0.0449798,0.0485292,0.0386114,0.0436494,0.040849,0.112759,0.110807,0.112245,0.108145,0.110227,0.100015,0.109056,0,0,0,0,0,0,0,0,0,0.0494044,0.04536,0.0482608,0.0389499,0.0440391,0.0411691,0.112785,0.110862,0.112245,0.108107,0.110265,0.1,0.109021,0,0,0,0,0,0,0,0,0,1,1,1,1,1,1,1,1,1,1,1,1,1,0,0,0,0,0,0,0,0,0,1,1,1,1,1,1,1,1,1,1,1,1,1,0,0,0,0,0,0,0,0,0,1,0,0,0,0,0,0,0,0,0,0,0,0,0,0,0,0,0,0,0,0,0,0,13,0,0,0,0,0,0,0,0,0,0,0,0,0,0,0,0,0,0,0,0,0,0,0,0,0,0,0,0,0,0,0,0,0,0,0,0,0,0,0,0,0,0,0,0,0,0,0,0
0.395808,-0.568335,0.473683,0,0,0,0,6.53754e-08,1.27251e-07,-3.07218e-08,983,977,984,989,990,2570,2576,2577,2582,2583,0,0,0,0,0,0,0,0,0,0,0,0,0,977,984,989,990,2570,2576,2577,2582,2583,0,0,0,0,0,0,0,0,0,0,0,0,0,0.0385954,0.0452765,0.0376765,0.0473749,0.108033,0.100053,0.110942,0.107791,0.111753,0,0,0,0,0,0,0,0,0,0,0,0,0,0.0389626,0.045591,0.0383166,0.0470913,0.108108,0.1,0.110969,0.107852,0.111675,0,0,0,0,0,0,0,0,0,0,0,0,0,1,1,1,1,1,1,1,1,1,0,0,0,0,0,0,0,0,0,0,0,0,0,1,1,1,1,1,1,1,1,1,0,0,0,0,0,0,0,0,0,0,0,0,0,1,0,0,0,0,0,0,0,0,0,0,0,0,0,0,0,0,0,0,0,0,0,0,9,0,0,0,0,0,0,0,0,0,0,0,0,0,0,0,0,0,0,0,0,0,0,0,0,0,0,0,0,0,0,0,0,0,0,0,0,0,0,0,0,0,0,0,0,0,0,0,0
0.411708,-0.544098,0.508464,0,0,0,0,6.68718e-08,1.10237e-07,-2.00493e-08,984,977,978,983,985,990,991,2570,2571,2576,2577,2578,2583,2584,0,0,0,0,0,0,0,0,0,977,978,983,985,990,991,2570,2571,2576,2577,2578,2583,2584,0,0,0,0,0,0,0,0,0,0.0482844,0.0388187,0.0452765,0.045201,0.0383363,0.0475069,0.112096,0.108322,0.11091,0.100042,0.110882,0.108064,0.111781,0,0,0,0,0,0,0,0,0,0.0478784,0.0395477,0.045591,0.0454646,0.0389857,0.0472084,0.112059,0.108345,0.110973,0.1,0.110911,0.10812,0.11173,0,0,0,0,0,0,0,0,0,1,1,1,1,1,1,1,1,1,1,1,1,1,0,0,0,0,0,0,0,0,0,1,1,1,1,1,1,1,1,1,1,1,1,1,0,0,0,0,0,0,0,0,0,1,0,0,0,0,0,0,0,0,0,0,0,0,0,0,0,0,0,0,0,0,0,0,13,0,0,0,0,0,0,0,0,0,0,0,0,0,0,0,0,0,0,0,0,0,0,0,0,0,0,0,0,0,0,0,0,0,0,0,0,0,0,0,0,0,0,0,0,0,0,0,0
0.426804,-0.517737,0.541936,0,0,0,0,6.84143e-08,9.40198e-08,-9.34285e-09,985,978,979,984,986,991,992,2571,2572,2577,2578,2579,2584,2585,0,0,0,0,0,0,0,0,0,978,979,984,986,991,992,2571,2572,2577,2578,2579,2584,2585,0,0,0,0,0,0,0,0,0,0.0480975,0.0395331,0.045201,0.0448658,0.0389983,0.0474948,0.112191,0.108533,0.110879,0.100039,0.110723,0.108318,0.111743,0,0,0,0,0,0,0,0,0,0.047971,0.040041,0.0454646,0.0452155,0.0395795,0.0472445,0.112104,0.108547,0.110913,0.1,0.110797,0.108361,0.111748,0,0,0,0,0,0,0,0,0,1,1,1,1,1,1,1,1,1,1,1,1,1,0,0,0,0,0,0,0,0,0,1,1,1,1,1,1,1,1,1,1,1,1,1,0,0,0,0,0,0,0,0,0,1,0,0,0,0,0,0,0,0,0,0,0,0,0,0,0,0,0,0,0,0,0,0,13,0,0,0,0,0,0,0,0,0,0,0,0,0,0,0,0,0,0,0,0,0,0,0,0,0,0,0,0,0,0,0,0,0,0,0,0,0,0,0,0,0,0,0,0,0,0,0,0
0.441064,-0.489447,0.573704,0,0,0,0,7.00251e-08,7.91466e-08,1.37638e-09,986,979,980,985,987,992,993,2572,2573,2578,2579,2580,2585,2586,0,0,0,0,0,0,0,0,0,979,980,985,987,992,993,2572,2573,2578,2579,2580,2585,2586,0,0,0,0,0,0,0,0,0,0.0482412,0.0399856,0.0448658,0.0445713,0.0396352,0.0475485,0.112143,0.108713,0.110767,0.100027,0.110595,0.108574,0.11175,0,0,0,0,0,0,0,0,0,0.0479664,0.0404381,0.0452155,0.0449242,0.0401011,0.0472564,0.112102,0.108712,0.110799,0.1,0.110665,0.108575,0.111754,0,0,0,0,0,0,0,0,0,1,1,1,1,1,1,1,1,1,1,1,1,1,0,0,0,0,0,0,0,0,0,1,1,1,1,1,1,1,1,1,1,1,1,1,0,0,0,0,0,0,0,0,0,1,0,0,0,0,0,0,0,0,0,0,0,0,0,0,0,0,0,0,0,0,0,0,13,0,0,0,0,0,0,0,0,0,0,0,0,0,0,0,0,0,0,0,0,0,0,0,0,0,0,0,0,0,0,0,0,0,0,0,0,0,0,0,0,0,0,0,0,0,0,0,0
0.454382,-0.459368,0.603779,0,0,0,0,7.17543e-08,6.5756e-08,1.19915e-08,987,980,981,986,988,993,994,2573,2574,2579,2580,2581,2586,2587,0,0,0,0,0,0,0,0,0,980,981,986,988,993,994,2573,2574,2579,2580,2581,2586,2587,0,0,0,0,0,0,0,0,0,0.0482236,0.0403861,0.0445713,0.0444676,0.0401692,0.0477117,0.112108,0.108877,0.110625,0.100018,0.110557,0.108785,0.111813,0,0,0,0,0,0,0,0,0,0.047929,0.0407737,0.0449242,0.0448258,0.0405649,0.047406,0.112084,0.108852,0.110665,0.1,0.11062,0.108768,0.111825,0,0,0,0,0,0,0,0,0,1,1,1,1,1,1,1,1,1,1,1,1,1,0,0,0,0,0,0,0,0,0,1,1,1,1,1,1,1,1,1,1,1,1,1,0,0,0,0,0,0,0,0,0,1,0,0,0,0,0,0,0,0,0,0,0,0,0,0,0,0,0,0,0,0,0,0,13,0,0,0,0,0,0,0,0,0,0,0,0,0,0,0,0,0,0,0,0,0,0,0,0,0,0,0,0,0,0,0,0,0,0,0,0,0,0,0,0,0,0,0,0,0,0,0,0
0.466745,-0.427485,0.632205,0,0,0,0,7.35919e-08,5.38066e-08,2.23221e-08,988,20,21,981,982,987,994,1613,1614,2574,2575,2580,2581,2587,0,0,0,0,0,0,0,0,0,20,21,981,982,987,994,1613,1614,2574,2575,2580,2581,2587,0,0,0,0,0,0,0,0,0,0.0484027,0.045266,0.0483779,0.040849,0.0444676,0.0407126,0.112133,0.110927,0.11217,0.109059,0.110577,0.100011,0.109006,0,0,0,0,0,0,0,0,0,0.0480981,0.0456379,0.0480933,0.0411691,0.0448258,0.0410468,0.112154,0.110989,0.112163,0.109018,0.110619,0.1,0.10897,0,0,0,0,0,0,0,0,0,1,1,1,1,1,1,1,1,1,1,1,1,1,0,0,0,0,0,0,0,0,0,1,1,1,1,1,1,1,1,1,1,1,1,1,0,0,0,0,0,0,0,0,0,1,0,0,0,0,0,0,0,0,0,0,0,0,0,0,0,0,0,0,0,0,0,0,13,0,0,0,0,0,0,0,0,0,0,0,0,0,0,0,0,0,0,0,0,0,0,0,0,0,0,0,0,0,0,0,0,0,0,0,0,0,0,0,0,0,0,0,0,0,0,0,0
0.364146,-0.586815,0.482375,0,0,0,0,5.5427e-08,1.3645e-07,-4.28626e-08,989,983,990,996,997,2576,2582,2583,2589,2590,0,0,0,0,0,0,0,0,0,0,0,0,0,983,990,996,997,2576,2582,2583,2589,2590,0,0,0,0,0,0,0,0,0,0,0,0,0,0.0376765,0.0455469,0.0367,0.0464519,0.107797,0.100063,0.111032,0.107486,0.111314,0,0,0,0,0,0,0,0,0,0,0,0,0,0.0383166,0.0458066,0.0375516,0.0462205,0.107851,0.1,0.111069,0.107553,0.111268,0,0,0,0,0,0,0,0,0,0,0,0,0,1,1,1,1,1,1,1,1,1,0,0,0,0,0,0,0,0,0,0,0,0,0,1,1,1,1,1,1,1,1,1,0,0,0,0,0,0,0,0,0,0,0,0,0,1,0,0,0,0,0,0,0,0,0,0,0,0,0,0,0,0,0,0,0,0,0,0,9,0,0,0,0,0,0,0,0,0,0,0,0,0,0,0,0,0,0,0,0,0,0,0,0,0,0,0,0,0,0,0,0,0,0,0,0,0,0,0,0,0,0,0,0,0,0,0,0
0.380089,-0.563509,0.518113,0,0,0,0,5.66315e-08,1.18658e-07,-3.25047e-08,990,983,984,989,991,997,998,2576,2577,2582,2583,2584,2590,2591,0,0,0,0,0,0,0,0,0,983,984,989,991,997,998,2576,2577,2582,2583,2584,2590,2591,0,0,0,0,0,0,0,0,0,0.0473749,0.0383363,0.0455469,0.045498,0.0376058,0.0466348,0.111735,0.108062,0.11104,0.100043,0.111002,0.107802,0.111372,0,0,0,0,0,0,0,0,0,0.0470913,0.0389857,0.0458066,0.0457731,0.0382767,0.0463538,0.111685,0.108119,0.111074,0.1,0.111053,0.107838,0.11133,0,0,0,0,0,0,0,0,0,1,1,1,1,1,1,1,1,1,1,1,1,1,0,0,0,0,0,0,0,0,0,1,1,1,1,1,1,1,1,1,1,1,1,1,0,0,0,0,0,0,0,0,0,1,0,0,0,0,0,0,0,0,0,0,0,0,0,0,0,0,0,0,0,0,0,0,13,0,0,0,0,0,0,0,0,0,0,0,0,0,0,0,0,0,0,0,0,0,0,0,0,0,0,0,0,0,0,0,0,0,0,0,0,0,0,0,0,0,0,0,0,0,0,0,0
0.395283,-0.538058,0.55263,0,0,0,0,5.78442e-08,1.01905e-07,-2.18573e-08,991,984,985,990,992,998,999,2577,2578,2583,2584,2585,2591,2592,0,0,0,0,0,0,0,0,0,984,985,990,992,998,999,2577,2578,2583,2584,2585,2591,2592,0,0,0,0,0,0,0,0,0,0.0475069,0.0389983,0.045498,0.0453467,0.0383595,0.0467068,0.111788,0.108343,0.11102,0.100033,0.110928,0.108077,0.111374,0,0,0,0,0,0,0,0,0,0.0472084,0.0395795,0.0457731,0.0456197,0.0389378,0.0464144,0.111741,0.108359,0.111057,0.1,0.110983,0.108102,0.111359,0,0,0,0,0,0,0,0,0,1,1,1,1,1,1,1,1,1,1,1,1,1,0,0,0,0,0,0,0,0,0,1,1,1,1,1,1,1,1,1,1,1,1,1,0,0,0,0,0,0,0,0,0,1,0,0,0,0,0,0,0,0,0,0,0,0,0,0,0,0,0,0,0,0,0,0,13,0,0,0,0,0,0,0,0,0,0,0,0,0,0,0,0,0,0,0,0,0,0,0,0,0,0,0,0,0,0,0,0,0,0,0,0,0,0,0,0,0,0,0,0,0,0,0,0
0.409727,-0.510561,0.585669,0,0,0,0,5.92957e-08,8.64305e-08,-1.1152e-08,992,985,986,991,993,999,1000,2578,2579,2584,2585,2586,2592,2593,0,0,0,0,0,0,0,0,0,985,986,991,993,999,1000,2578,2579,2584,2585,2586,2592,2593,0,0,0,0,0,0,0,0,0,0.0474948,0.0396352,0.0453467,0.045108,0.0390403,0.0467481,0.111807,0.108582,0.110953,0.100024,0.110818,0.108334,0.111367,0,0,0,0,0,0,0,0,0,0.0472445,0.0401011,0.0456197,0.0454094,0.0395337,0.0464491,0.111758,0.108573,0.110985,0.1,0.110886,0.108343,0.111375,0,0,0,0,0,0,0,0,0,1,1,1,1,1,1,1,1,1,1,1,1,1,0,0,0,0,0,0,0,0,0,1,1,1,1,1,1,1,1,1,1,1,1,1,0,0,0,0,0,0,0,0,0,1,0,0,0,0,0,0,0,0,0,0,0,0,0,0,0,0,0,0,0,0,0,0,13,0,0,0,0,0,0,0,0,0,0,0,0,0,0,0,0,0,0,0,0,0,0,0,0,0,0,0,0,0,0,0,0,0,0,0,0,0,0,0,0,0,0,0,0,0,0,0,0
0.423358,-0.481162,0.617049,0,0,0,0,6.09381e-08,7.23717e-08,-4.88006e-10,993,986,987,992,994,1000,1001,2579,2580,2585,2586,2587,2593,2594,0,0,0,0,0,0,0,0,0,986,987,992,994,1000,1001,2579,2580,2585,2586,2587,2593,2594,0,0,0,0,0,0,0,0,0,0.0475485,0.0401692,0.045108,0.0449847,0.0396646,0.0468956,0.111796,0.108793,0.110852,0.100014,0.11077,0.10858,0.111419,0,0,0,0,0,0,0,0,0,0.0472564,0.0405649,0.0454094,0.045299,0.0400753,0.0465747,0.111764,0.108765,0.110887,0.1,0.110836,0.108566,0.111434,0,0,0,0,0,0,0,0,0,1,1,1,1,1,1,1,1,1,1,1,1,1,0,0,0,0,0,0,0,0,0,1,1,1,1,1,1,1,1,1,1,1,1,1,0,0,0,0,0,0,0,0,0,1,0,0,0,0,0,0,0,0,0,0,0,0,0,0,0,0,0,0,0,0,0,0,13,0,0,0,0,0,0,0,0,0,0,0,0,0,0,0,0,0,0,0,0,0,0,0,0,0,0,0,0,0,0,0,0,0,0,0,0,0,0,0,0,0,0,0,0,0,0,0,0
0.436077,-0.449924,0.646815,0,0,0,0,6.27039e-08,5.97358e-08,9.99572e-09,994,19,20,987,988,993,1001,1612,1613,2580,2581,2586,2587,2594,0,0,0,0,0,0,0,0,0,19,20,987,988,993,1001,1612,1613,2580,2581,2586,2587,2594,0,0,0,0,0,0,0,0,0,0.0473318,0.0452784,0.0477117,0.0407126,0.0449847,0.0402352,0.111616,0.110913,0.111848,0.109008,0.110794,0.100006,0.108811,0,0,0,0,0,0,0,0,0,0.0470049,0.0456046,0.047406,0.0410468,0.045299,0.0405827,0.111636,0.110975,0.111835,0.108967,0.110836,0.1,0.108776,0,0,0,0,0,0,0,0,0,1,1,1,1,1,1,1,1,1,1,1,1,1,0,0,0,0,0,0,0,0,0,1,1,1,1,1,1,1,1,1,1,1,1,1,0,0,0,0,0,0,0,0,0,1,0,0,0,0,0,0,0,0,0,0,0,0,0,0,0,0,0,0,0,0,0,0,13,0,0,0,0,0,0,0,0,0,0,0,0,0,0,0,0,0,0,0,0,0,0,0,0,0,0,0,0,0,0,0,0,0,0,0,0,0,0,0,0,0,0,0,0,0,0,0,0
0.316981,-0.623332,0.451155,0,0,0,0,4.31765e-08,1.64643e-07,-6.24457e-08,995,996,1002,1003,2588,2589,2595,2596,0,0,0,0,0,0,0,0,0,0,0,0,0,0,0,996,1002,1003,2588,2589,2595,2596,0,0,0,0,0,0,0,0,0,0,0,0,0,0,0,0.0453402,0.0355436,0.0454426,0.100009,0.110858,0.106973,0.110825,0,0,0,0,0,0,0,0,0,0,0,0,0,0,0,0.0457018,0.0359077,0.0450496,0.1,0.111023,0.106926,0.110731,0,0,0,0,0,0,0,0,0,0,0,0,0,0,0,1,1,1,1,1,1,1,0,0,0,0,0,0,0,0,0,0,0,0,0,0,0,1,1,1,1,1,1,1,0,0,0,0,0,0,0,0,0,0,0,0,0,0,0,1,0,0,0,0,0,0,0,0,0,0,0,0,0,0,0,0,0,0,0,0,0,0,7,0,0,0,0,0,0,0,0,0,0,0,0,0,0,0,0,0,0,0,0,0,0,0,0,0,0,0,0,0,0,0,0,0,0,0,0,0,0,0,0,0,0,0,0,0,0,0,0
0.332271,-0.603727,0.489071,0,0,0,0,4.62887e-08,1.45817e-07,-5.38336e-08,996,989,995,997,1003,1004,2582,2588,2589,2590,2596,2597,0,0,0,0,0,0,0,0,0,0,0,989,995,997,1003,1004,2582,2588,2589,2590,2596,2597,0,0,0,0,0,0,0,0,0,0,0,0.0367,0.0453402,0.0455161,0.0358173,0.045306,0.107498,0.111089,0.100134,0.111013,0.107137,0.110796,0,0,0,0,0,0,0,0,0,0,0,0.0375516,0.0457018,0.0458814,0.0367041,0.0452757,0.107552,0.111029,0.1,0.111105,0.107227,0.110834,0,0,0,0,0,0,0,0,0,0,0,1,1,1,1,1,1,1,1,1,1,1,0,0,0,0,0,0,0,0,0,0,0,1,1,1,1,1,1,1,1,1,1,1,0,0,0,0,0,0,0,0,0,0,0,1,0,0,0,0,0,0,0,0,0,0,0,0,0,0,0,0,0,0,0,0,0,0,11,0,0,0,0,0,0,0,0,0,0,0,0,0,0,0,0,0,0,0,0,0,0,0,0,0,0,0,0,0,0,0,0,0,0,0,0,0,0,0,0,0,0,0,0,0,0,0,0
0.347981,-0.581595,0.52561,0,0,0,0,4.7511e-08,1.27323e-07,-4.41253e-08,997,989,990,996,998,1004,1005,2582,2583,2589,2590,2591,2597,2598,0,0,0,0,0,0,0,0,0,989,990,996,998,1004,1005,2582,2583,2589,2590,2591,2597,2598,0,0,0,0,0,0,0,0,0,0.0464519,0.0376058,0.0455161,0.0456521,0.0368179,0.0456228,0.111356,0.107772,0.111133,0.100048,0.111042,0.107481,0.110892,0,0,0,0,0,0,0,0,0,0.0462205,0.0382767,0.0458814,0.0459323,0.0374649,0.0454209,0.111277,0.107837,0.11111,0.1,0.111128,0.10752,0.1109,0,0,0,0,0,0,0,0,0,1,1,1,1,1,1,1,1,1,1,1,1,1,0,0,0,0,0,0,0,0,0,1,1,1,1,1,1,1,1,1,1,1,1,1,0,0,0,0,0,0,0,0,0,1,0,0,0,0,0,0,0,0,0,0,0,0,0,0,0,0,0,0,0,0,0,0,13,0,0,0,0,0,0,0,0,0,0,0,0,0,0,0,0,0,0,0,0,0,0,0,0,0,0,0,0,0,0,0,0,0,0,0,0,0,0,0,0,0,0,0,0,0,0,0,0
0.363115,-0.557168,0.561084,0,0,0,0,4.85221e-08,1.10024e-07,-3.38364e-08,998,990,991,997,999,1005,1006,2583,2584,2590,2591,2592,2598,2599,0,0,0,0,0,0,0,0,0,990,991,997,999,1005,1006,2583,2584,2590,2591,2592,2598,2599,0,0,0,0,0,0,0,0,0,0.0466348,0.0383595,0.0456521,0.0456194,0.037603,0.0457722,0.1114,0.108073,0.111115,0.100033,0.111028,0.107782,0.110935,0,0,0,0,0,0,0,0,0,0.0463538,0.0389378,0.0459323,0.0458663,0.0381734,0.0455002,0.11134,0.108101,0.111132,0.1,0.111097,0.107798,0.110937,0,0,0,0,0,0,0,0,0,1,1,1,1,1,1,1,1,1,1,1,1,1,0,0,0,0,0,0,0,0,0,1,1,1,1,1,1,1,1,1,1,1,1,1,0,0,0,0,0,0,0,0,0,1,0,0,0,0,0,0,0,0,0,0,0,0,0,0,0,0,0,0,0,0,0,0,13,0,0,0,0,0,0,0,0,0,0,0,0,0,0,0,0,0,0,0,0,0,0,0,0,0,0,0,0,0,0,0,0,0,0,0,0,0,0,0,0,0,0,0,0,0,0,0,0
0.377623,-0.530615,0.595224,0,0,0,0,4.97711e-08,9.4021e-08,-2.3284e-08,999,991,992,998,1000,1006,1007,2584,2585,2591,2592,2593,2599,2600,0,0,0,0,0,0,0,0,0,991,992,998,1000,1006,1007,2584,2585,2591,2592,2593,2599,2600,0,0,0,0,0,0,0,0,0,0.0467068,0.0390403,0.0456194,0.0454873,0.0383263,0.0458626,0.111418,0.108348,0.111075,0.100019,0.110969,0.108052,0.110951,0,0,0,0,0,0,0,0,0,0.0464144,0.0395337,0.0458663,0.0457299,0.0388231,0.0455526,0.111368,0.108342,0.1111,0.1,0.111034,0.108057,0.110961,0,0,0,0,0,0,0,0,0,1,1,1,1,1,1,1,1,1,1,1,1,1,0,0,0,0,0,0,0,0,0,1,1,1,1,1,1,1,1,1,1,1,1,1,0,0,0,0,0,0,0,0,0,1,0,0,0,0,0,0,0,0,0,0,0,0,0,0,0,0,0,0,0,0,0,0,13,0,0,0,0,0,0,0,0,0,0,0,0,0,0,0,0,0,0,0,0,0,0,0,0,0,0,0,0,0,0,0,0,0,0,0,0,0,0,0,0,0,0,0,0,0,0,0,0
0.391423,-0.502067,0.627838,0,0,0,0,5.126e-08,7.93691e-08,-1.26682e-08,1000,992,993,999,1001,1007,1008,2585,2586,2592,2593,2594,2600,2601,0,0,0,0,0,0,0,0,0,992,993,999,1001,1007,1008,2585,2586,2592,2593,2594,2600,2601,0,0,0,0,0,0,0,0,0,0.0467481,0.0396646,0.0454873,0.0453724,0.0389916,0.0460029,0.111423,0.108592,0.111005,0.100009,0.110923,0.108309,0.110996,0,0,0,0,0,0,0,0,0,0.0464491,0.0400753,0.0457299,0.0456282,0.0394167,0.0456691,0.111385,0.108564,0.111036,0.1,0.110987,0.108297,0.111015,0,0,0,0,0,0,0,0,0,1,1,1,1,1,1,1,1,1,1,1,1,1,0,0,0,0,0,0,0,0,0,1,1,1,1,1,1,1,1,1,1,1,1,1,0,0,0,0,0,0,0,0,0,1,0,0,0,0,0,0,0,0,0,0,0,0,0,0,0,0,0,0,0,0,0,0,13,0,0,0,0,0,0,0,0,0,0,0,0,0,0,0,0,0,0,0,0,0,0,0,0,0,0,0,0,0,0,0,0,0,0,0,0,0,0,0,0,0,0,0,0,0,0,0,0
0.40441,-0.471621,0.658871,0,0,0,0,5.29106e-08,6.60949e-08,-2.13649e-09,1001,18,19,993,994,1000,1008,1611,1612,2586,2587,2593,2594,2601,0,0,0,0,0,0,0,0,0,18,19,993,994,1000,1008,1611,1612,2586,2587,2593,2594,2601,0,0,0,0,0,0,0,0,0,0.0463376,0.0454685,0.0468956,0.0402352,0.0453724,0.0396042,0.111144,0.110974,0.111463,0.108816,0.110952,0.100001,0.108554,0,0,0,0,0,0,0,0,0,0.0459915,0.0457354,0.0465747,0.0405827,0.0456282,0.0399647,0.111164,0.111036,0.111443,0.108774,0.110988,0.1,0.108521,0,0,0,0,0,0,0,0,0,1,1,1,1,1,1,1,1,1,1,1,1,1,0,0,0,0,0,0,0,0,0,1,1,1,1,1,1,1,1,1,1,1,1,1,0,0,0,0,0,0,0,0,0,1,0,0,0,0,0,0,0,0,0,0,0,0,0,0,0,0,0,0,0,0,0,0,13,0,0,0,0,0,0,0,0,0,0,0,0,0,0,0,0,0,0,0,0,0,0,0,0,0,0,0,0,0,0,0,0,0,0,0,0,0,0,0,0,0,0,0,0,0,0,0,0
0.284794,-0.637937,0.454905,0,0,0,0,3.70929e-08,1.73402e-07,-7.2631e-08,1002,995,1003,1009,1010,2588,2595,2596,2602,2603,0,0,0,0,0,0,0,0,0,0,0,0,0,995,1003,1009,1010,2588,2595,2596,2602,2603,0,0,0,0,0,0,0,0,0,0,0,0,0,0.0355436,0.0453429,0.0344126,0.0442599,0.106809,0.10005,0.110939,0.106601,0.110355,0,0,0,0,0,0,0,0,0,0,0,0,0,0.0359077,0.0456007,0.0350276,0.0440431,0.106925,0.1,0.110978,0.106601,0.110278,0,0,0,0,0,0,0,0,0,0,0,0,0,1,1,1,1,1,1,1,1,1,0,0,0,0,0,0,0,0,0,0,0,0,0,1,1,1,1,1,1,1,1,1,0,0,0,0,0,0,0,0,0,0,0,0,0,1,0,0,0,0,0,0,0,0,0,0,0,0,0,0,0,0,0,0,0,0,0,0,9,0,0,0,0,0,0,0,0,0,0,0,0,0,0,0,0,0,0,0,0,0,0,0,0,0,0,0,0,0,0,0,0,0,0,0,0,0,0,0,0,0,0,0,0,0,0,0,0
0.300317,-0.619361,0.493246,0,0,0,0,3.83963e-08,1.54529e-07,-6.39544e-08,1003,995,996,1002,1004,1010,1011,2588,2589,2595,2596,2597,2603,2604,0,0,0,0,0,0,0,0,0,995,996,1002,1004,1010,1011,2588,2589,2595,2596,2597,2603,2604,0,0,0,0,0,0,0,0,0,0.0454426,0.0358173,0.0453429,0.0457226,0.0350686,0.0444812,0.11079,0.107185,0.11094,0.100046,0.111075,0.106817,0.110407,0,0,0,0,0,0,0,0,0,0.0450496,0.0367041,0.0456007,0.0458346,0.0358072,0.0442686,0.110739,0.107227,0.110985,0.1,0.111085,0.106889,0.110379,0,0,0,0,0,0,0,0,0,1,1,1,1,1,1,1,1,1,1,1,1,1,0,0,0,0,0,0,0,0,0,1,1,1,1,1,1,1,1,1,1,1,1,1,0,0,0,0,0,0,0,0,0,1,0,0,0,0,0,0,0,0,0,0,0,0,0,0,0,0,0,0,0,0,0,0,13,0,0,0,0,0,0,0,0,0,0,0,0,0,0,0,0,0,0,0,0,0,0,0,0,0,0,0,0,0,0,0,0,0,0,0,0,0,0,0,0,0,0,0,0,0,0,0,0
0.315605,-0.598324,0.530852,0,0,0,0,3.94487e-08,1.359e-07,-5.4864e-08,1004,996,997,1003,1005,1011,1012,2589,2590,2596,2597,2598,2604,2605,0,0,0,0,0,0,0,0,0,996,997,1003,1005,1011,1012,2589,2590,2596,2597,2598,2604,2605,0,0,0,0,0,0,0,0,0,0.045306,0.0368179,0.0457226,0.045769,0.035874,0.0445869,0.110946,0.10749,0.111094,0.100044,0.111079,0.107109,0.110416,0,0,0,0,0,0,0,0,0,0.0452757,0.0374649,0.0458346,0.0459589,0.036582,0.0444224,0.110842,0.10752,0.111091,0.1,0.111141,0.107182,0.110448,0,0,0,0,0,0,0,0,0,1,1,1,1,1,1,1,1,1,1,1,1,1,0,0,0,0,0,0,0,0,0,1,1,1,1,1,1,1,1,1,1,1,1,1,0,0,0,0,0,0,0,0,0,1,0,0,0,0,0,0,0,0,0,0,0,0,0,0,0,0,0,0,0,0,0,0,13,0,0,0,0,0,0,0,0,0,0,0,0,0,0,0,0,0,0,0,0,0,0,0,0,0,0,0,0,0,0,0,0,0,0,0,0,0,0,0,0,0,0,0,0,0,0,0,0
0.330579,-0.57498,0.567262,0,0,0,0,4.03616e-08,1.18239e-07,-4.50569e-08,1005,997,998,1004,1006,1012,1013,2590,2591,2597,2598,2599,2605,2606,0,0,0,0,0,0,0,0,0,997,998,1004,1006,1012,1013,2590,2591,2597,2598,2599,2605,2606,0,0,0,0,0,0,0,0,0,0.0456228,0.037603,0.045769,0.0457871,0.0367377,0.0447598,0.110974,0.107782,0.111149,0.10003,0.111081,0.107439,0.110467,0,0,0,0,0,0,0,0,0,0.0454209,0.0381734,0.0459589,0.0459741,0.0373214,0.0445169,0.110909,0.107797,0.111146,0.1,0.111148,0.107466,0.110491,0,0,0,0,0,0,0,0,0,1,1,1,1,1,1,1,1,1,1,1,1,1,0,0,0,0,0,0,0,0,0,1,1,1,1,1,1,1,1,1,1,1,1,1,0,0,0,0,0,0,0,0,0,1,0,0,0,0,0,0,0,0,0,0,0,0,0,0,0,0,0,0,0,0,0,0,13,0,0,0,0,0,0,0,0,0,0,0,0,0,0,0,0,0,0,0,0,0,0,0,0,0,0,0,0,0,0,0,0,0,0,0,0,0,0,0,0,0,0,0,0,0,0,0,0
0.345037,-0.549462,0.602423,0,0,0,0,4.14327e-08,1.01791e-07,-3.48091e-08,1006,998,999,1005,1007,1013,1014,2591,2592,2598,2599,2600,2606,2607,0,0,0,0,0,0,0,0,0,998,999,1005,1007,1013,1014,2591,2592,2598,2599,2600,2606,2607,0,0,0,0,0,0,0,0,0,0.0457722,0.0383263,0.0457871,0.0457299,0.0375073,0.0448881,0.110999,0.108061,0.111141,0.100015,0.111056,0.107729,0.1105,0,0,0,0,0,0,0,0,0,0.0455002,0.0388231,0.0459741,0.0459118,0.0380111,0.044586,0.110945,0.108056,0.111152,0.1,0.111119,0.107735,0.110522,0,0,0,0,0,0,0,0,0,1,1,1,1,1,1,1,1,1,1,1,1,1,0,0,0,0,0,0,0,0,0,1,1,1,1,1,1,1,1,1,1,1,1,1,0,0,0,0,0,0,0,0,0,1,0,0,0,0,0,0,0,0,0,0,0,0,0,0,0,0,0,0,0,0,0,0,13,0,0,0,0,0,0,0,0,0,0,0,0,0,0,0,0,0,0,0,0,0,0,0,0,0,0,0,0,0,0,0,0,0,0,0,0,0,0,0,0,0,0,0,0,0,0,0,0
0.358894,-0.521886,0.636168,0,0,0,0,4.27381e-08,8.66226e-08,-2.43555e-08,1007,999,1000,1006,1008,1014,1015,2592,2593,2599,2600,2601,2607,2608,0,0,0,0,0,0,0,0,0,999,1000,1006,1008,1014,1015,2592,2593,2599,2600,2601,2607,2608,0,0,0,0,0,0,0,0,0,0.0458626,0.0389916,0.0457299,0.0456599,0.0382132,0.0450484,0.11101,0.108323,0.111101,0.100004,0.111029,0.107999,0.110552,0,0,0,0,0,0,0,0,0,0.0455526,0.0394167,0.0459118,0.045846,0.0386468,0.0447069,0.11097,0.108295,0.111122,0.1,0.111088,0.107988,0.110577,0,0,0,0,0,0,0,0,0,1,1,1,1,1,1,1,1,1,1,1,1,1,0,0,0,0,0,0,0,0,0,1,1,1,1,1,1,1,1,1,1,1,1,1,0,0,0,0,0,0,0,0,0,1,0,0,0,0,0,0,0,0,0,0,0,0,0,0,0,0,0,0,0,0,0,0,13,0,0,0,0,0,0,0,0,0,0,0,0,0,0,0,0,0,0,0,0,0,0,0,0,0,0,0,0,0,0,0,0,0,0,0,0,0,0,0,0,0,0,0,0,0,0,0,0
0.372041,-0.492351,0.668412,0,0,0,0,4.42292e-08,7.27676e-08,-1.38757e-08,1008,17,18,1000,1001,1007,1015,1610,1611,2593,2594,2600,2601,2608,0,0,0,0,0,0,0,0,0,17,18,1000,1001,1007,1015,1610,1611,2593,2594,2600,2601,2608,0,0,0,0,0,0,0,0,0,0.0453502,0.0456967,0.0460029,0.0396042,0.0456599,0.0388591,0.110682,0.11105,0.111047,0.108561,0.111062,0.0999941,0.108254,0,0,0,0,0,0,0,0,0,0.0449897,0.0458904,0.0456691,0.0399647,0.045846,0.0392306,0.110705,0.111108,0.111023,0.108519,0.11109,0.1,0.108223,0,0,0,0,0,0,0,0,0,1,1,1,1,1,1,1,1,1,1,1,1,1,0,0,0,0,0,0,0,0,0,1,1,1,1,1,1,1,1,1,1,1,1,1,0,0,0,0,0,0,0,0,0,1,0,0,0,0,0,0,0,0,0,0,0,0,0,0,0,0,0,0,0,0,0,0,13,0,0,0,0,0,0,0,0,0,0,0,0,0,0,0,0,0,0,0,0,0,0,0,0,0,0,0,0,0,0,0,0,0,0,0,0,0,0,0,0,0,0,0,0,0,0,0,0
0.253026,-0.651017,0.456886,0,0,0,0,3.12212e-08,1.81975e-07,-8.16866e-08,1009,1002,1010,1016,1017,2595,2602,2603,2609,2610,0,0,0,0,0,0,0,0,0,0,0,0,0,1002,1010,1016,1017,2595,2602,2603,2609,2610,0,0,0,0,0,0,0,0,0,0,0,0,0,0.0344126,0.0452868,0.0334476,0.0430867,0.106505,0.100059,0.11087,0.10629,0.109847,0,0,0,0,0,0,0,0,0,0,0,0,0,0.0350276,0.0454239,0.0341972,0.0429879,0.106601,0.1,0.110898,0.1063,0.109813,0,0,0,0,0,0,0,0,0,0,0,0,0,1,1,1,1,1,1,1,1,1,0,0,0,0,0,0,0,0,0,0,0,0,0,1,1,1,1,1,1,1,1,1,0,0,0,0,0,0,0,0,0,0,0,0,0,1,0,0,0,0,0,0,0,0,0,0,0,0,0,0,0,0,0,0,0,0,0,0,9,0,0,0,0,0,0,0,0,0,0,0,0,0,0,0,0,0,0,0,0,0,0,0,0,0,0,0,0,0,0,0,0,0,0,0,0,0,0,0,0,0,0,0,0,0,0,0,0
0.268313,-0.63348,0.49574,0,0,0,0,3.19317e-08,1.62813e-07,-7.35445e-08,1010,1002,1003,1009,1011,1017,1018,2595,2596,2602,2603,2604,2610,2611,0,0,0,0,0,0,0,0,0,1002,1003,1009,1011,1017,1018,2595,2596,2602,2603,2604,2610,2611,0,0,0,0,0,0,0,0,0,0.0442599,0.0350686,0.0452868,0.0455891,0.0341842,0.0433763,0.110321,0.106819,0.110906,0.100043,0.111,0.106513,0.109927,0,0,0,0,0,0,0,0,0,0.0440431,0.0358072,0.0454239,0.0456881,0.0349023,0.0432111,0.110286,0.106889,0.110906,0.1,0.111019,0.106556,0.109911,0,0,0,0,0,0,0,0,0,1,1,1,1,1,1,1,1,1,1,1,1,1,0,0,0,0,0,0,0,0,0,1,1,1,1,1,1,1,1,1,1,1,1,1,0,0,0,0,0,0,0,0,0,1,0,0,0,0,0,0,0,0,0,0,0,0,0,0,0,0,0,0,0,0,0,0,13,0,0,0,0,0,0,0,0,0,0,0,0,0,0,0,0,0,0,0,0,0,0,0,0,0,0,0,0,0,0,0,0,0,0,0,0,0,0,0,0,0,0,0,0,0,0,0,0
0.283292,-0.6136,0.533934,0,0,0,0,3.25668e-08,1.44192e-07,-6.47433e-08,1011,1003,1004,1010,1012,1018,1019,2596,2597,2603,2604,2605,2611,2612,0,0,0,0,0,0,0,0,0,1003,1004,1010,1012,1018,1019,2596,2597,2603,2604,2605,2611,2612,0,0,0,0,0,0,0,0,0,0.0444812,0.035874,0.0455891,0.0457937,0.0349727,0.0435715,0.110436,0.107147,0.111029,0.100034,0.111078,0.106782,0.109971,0,0,0,0,0,0,0,0,0,0.0442686,0.036582,0.0456881,0.0458703,0.0356592,0.0433708,0.110387,0.107181,0.111025,0.1,0.111102,0.106835,0.109981,0,0,0,0,0,0,0,0,0,1,1,1,1,1,1,1,1,1,1,1,1,1,0,0,0,0,0,0,0,0,0,1,1,1,1,1,1,1,1,1,1,1,1,1,0,0,0,0,0,0,0,0,0,1,0,0,0,0,0,0,0,0,0,0,0,0,0,0,0,0,0,0,0,0,0,0,13,0,0,0,0,0,0,0,0,0,0,0,0,0,0,0,0,0,0,0,0,0,0,0,0,0,0,0,0,0,0,0,0,0,0,0,0,0,0,0,0,0,0,0,0,0,0,0,0
0.297958,-0.591408,0.57121,0,0,0,0,3.33171e-08,1.26368e-07,-5.54109e-08,1012,1004,1005,1011,1013,1019,1020,2597,2598,2604,2605,2606,2612,2613,0,0,0,0,0,0,0,0,0,1004,1005,1011,1013,1019,1020,2597,2598,2604,2605,2606,2612,2613,0,0,0,0,0,0,0,0,0,0.0445869,0.0367377,0.0457937,0.045856,0.0358014,0.043707,0.110513,0.107457,0.11112,0.100025,0.111094,0.10708,0.109996,0,0,0,0,0,0,0,0,0,0.0444224,0.0373214,0.0458703,0.045958,0.0364097,0.0434778,0.110456,0.107465,0.111108,0.1,0.111142,0.107117,0.110029,0,0,0,0,0,0,0,0,0,1,1,1,1,1,1,1,1,1,1,1,1,1,0,0,0,0,0,0,0,0,0,1,1,1,1,1,1,1,1,1,1,1,1,1,0,0,0,0,0,0,0,0,0,1,0,0,0,0,0,0,0,0,0,0,0,0,0,0,0,0,0,0,0,0,0,0,13,0,0,0,0,0,0,0,0,0,0,0,0,0,0,0,0,0,0,0,0,0,0,0,0,0,0,0,0,0,0,0,0,0,0,0,0,0,0,0,0,0,0,0,0,0,0,0,0
0.312246,-0.567005,0.607308,0,0,0,0,3.42231e-08,1.096e-07,-4.55627e-08,1013,1005,1006,1012,1014,1020,1021,2598,2599,2605,2606,2607,2613,2614,0,0,0,0,0,0,0,0,0,1005,1006,1012,1014,1020,1021,2598,2599,2605,2606,2607,2613,2614,0,0,0,0,0,0,0,0,0,0.0447598,0.0375073,0.045856,0.0458632,0.0366091,0.0438518,0.11055,0.107743,0.111152,0.100011,0.111093,0.10738,0.110032,0,0,0,0,0,0,0,0,0,0.0445169,0.0380111,0.045958,0.0459694,0.0371256,0.0435633,0.110498,0.107735,0.111146,0.1,0.111147,0.107391,0.110067,0,0,0,0,0,0,0,0,0,1,1,1,1,1,1,1,1,1,1,1,1,1,0,0,0,0,0,0,0,0,0,1,1,1,1,1,1,1,1,1,1,1,1,1,0,0,0,0,0,0,0,0,0,1,0,0,0,0,0,0,0,0,0,0,0,0,0,0,0,0,0,0,0,0,0,0,13,0,0,0,0,0,0,0,0,0,0,0,0,0,0,0,0,0,0,0,0,0,0,0,0,0,0,0,0,0,0,0,0,0,0,0,0,0,0,0,0,0,0,0,0,0,0,0,0
0.326047,-0.540493,0.642095,0,0,0,0,3.53385e-08,9.40071e-08,-3.53832e-08,1014,1006,1007,1013,1015,1021,1022,2599,2600,2606,2607,2608,2614,2615,0,0,0,0,0,0,0,0,0,1006,1007,1013,1015,1021,1022,2599,2600,2606,2607,2608,2614,2615,0,0,0,0,0,0,0,0,0,0.0448881,0.0382132,0.0458632,0.0458504,0.0373527,0.0440353,0.11057,0.108013,0.111144,0.099998,0.111089,0.107661,0.110093,0,0,0,0,0,0,0,0,0,0.044586,0.0386468,0.0459694,0.0459584,0.0377944,0.0436978,0.11053,0.107987,0.11115,0.1,0.111141,0.107651,0.110126,0,0,0,0,0,0,0,0,0,1,1,1,1,1,1,1,1,1,1,1,1,1,0,0,0,0,0,0,0,0,0,1,1,1,1,1,1,1,1,1,1,1,1,1,0,0,0,0,0,0,0,0,0,1,0,0,0,0,0,0,0,0,0,0,0,0,0,0,0,0,0,0,0,0,0,0,13,0,0,0,0,0,0,0,0,0,0,0,0,0,0,0,0,0,0,0,0,0,0,0,0,0,0,0,0,0,0,0,0,0,0,0,0,0,0,0,0,0,0,0,0,0,0,0,0
0.339249,-0.511968,0.675476,0,0,0,0,3.66432e-08,7.96434e-08,-2.50564e-08,1015,16,17,1007,1008,1014,1022,1609,1610,2600,2601,2607,2608,2615,0,0,0,0,0,0,0,0,0,16,17,1007,1008,1014,1022,1609,1610,2600,2601,2607,2608,2615,0,0,0,0,0,0,0,0,0,0.0443482,0.0459001,0.0450484,0.0388591,0.0458504,0.0380326,0.110225,0.111113,0.110609,0.10826,0.111129,0.0999869,0.107926,0,0,0,0,0,0,0,0,0,0.0439826,0.0460086,0.0447069,0.0392306,0.0459584,0.0384118,0.110253,0.111164,0.110584,0.108221,0.111144,0.1,0.107895,0,0,0,0,0,0,0,0,0,1,1,1,1,1,1,1,1,1,1,1,1,1,0,0,0,0,0,0,0,0,0,1,1,1,1,1,1,1,1,1,1,1,1,1,0,0,0,0,0,0,0,0,0,1,0,0,0,0,0,0,0,0,0,0,0,0,0,0,0,0,0,0,0,0,0,0,13,0,0,0,0,0,0,0,0,0,0,0,0,0,0,0,0,0,0,0,0,0,0,0,0,0,0,0,0,0,0,0,0,0,0,0,0,0,0,0,0,0,0,0,0,0,0,0,0
0.221666,-0.662647,0.457109,0,0,0,0,2.57669e-08,1.9021e-07,-8.95045e-08,1016,2,1009,1017,1023,1595,2602,2609,2610,2616,0,0,0,0,0,0,0,0,0,0,0,0,0,2,1009,1017,1023,1595,2602,2609,2610,2616,0,0,0,0,0,0,0,0,0,0,0,0,0,0.0326927,0.0334476,0.0451524,0.0419078,0.106068,0.106199,0.100064,0.110773,0.109349,0,0,0,0,0,0,0,0,0,0,0,0,0,0.0335178,0.0341972,0.0452045,0.0418894,0.106059,0.106301,0.1,0.110799,0.109338,0,0,0,0,0,0,0,0,0,0,0,0,0,1,1,1,1,1,1,1,1,1,0,0,0,0,0,0,0,0,0,0,0,0,0,1,1,1,1,1,1,1,1,1,0,0,0,0,0,0,0,0,0,0,0,0,0,1,0,0,0,0,0,0,0,0,0,0,0,0,0,0,0,0,0,0,0,0,0,0,9,0,0,0,0,0,0,0,0,0,0,0,0,0,0,0,0,0,0,0,0,0,0,0,0,0,0,0,0,0,0,0,0,0,0,0,0,0,0,0,0,0,0,0,0,0,0,0,0
0.236579,-0.64617,0.496414,0,0,0,0,2.63724e-08,1.70889e-07,-8.20202e-08,1017,1009,1010,1016,1018,1023,1024,2602,2603,2609,2610,2611,2616,2617,0,0,0,0,0,0,0,0,0,1009,1010,1016,1018,1023,1024,2602,2603,2609,2610,2611,2616,2617,0,0,0,0,0,0,0,0,0,0.0430867,0.0341842,0.0451524,0.0454299,0.0333215,0.0422146,0.109853,0.106478,0.110845,0.10004,0.110894,0.106217,0.109426,0,0,0,0,0,0,0,0,0,0.0429879,0.0349023,0.0452045,0.0454708,0.0340606,0.0421128,0.10982,0.106556,0.110807,0.1,0.11092,0.106252,0.109434,0,0,0,0,0,0,0,0,0,1,1,1,1,1,1,1,1,1,1,1,1,1,0,0,0,0,0,0,0,0,0,1,1,1,1,1,1,1,1,1,1,1,1,1,0,0,0,0,0,0,0,0,0,1,0,0,0,0,0,0,0,0,0,0,0,0,0,0,0,0,0,0,0,0,0,0,13,0,0,0,0,0,0,0,0,0,0,0,0,0,0,0,0,0,0,0,0,0,0,0,0,0,0,0,0,0,0,0,0,0,0,0,0,0,0,0,0,0,0,0,0,0,0,0,0
0.251188,-0.627419,0.535129,0,0,0,0,2.67849e-08,1.52192e-07,-7.37507e-08,1018,1010,1011,1017,1019,1024,1025,2603,2604,2610,2611,2612,2617,2618,0,0,0,0,0,0,0,0,0,1010,1011,1017,1019,1024,1025,2603,2604,2610,2611,2612,2617,2618,0,0,0,0,0,0,0,0,0,0.0433763,0.0349727,0.0454299,0.045657,0.0340451,0.0424536,0.109962,0.106787,0.110953,0.100031,0.110991,0.106456,0.109488,0,0,0,0,0,0,0,0,0,0.0432111,0.0356592,0.0454708,0.0456876,0.0347381,0.0422775,0.109917,0.106835,0.110927,0.1,0.111019,0.106497,0.109505,0,0,0,0,0,0,0,0,0,1,1,1,1,1,1,1,1,1,1,1,1,1,0,0,0,0,0,0,0,0,0,1,1,1,1,1,1,1,1,1,1,1,1,1,0,0,0,0,0,0,0,0,0,1,0,0,0,0,0,0,0,0,0,0,0,0,0,0,0,0,0,0,0,0,0,0,13,0,0,0,0,0,0,0,0,0,0,0,0,0,0,0,0,0,0,0,0,0,0,0,0,0,0,0,0,0,0,0,0,0,0,0,0,0,0,0,0,0,0,0,0,0,0,0,0
0.265502,-0.606408,0.573053,0,0,0,0,2.73299e-08,1.34291e-07,-6.48557e-08,1019,1011,1012,1018,1020,1025,1026,2604,2605,2611,2612,2613,2618,2619,0,0,0,0,0,0,0,0,0,1011,1012,1018,1020,1025,1026,2604,2605,2611,2612,2613,2618,2619,0,0,0,0,0,0,0,0,0,0.0435715,0.0358014,0.045657,0.0458125,0.0348588,0.0426203,0.110036,0.107101,0.111046,0.100018,0.111053,0.106734,0.109523,0,0,0,0,0,0,0,0,0,0.0433708,0.0364097,0.0456876,0.0458338,0.0354675,0.0423953,0.109988,0.107117,0.111025,0.1,0.111086,0.106765,0.109556,0,0,0,0,0,0,0,0,0,1,1,1,1,1,1,1,1,1,1,1,1,1,0,0,0,0,0,0,0,0,0,1,1,1,1,1,1,1,1,1,1,1,1,1,0,0,0,0,0,0,0,0,0,1,0,0,0,0,0,0,0,0,0,0,0,0,0,0,0,0,0,0,0,0,0,0,13,0,0,0,0,0,0,0,0,0,0,0,0,0,0,0,0,0,0,0,0,0,0,0,0,0,0,0,0,0,0,0,0,0,0,0,0,0,0,0,0,0,0,0,0,0,0,0,0
0.279511,-0.583176,0.609969,0,0,0,0,2.80665e-08,1.17318e-07,-5.5445e-08,1020,1012,1013,1019,1021,1026,1027,2605,2606,2612,2613,2614,2619,2620,0,0,0,0,0,0,0,0,0,1012,1013,1019,1021,1026,1027,2605,2606,2612,2613,2614,2619,2620,0,0,0,0,0,0,0,0,0,0.043707,0.0366091,0.0458125,0.0458897,0.0356639,0.0427702,0.110081,0.107398,0.111108,0.100006,0.111083,0.107023,0.109558,0,0,0,0,0,0,0,0,0,0.0434778,0.0371256,0.0458338,0.0459145,0.0361909,0.042497,0.110035,0.107391,0.111091,0.1,0.111123,0.107035,0.1096,0,0,0,0,0,0,0,0,0,1,1,1,1,1,1,1,1,1,1,1,1,1,0,0,0,0,0,0,0,0,0,1,1,1,1,1,1,1,1,1,1,1,1,1,0,0,0,0,0,0,0,0,0,1,0,0,0,0,0,0,0,0,0,0,0,0,0,0,0,0,0,0,0,0,0,0,13,0,0,0,0,0,0,0,0,0,0,0,0,0,0,0,0,0,0,0,0,0,0,0,0,0,0,0,0,0,0,0,0,0,0,0,0,0,0,0,0,0,0,0,0,0,0,0,0
0.293145,-0.557805,0.645694,0,0,0,0,2.89956e-08,1.01402e-07,-4.5623e-08,1021,1013,1014,1020,1022,1027,1028,2606,2607,2613,2614,2615,2620,2621,0,0,0,0,0,0,0,0,0,1013,1014,1020,1022,1027,1028,2606,2607,2613,2614,2615,2620,2621,0,0,0,0,0,0,0,0,0,0.0438518,0.0373527,0.0458897,0.0459462,0.036434,0.0429749,0.110109,0.107675,0.111135,0.0999924,0.111107,0.107307,0.109625,0,0,0,0,0,0,0,0,0,0.0435633,0.0377944,0.0459145,0.0459687,0.0368811,0.0426522,0.110073,0.107651,0.111127,0.1,0.111147,0.107298,0.109668,0,0,0,0,0,0,0,0,0,1,1,1,1,1,1,1,1,1,1,1,1,1,0,0,0,0,0,0,0,0,0,1,1,1,1,1,1,1,1,1,1,1,1,1,0,0,0,0,0,0,0,0,0,1,0,0,0,0,0,0,0,0,0,0,0,0,0,0,0,0,0,0,0,0,0,0,13,0,0,0,0,0,0,0,0,0,0,0,0,0,0,0,0,0,0,0,0,0,0,0,0,0,0,0,0,0,0,0,0,0,0,0,0,0,0,0,0,0,0,0,0,0,0,0,0
0.306292,-0.530371,0.680126,0,0,0,0,3.01034e-08,8.66128e-08,-3.55436e-08,1022,15,16,1014,1015,1021,1028,1608,1609,2607,2608,2614,2615,2621,0,0,0,0,0,0,0,0,0,15,16,1014,1015,1021,1028,1608,1609,2607,2608,2614,2615,2621,0,0,0,0,0,0,0,0,0,0.0433252,0.046049,0.0440353,0.0380326,0.0459462,0.0371429,0.109771,0.111151,0.110153,0.107929,0.111151,0.0999798,0.10758,0,0,0,0,0,0,0,0,0,0.0429686,0.0460637,0.0436978,0.0384118,0.0459687,0.037526,0.109806,0.111191,0.110132,0.107895,0.111151,0.1,0.107548,0,0,0,0,0,0,0,0,0,1,1,1,1,1,1,1,1,1,1,1,1,1,0,0,0,0,0,0,0,0,0,1,1,1,1,1,1,1,1,1,1,1,1,1,0,0,0,0,0,0,0,0,0,1,0,0,0,0,0,0,0,0,0,0,0,0,0,0,0,0,0,0,0,0,0,0,13,0,0,0,0,0,0,0,0,0,0,0,0,0,0,0,0,0,0,0,0,0,0,0,0,0,0,0,0,0,0,0,0,0,0,0,0,0,0,0,0,0,0,0,0,0,0,0,0
0.205248,-0.65746,0.495316,0,0,0,0,2.14824e-08,1.78606e-07,-8.92694e-08,1023,2,3,1016,1017,1024,1029,1595,1596,2609,2610,2616,2617,2622,0,0,0,0,0,0,0,0,0,2,3,1016,1017,1024,1029,1595,1596,2609,2610,2616,2617,2622,0,0,0,0,0,0,0,0,0,0.0450792,0.0326116,0.0419078,0.0333215,0.0452587,0.0410484,0.110758,0.105999,0.109367,0.106173,0.100036,0.11079,0.108937,0,0,0,0,0,0,0,0,0,0.044994,0.0334173,0.0418894,0.0340606,0.0452219,0.0409764,0.110713,0.106025,0.109344,0.106253,0.1,0.110808,0.108952,0,0,0,0,0,0,0,0,0,1,1,1,1,1,1,1,1,1,1,1,1,1,0,0,0,0,0,0,0,0,0,1,1,1,1,1,1,1,1,1,1,1,1,1,0,0,0,0,0,0,0,0,0,1,0,0,0,0,0,0,0,0,0,0,0,0,0,0,0,0,0,0,0,0,0,0,13,0,0,0,0,0,0,0,0,0,0,0,0,0,0,0,0,0,0,0,0,0,0,0,0,0,0,0,0,0,0,0,0,0,0,0,0,0,0,0,0,0,0,0,0,0,0,0,0
0.219484,-0.639808,0.534484,0,0,0,0,2.18643e-08,1.59853e-07,-8.16803e-08,1024,1017,1018,1023,1025,1029,1030,2610,2611,2616,2617,2618,2622,2623,0,0,0,0,0,0,0,0,0,1017,1018,1023,1025,1029,1030,2610,2611,2616,2617,2618,2622,2623,0,0,0,0,0,0,0,0,0,0.0422146,0.0340451,0.0452587,0.0454555,0.0331651,0.0412991,0.109479,0.106446,0.110856,0.100032,0.110876,0.106161,0.109,0,0,0,0,0,0,0,0,0,0.0421128,0.0347381,0.0452219,0.0454412,0.0338979,0.0411496,0.10944,0.106497,0.110816,0.1,0.110908,0.106195,0.109025,0,0,0,0,0,0,0,0,0,1,1,1,1,1,1,1,1,1,1,1,1,1,0,0,0,0,0,0,0,0,0,1,1,1,1,1,1,1,1,1,1,1,1,1,0,0,0,0,0,0,0,0,0,1,0,0,0,0,0,0,0,0,0,0,0,0,0,0,0,0,0,0,0,0,0,0,13,0,0,0,0,0,0,0,0,0,0,0,0,0,0,0,0,0,0,0,0,0,0,0,0,0,0,0,0,0,0,0,0,0,0,0,0,0,0,0,0,0,0,0,0,0,0,0,0
0.233392,-0.619976,0.572947,0,0,0,0,2.22874e-08,1.41917e-07,-7.33392e-08,1025,1018,1019,1024,1026,1030,1031,2611,2612,2617,2618,2619,2623,2624,0,0,0,0,0,0,0,0,0,1018,1019,1024,1026,1030,1031,2611,2612,2617,2618,2619,2623,2624,0,0,0,0,0,0,0,0,0,0.0424536,0.0348588,0.0454555,0.045655,0.0339269,0.0414764,0.109558,0.106743,0.110943,0.100016,0.110959,0.106404,0.109038,0,0,0,0,0,0,0,0,0,0.0422775,0.0354675,0.0454412,0.0456229,0.0345374,0.0412791,0.109511,0.106765,0.110914,0.1,0.11099,0.106425,0.10908,0,0,0,0,0,0,0,0,0,1,1,1,1,1,1,1,1,1,1,1,1,1,0,0,0,0,0,0,0,0,0,1,1,1,1,1,1,1,1,1,1,1,1,1,0,0,0,0,0,0,0,0,0,1,0,0,0,0,0,0,0,0,0,0,0,0,0,0,0,0,0,0,0,0,0,0,13,0,0,0,0,0,0,0,0,0,0,0,0,0,0,0,0,0,0,0,0,0,0,0,0,0,0,0,0,0,0,0,0,0,0,0,0,0,0,0,0,0,0,0,0,0,0,0,0
0.247054,-0.597947,0.61053,0,0,0,0,2.28662e-08,1.24834e-07,-6.43992e-08,1026,1019,1020,1025,1027,1031,1032,2612,2613,2618,2619,2620,2624,2625,0,0,0,0,0,0,0,0,0,1019,1020,1025,1027,1031,1032,2612,2613,2618,2619,2620,2624,2625,0,0,0,0,0,0,0,0,0,0.0426203,0.0356639,0.045655,0.0458088,0.0347087,0.0416486,0.109602,0.107039,0.11102,0.100002,0.111024,0.106674,0.10908,0,0,0,0,0,0,0,0,0,0.0423953,0.0361909,0.0456229,0.0457616,0.0352344,0.041398,0.109562,0.107036,0.110996,0.1,0.111053,0.10668,0.10913,0,0,0,0,0,0,0,0,0,1,1,1,1,1,1,1,1,1,1,1,1,1,0,0,0,0,0,0,0,0,0,1,1,1,1,1,1,1,1,1,1,1,1,1,0,0,0,0,0,0,0,0,0,1,0,0,0,0,0,0,0,0,0,0,0,0,0,0,0,0,0,0,0,0,0,0,13,0,0,0,0,0,0,0,0,0,0,0,0,0,0,0,0,0,0,0,0,0,0,0,0,0,0,0,0,0,0,0,0,0,0,0,0,0,0,0,0,0,0,0,0,0,0,0,0
0.260423,-0.573768,0.647069,0,0,0,0,2.36215e-08,1.08695e-07,-5.49909e-08,1027,1020,1021,1026,1028,1032,1033,2613,2614,2619,2620,2621,2625,2626,0,0,0,0,0,0,0,0,0,1020,1021,1026,1028,1032,1033,2613,2614,2619,2620,2621,2625,2626,0,0,0,0,0,0,0,0,0,0.0427702,0.036434,0.0458088,0.0459466,0.0354843,0.0418763,0.109635,0.107321,0.111077,0.0999875,0.111083,0.106951,0.109155,0,0,0,0,0,0,0,0,0,0.042497,0.0368811,0.0457616,0.0458839,0.0359274,0.041581,0.109606,0.107298,0.111059,0.1,0.111109,0.106937,0.109208,0,0,0,0,0,0,0,0,0,1,1,1,1,1,1,1,1,1,1,1,1,1,0,0,0,0,0,0,0,0,0,1,1,1,1,1,1,1,1,1,1,1,1,1,0,0,0,0,0,0,0,0,0,1,0,0,0,0,0,0,0,0,0,0,0,0,0,0,0,0,0,0,0,0,0,0,13,0,0,0,0,0,0,0,0,0,0,0,0,0,0,0,0,0,0,0,0,0,0,0,0,0,0,0,0,0,0,0,0,0,0,0,0,0,0,0,0,0,0,0,0,0,0,0,0
0.273412,-0.547491,0.682451,0,0,0,0,2.45363e-08,9.35721e-08,-4.52354e-08,1028,14,15,1021,1022,1027,1033,1607,1608,2614,2615,2620,2621,2626,0,0,0,0,0,0,0,0,0,14,15,1021,1022,1027,1033,1607,1608,2614,2615,2620,2621,2626,0,0,0,0,0,0,0,0,0,0.0422877,0.0461309,0.0429749,0.0371429,0.0459466,0.0362092,0.109325,0.111159,0.109686,0.107579,0.111128,0.0999731,0.107224,0,0,0,0,0,0,0,0,0,0.0419576,0.0460479,0.0426522,0.037526,0.0458839,0.0365887,0.109369,0.111184,0.109673,0.107548,0.111114,0.1,0.107187,0,0,0,0,0,0,0,0,0,1,1,1,1,1,1,1,1,1,1,1,1,1,0,0,0,0,0,0,0,0,0,1,1,1,1,1,1,1,1,1,1,1,1,1,0,0,0,0,0,0,0,0,0,1,0,0,0,0,0,0,0,0,0,0,0,0,0,0,0,0,0,0,0,0,0,0,13,0,0,0,0,0,0,0,0,0,0,0,0,0,0,0,0,0,0,0,0,0,0,0,0,0,0,0,0,0,0,0,0,0,0,0,0,0,0,0,0,0,0,0,0,0,0,0,0
0.188286,-0.650805,0.532099,0,0,0,0,1.7594e-08,1.67058e-07,-8.85253e-08,1029,3,4,1023,1024,1030,1034,1596,1597,2616,2617,2622,2623,2627,0,0,0,0,0,0,0,0,0,3,4,1023,1024,1030,1034,1596,1597,2616,2617,2622,2623,2627,0,0,0,0,0,0,0,0,0,0.0450897,0.032529,0.0410484,0.0331651,0.0452084,0.0401223,0.110764,0.105965,0.108985,0.106141,0.100038,0.110749,0.108523,0,0,0,0,0,0,0,0,0,0.0450113,0.033328,0.0409764,0.0338979,0.0451793,0.039985,0.110721,0.105994,0.108957,0.106196,0.1,0.110789,0.108541,0,0,0,0,0,0,0,0,0,1,1,1,1,1,1,1,1,1,1,1,1,1,0,0,0,0,0,0,0,0,0,1,1,1,1,1,1,1,1,1,1,1,1,1,0,0,0,0,0,0,0,0,0,1,0,0,0,0,0,0,0,0,0,0,0,0,0,0,0,0,0,0,0,0,0,0,13,0,0,0,0,0,0,0,0,0,0,0,0,0,0,0,0,0,0,0,0,0,0,0,0,0,0,0,0,0,0,0,0,0,0,0,0,0,0,0,0,0,0,0,0,0,0,0,0
0.20178,-0.632138,0.570999,0,0,0,0,1.80236e-08,1.49166e-07,-8.08014e-08,1030,1024,1025,1029,1031,1034,1035,2617,2618,2622,2623,2624,2627,2628,0,0,0,0,0,0,0,0,0,1024,1025,1029,1031,1034,1035,2617,2618,2622,2623,2624,2627,2628,0,0,0,0,0,0,0,0,0,0.0412991,0.0339269,0.0452084,0.0454258,0.0331095,0.0402873,0.109076,0.106407,0.11082,0.100017,0.110837,0.106125,0.108549,0,0,0,0,0,0,0,0,0,0.0411496,0.0345374,0.0451793,0.0453587,0.0337106,0.040133,0.10903,0.106426,0.110797,0.1,0.110871,0.10613,0.108602,0,0,0,0,0,0,0,0,0,1,1,1,1,1,1,1,1,1,1,1,1,1,0,0,0,0,0,0,0,0,0,1,1,1,1,1,1,1,1,1,1,1,1,1,0,0,0,0,0,0,0,0,0,1,0,0,0,0,0,0,0,0,0,0,0,0,0,0,0,0,0,0,0,0,0,0,13,0,0,0,0,0,0,0,0,0,0,0,0,0,0,0,0,0,0,0,0,0,0,0,0,0,0,0,0,0,0,0,0,0,0,0,0,0,0,0,0,0,0,0,0,0,0,0,0
0.215054,-0.611315,0.609127,0,0,0,0,1.85055e-08,1.32057e-07,-7.23899e-08,1031,1025,1026,1030,1032,1035,1036,2618,2619,2623,2624,2625,2628,2629,0,0,0,0,0,0,0,0,0,1025,1026,1030,1032,1035,1036,2618,2619,2623,2624,2625,2628,2629,0,0,0,0,0,0,0,0,0,0.0414764,0.0347087,0.0454258,0.0456302,0.0337836,0.0404842,0.10912,0.106685,0.110903,0.100002,0.110923,0.106346,0.108599,0,0,0,0,0,0,0,0,0,0.0412791,0.0352344,0.0453587,0.0455328,0.0343001,0.0402735,0.109085,0.10668,0.110877,0.1,0.11095,0.10634,0.10866,0,0,0,0,0,0,0,0,0,1,1,1,1,1,1,1,1,1,1,1,1,1,0,0,0,0,0,0,0,0,0,1,1,1,1,1,1,1,1,1,1,1,1,1,0,0,0,0,0,0,0,0,0,1,0,0,0,0,0,0,0,0,0,0,0,0,0,0,0,0,0,0,0,0,0,0,13,0,0,0,0,0,0,0,0,0,0,0,0,0,0,0,0,0,0,0,0,0,0,0,0,0,0,0,0,0,0,0,0,0,0,0,0,0,0,0,0,0,0,0,0,0,0,0,0
0.228086,-0.58836,0.646348,0,0,0,0,1.91135e-08,1.15793e-07,-6.34399e-08,1032,1026,1027,1031,1033,1036,1037,2619,2620,2624,2625,2626,2629,2630,0,0,0,0,0,0,0,0,0,1026,1027,1031,1033,1036,1037,2619,2620,2624,2625,2626,2629,2630,0,0,0,0,0,0,0,0,0,0.0416486,0.0354843,0.0456302,0.0458556,0.0345371,0.0407436,0.109156,0.106962,0.110979,0.0999842,0.111019,0.106604,0.108685,0,0,0,0,0,0,0,0,0,0.041398,0.0359274,0.0455328,0.045718,0.0349585,0.0404935,0.109135,0.106938,0.110956,0.1,0.111034,0.106579,0.108751,0,0,0,0,0,0,0,0,0,1,1,1,1,1,1,1,1,1,1,1,1,1,0,0,0,0,0,0,0,0,0,1,1,1,1,1,1,1,1,1,1,1,1,1,0,0,0,0,0,0,0,0,0,1,0,0,0,0,0,0,0,0,0,0,0,0,0,0,0,0,0,0,0,0,0,0,13,0,0,0,0,0,0,0,0,0,0,0,0,0,0,0,0,0,0,0,0,0,0,0,0,0,0,0,0,0,0,0,0,0,0,0,0,0,0,0,0,0,0,0,0,0,0,0,0
0.240829,-0.563285,0.682563,0,0,0,0,1.98511e-08,1.00428e-07,-5.40656e-08,1033,13,14,1027,1028,1032,1037,1606,1607,2620,2621,2625,2626,2630,0,0,0,0,0,0,0,0,0,13,14,1027,1028,1032,1037,1606,1607,2620,2621,2625,2626,2630,0,0,0,0,0,0,0,0,0,0.0412501,0.0461449,0.0418763,0.0362092,0.0458556,0.0352532,0.108893,0.111139,0.109213,0.107218,0.111064,0.0999678,0.106868,0,0,0,0,0,0,0,0,0,0.0409669,0.0459676,0.041581,0.0365887,0.045718,0.0356159,0.108949,0.111149,0.109213,0.107188,0.11104,0.1,0.106822,0,0,0,0,0,0,0,0,0,1,1,1,1,1,1,1,1,1,1,1,1,1,0,0,0,0,0,0,0,0,0,1,1,1,1,1,1,1,1,1,1,1,1,1,0,0,0,0,0,0,0,0,0,1,0,0,0,0,0,0,0,0,0,0,0,0,0,0,0,0,0,0,0,0,0,0,13,0,0,0,0,0,0,0,0,0,0,0,0,0,0,0,0,0,0,0,0,0,0,0,0,0,0,0,0,0,0,0,0,0,0,0,0,0,0,0,0,0,0,0,0,0,0,0,0
0.170708,-0.642957,0.567302,0,0,0,0,1.43804e-08,1.55994e-07,-8.72416e-08,1034,4,5,1029,1030,1035,1038,1597,1598,2622,2623,2627,2628,2631,0,0,0,0,0,0,0,0,0,4,5,1029,1030,1035,1038,1597,1598,2622,2623,2627,2628,2631,0,0,0,0,0,0,0,0,0,0.04497,0.0327286,0.0401223,0.0331095,0.0451761,0.0390181,0.110691,0.106007,0.108594,0.106126,0.100025,0.110717,0.108053,0,0,0,0,0,0,0,0,0,0.0450013,0.0332663,0.039985,0.0337106,0.045103,0.0389454,0.110717,0.105974,0.108545,0.106131,0.1,0.110755,0.108119,0,0,0,0,0,0,0,0,0,1,1,1,1,1,1,1,1,1,1,1,1,1,0,0,0,0,0,0,0,0,0,1,1,1,1,1,1,1,1,1,1,1,1,1,0,0,0,0,0,0,0,0,0,1,0,0,0,0,0,0,0,0,0,0,0,0,0,0,0,0,0,0,0,0,0,0,13,0,0,0,0,0,0,0,0,0,0,0,0,0,0,0,0,0,0,0,0,0,0,0,0,0,0,0,0,0,0,0,0,0,0,0,0,0,0,0,0,0,0,0,0,0,0,0,0
0.183641,-0.623314,0.605873,0,0,0,0,1.48504e-08,1.38927e-07,-7.94022e-08,1035,1030,1031,1034,1036,1038,1039,2623,2624,2627,2628,2629,2631,2632,0,0,0,0,0,0,0,0,0,1030,1031,1034,1036,1038,1039,2623,2624,2627,2628,2629,2631,2632,0,0,0,0,0,0,0,0,0,0.0402873,0.0337836,0.0451761,0.0453869,0.0330002,0.0392727,0.108632,0.106356,0.110778,0.100007,0.110798,0.106081,0.108114,0,0,0,0,0,0,0,0,0,0.040133,0.0343001,0.045103,0.0452664,0.0334965,0.0391216,0.108606,0.106341,0.110763,0.1,0.110829,0.106055,0.10819,0,0,0,0,0,0,0,0,0,1,1,1,1,1,1,1,1,1,1,1,1,1,0,0,0,0,0,0,0,0,0,1,1,1,1,1,1,1,1,1,1,1,1,1,0,0,0,0,0,0,0,0,0,1,0,0,0,0,0,0,0,0,0,0,0,0,0,0,0,0,0,0,0,0,0,0,13,0,0,0,0,0,0,0,0,0,0,0,0,0,0,0,0,0,0,0,0,0,0,0,0,0,0,0,0,0,0,0,0,0,0,0,0,0,0,0,0,0,0,0,0,0,0,0,0
0.196296,-0.601588,0.64366,0,0,0,0,1.536e-08,1.22622e-07,-7.09523e-08,1036,1031,1032,1035,1037,1039,1040,2624,2625,2628,2629,2630,2632,2633,0,0,0,0,0,0,0,0,0,1031,1032,1035,1037,1039,1040,2624,2625,2628,2629,2630,2632,2633,0,0,0,0,0,0,0,0,0,0.0404842,0.0345371,0.0453869,0.0456912,0.0336466,0.0395734,0.108675,0.106614,0.110854,0.0999834,0.110925,0.106284,0.108214,0,0,0,0,0,0,0,0,0,0.0402735,0.0349585,0.0452664,0.0454954,0.0340198,0.0393943,0.108664,0.10658,0.110836,0.1,0.110933,0.106241,0.1083,0,0,0,0,0,0,0,0,0,1,1,1,1,1,1,1,1,1,1,1,1,1,0,0,0,0,0,0,0,0,0,1,1,1,1,1,1,1,1,1,1,1,1,1,0,0,0,0,0,0,0,0,0,1,0,0,0,0,0,0,0,0,0,0,0,0,0,0,0,0,0,0,0,0,0,0,13,0,0,0,0,0,0,0,0,0,0,0,0,0,0,0,0,0,0,0,0,0,0,0,0,0,0,0,0,0,0,0,0,0,0,0,0,0,0,0,0,0,0,0,0,0,0,0,0
0.208734,-0.577736,0.680592,0,0,0,0,1.59477e-08,1.07103e-07,-6.20006e-08,1037,12,13,1032,1033,1036,1040,1605,1606,2625,2626,2629,2630,2633,0,0,0,0,0,0,0,0,0,12,13,1032,1033,1036,1040,1605,1606,2625,2626,2629,2630,2633,0,0,0,0,0,0,0,0,0,0.0402343,0.0461047,0.0407436,0.0352532,0.0456912,0.0343016,0.108485,0.111098,0.108739,0.106857,0.110969,0.0999646,0.106519,0,0,0,0,0,0,0,0,0,0.040022,0.0458439,0.0404935,0.0356159,0.0454954,0.0346289,0.108557,0.111093,0.108755,0.106823,0.110939,0.1,0.10646,0,0,0,0,0,0,0,0,0,1,1,1,1,1,1,1,1,1,1,1,1,1,0,0,0,0,0,0,0,0,0,1,1,1,1,1,1,1,1,1,1,1,1,1,0,0,0,0,0,0,0,0,0,1,0,0,0,0,0,0,0,0,0,0,0,0,0,0,0,0,0,0,0,0,0,0,13,0,0,0,0,0,0,0,0,0,0,0,0,0,0,0,0,0,0,0,0,0,0,0,0,0,0,0,0,0,0,0,0,0,0,0,0,0,0,0,0,0,0,0,0,0,0,0,0
0.152842,-0.634034,0.600822,0,0,0,0,1.1752e-08,1.45445e-07,-8.54619e-08,1038,5,6,1034,1035,1039,1041,1598,1599,2627,2628,2631,2632,2634,0,0,0,0,0,0,0,0,0,5,6,1034,1035,1039,1041,1598,1599,2627,2628,2631,2632,2634,0,0,0,0,0,0,0,0,0,0.0450753,0.0327795,0.0390181,0.0330002,0.045156,0.0379709,0.110703,0.106048,0.108123,0.106091,0.100019,0.110688,0.107615,0,0,0,0,0,0,0,0,0,0.0450079,0.0332619,0.0389454,0.0334965,0.0450449,0.0379128,0.11072,0.105973,0.108122,0.106056,0.1,0.110729,0.107709,0,0,0,0,0,0,0,0,0,1,1,1,1,1,1,1,1,1,1,1,1,1,0,0,0,0,0,0,0,0,0,1,1,1,1,1,1,1,1,1,1,1,1,1,0,0,0,0,0,0,0,0,0,1,0,0,0,0,0,0,0,0,0,0,0,0,0,0,0,0,0,0,0,0,0,0,13,0,0,0,0,0,0,0,0,0,0,0,0,0,0,0,0,0,0,0,0,0,0,0,0,0,0,0,0,0,0,0,0,0,0,0,0,0,0,0,0,0,0,0,0,0,0,0,0
0.16516,-0.613501,0.639107,0,0,0,0,1.22401e-08,1.29151e-07,-7.75413e-08,1039,1035,1036,1038,1040,1041,1042,2628,2629,2631,2632,2633,2634,2635,0,0,0,0,0,0,0,0,0,1035,1036,1038,1040,1041,1042,2628,2629,2631,2632,2633,2634,2635,0,0,0,0,0,0,0,0,0,0.0392727,0.0336466,0.045156,0.0455036,0.0329596,0.0383466,0.10819,0.106297,0.110738,0.0999852,0.110828,0.10604,0.107735,0,0,0,0,0,0,0,0,0,0.0391216,0.0340198,0.0450449,0.0452639,0.033242,0.0382735,0.108193,0.106242,0.110737,0.1,0.110829,0.105966,0.107851,0,0,0,0,0,0,0,0,0,1,1,1,1,1,1,1,1,1,1,1,1,1,0,0,0,0,0,0,0,0,0,1,1,1,1,1,1,1,1,1,1,1,1,1,0,0,0,0,0,0,0,0,0,1,0,0,0,0,0,0,0,0,0,0,0,0,0,0,0,0,0,0,0,0,0,0,13,0,0,0,0,0,0,0,0,0,0,0,0,0,0,0,0,0,0,0,0,0,0,0,0,0,0,0,0,0,0,0,0,0,0,0,0,0,0,0,0,0,0,0,0,0,0,0,0
0.177285,-0.590855,0.676666,0,0,0,0,1.27209e-08,1.13545e-07,-6.90371e-08,1040,11,12,1036,1037,1039,1042,1604,1605,2629,2630,2632,2633,2635,0,0,0,0,0,0,0,0,0,11,12,1036,1037,1039,1042,1604,1605,2629,2630,2632,2633,2635,0,0,0,0,0,0,0,0,0,0.0392789,0.0460507,0.0395734,0.0343016,0.0455036,0.0333977,0.108114,0.111056,0.108265,0.106509,0.110867,0.0999645,0.106192,0,0,0,0,0,0,0,0,0,0.0391623,0.0457213,0.0393943,0.0346289,0.0452639,0.0336697,0.108206,0.111037,0.108303,0.106462,0.110835,0.1,0.106117,0,0,0,0,0,0,0,0,0,1,1,1,1,1,1,1,1,1,1,1,1,1,0,0,0,0,0,0,0,0,0,1,1,1,1,1,1,1,1,1,1,1,1,1,0,0,0,0,0,0,0,0,0,1,0,0,0,0,0,0,0,0,0,0,0,0,0,0,0,0,0,0,0,0,0,0,13,0,0,0,0,0,0,0,0,0,0,0,0,0,0,0,0,0,0,0,0,0,0,0,0,0,0,0,0,0,0,0,0,0,0,0,0,0,0,0,0,0,0,0,0,0,0,0,0
0.134664,-0.62423,0.632685,0,0,0,0,9.61383e-09,1.35427e-07,-8.32526e-08,1041,6,7,1038,1039,1042,1043,1599,1600,2631,2632,2634,2635,2636,0,0,0,0,0,0,0,0,0,6,7,1038,1039,1042,1043,1599,1600,2631,2632,2634,2635,2636,0,0,0,0,0,0,0,0,0,0.0452379,0.0332329,0.0379709,0.0329596,0.0454384,0.0369928,0.110767,0.10611,0.107678,0.106057,0.0999832,0.11079,0.107235,0,0,0,0,0,0,0,0,0,0.0451277,0.0333755,0.0379128,0.033242,0.045144,0.0370635,0.110775,0.106013,0.107712,0.105968,0.1,0.110775,0.107379,0,0,0,0,0,0,0,0,0,1,1,1,1,1,1,1,1,1,1,1,1,1,0,0,0,0,0,0,0,0,0,1,1,1,1,1,1,1,1,1,1,1,1,1,0,0,0,0,0,0,0,0,0,1,0,0,0,0,0,0,0,0,0,0,0,0,0,0,0,0,0,0,0,0,0,0,13,0,0,0,0,0,0,0,0,0,0,0,0,0,0,0,0,0,0,0,0,0,0,0,0,0,0,0,0,0,0,0,0,0,0,0,0,0,0,0,0,0,0,0,0,0,0,0,0
0.1466,-0.602701,0.670877,0,0,0,0,1.00614e-08,1.1974e-07,-7.52023e-08,1042,10,11,1039,1040,1041,1043,1603,1604,2632,2633,2634,2635,2636,0,0,0,0,0,0,0,0,0,10,11,1039,1040,1041,1043,1603,1604,2632,2633,2634,2635,2636,0,0,0,0,0,0,0,0,0,0.0384642,0.0460811,0.0383466,0.0333977,0.0454384,0.0326704,0.107808,0.11106,0.107783,0.106187,0.110817,0.0999653,0.105938,0,0,0,0,0,0,0,0,0,0.0384592,0.0456963,0.0382735,0.0336697,0.045144,0.0328859,0.107925,0.111027,0.107854,0.106119,0.110782,0.1,0.105843,0,0,0,0,0,0,0,0,0,1,1,1,1,1,1,1,1,1,1,1,1,1,0,0,0,0,0,0,0,0,0,1,1,1,1,1,1,1,1,1,1,1,1,1,0,0,0,0,0,0,0,0,0,1,0,0,0,0,0,0,0,0,0,0,0,0,0,0,0,0,0,0,0,0,0,0,13,0,0,0,0,0,0,0,0,0,0,0,0,0,0,0,0,0,0,0,0,0,0,0,0,0,0,0,0,0,0,0,0,0,0,0,0,0,0,0,0,0,0,0,0,0,0,0,0
0.116716,-0.61342,0.663172,0,0,0,0,7.83474e-09,1.25768e-07,-8.0541e-08,1043,7,8,9,10,1041,1042,1600,1601,1602,1603,2634,2635,2636,0,0,0,0,0,0,0,0,0,7,8,9,10,1041,1042,1600,1601,1602,1603,2634,2635,2636,0,0,0,0,0,0,0,0,0,0.0460576,0.0340001,0.0381903,0.0464719,0.0369928,0.0326704,0.111046,0.106441,0.107712,0.111244,0.107263,0.105938,0.099979,0,0,0,0,0,0,0,0,0,0.0456462,0.0342079,0.0382838,0.0460441,0.0370635,0.0328859,0.111012,0.106334,0.107854,0.111187,0.107381,0.105845,0.1,0,0,0,0,0,0,0,0,0,1,1,1,1,1,1,1,1,1,1,1,1,1,0,0,0,0,0,0,0,0,0,1,1,1,1,1,1,1,1,1,1,1,1,1,0,0,0,0,0,0,0,0,0,1,0,0,0,0,0,0,0,0,0,0,0,0,0,0,0,0,0,0,0,0,0,0,13,0,0,0,0,0,0,0,0,0,0,0,0,0,0,0,0,0,0,0,0,0,0,0,0,0,0,0,0,0,0,0,0,0,0,0,0,0,0,0,0,0,0,0,0,0,0,0,0
0.156171,-0.680733,0.460703,0,0,0,0,1.57358e-08,2.0231e-07,-1.01845e-07,1044,2,3,1045,1050,1051,1595,1596,2637,2638,2643,2644,0,0,0,0,0,0,0,0,0,0,0,2,3,1045,1050,1051,1595,1596,2637,2638,2643,2644,0,0,0,0,0,0,0,0,0,0,0,0.0357431,0.0390177,0.040674,0.03991,0.0354584,0.107053,0.108134,0.10002,0.108767,0.108678,0.107115,0,0,0,0,0,0,0,0,0,0,0,0.0366099,0.0391942,0.0404216,0.0399163,0.0365984,0.10719,0.108217,0.1,0.10872,0.108515,0.107186,0,0,0,0,0,0,0,0,0,0,0,1,1,1,1,1,1,1,1,1,1,1,0,0,0,0,0,0,0,0,0,0,0,1,1,1,1,1,1,1,1,1,1,1,0,0,0,0,0,0,0,0,0,0,0,1,0,0,0,0,0,0,0,0,0,0,0,0,0,0,0,0,0,0,0,0,0,0,11,0,0,0,0,0,0,0,0,0,0,0,0,0,0,0,0,0,0,0,0,0,0,0,0,0,0,0,0,0,0,0,0,0,0,0,0,0,0,0,0,0,0,0,0,0,0,0,0
0.139237,-0.674398,0.497138,0,0,0,0,1.29846e-08,1.89233e-07,-1.00568e-07,1045,3,4,1044,1046,1051,1052,1596,1597,2637,2638,2639,2644,2645,0,0,0,0,0,0,0,0,0,3,4,1044,1046,1051,1052,1596,1597,2637,2638,2639,2644,2645,0,0,0,0,0,0,0,0,0,0.0360537,0.0385058,0.040674,0.0392248,0.0387006,0.036416,0.1072,0.107977,0.108879,0.100048,0.108252,0.108179,0.107254,0,0,0,0,0,0,0,0,0,0.0367612,0.0387394,0.0404216,0.0394129,0.0393976,0.0367013,0.107248,0.108034,0.108725,0.1,0.108306,0.108304,0.107226,0,0,0,0,0,0,0,0,0,1,1,1,1,1,1,1,1,1,1,1,1,1,0,0,0,0,0,0,0,0,0,1,1,1,1,1,1,1,1,1,1,1,1,1,0,0,0,0,0,0,0,0,0,1,0,0,0,0,0,0,0,0,0,0,0,0,0,0,0,0,0,0,0,0,0,0,13,0,0,0,0,0,0,0,0,0,0,0,0,0,0,0,0,0,0,0,0,0,0,0,0,0,0,0,0,0,0,0,0,0,0,0,0,0,0,0,0,0,0,0,0,0,0,0,0
0.122077,-0.666844,0.531591,0,0,0,0,1.04544e-08,1.76882e-07,-9.8914e-08,1046,4,5,1045,1047,1052,1053,1597,1598,2638,2639,2640,2645,2646,0,0,0,0,0,0,0,0,0,4,5,1045,1047,1052,1053,1597,1598,2638,2639,2640,2645,2646,0,0,0,0,0,0,0,0,0,0.0361586,0.0378908,0.0392248,0.0383743,0.0386343,0.0378312,0.107316,0.107771,0.108307,0.100176,0.107809,0.108009,0.107968,0,0,0,0,0,0,0,0,0,0.0368974,0.0383026,0.0394129,0.0383452,0.0388427,0.0387341,0.107301,0.107861,0.10831,0.1,0.107878,0.10808,0.108006,0,0,0,0,0,0,0,0,0,1,1,1,1,1,1,1,1,1,1,1,1,1,0,0,0,0,0,0,0,0,0,1,1,1,1,1,1,1,1,1,1,1,1,1,0,0,0,0,0,0,0,0,0,1,0,0,0,0,0,0,0,0,0,0,0,0,0,0,0,0,0,0,0,0,0,0,13,0,0,0,0,0,0,0,0,0,0,0,0,0,0,0,0,0,0,0,0,0,0,0,0,0,0,0,0,0,0,0,0,0,0,0,0,0,0,0,0,0,0,0,0,0,0,0,0
0.103598,-0.658647,0.564209,0,0,0,0,8.3711e-09,1.654e-07,-9.69683e-08,1047,5,6,1046,1048,1053,1054,1598,1599,2639,2640,2641,2646,2647,0,0,0,0,0,0,0,0,0,5,6,1046,1048,1053,1054,1598,1599,2639,2640,2641,2646,2647,0,0,0,0,0,0,0,0,0,0.0368918,0.0380451,0.0383743,0.0373336,0.0381538,0.0383314,0.107471,0.107743,0.107906,0.0998894,0.107372,0.107816,0.107923,0,0,0,0,0,0,0,0,0,0.0370554,0.0379107,0.0383452,0.0373251,0.0380873,0.0383941,0.107363,0.107707,0.107881,0.1,0.107484,0.107792,0.107884,0,0,0,0,0,0,0,0,0,1,1,1,1,1,1,1,1,1,1,1,1,1,0,0,0,0,0,0,0,0,0,1,1,1,1,1,1,1,1,1,1,1,1,1,0,0,0,0,0,0,0,0,0,1,0,0,0,0,0,0,0,0,0,0,0,0,0,0,0,0,0,0,0,0,0,0,13,0,0,0,0,0,0,0,0,0,0,0,0,0,0,0,0,0,0,0,0,0,0,0,0,0,0,0,0,0,0,0,0,0,0,0,0,0,0,0,0,0,0,0,0,0,0,0,0
0.0849,-0.649244,0.595125,0,0,0,0,6.71699e-09,1.54545e-07,-9.44421e-08,1048,6,7,1047,1049,1054,1055,1599,1600,2640,2641,2642,2647,2648,0,0,0,0,0,0,0,0,0,6,7,1047,1049,1054,1055,1599,1600,2640,2641,2642,2647,2648,0,0,0,0,0,0,0,0,0,0.0378603,0.0378549,0.0373336,0.0365906,0.0376878,0.0389098,0.107989,0.107712,0.107453,0.100112,0.107158,0.107623,0.10836,0,0,0,0,0,0,0,0,0,0.0384313,0.037556,0.0373251,0.0366604,0.0374687,0.0393131,0.108013,0.10758,0.107497,0.1,0.107248,0.107568,0.108531,0,0,0,0,0,0,0,0,0,1,1,1,1,1,1,1,1,1,1,1,1,1,0,0,0,0,0,0,0,0,0,1,1,1,1,1,1,1,1,1,1,1,1,1,0,0,0,0,0,0,0,0,0,1,0,0,0,0,0,0,0,0,0,0,0,0,0,0,0,0,0,0,0,0,0,0,13,0,0,0,0,0,0,0,0,0,0,0,0,0,0,0,0,0,0,0,0,0,0,0,0,0,0,0,0,0,0,0,0,0,0,0,0,0,0,0,0,0,0,0,0,0,0,0,0
0.0659601,-0.639111,0.624747,0,0,0,0,5.40775e-09,1.44155e-07,-9.15716e-08,1049,7,8,125,126,1048,1055,1600,1601,1718,1719,2641,2642,2648,0,0,0,0,0,0,0,0,0,7,8,125,126,1048,1055,1600,1601,1718,1719,2641,2642,2648,0,0,0,0,0,0,0,0,0,0.0385258,0.0384863,0.039278,0.0381283,0.0365906,0.0369935,0.1081,0.107956,0.108454,0.107761,0.107173,0.0999827,0.10736,0,0,0,0,0,0,0,0,0,0.0386424,0.0381364,0.0393825,0.038175,0.0366604,0.0366122,0.108079,0.107819,0.10855,0.107833,0.107257,0.1,0.10724,0,0,0,0,0,0,0,0,0,1,1,1,1,1,1,1,1,1,1,1,1,1,0,0,0,0,0,0,0,0,0,1,1,1,1,1,1,1,1,1,1,1,1,1,0,0,0,0,0,0,0,0,0,1,0,0,0,0,0,0,0,0,0,0,0,0,0,0,0,0,0,0,0,0,0,0,13,0,0,0,0,0,0,0,0,0,0,0,0,0,0,0,0,0,0,0,0,0,0,0,0,0,0,0,0,0,0,0,0,0,0,0,0,0,0,0,0,0,0,0,0,0,0,0,0
0.137313,-0.692701,0.427629,0,0,0,0,1.17213e-08,2.19694e-07,-1.06794e-07,1050,1044,1051,1056,2637,2643,2644,2649,0,0,0,0,0,0,0,0,0,0,0,0,0,0,0,1044,1051,1056,2637,2643,2644,2649,0,0,0,0,0,0,0,0,0,0,0,0,0,0,0,0.03991,0.0410455,0.0364177,0.108405,0.0999547,0.10902,0.107248,0,0,0,0,0,0,0,0,0,0,0,0,0,0,0,0.0399163,0.041016,0.0365017,0.108511,0.1,0.108967,0.107148,0,0,0,0,0,0,0,0,0,0,0,0,0,0,0,1,1,1,1,1,1,1,0,0,0,0,0,0,0,0,0,0,0,0,0,0,0,1,1,1,1,1,1,1,0,0,0,0,0,0,0,0,0,0,0,0,0,0,0,1,0,0,0,0,0,0,0,0,0,0,0,0,0,0,0,0,0,0,0,0,0,0,7,0,0,0,0,0,0,0,0,0,0,0,0,0,0,0,0,0,0,0,0,0,0,0,0,0,0,0,0,0,0,0,0,0,0,0,0,0,0,0,0,0,0,0,0,0,0,0,0
0.121472,-0.686629,0.465005,0,0,0,0,1.15518e-08,2.05262e-07,-1.0568e-07,1051,1044,1045,1050,1052,1056,1057,2637,2638,2643,2644,2645,2649,2650,0,0,0,0,0,0,0,0,0,1044,1045,1050,1052,1056,1057,2637,2638,2643,2644,2645,2649,2650,0,0,0,0,0,0,0,0,0,0.0354584,0.0387006,0.0410455,0.0403163,0.0398966,0.0381358,0.107096,0.108143,0.108935,0.100276,0.108651,0.108603,0.108178,0,0,0,0,0,0,0,0,0,0.0365984,0.0393976,0.041016,0.0400382,0.0403231,0.0395246,0.107185,0.1083,0.108973,0.1,0.108561,0.108684,0.108295,0,0,0,0,0,0,0,0,0,1,1,1,1,1,1,1,1,1,1,1,1,1,0,0,0,0,0,0,0,0,0,1,1,1,1,1,1,1,1,1,1,1,1,1,0,0,0,0,0,0,0,0,0,1,0,0,0,0,0,0,0,0,0,0,0,0,0,0,0,0,0,0,0,0,0,0,13,0,0,0,0,0,0,0,0,0,0,0,0,0,0,0,0,0,0,0,0,0,0,0,0,0,0,0,0,0,0,0,0,0,0,0,0,0,0,0,0,0,0,0,0,0,0,0,0
0.103401,-0.679973,0.500424,0,0,0,0,9.48604e-09,1.91889e-07,-1.04512e-07,1052,1045,1046,1051,1053,1057,1058,2638,2639,2644,2645,2646,2650,2651,0,0,0,0,0,0,0,0,0,1045,1046,1051,1053,1057,1058,2638,2639,2644,2645,2646,2650,2651,0,0,0,0,0,0,0,0,0,0.036416,0.0386343,0.0403163,0.0391718,0.039127,0.039006,0.107326,0.108028,0.108718,0.0998877,0.108126,0.108248,0.10816,0,0,0,0,0,0,0,0,0,0.0367013,0.0388427,0.0400382,0.0389866,0.0394741,0.0391061,0.107225,0.108077,0.108565,0.1,0.108141,0.108351,0.108141,0,0,0,0,0,0,0,0,0,1,1,1,1,1,1,1,1,1,1,1,1,1,0,0,0,0,0,0,0,0,0,1,1,1,1,1,1,1,1,1,1,1,1,1,0,0,0,0,0,0,0,0,0,1,0,0,0,0,0,0,0,0,0,0,0,0,0,0,0,0,0,0,0,0,0,0,13,0,0,0,0,0,0,0,0,0,0,0,0,0,0,0,0,0,0,0,0,0,0,0,0,0,0,0,0,0,0,0,0,0,0,0,0,0,0,0,0,0,0,0,0,0,0,0,0
0.0846491,-0.671868,0.533847,0,0,0,0,7.58342e-09,1.79449e-07,-1.02529e-07,1053,1046,1047,1052,1054,1058,1059,2639,2640,2645,2646,2647,2651,2652,0,0,0,0,0,0,0,0,0,1046,1047,1052,1054,1058,1059,2639,2640,2645,2646,2647,2651,2652,0,0,0,0,0,0,0,0,0,0.0378312,0.0381538,0.0391718,0.0383119,0.0388322,0.0399713,0.108104,0.107851,0.108242,0.100189,0.10782,0.108102,0.108826,0,0,0,0,0,0,0,0,0,0.0387341,0.0380873,0.0389866,0.0382036,0.0388598,0.0406578,0.108177,0.107783,0.108151,0.1,0.107845,0.108118,0.109118,0,0,0,0,0,0,0,0,0,1,1,1,1,1,1,1,1,1,1,1,1,1,0,0,0,0,0,0,0,0,0,1,1,1,1,1,1,1,1,1,1,1,1,1,0,0,0,0,0,0,0,0,0,1,0,0,0,0,0,0,0,0,0,0,0,0,0,0,0,0,0,0,0,0,0,0,13,0,0,0,0,0,0,0,0,0,0,0,0,0,0,0,0,0,0,0,0,0,0,0,0,0,0,0,0,0,0,0,0,0,0,0,0,0,0,0,0,0,0,0,0,0,0,0,0
0.0655429,-0.662944,0.565833,0,0,0,0,5.98317e-09,1.67599e-07,-1.00064e-07,1054,1047,1048,1053,1055,1059,1060,2640,2641,2646,2647,2648,2652,2653,0,0,0,0,0,0,0,0,0,1047,1048,1053,1055,1059,1060,2640,2641,2646,2647,2648,2652,2653,0,0,0,0,0,0,0,0,0,0.0383314,0.0376878,0.0383119,0.0377719,0.0385037,0.0397732,0.108028,0.107643,0.107891,0.0999323,0.107577,0.107954,0.108633,0,0,0,0,0,0,0,0,0,0.0383941,0.0374687,0.0382036,0.0375111,0.0381564,0.0399187,0.108019,0.107558,0.107856,0.1,0.107573,0.107839,0.108794,0,0,0,0,0,0,0,0,0,1,1,1,1,1,1,1,1,1,1,1,1,1,0,0,0,0,0,0,0,0,0,1,1,1,1,1,1,1,1,1,1,1,1,1,0,0,0,0,0,0,0,0,0,1,0,0,0,0,0,0,0,0,0,0,0,0,0,0,0,0,0,0,0,0,0,0,13,0,0,0,0,0,0,0,0,0,0,0,0,0,0,0,0,0,0,0,0,0,0,0,0,0,0,0,0,0,0,0,0,0,0,0,0,0,0,0,0,0,0,0,0,0,0,0,0
0.0461743,-0.652721,0.596608,0,0,0,0,4.73826e-09,1.56233e-07,-9.69889e-08,1055,124,125,1048,1049,1054,1060,1717,1718,2641,2642,2647,2648,2653,0,0,0,0,0,0,0,0,0,124,125,1048,1049,1054,1060,1717,1718,2641,2642,2647,2648,2653,0,0,0,0,0,0,0,0,0,0.0393773,0.0378126,0.0389098,0.0369935,0.0377719,0.03753,0.108528,0.107661,0.108381,0.10737,0.107578,0.100061,0.107592,0,0,0,0,0,0,0,0,0,0.0395589,0.0377698,0.0393131,0.0366122,0.0375111,0.0373556,0.108632,0.107674,0.108531,0.107231,0.107583,0.1,0.107527,0,0,0,0,0,0,0,0,0,1,1,1,1,1,1,1,1,1,1,1,1,1,0,0,0,0,0,0,0,0,0,1,1,1,1,1,1,1,1,1,1,1,1,1,0,0,0,0,0,0,0,0,0,1,0,0,0,0,0,0,0,0,0,0,0,0,0,0,0,0,0,0,0,0,0,0,13,0,0,0,0,0,0,0,0,0,0,0,0,0,0,0,0,0,0,0,0,0,0,0,0,0,0,0,0,0,0,0,0,0,0,0,0,0,0,0,0,0,0,0,0,0,0,0,0
0.101553,-0.697784,0.432285,0,0,0,0,9.67028e-09,2.21594e-07,-1.10762e-07,1056,1050,1051,1057,1061,2643,2644,2649,2650,2654,0,0,0,0,0,0,0,0,0,0,0,0,0,1050,1051,1057,1061,2643,2644,2649,2650,2654,0,0,0,0,0,0,0,0,0,0,0,0,0,0.0364177,0.0398966,0.0408718,0.0394414,0.10706,0.108653,0.0999404,0.108923,0.108454,0,0,0,0,0,0,0,0,0,0,0,0,0,0.0365017,0.0403231,0.0404842,0.0399789,0.107148,0.108679,0.1,0.108754,0.108463,0,0,0,0,0,0,0,0,0,0,0,0,0,1,1,1,1,1,1,1,1,1,0,0,0,0,0,0,0,0,0,0,0,0,0,1,1,1,1,1,1,1,1,1,0,0,0,0,0,0,0,0,0,0,0,0,0,1,0,0,0,0,0,0,0,0,0,0,0,0,0,0,0,0,0,0,0,0,0,0,9,0,0,0,0,0,0,0,0,0,0,0,0,0,0,0,0,0,0,0,0,0,0,0,0,0,0,0,0,0,0,0,0,0,0,0,0,0,0,0,0,0,0,0,0,0,0,0,0
0.0837804,-0.691254,0.468507,0,0,0,0,8.31488e-09,2.07292e-07,-1.09359e-07,1057,1051,1052,1056,1058,1061,1062,2644,2645,2649,2650,2651,2654,2655,0,0,0,0,0,0,0,0,0,1051,1052,1056,1058,1061,1062,2644,2645,2649,2650,2651,2654,2655,0,0,0,0,0,0,0,0,0,0.0381358,0.039127,0.0408718,0.0399464,0.0397367,0.0413361,0.108319,0.108316,0.10898,0.100304,0.108533,0.108648,0.109486,0,0,0,0,0,0,0,0,0,0.0395246,0.0394741,0.0404842,0.0396888,0.0402538,0.0424519,0.108549,0.108333,0.10876,0.1,0.108441,0.108686,0.109925,0,0,0,0,0,0,0,0,0,1,1,1,1,1,1,1,1,1,1,1,1,1,0,0,0,0,0,0,0,0,0,1,1,1,1,1,1,1,1,1,1,1,1,1,0,0,0,0,0,0,0,0,0,1,0,0,0,0,0,0,0,0,0,0,0,0,0,0,0,0,0,0,0,0,0,0,13,0,0,0,0,0,0,0,0,0,0,0,0,0,0,0,0,0,0,0,0,0,0,0,0,0,0,0,0,0,0,0,0,0,0,0,0,0,0,0,0,0,0,0,0,0,0,0,0
0.0646753,-0.683978,0.502825,0,0,0,0,6.59618e-09,1.93852e-07,-1.07606e-07,1058,1052,1053,1057,1059,1062,1063,2645,2646,2650,2651,2652,2655,2656,0,0,0,0,0,0,0,0,0,1052,1053,1057,1059,1062,1063,2645,2646,2650,2651,2652,2655,2656,0,0,0,0,0,0,0,0,0,0.039006,0.0388322,0.0399464,0.0394205,0.0398496,0.0412377,0.108306,0.108126,0.108601,0.0999125,0.108239,0.108546,0.109265,0,0,0,0,0,0,0,0,0,0.0391061,0.0388598,0.0396888,0.0388932,0.0396593,0.0415283,0.108352,0.108106,0.108453,0.1,0.108117,0.108444,0.109506,0,0,0,0,0,0,0,0,0,1,1,1,1,1,1,1,1,1,1,1,1,1,0,0,0,0,0,0,0,0,0,1,1,1,1,1,1,1,1,1,1,1,1,1,0,0,0,0,0,0,0,0,0,1,0,0,0,0,0,0,0,0,0,0,0,0,0,0,0,0,0,0,0,0,0,0,13,0,0,0,0,0,0,0,0,0,0,0,0,0,0,0,0,0,0,0,0,0,0,0,0,0,0,0,0,0,0,0,0,0,0,0,0,0,0,0,0,0,0,0,0,0,0,0,0
0.0448594,-0.675168,0.535745,0,0,0,0,5.11866e-09,1.81037e-07,-1.05074e-07,1059,1053,1054,1058,1060,1063,1064,2646,2647,2651,2652,2653,2656,2657,0,0,0,0,0,0,0,0,0,1053,1054,1058,1060,1063,1064,2646,2647,2651,2652,2653,2656,2657,0,0,0,0,0,0,0,0,0,0.0399713,0.0385037,0.0394205,0.0384095,0.0389783,0.0403736,0.10887,0.107929,0.108258,0.100083,0.107885,0.108222,0.108961,0,0,0,0,0,0,0,0,0,0.0406578,0.0381564,0.0388932,0.0382159,0.0389885,0.0406968,0.109119,0.107829,0.108129,0.1,0.107846,0.108173,0.109135,0,0,0,0,0,0,0,0,0,1,1,1,1,1,1,1,1,1,1,1,1,1,0,0,0,0,0,0,0,0,0,1,1,1,1,1,1,1,1,1,1,1,1,1,0,0,0,0,0,0,0,0,0,1,0,0,0,0,0,0,0,0,0,0,0,0,0,0,0,0,0,0,0,0,0,0,13,0,0,0,0,0,0,0,0,0,0,0,0,0,0,0,0,0,0,0,0,0,0,0,0,0,0,0,0,0,0,0,0,0,0,0,0,0,0,0,0,0,0,0,0,0,0,0,0
0.025866,-0.665094,0.567574,0,0,0,0,3.89813e-09,1.6863e-07,-1.01883e-07,1060,123,124,1054,1055,1059,1064,1716,1717,2647,2648,2652,2653,2657,0,0,0,0,0,0,0,0,0,123,124,1054,1055,1059,1064,1716,1717,2647,2648,2652,2653,2657,0,0,0,0,0,0,0,0,0,0.0399862,0.0383093,0.0397732,0.03753,0.0384095,0.0383756,0.10877,0.107845,0.10863,0.107604,0.10791,0.100042,0.107935,0,0,0,0,0,0,0,0,0,0.0401138,0.0381461,0.0399187,0.0373556,0.0382159,0.0382364,0.108875,0.107818,0.108794,0.107517,0.107858,0.1,0.107874,0,0,0,0,0,0,0,0,0,1,1,1,1,1,1,1,1,1,1,1,1,1,0,0,0,0,0,0,0,0,0,1,1,1,1,1,1,1,1,1,1,1,1,1,0,0,0,0,0,0,0,0,0,1,0,0,0,0,0,0,0,0,0,0,0,0,0,0,0,0,0,0,0,0,0,0,13,0,0,0,0,0,0,0,0,0,0,0,0,0,0,0,0,0,0,0,0,0,0,0,0,0,0,0,0,0,0,0,0,0,0,0,0,0,0,0,0,0,0,0,0,0,0,0,0
0.0624846,-0.701211,0.43647,0,0,0,0,7.08963e-09,2.22824e-07,-1.13737e-07,1061,1056,1057,1062,1065,2649,2650,2654,2655,2658,0,0,0,0,0,0,0,0,0,0,0,0,0,1056,1057,1062,1065,2649,2650,2654,2655,2658,0,0,0,0,0,0,0,0,0,0,0,0,0,0.0394414,0.0397367,0.0406415,0.0424393,0.108573,0.108696,0.100182,0.10894,0.110021,0,0,0,0,0,0,0,0,0,0,0,0,0,0.0399789,0.0402538,0.0402588,0.0434175,0.108765,0.108674,0.1,0.108672,0.110373,0,0,0,0,0,0,0,0,0,0,0,0,0,1,1,1,1,1,1,1,1,1,0,0,0,0,0,0,0,0,0,0,0,0,0,1,1,1,1,1,1,1,1,1,0,0,0,0,0,0,0,0,0,0,0,0,0,1,0,0,0,0,0,0,0,0,0,0,0,0,0,0,0,0,0,0,0,0,0,0,9,0,0,0,0,0,0,0,0,0,0,0,0,0,0,0,0,0,0,0,0,0,0,0,0,0,0,0,0,0,0,0,0,0,0,0,0,0,0,0,0,0,0,0,0,0,0,0,0
0.0426545,-0.694362,0.471278,0,0,0,0,5.52816e-09,2.08565e-07,-1.11954e-07,1062,1057,1058,1061,1063,1065,1066,2650,2651,2654,2655,2656,2658,2659,0,0,0,0,0,0,0,0,0,1057,1058,1061,1063,1065,1066,2650,2651,2654,2655,2656,2658,2659,0,0,0,0,0,0,0,0,0,0.0413361,0.0398496,0.0406415,0.0396202,0.0403071,0.041639,0.109507,0.108494,0.10893,0.100166,0.108444,0.108916,0.109573,0,0,0,0,0,0,0,0,0,0.0424519,0.0396593,0.0402588,0.0395008,0.0404693,0.0424409,0.109926,0.108432,0.108685,0.1,0.108359,0.108781,0.10992,0,0,0,0,0,0,0,0,0,1,1,1,1,1,1,1,1,1,1,1,1,1,0,0,0,0,0,0,0,0,0,1,1,1,1,1,1,1,1,1,1,1,1,1,0,0,0,0,0,0,0,0,0,1,0,0,0,0,0,0,0,0,0,0,0,0,0,0,0,0,0,0,0,0,0,0,13,0,0,0,0,0,0,0,0,0,0,0,0,0,0,0,0,0,0,0,0,0,0,0,0,0,0,0,0,0,0,0,0,0,0,0,0,0,0,0,0,0,0,0,0,0,0,0,0
0.0235399,-0.685957,0.504949,0,0,0,0,4.06931e-09,1.94713e-07,-1.09412e-07,1063,1058,1059,1062,1064,1066,1067,2651,2652,2655,2656,2657,2659,2660,0,0,0,0,0,0,0,0,0,1058,1059,1062,1064,1066,1067,2651,2652,2655,2656,2657,2659,2660,0,0,0,0,0,0,0,0,0,0.0412377,0.0389783,0.0396202,0.0390641,0.0398818,0.0411227,0.109244,0.108192,0.108487,0.100097,0.108171,0.108629,0.109313,0,0,0,0,0,0,0,0,0,0.0415283,0.0389885,0.0395008,0.038837,0.0398348,0.0415386,0.109506,0.108163,0.108372,0.1,0.10809,0.10852,0.10951,0,0,0,0,0,0,0,0,0,1,1,1,1,1,1,1,1,1,1,1,1,1,0,0,0,0,0,0,0,0,0,1,1,1,1,1,1,1,1,1,1,1,1,1,0,0,0,0,0,0,0,0,0,1,0,0,0,0,0,0,0,0,0,0,0,0,0,0,0,0,0,0,0,0,0,0,13,0,0,0,0,0,0,0,0,0,0,0,0,0,0,0,0,0,0,0,0,0,0,0,0,0,0,0,0,0,0,0,0,0,0,0,0,0,0,0,0,0,0,0,0,0,0,0,0
0.00454084,-0.676109,0.53763,0,0,0,0,2.8869e-09,1.81318e-07,-1.06155e-07,1064,122,123,1059,1060,1063,1067,1715,1716,2652,2653,2656,2657,2660,0,0,0,0,0,0,0,0,0,122,123,1059,1060,1063,1067,1715,1716,2652,2653,2656,2657,2660,0,0,0,0,0,0,0,0,0,0.0405981,0.0387302,0.0403736,0.0383756,0.0390641,0.0391491,0.109038,0.108017,0.108961,0.107924,0.1082,0.100065,0.108285,0,0,0,0,0,0,0,0,0,0.0408148,0.038585,0.0406968,0.0382364,0.038837,0.0391229,0.109184,0.107988,0.109134,0.107865,0.108103,0.1,0.108232,0,0,0,0,0,0,0,0,0,1,1,1,1,1,1,1,1,1,1,1,1,1,0,0,0,0,0,0,0,0,0,1,1,1,1,1,1,1,1,1,1,1,1,1,0,0,0,0,0,0,0,0,0,1,0,0,0,0,0,0,0,0,0,0,0,0,0,0,0,0,0,0,0,0,0,0,13,0,0,0,0,0,0,0,0,0,0,0,0,0,0,0,0,0,0,0,0,0,0,0,0,0,0,0,0,0,0,0,0,0,0,0,0,0,0,0,0,0,0,0,0,0,0,0,0
0.0201629,-0.703109,0.438994,0,0,0,0,4.37812e-09,2.23552e-07,-1.15447e-07,1065,1061,1062,1066,1068,2654,2655,2658,2659,2661,0,0,0,0,0,0,0,0,0,0,0,0,0,1061,1062,1066,1068,2654,2655,2658,2659,2661,0,0,0,0,0,0,0,0,0,0,0,0,0,0.0424393,0.0403071,0.0400654,0.0422413,0.10997,0.108887,0.100344,0.108748,0.109998,0,0,0,0,0,0,0,0,0,0,0,0,0,0.0434175,0.0404693,0.0400299,0.0433588,0.110373,0.108769,0.1,0.108572,0.110346,0,0,0,0,0,0,0,0,0,0,0,0,0,1,1,1,1,1,1,1,1,1,0,0,0,0,0,0,0,0,0,0,0,0,0,1,1,1,1,1,1,1,1,1,0,0,0,0,0,0,0,0,0,0,0,0,0,1,0,0,0,0,0,0,0,0,0,0,0,0,0,0,0,0,0,0,0,0,0,0,9,0,0,0,0,0,0,0,0,0,0,0,0,0,0,0,0,0,0,0,0,0,0,0,0,0,0,0,0,0,0,0,0,0,0,0,0,0,0,0,0,0,0,0,0,0,0,0,0
0.0010741,-0.695201,0.47332,0,0,0,0,2.87518e-09,2.08692e-07,-1.12967e-07,1066,1062,1063,1065,1067,1068,1069,2655,2656,2658,2659,2660,2661,2662,0,0,0,0,0,0,0,0,0,1062,1063,1065,1067,1068,1069,2655,2656,2658,2659,2660,2661,2662,0,0,0,0,0,0,0,0,0,0.041639,0.0398818,0.0400654,0.0394332,0.0406104,0.0416333,0.109557,0.108575,0.108778,0.100143,0.108366,0.109026,0.109573,0,0,0,0,0,0,0,0,0,0.0424409,0.0398348,0.0400299,0.0393886,0.0406529,0.0424008,0.10992,0.10851,0.108586,0.1,0.108309,0.108862,0.109901,0,0,0,0,0,0,0,0,0,1,1,1,1,1,1,1,1,1,1,1,1,1,0,0,0,0,0,0,0,0,0,1,1,1,1,1,1,1,1,1,1,1,1,1,0,0,0,0,0,0,0,0,0,1,0,0,0,0,0,0,0,0,0,0,0,0,0,0,0,0,0,0,0,0,0,0,13,0,0,0,0,0,0,0,0,0,0,0,0,0,0,0,0,0,0,0,0,0,0,0,0,0,0,0,0,0,0,0,0,0,0,0,0,0,0,0,0,0,0,0,0,0,0,0,0
-0.0175423,-0.685668,0.50675,0,0,0,0,1.64847e-09,1.94261e-07,-1.0969e-07,1067,121,122,1063,1064,1066,1069,1714,1715,2656,2657,2659,2660,2662,0,0,0,0,0,0,0,0,0,121,122,1063,1064,1066,1069,1714,1715,2656,2657,2659,2660,2662,0,0,0,0,0,0,0,0,0,0.041036,0.0392259,0.0411227,0.0391491,0.0394332,0.0400953,0.109275,0.10824,0.109294,0.108252,0.108404,0.100107,0.108721,0,0,0,0,0,0,0,0,0,0.0415806,0.0390385,0.0415386,0.0391229,0.0393886,0.0399794,0.109526,0.108167,0.109509,0.108222,0.108323,0.1,0.108585,0,0,0,0,0,0,0,0,0,1,1,1,1,1,1,1,1,1,1,1,1,1,0,0,0,0,0,0,0,0,0,1,1,1,1,1,1,1,1,1,1,1,1,1,0,0,0,0,0,0,0,0,0,1,0,0,0,0,0,0,0,0,0,0,0,0,0,0,0,0,0,0,0,0,0,0,13,0,0,0,0,0,0,0,0,0,0,0,0,0,0,0,0,0,0,0,0,0,0,0,0,0,0,0,0,0,0,0,0,0,0,0,0,0,0,0,0,0,0,0,0,0,0,0,0
-0.0220385,-0.702707,0.440783,0,0,0,0,1.55834e-09,2.22942e-07,-1.15581e-07,1068,1065,1066,1069,1070,2658,2659,2661,2662,2663,0,0,0,0,0,0,0,0,0,0,0,0,0,1065,1066,1069,1070,2658,2659,2661,2662,2663,0,0,0,0,0,0,0,0,0,0,0,0,0,0.0422413,0.0406104,0.039804,0.0421748,0.110002,0.108995,0.100334,0.108637,0.109915,0,0,0,0,0,0,0,0,0,0,0,0,0,0.0433588,0.0406529,0.0398724,0.0432588,0.110344,0.108852,0.1,0.108502,0.110298,0,0,0,0,0,0,0,0,0,0,0,0,0,1,1,1,1,1,1,1,1,1,0,0,0,0,0,0,0,0,0,0,0,0,0,1,1,1,1,1,1,1,1,1,0,0,0,0,0,0,0,0,0,0,0,0,0,1,0,0,0,0,0,0,0,0,0,0,0,0,0,0,0,0,0,0,0,0,0,0,9,0,0,0,0,0,0,0,0,0,0,0,0,0,0,0,0,0,0,0,0,0,0,0,0,0,0,0,0,0,0,0,0,0,0,0,0,0,0,0,0,0,0,0,0,0,0,0,0
-0.0405021,-0.693663,0.474866,0,0,0,0,1.7794e-10,2.07463e-07,-1.12381e-07,1069,120,121,1066,1067,1068,1070,1713,1714,2659,2660,2661,2662,2663,0,0,0,0,0,0,0,0,0,120,121,1066,1067,1068,1070,1713,1714,2659,2660,2661,2662,2663,0,0,0,0,0,0,0,0,0,0.0416103,0.0394654,0.0416333,0.0400953,0.039804,0.040883,0.109506,0.1084,0.109563,0.108678,0.108677,0.100156,0.109098,0,0,0,0,0,0,0,0,0,0.0423722,0.0394794,0.0424008,0.0399794,0.0398724,0.0407885,0.109885,0.108341,0.1099,0.108575,0.108518,0.1,0.108925,0,0,0,0,0,0,0,0,0,1,1,1,1,1,1,1,1,1,1,1,1,1,0,0,0,0,0,0,0,0,0,1,1,1,1,1,1,1,1,1,1,1,1,1,0,0,0,0,0,0,0,0,0,1,0,0,0,0,0,0,0,0,0,0,0,0,0,0,0,0,0,0,0,0,0,0,13,0,0,0,0,0,0,0,0,0,0,0,0,0,0,0,0,0,0,0,0,0,0,0,0,0,0,0,0,0,0,0,0,0,0,0,0,0,0,0,0,0,0,0,0,0,0,0,0
-0.0641,-0.699898,0.442069,0,0,0,0,-1.46869e-09,2.20813e-07,-1.14125e-07,1070,119,120,1068,1069,1712,1713,2661,2662,2663,0,0,0,0,0,0,0,0,0,0,0,0,0,119,120,1068,1069,1712,1713,2661,2662,2663,0,0,0,0,0,0,0,0,0,0,0,0,0,0.038973,0.0396758,0.0421748,0.040883,0.108528,0.108528,0.109963,0.109092,0.100251,0,0,0,0,0,0,0,0,0,0,0,0,0,0.0399255,0.0398915,0.0432588,0.0407885,0.108734,0.108506,0.110296,0.108916,0.1,0,0,0,0,0,0,0,0,0,0,0,0,0,1,1,1,1,1,1,1,1,1,0,0,0,0,0,0,0,0,0,0,0,0,0,1,1,1,1,1,1,1,1,1,0,0,0,0,0,0,0,0,0,0,0,0,0,1,0,0,0,0,0,0,0,0,0,0,0,0,0,0,0,0,0,0,0,0,0,0,9,0,0,0,0,0,0,0,0,0,0,0,0,0,0,0,0,0,0,0,0,0,0,0,0,0,0,0,0,0,0,0,0,0,0,0,0,0,0,0,0,0,0,0,0,0,0,0,0
0.0972809,-0.58114,0.729763,0,0,0,0,6.13467e-09,1.03094e-07,-7.09548e-08,1071,9,10,42,43,1072,1092,1602,1603,1635,1636,2664,2665,2685,0,0,0,0,0,0,0,0,0,9,10,42,43,1072,1092,1602,1603,1635,1636,2664,2665,2685,0,0,0,0,0,0,0,0,0,0.0413042,0.0421872,0.0345869,0.0413759,0.0337295,0.0403046,0.108822,0.109345,0.10666,0.109256,0.0999176,0.106282,0.108466,0,0,0,0,0,0,0,0,0,0.0406661,0.0424578,0.034483,0.0418695,0.0337507,0.0395556,0.108836,0.109573,0.106454,0.109357,0.1,0.106149,0.108371,0,0,0,0,0,0,0,0,0,1,1,1,1,1,1,1,1,1,1,1,1,1,0,0,0,0,0,0,0,0,0,1,1,1,1,1,1,1,1,1,1,1,1,1,0,0,0,0,0,0,0,0,0,1,0,0,0,0,0,0,0,0,0,0,0,0,0,0,0,0,0,0,0,0,0,0,13,0,0,0,0,0,0,0,0,0,0,0,0,0,0,0,0,0,0,0,0,0,0,0,0,0,0,0,0,0,0,0,0,0,0,0,0,0,0,0,0,0,0,0,0,0,0,0,0
0.128067,-0.569852,0.737669,0,0,0,0,7.9768e-09,9.76536e-08,-6.58268e-08,1072,10,11,1071,1073,1092,1093,1603,1604,2664,2665,2666,2685,2686,0,0,0,0,0,0,0,0,0,10,11,1071,1073,1092,1093,1603,1604,2664,2665,2666,2685,2686,0,0,0,0,0,0,0,0,0,0.0411521,0.0425854,0.0337295,0.0344743,0.0419571,0.0413997,0.108814,0.109504,0.106306,0.0999372,0.106557,0.109339,0.108944,0,0,0,0,0,0,0,0,0,0.0405138,0.0427349,0.0337507,0.0346178,0.0422722,0.0406516,0.108772,0.109695,0.106147,0.1,0.106459,0.109496,0.108822,0,0,0,0,0,0,0,0,0,1,1,1,1,1,1,1,1,1,1,1,1,1,0,0,0,0,0,0,0,0,0,1,1,1,1,1,1,1,1,1,1,1,1,1,0,0,0,0,0,0,0,0,0,1,0,0,0,0,0,0,0,0,0,0,0,0,0,0,0,0,0,0,0,0,0,0,13,0,0,0,0,0,0,0,0,0,0,0,0,0,0,0,0,0,0,0,0,0,0,0,0,0,0,0,0,0,0,0,0,0,0,0,0,0,0,0,0,0,0,0,0,0,0,0,0
0.159454,-0.557146,0.744142,0,0,0,0,1.02711e-08,9.1971e-08,-5.98682e-08,1073,11,12,1072,1074,1093,1094,1604,1605,2665,2666,2667,2686,2687,0,0,0,0,0,0,0,0,0,11,12,1072,1074,1093,1094,1604,1605,2665,2666,2667,2686,2687,0,0,0,0,0,0,0,0,0,0.041636,0.0433828,0.0344743,0.0353945,0.0428934,0.0422797,0.109044,0.10983,0.1066,0.0999301,0.106893,0.109704,0.109317,0,0,0,0,0,0,0,0,0,0.0410286,0.0434033,0.0346178,0.0356218,0.0430502,0.0415775,0.108987,0.109988,0.106457,0.1,0.106827,0.109834,0.109211,0,0,0,0,0,0,0,0,0,1,1,1,1,1,1,1,1,1,1,1,1,1,0,0,0,0,0,0,0,0,0,1,1,1,1,1,1,1,1,1,1,1,1,1,0,0,0,0,0,0,0,0,0,1,0,0,0,0,0,0,0,0,0,0,0,0,0,0,0,0,0,0,0,0,0,0,13,0,0,0,0,0,0,0,0,0,0,0,0,0,0,0,0,0,0,0,0,0,0,0,0,0,0,0,0,0,0,0,0,0,0,0,0,0,0,0,0,0,0,0,0,0,0,0,0
0.191558,-0.543013,0.748864,0,0,0,0,1.3097e-08,8.6079e-08,-5.30405e-08,1074,12,13,1073,1075,1094,1095,1605,1606,2666,2667,2668,2687,2688,0,0,0,0,0,0,0,0,0,12,13,1073,1075,1094,1095,1605,1606,2666,2667,2668,2687,2688,0,0,0,0,0,0,0,0,0,0.0421532,0.0443122,0.0353945,0.0363555,0.043977,0.0430109,0.109295,0.110228,0.106943,0.0999325,0.107257,0.110129,0.109651,0,0,0,0,0,0,0,0,0,0.0416102,0.0442163,0.0356218,0.0366386,0.0439786,0.0423953,0.109231,0.11035,0.106825,0.1,0.107209,0.110244,0.10956,0,0,0,0,0,0,0,0,0,1,1,1,1,1,1,1,1,1,1,1,1,1,0,0,0,0,0,0,0,0,0,1,1,1,1,1,1,1,1,1,1,1,1,1,0,0,0,0,0,0,0,0,0,1,0,0,0,0,0,0,0,0,0,0,0,0,0,0,0,0,0,0,0,0,0,0,13,0,0,0,0,0,0,0,0,0,0,0,0,0,0,0,0,0,0,0,0,0,0,0,0,0,0,0,0,0,0,0,0,0,0,0,0,0,0,0,0,0,0,0,0,0,0,0,0
0.224311,-0.527472,0.751599,0,0,0,0,1.65478e-08,8.00199e-08,-4.53368e-08,1075,13,14,1074,1076,1095,1096,1606,1607,2667,2668,2669,2688,2689,0,0,0,0,0,0,0,0,0,13,14,1074,1076,1095,1096,1606,1607,2667,2668,2669,2688,2689,0,0,0,0,0,0,0,0,0,0.0426416,0.0452722,0.0363555,0.0373197,0.0450807,0.043609,0.109536,0.110652,0.107303,0.0999364,0.107632,0.110585,0.10994,0,0,0,0,0,0,0,0,0,0.0421924,0.0450797,0.0366386,0.0376343,0.0449487,0.0431122,0.109479,0.11074,0.107207,0.1,0.107592,0.110679,0.10987,0,0,0,0,0,0,0,0,0,1,1,1,1,1,1,1,1,1,1,1,1,1,0,0,0,0,0,0,0,0,0,1,1,1,1,1,1,1,1,1,1,1,1,1,0,0,0,0,0,0,0,0,0,1,0,0,0,0,0,0,0,0,0,0,0,0,0,0,0,0,0,0,0,0,0,0,13,0,0,0,0,0,0,0,0,0,0,0,0,0,0,0,0,0,0,0,0,0,0,0,0,0,0,0,0,0,0,0,0,0,0,0,0,0,0,0,0,0,0,0,0,0,0,0,0
0.257571,-0.510553,0.752154,0,0,0,0,2.07217e-08,7.38507e-08,-3.67687e-08,1076,14,15,1075,1077,1096,1097,1607,1608,2668,2669,2670,2689,2690,0,0,0,0,0,0,0,0,0,14,15,1075,1077,1096,1097,1607,1608,2668,2669,2670,2689,2690,0,0,0,0,0,0,0,0,0,0.0430702,0.0462079,0.0373197,0.0382638,0.046146,0.0440805,0.109755,0.111077,0.107668,0.0999434,0.108009,0.111043,0.110183,0,0,0,0,0,0,0,0,0,0.0427373,0.0459426,0.0376343,0.0385915,0.0459089,0.0437235,0.109712,0.111137,0.107591,0.1,0.107968,0.111119,0.110138,0,0,0,0,0,0,0,0,0,1,1,1,1,1,1,1,1,1,1,1,1,1,0,0,0,0,0,0,0,0,0,1,1,1,1,1,1,1,1,1,1,1,1,1,0,0,0,0,0,0,0,0,0,1,0,0,0,0,0,0,0,0,0,0,0,0,0,0,0,0,0,0,0,0,0,0,13,0,0,0,0,0,0,0,0,0,0,0,0,0,0,0,0,0,0,0,0,0,0,0,0,0,0,0,0,0,0,0,0,0,0,0,0,0,0,0,0,0,0,0,0,0,0,0,0
0.291153,-0.4923,0.750372,0,0,0,0,2.5714e-08,6.76409e-08,-2.73737e-08,1077,15,16,1076,1078,1097,1098,1608,1609,2669,2670,2671,2690,2691,0,0,0,0,0,0,0,0,0,15,16,1076,1078,1097,1098,1608,1609,2669,2670,2671,2690,2691,0,0,0,0,0,0,0,0,0,0.0434266,0.0470853,0.0382638,0.0391675,0.047133,0.0444319,0.109945,0.111485,0.108031,0.0999524,0.108378,0.111484,0.11038,0,0,0,0,0,0,0,0,0,0.0432223,0.046772,0.0385915,0.0394956,0.0468235,0.0442228,0.109922,0.111524,0.107968,0.1,0.108331,0.111544,0.110359,0,0,0,0,0,0,0,0,0,1,1,1,1,1,1,1,1,1,1,1,1,1,0,0,0,0,0,0,0,0,0,1,1,1,1,1,1,1,1,1,1,1,1,1,0,0,0,0,0,0,0,0,0,1,0,0,0,0,0,0,0,0,0,0,0,0,0,0,0,0,0,0,0,0,0,0,13,0,0,0,0,0,0,0,0,0,0,0,0,0,0,0,0,0,0,0,0,0,0,0,0,0,0,0,0,0,0,0,0,0,0,0,0,0,0,0,0,0,0,0,0,0,0,0,0
0.324839,-0.472772,0.746133,0,0,0,0,3.16096e-08,6.14693e-08,-1.72176e-08,1078,16,17,1077,1079,1098,1099,1609,1610,2670,2671,2672,2691,2692,0,0,0,0,0,0,0,0,0,16,17,1077,1079,1098,1099,1609,1610,2670,2671,2672,2691,2692,0,0,0,0,0,0,0,0,0,0.0437102,0.0478845,0.0391675,0.0400104,0.0480134,0.0446721,0.110103,0.111866,0.108387,0.0999626,0.108728,0.111893,0.11053,0,0,0,0,0,0,0,0,0,0.043636,0.0475462,0.0394956,0.0403312,0.0476632,0.0446071,0.110101,0.111891,0.108331,0.1,0.108672,0.111941,0.110529,0,0,0,0,0,0,0,0,0,1,1,1,1,1,1,1,1,1,1,1,1,1,0,0,0,0,0,0,0,0,0,1,1,1,1,1,1,1,1,1,1,1,1,1,0,0,0,0,0,0,0,0,0,1,0,0,0,0,0,0,0,0,0,0,0,0,0,0,0,0,0,0,0,0,0,0,13,0,0,0,0,0,0,0,0,0,0,0,0,0,0,0,0,0,0,0,0,0,0,0,0,0,0,0,0,0,0,0,0,0,0,0,0,0,0,0,0,0,0,0,0,0,0,0,0
0.358383,-0.45204,0.739365,0,0,0,0,3.84761e-08,5.54198e-08,-6.39566e-09,1079,17,18,1078,1080,1099,1100,1610,1611,2671,2672,2673,2692,2693,0,0,0,0,0,0,0,0,0,17,18,1078,1080,1099,1100,1610,1611,2671,2672,2673,2692,2693,0,0,0,0,0,0,0,0,0,0.0439305,0.0486001,0.0400104,0.0407682,0.0487664,0.0448134,0.110234,0.112212,0.108726,0.0999731,0.109047,0.112253,0.110636,0,0,0,0,0,0,0,0,0,0.0439787,0.0482557,0.0403312,0.041078,0.0484025,0.0448794,0.110251,0.112232,0.108674,0.1,0.108983,0.112295,0.110651,0,0,0,0,0,0,0,0,0,1,1,1,1,1,1,1,1,1,1,1,1,1,0,0,0,0,0,0,0,0,0,1,1,1,1,1,1,1,1,1,1,1,1,1,0,0,0,0,0,0,0,0,0,1,0,0,0,0,0,0,0,0,0,0,0,0,0,0,0,0,0,0,0,0,0,0,13,0,0,0,0,0,0,0,0,0,0,0,0,0,0,0,0,0,0,0,0,0,0,0,0,0,0,0,0,0,0,0,0,0,0,0,0,0,0,0,0,0,0,0,0,0,0,0,0
0.391516,-0.430191,0.730044,0,0,0,0,4.63561e-08,4.95758e-08,4.96884e-09,1080,18,19,1079,1081,1100,1101,1611,1612,2672,2673,2674,2693,2694,0,0,0,0,0,0,0,0,0,18,19,1079,1081,1100,1101,1611,1612,2672,2673,2674,2693,2694,0,0,0,0,0,0,0,0,0,0.0441099,0.0492467,0.0407682,0.0413994,0.0493758,0.0448724,0.110345,0.11253,0.109036,0.0999829,0.109314,0.112554,0.1107,0,0,0,0,0,0,0,0,0,0.0442663,0.0489101,0.041078,0.0416975,0.0490184,0.0450495,0.110376,0.11255,0.108985,0.1,0.109243,0.112594,0.110726,0,0,0,0,0,0,0,0,0,1,1,1,1,1,1,1,1,1,1,1,1,1,0,0,0,0,0,0,0,0,0,1,1,1,1,1,1,1,1,1,1,1,1,1,0,0,0,0,0,0,0,0,0,1,0,0,0,0,0,0,0,0,0,0,0,0,0,0,0,0,0,0,0,0,0,0,13,0,0,0,0,0,0,0,0,0,0,0,0,0,0,0,0,0,0,0,0,0,0,0,0,0,0,0,0,0,0,0,0,0,0,0,0,0,0,0,0,0,0,0,0,0,0,0,0
0.423941,-0.407324,0.718226,0,0,0,0,5.52562e-08,4.40148e-08,1.67246e-08,1081,19,20,1080,1082,1101,1102,1612,1613,2673,2674,2675,2694,2695,0,0,0,0,0,0,0,0,0,19,20,1080,1082,1101,1102,1612,1613,2673,2674,2675,2694,2695,0,0,0,0,0,0,0,0,0,0.0442904,0.0498789,0.0413994,0.0418432,0.049823,0.0448637,0.110454,0.112846,0.109298,0.0999915,0.109502,0.112781,0.110728,0,0,0,0,0,0,0,0,0,0.0445362,0.0495587,0.0416975,0.0421315,0.0494854,0.0451281,0.110494,0.112869,0.109246,0.1,0.109428,0.112822,0.11076,0,0,0,0,0,0,0,0,0,1,1,1,1,1,1,1,1,1,1,1,1,1,0,0,0,0,0,0,0,0,0,1,1,1,1,1,1,1,1,1,1,1,1,1,0,0,0,0,0,0,0,0,0,1,0,0,0,0,0,0,0,0,0,0,0,0,0,0,0,0,0,0,0,0,0,0,13,0,0,0,0,0,0,0,0,0,0,0,0,0,0,0,0,0,0,0,0,0,0,0,0,0,0,0,0,0,0,0,0,0,0,0,0,0,0,0,0,0,0,0,0,0,0,0,0
0.455326,-0.383534,0.704088,0,0,0,0,6.51317e-08,3.87987e-08,2.86972e-08,1082,20,21,1081,1083,1102,1103,1613,1614,2674,2675,2676,2695,2696,0,0,0,0,0,0,0,0,0,20,21,1081,1083,1102,1103,1613,1614,2674,2675,2676,2695,2696,0,0,0,0,0,0,0,0,0,0.0445712,0.0506405,0.0418432,0.0418533,0.0500654,0.0447676,0.110607,0.113233,0.109483,0.0999987,0.109502,0.11291,0.110707,0,0,0,0,0,0,0,0,0,0.0448858,0.0503426,0.0421315,0.0421354,0.0497551,0.0450923,0.110649,0.113257,0.109432,0.1,0.109429,0.112955,0.110743,0,0,0,0,0,0,0,0,0,1,1,1,1,1,1,1,1,1,1,1,1,1,0,0,0,0,0,0,0,0,0,1,1,1,1,1,1,1,1,1,1,1,1,1,0,0,0,0,0,0,0,0,0,1,0,0,0,0,0,0,0,0,0,0,0,0,0,0,0,0,0,0,0,0,0,0,13,0,0,0,0,0,0,0,0,0,0,0,0,0,0,0,0,0,0,0,0,0,0,0,0,0,0,0,0,0,0,0,0,0,0,0,0,0,0,0,0,0,0,0,0,0,0,0,0
0.485186,-0.358946,0.688104,0,0,0,0,7.58234e-08,3.39853e-08,4.06565e-08,1083,21,22,1082,1084,1103,1104,1614,1615,2675,2676,2677,2696,2697,0,0,0,0,0,0,0,0,0,21,22,1082,1084,1103,1104,1614,1615,2675,2676,2677,2696,2697,0,0,0,0,0,0,0,0,0,0.0451633,0.0505962,0.0418533,0.0397971,0.0499,0.0442938,0.110902,0.113225,0.109485,0.100005,0.108627,0.112839,0.110503,0,0,0,0,0,0,0,0,0,0.0455189,0.0503295,0.0421354,0.0400598,0.0496226,0.0446536,0.110935,0.113253,0.109433,0.1,0.108559,0.112891,0.110543,0,0,0,0,0,0,0,0,0,1,1,1,1,1,1,1,1,1,1,1,1,1,0,0,0,0,0,0,0,0,0,1,1,1,1,1,1,1,1,1,1,1,1,1,0,0,0,0,0,0,0,0,0,1,0,0,0,0,0,0,0,0,0,0,0,0,0,0,0,0,0,0,0,0,0,0,13,0,0,0,0,0,0,0,0,0,0,0,0,0,0,0,0,0,0,0,0,0,0,0,0,0,0,0,0,0,0,0,0,0,0,0,0,0,0,0,0,0,0,0,0,0,0,0,0
0.512155,-0.335722,0.670296,0,0,0,0,8.67867e-08,2.9928e-08,5.17123e-08,1084,22,23,1083,1085,1104,1105,1615,1616,2676,2677,2678,2697,2698,0,0,0,0,0,0,0,0,0,22,23,1083,1085,1104,1105,1615,1616,2676,2677,2678,2697,2698,0,0,0,0,0,0,0,0,0,0.0449846,0.0505014,0.0397971,0.0394449,0.0497817,0.0443507,0.11083,0.113185,0.108613,0.100009,0.108476,0.112794,0.110543,0,0,0,0,0,0,0,0,0,0.0453629,0.0502607,0.0400598,0.0396966,0.0495393,0.0447305,0.110862,0.11322,0.108562,0.1,0.108411,0.112851,0.110577,0,0,0,0,0,0,0,0,0,1,1,1,1,1,1,1,1,1,1,1,1,1,0,0,0,0,0,0,0,0,0,1,1,1,1,1,1,1,1,1,1,1,1,1,0,0,0,0,0,0,0,0,0,1,0,0,0,0,0,0,0,0,0,0,0,0,0,0,0,0,0,0,0,0,0,0,13,0,0,0,0,0,0,0,0,0,0,0,0,0,0,0,0,0,0,0,0,0,0,0,0,0,0,0,0,0,0,0,0,0,0,0,0,0,0,0,0,0,0,0,0,0,0,0,0
0.537389,-0.31272,0.650546,0,0,0,0,9.83272e-08,2.63407e-08,6.2322e-08,1085,23,24,1084,1086,1105,1106,1616,1617,2677,2678,2679,2698,2699,0,0,0,0,0,0,0,0,0,23,24,1084,1086,1105,1106,1616,1617,2677,2678,2679,2698,2699,0,0,0,0,0,0,0,0,0,0.0444614,0.0501998,0.0394449,0.0401066,0.0499645,0.0432053,0.110599,0.113044,0.108457,0.100011,0.108733,0.112898,0.110055,0,0,0,0,0,0,0,0,0,0.0448539,0.0499787,0.0396966,0.0403435,0.0497498,0.0436054,0.110629,0.113081,0.108414,0.1,0.108677,0.112954,0.110074,0,0,0,0,0,0,0,0,0,1,1,1,1,1,1,1,1,1,1,1,1,1,0,0,0,0,0,0,0,0,0,1,1,1,1,1,1,1,1,1,1,1,1,1,0,0,0,0,0,0,0,0,0,1,0,0,0,0,0,0,0,0,0,0,0,0,0,0,0,0,0,0,0,0,0,0,13,0,0,0,0,0,0,0,0,0,0,0,0,0,0,0,0,0,0,0,0,0,0,0,0,0,0,0,0,0,0,0,0,0,0,0,0,0,0,0,0,0,0,0,0,0,0,0,0
0.561439,-0.289423,0.628469,0,0,0,0,1.10679e-07,2.31178e-08,7.26289e-08,1086,24,25,1085,1087,1106,1107,1617,1618,2678,2679,2680,2699,2700,0,0,0,0,0,0,0,0,0,24,25,1085,1087,1106,1107,1617,1618,2678,2679,2680,2699,2700,0,0,0,0,0,0,0,0,0,0.043688,0.0495646,0.0401066,0.0426213,0.0489648,0.0423284,0.110262,0.112735,0.108715,0.100011,0.109777,0.112427,0.109683,0,0,0,0,0,0,0,0,0,0.0440918,0.0493513,0.0403435,0.0428326,0.0487696,0.0427416,0.110286,0.112773,0.108679,0.1,0.109732,0.112477,0.109694,0,0,0,0,0,0,0,0,0,1,1,1,1,1,1,1,1,1,1,1,1,1,0,0,0,0,0,0,0,0,0,1,1,1,1,1,1,1,1,1,1,1,1,1,0,0,0,0,0,0,0,0,0,1,0,0,0,0,0,0,0,0,0,0,0,0,0,0,0,0,0,0,0,0,0,0,13,0,0,0,0,0,0,0,0,0,0,0,0,0,0,0,0,0,0,0,0,0,0,0,0,0,0,0,0,0,0,0,0,0,0,0,0,0,0,0,0,0,0,0,0,0,0,0,0
0.585163,-0.265091,0.602746,0,0,0,0,1.24449e-07,2.0199e-08,8.29082e-08,1087,25,26,1086,1088,1107,1108,1618,1619,2679,2680,2681,2700,2701,0,0,0,0,0,0,0,0,0,25,26,1086,1088,1107,1108,1618,1619,2679,2680,2681,2700,2701,0,0,0,0,0,0,0,0,0,0.0427175,0.0481168,0.0426213,0.0426216,0.0486322,0.0418497,0.109843,0.112061,0.109763,0.100011,0.109758,0.112274,0.109472,0,0,0,0,0,0,0,0,0,0.0431282,0.0479246,0.0428326,0.042827,0.0484476,0.0422552,0.109858,0.112084,0.109735,0.1,0.10973,0.112322,0.109483,0,0,0,0,0,0,0,0,0,1,1,1,1,1,1,1,1,1,1,1,1,1,0,0,0,0,0,0,0,0,0,1,1,1,1,1,1,1,1,1,1,1,1,1,0,0,0,0,0,0,0,0,0,1,0,0,0,0,0,0,0,0,0,0,0,0,0,0,0,0,0,0,0,0,0,0,13,0,0,0,0,0,0,0,0,0,0,0,0,0,0,0,0,0,0,0,0,0,0,0,0,0,0,0,0,0,0,0,0,0,0,0,0,0,0,0,0,0,0,0,0,0,0,0,0
0.606945,-0.240327,0.575748,0,0,0,0,1.3867e-07,1.75072e-08,9.24723e-08,1088,26,27,1087,1089,1108,1109,1619,1620,2680,2681,2682,2701,2702,0,0,0,0,0,0,0,0,0,26,27,1087,1089,1108,1109,1619,1620,2680,2681,2682,2701,2702,0,0,0,0,0,0,0,0,0,0.0414756,0.04689,0.0426216,0.0422468,0.0477724,0.0411225,0.109318,0.111472,0.109757,0.100011,0.109581,0.111874,0.109153,0,0,0,0,0,0,0,0,0,0.0418732,0.0466928,0.042827,0.0424488,0.0475946,0.0415044,0.109316,0.111503,0.109732,0.1,0.109567,0.111915,0.109162,0,0,0,0,0,0,0,0,0,1,1,1,1,1,1,1,1,1,1,1,1,1,0,0,0,0,0,0,0,0,0,1,1,1,1,1,1,1,1,1,1,1,1,1,0,0,0,0,0,0,0,0,0,1,0,0,0,0,0,0,0,0,0,0,0,0,0,0,0,0,0,0,0,0,0,0,13,0,0,0,0,0,0,0,0,0,0,0,0,0,0,0,0,0,0,0,0,0,0,0,0,0,0,0,0,0,0,0,0,0,0,0,0,0,0,0,0,0,0,0,0,0,0,0,0
0.626579,-0.215626,0.547655,0,0,0,0,1.53098e-07,1.50557e-08,1.01208e-07,1089,27,28,1088,1090,1109,1110,1620,1621,2681,2682,2683,2702,2703,0,0,0,0,0,0,0,0,0,27,28,1088,1090,1109,1110,1620,1621,2681,2682,2683,2702,2703,0,0,0,0,0,0,0,0,0,0.0404896,0.0456602,0.0422468,0.0417221,0.0467391,0.0403157,0.108885,0.110957,0.109588,0.100011,0.109313,0.1114,0.108807,0,0,0,0,0,0,0,0,0,0.040837,0.045528,0.0424488,0.041882,0.0465814,0.0406767,0.108878,0.110963,0.109569,0.1,0.109325,0.111439,0.108814,0,0,0,0,0,0,0,0,0,1,1,1,1,1,1,1,1,1,1,1,1,1,0,0,0,0,0,0,0,0,0,1,1,1,1,1,1,1,1,1,1,1,1,1,0,0,0,0,0,0,0,0,0,1,0,0,0,0,0,0,0,0,0,0,0,0,0,0,0,0,0,0,0,0,0,0,13,0,0,0,0,0,0,0,0,0,0,0,0,0,0,0,0,0,0,0,0,0,0,0,0,0,0,0,0,0,0,0,0,0,0,0,0,0,0,0,0,0,0,0,0,0,0,0,0
0.644021,-0.191251,0.518632,0,0,0,0,1.67662e-07,1.27125e-08,1.08723e-07,1090,28,29,1089,1091,1110,1111,1621,1622,2682,2683,2684,2703,2704,0,0,0,0,0,0,0,0,0,28,29,1089,1091,1110,1111,1621,1622,2682,2683,2684,2703,2704,0,0,0,0,0,0,0,0,0,0.0395558,0.0445692,0.0417221,0.0410193,0.0456472,0.0394912,0.108499,0.110387,0.109356,0.100013,0.108993,0.110921,0.108469,0,0,0,0,0,0,0,0,0,0.0398913,0.0443656,0.041882,0.0411593,0.0454822,0.0398149,0.108486,0.110436,0.109326,0.1,0.10902,0.110931,0.108457,0,0,0,0,0,0,0,0,0,1,1,1,1,1,1,1,1,1,1,1,1,1,0,0,0,0,0,0,0,0,0,1,1,1,1,1,1,1,1,1,1,1,1,1,0,0,0,0,0,0,0,0,0,1,0,0,0,0,0,0,0,0,0,0,0,0,0,0,0,0,0,0,0,0,0,0,13,0,0,0,0,0,0,0,0,0,0,0,0,0,0,0,0,0,0,0,0,0,0,0,0,0,0,0,0,0,0,0,0,0,0,0,0,0,0,0,0,0,0,0,0,0,0,0,0
0.659292,-0.167347,0.489001,0,0,0,0,1.8207e-07,1.07449e-08,1.15575e-07,1091,29,1090,1111,1112,1622,2683,2684,2704,2705,0,0,0,0,0,0,0,0,0,0,0,0,0,29,1090,1111,1112,1622,2683,2684,2704,2705,0,0,0,0,0,0,0,0,0,0,0,0,0,0.0387968,0.0410193,0.0444541,0.0386389,0.108117,0.109047,0.100006,0.110388,0.108072,0,0,0,0,0,0,0,0,0,0,0,0,0,0.038986,0.0411593,0.0443201,0.038934,0.108119,0.10902,0.1,0.110405,0.1081,0,0,0,0,0,0,0,0,0,0,0,0,0,1,1,1,1,1,1,1,1,1,0,0,0,0,0,0,0,0,0,0,0,0,0,1,1,1,1,1,1,1,1,1,0,0,0,0,0,0,0,0,0,0,0,0,0,1,0,0,0,0,0,0,0,0,0,0,0,0,0,0,0,0,0,0,0,0,0,0,9,0,0,0,0,0,0,0,0,0,0,0,0,0,0,0,0,0,0,0,0,0,0,0,0,0,0,0,0,0,0,0,0,0,0,0,0,0,0,0,0,0,0,0,0,0,0,0,0
0.09703,-0.560199,0.7642,0,0,0,0,5.92529e-09,9.11426e-08,-6.46716e-08,1092,43,44,1071,1072,1093,1113,1636,1637,2664,2665,2685,2686,2706,0,0,0,0,0,0,0,0,0,43,44,1071,1072,1093,1113,1636,1637,2664,2665,2685,2686,2706,0,0,0,0,0,0,0,0,0,0.0345658,0.0413134,0.0403046,0.0419571,0.0351731,0.0416615,0.106704,0.109283,0.108358,0.109209,0.0998785,0.106803,0.109012,0,0,0,0,0,0,0,0,0,0.0344239,0.04191,0.0395556,0.0422722,0.0351734,0.0407789,0.106443,0.109382,0.108378,0.109493,0.1,0.106662,0.108875,0,0,0,0,0,0,0,0,0,1,1,1,1,1,1,1,1,1,1,1,1,1,0,0,0,0,0,0,0,0,0,1,1,1,1,1,1,1,1,1,1,1,1,1,0,0,0,0,0,0,0,0,0,1,0,0,0,0,0,0,0,0,0,0,0,0,0,0,0,0,0,0,0,0,0,0,13,0,0,0,0,0,0,0,0,0,0,0,0,0,0,0,0,0,0,0,0,0,0,0,0,0,0,0,0,0,0,0,0,0,0,0,0,0,0,0,0,0,0,0,0,0,0,0,0
0.128773,-0.547553,0.772542,0,0,0,0,7.80578e-09,8.56496e-08,-5.92316e-08,1093,1072,1073,1092,1094,1113,1114,2665,2666,2685,2686,2687,2706,2707,0,0,0,0,0,0,0,0,0,1072,1073,1092,1094,1113,1114,2665,2666,2685,2686,2687,2706,2707,0,0,0,0,0,0,0,0,0,0.0413997,0.0428934,0.0351731,0.0358863,0.042563,0.0427262,0.108871,0.109603,0.106844,0.0999149,0.107085,0.109597,0.109512,0,0,0,0,0,0,0,0,0,0.0406516,0.0430502,0.0351734,0.0360255,0.0429209,0.0418628,0.108829,0.109832,0.10666,0.1,0.106978,0.109777,0.109332,0,0,0,0,0,0,0,0,0,1,1,1,1,1,1,1,1,1,1,1,1,1,0,0,0,0,0,0,0,0,0,1,1,1,1,1,1,1,1,1,1,1,1,1,0,0,0,0,0,0,0,0,0,1,0,0,0,0,0,0,0,0,0,0,0,0,0,0,0,0,0,0,0,0,0,0,13,0,0,0,0,0,0,0,0,0,0,0,0,0,0,0,0,0,0,0,0,0,0,0,0,0,0,0,0,0,0,0,0,0,0,0,0,0,0,0,0,0,0,0,0,0,0,0,0
0.161121,-0.533487,0.779143,0,0,0,0,1.0134e-08,8.00119e-08,-5.29705e-08,1094,1073,1074,1093,1095,1114,1115,2666,2667,2686,2687,2688,2707,2708,0,0,0,0,0,0,0,0,0,1073,1074,1093,1095,1114,1115,2666,2667,2686,2687,2688,2707,2708,0,0,0,0,0,0,0,0,0,0.0422797,0.043977,0.0358863,0.0367866,0.0436868,0.0436056,0.109275,0.110056,0.107135,0.099907,0.107425,0.110047,0.109897,0,0,0,0,0,0,0,0,0,0.0415775,0.0439786,0.0360255,0.0370189,0.0438497,0.0428133,0.109218,0.110242,0.106976,0.1,0.107355,0.110186,0.109741,0,0,0,0,0,0,0,0,0,1,1,1,1,1,1,1,1,1,1,1,1,1,0,0,0,0,0,0,0,0,0,1,1,1,1,1,1,1,1,1,1,1,1,1,0,0,0,0,0,0,0,0,0,1,0,0,0,0,0,0,0,0,0,0,0,0,0,0,0,0,0,0,0,0,0,0,13,0,0,0,0,0,0,0,0,0,0,0,0,0,0,0,0,0,0,0,0,0,0,0,0,0,0,0,0,0,0,0,0,0,0,0,0,0,0,0,0,0,0,0,0,0,0,0,0
0.194157,-0.517969,0.783735,0,0,0,0,1.30093e-08,7.42487e-08,-4.58489e-08,1095,1074,1075,1094,1096,1115,1116,2667,2668,2687,2688,2689,2708,2709,0,0,0,0,0,0,0,0,0,1074,1075,1094,1096,1115,1116,2667,2668,2687,2688,2689,2708,2709,0,0,0,0,0,0,0,0,0,0.0430109,0.0450807,0.0367866,0.03774,0.0448943,0.0443219,0.10963,0.110538,0.107476,0.0999129,0.107799,0.110525,0.11024,0,0,0,0,0,0,0,0,0,0.0423953,0.0449487,0.0370189,0.0380319,0.0448713,0.0436475,0.109567,0.110679,0.107353,0.1,0.107748,0.110644,0.110106,0,0,0,0,0,0,0,0,0,1,1,1,1,1,1,1,1,1,1,1,1,1,0,0,0,0,0,0,0,0,0,1,1,1,1,1,1,1,1,1,1,1,1,1,0,0,0,0,0,0,0,0,0,1,0,0,0,0,0,0,0,0,0,0,0,0,0,0,0,0,0,0,0,0,0,0,13,0,0,0,0,0,0,0,0,0,0,0,0,0,0,0,0,0,0,0,0,0,0,0,0,0,0,0,0,0,0,0,0,0,0,0,0,0,0,0,0,0,0,0,0,0,0,0,0
0.2278,-0.501032,0.786103,0,0,0,0,1.65316e-08,6.83975e-08,-3.78647e-08,1096,1075,1076,1095,1097,1116,1117,2668,2669,2688,2689,2690,2709,2710,0,0,0,0,0,0,0,0,0,1075,1076,1095,1097,1116,1117,2668,2669,2688,2689,2690,2709,2710,0,0,0,0,0,0,0,0,0,0.043609,0.046146,0.03774,0.038702,0.0460796,0.0448853,0.109931,0.111018,0.107842,0.0999201,0.108187,0.111023,0.110526,0,0,0,0,0,0,0,0,0,0.0431122,0.0459089,0.0380319,0.0390246,0.0459053,0.0443614,0.109877,0.11112,0.107747,0.1,0.108142,0.111117,0.110423,0,0,0,0,0,0,0,0,0,1,1,1,1,1,1,1,1,1,1,1,1,1,0,0,0,0,0,0,0,0,0,1,1,1,1,1,1,1,1,1,1,1,1,1,0,0,0,0,0,0,0,0,0,1,0,0,0,0,0,0,0,0,0,0,0,0,0,0,0,0,0,0,0,0,0,0,13,0,0,0,0,0,0,0,0,0,0,0,0,0,0,0,0,0,0,0,0,0,0,0,0,0,0,0,0,0,0,0,0,0,0,0,0,0,0,0,0,0,0,0,0,0,0,0,0
0.261896,-0.48272,0.786061,0,0,0,0,2.08009e-08,6.25126e-08,-2.90385e-08,1097,1076,1077,1096,1098,1117,1118,2669,2670,2689,2690,2691,2710,2711,0,0,0,0,0,0,0,0,0,1076,1077,1096,1098,1117,1118,2669,2670,2689,2690,2691,2710,2711,0,0,0,0,0,0,0,0,0,0.0440805,0.047133,0.038702,0.0396427,0.0471892,0.0453025,0.110179,0.111476,0.108215,0.0999307,0.108575,0.111509,0.110757,0,0,0,0,0,0,0,0,0,0.0437235,0.0468235,0.0390246,0.0399749,0.0469043,0.0449463,0.110144,0.111547,0.108141,0.1,0.108528,0.111581,0.110685,0,0,0,0,0,0,0,0,0,1,1,1,1,1,1,1,1,1,1,1,1,1,0,0,0,0,0,0,0,0,0,1,1,1,1,1,1,1,1,1,1,1,1,1,0,0,0,0,0,0,0,0,0,1,0,0,0,0,0,0,0,0,0,0,0,0,0,0,0,0,0,0,0,0,0,0,13,0,0,0,0,0,0,0,0,0,0,0,0,0,0,0,0,0,0,0,0,0,0,0,0,0,0,0,0,0,0,0,0,0,0,0,0,0,0,0,0,0,0,0,0,0,0,0,0
0.296242,-0.463094,0.783467,0,0,0,0,2.59098e-08,5.666e-08,-1.94198e-08,1098,1077,1078,1097,1099,1118,1119,2670,2671,2690,2691,2692,2711,2712,0,0,0,0,0,0,0,0,0,1077,1078,1097,1099,1118,1119,2670,2671,2690,2691,2692,2711,2712,0,0,0,0,0,0,0,0,0,0.0444319,0.0480134,0.0396427,0.0405358,0.0481838,0.0455817,0.110376,0.111896,0.108588,0.0999432,0.108952,0.111963,0.110931,0,0,0,0,0,0,0,0,0,0.0442228,0.0476632,0.0399749,0.0408638,0.0478306,0.0453949,0.110363,0.111945,0.108527,0.1,0.108895,0.11202,0.110887,0,0,0,0,0,0,0,0,0,1,1,1,1,1,1,1,1,1,1,1,1,1,0,0,0,0,0,0,0,0,0,1,1,1,1,1,1,1,1,1,1,1,1,1,0,0,0,0,0,0,0,0,0,1,0,0,0,0,0,0,0,0,0,0,0,0,0,0,0,0,0,0,0,0,0,0,13,0,0,0,0,0,0,0,0,0,0,0,0,0,0,0,0,0,0,0,0,0,0,0,0,0,0,0,0,0,0,0,0,0,0,0,0,0,0,0,0,0,0,0,0,0,0,0,0
0.330598,-0.442231,0.778222,0,0,0,0,3.19369e-08,5.09137e-08,-9.08813e-09,1099,1078,1079,1098,1100,1119,1120,2671,2672,2691,2692,2693,2712,2713,0,0,0,0,0,0,0,0,0,1078,1079,1098,1100,1119,1120,2671,2672,2691,2692,2693,2712,2713,0,0,0,0,0,0,0,0,0,0.0446721,0.0487664,0.0405358,0.0413523,0.049033,0.0457331,0.110523,0.112264,0.108949,0.0999565,0.1093,0.112366,0.111047,0,0,0,0,0,0,0,0,0,0.0446071,0.0484025,0.0408638,0.0416681,0.0486494,0.0457045,0.110533,0.112301,0.108896,0.1,0.109233,0.112413,0.111027,0,0,0,0,0,0,0,0,0,1,1,1,1,1,1,1,1,1,1,1,1,1,0,0,0,0,0,0,0,0,0,1,1,1,1,1,1,1,1,1,1,1,1,1,0,0,0,0,0,0,0,0,0,1,0,0,0,0,0,0,0,0,0,0,0,0,0,0,0,0,0,0,0,0,0,0,13,0,0,0,0,0,0,0,0,0,0,0,0,0,0,0,0,0,0,0,0,0,0,0,0,0,0,0,0,0,0,0,0,0,0,0,0,0,0,0,0,0,0,0,0,0,0,0,0
0.364692,-0.420218,0.770281,0,0,0,0,3.89394e-08,4.53508e-08,1.84662e-09,1100,1079,1080,1099,1101,1120,1121,2672,2673,2692,2693,2694,2713,2714,0,0,0,0,0,0,0,0,0,1079,1080,1099,1101,1120,1121,2672,2673,2692,2693,2694,2713,2714,0,0,0,0,0,0,0,0,0,0.0448134,0.0493758,0.0413523,0.0420526,0.0497106,0.0457687,0.110624,0.112568,0.109287,0.0999694,0.109602,0.112699,0.111107,0,0,0,0,0,0,0,0,0,0.0448794,0.0490184,0.0416681,0.0423529,0.0493265,0.0458777,0.110653,0.112601,0.109235,0.1,0.109525,0.112743,0.111105,0,0,0,0,0,0,0,0,0,1,1,1,1,1,1,1,1,1,1,1,1,1,0,0,0,0,0,0,0,0,0,1,1,1,1,1,1,1,1,1,1,1,1,1,0,0,0,0,0,0,0,0,0,1,0,0,0,0,0,0,0,0,0,0,0,0,0,0,0,0,0,0,0,0,0,0,13,0,0,0,0,0,0,0,0,0,0,0,0,0,0,0,0,0,0,0,0,0,0,0,0,0,0,0,0,0,0,0,0,0,0,0,0,0,0,0,0,0,0,0,0,0,0,0,0
0.398221,-0.397161,0.759669,0,0,0,0,4.69434e-08,4.00458e-08,1.32444e-08,1101,1080,1081,1100,1102,1121,1122,2673,2674,2693,2694,2695,2714,2715,0,0,0,0,0,0,0,0,0,1080,1081,1100,1102,1121,1122,2673,2674,2693,2694,2695,2714,2715,0,0,0,0,0,0,0,0,0,0.0448724,0.049823,0.0420526,0.0425616,0.0501883,0.0456991,0.110685,0.112796,0.109581,0.099981,0.10982,0.112943,0.111113,0,0,0,0,0,0,0,0,0,0.0450495,0.0494854,0.0423529,0.0428463,0.0498239,0.0459195,0.110727,0.112831,0.109528,0.1,0.109738,0.112987,0.111123,0,0,0,0,0,0,0,0,0,1,1,1,1,1,1,1,1,1,1,1,1,1,0,0,0,0,0,0,0,0,0,1,1,1,1,1,1,1,1,1,1,1,1,1,0,0,0,0,0,0,0,0,0,1,0,0,0,0,0,0,0,0,0,0,0,0,0,0,0,0,0,0,0,0,0,0,13,0,0,0,0,0,0,0,0,0,0,0,0,0,0,0,0,0,0,0,0,0,0,0,0,0,0,0,0,0,0,0,0,0,0,0,0,0,0,0,0,0,0,0,0,0,0,0,0
0.430834,-0.373188,0.74651,0,0,0,0,5.59286e-08,3.50673e-08,2.49303e-08,1102,1081,1082,1101,1103,1122,1123,2674,2675,2694,2695,2696,2715,2716,0,0,0,0,0,0,0,0,0,1081,1082,1101,1103,1122,1123,2674,2675,2694,2695,2696,2715,2716,0,0,0,0,0,0,0,0,0,0.0448637,0.0500654,0.0425616,0.0427371,0.0504219,0.0455158,0.110713,0.112927,0.109796,0.0999907,0.109892,0.11307,0.111058,0,0,0,0,0,0,0,0,0,0.0451281,0.0497551,0.0428463,0.0430084,0.0500891,0.0458182,0.11076,0.112965,0.109741,0.1,0.109808,0.113119,0.111075,0,0,0,0,0,0,0,0,0,1,1,1,1,1,1,1,1,1,1,1,1,1,0,0,0,0,0,0,0,0,0,1,1,1,1,1,1,1,1,1,1,1,1,1,0,0,0,0,0,0,0,0,0,1,0,0,0,0,0,0,0,0,0,0,0,0,0,0,0,0,0,0,0,0,0,0,13,0,0,0,0,0,0,0,0,0,0,0,0,0,0,0,0,0,0,0,0,0,0,0,0,0,0,0,0,0,0,0,0,0,0,0,0,0,0,0,0,0,0,0,0,0,0,0,0
0.462104,-0.348474,0.731087,0,0,0,0,6.57989e-08,3.04759e-08,3.66859e-08,1103,1082,1083,1102,1104,1123,1124,2675,2676,2695,2696,2697,2716,2717,0,0,0,0,0,0,0,0,0,1082,1083,1102,1104,1123,1124,2675,2676,2695,2696,2697,2716,2717,0,0,0,0,0,0,0,0,0,0.0447676,0.0499,0.0427371,0.0422168,0.0503176,0.0451225,0.110696,0.112863,0.109867,0.0999982,0.109658,0.113033,0.110895,0,0,0,0,0,0,0,0,0,0.0450923,0.0496226,0.0430084,0.042477,0.0500226,0.0454761,0.110741,0.112902,0.109812,0.1,0.109577,0.113087,0.110917,0,0,0,0,0,0,0,0,0,1,1,1,1,1,1,1,1,1,1,1,1,1,0,0,0,0,0,0,0,0,0,1,1,1,1,1,1,1,1,1,1,1,1,1,0,0,0,0,0,0,0,0,0,1,0,0,0,0,0,0,0,0,0,0,0,0,0,0,0,0,0,0,0,0,0,0,13,0,0,0,0,0,0,0,0,0,0,0,0,0,0,0,0,0,0,0,0,0,0,0,0,0,0,0,0,0,0,0,0,0,0,0,0,0,0,0,0,0,0,0,0,0,0,0,0
0.491423,-0.323456,0.713862,0,0,0,0,7.6321e-08,2.63543e-08,4.8184e-08,1104,1083,1084,1103,1105,1124,1125,2676,2677,2696,2697,2698,2717,2718,0,0,0,0,0,0,0,0,0,1083,1084,1103,1105,1124,1125,2676,2677,2696,2697,2698,2717,2718,0,0,0,0,0,0,0,0,0,0.0442938,0.0497817,0.0422168,0.0409652,0.0497321,0.044198,0.110509,0.112818,0.109636,0.100004,0.109106,0.11276,0.110487,0,0,0,0,0,0,0,0,0,0.0446536,0.0495393,0.042477,0.0412027,0.0494779,0.044578,0.110541,0.112863,0.109581,0.1,0.109035,0.112821,0.110509,0,0,0,0,0,0,0,0,0,1,1,1,1,1,1,1,1,1,1,1,1,1,0,0,0,0,0,0,0,0,0,1,1,1,1,1,1,1,1,1,1,1,1,1,0,0,0,0,0,0,0,0,0,1,0,0,0,0,0,0,0,0,0,0,0,0,0,0,0,0,0,0,0,0,0,0,13,0,0,0,0,0,0,0,0,0,0,0,0,0,0,0,0,0,0,0,0,0,0,0,0,0,0,0,0,0,0,0,0,0,0,0,0,0,0,0,0,0,0,0,0,0,0,0,0
0.51837,-0.29924,0.69474,0,0,0,0,8.72739e-08,2.28299e-08,5.90121e-08,1105,1084,1085,1104,1106,1125,1126,2677,2678,2697,2698,2699,2718,2719,0,0,0,0,0,0,0,0,0,1084,1085,1104,1106,1125,1126,2677,2678,2697,2698,2699,2718,2719,0,0,0,0,0,0,0,0,0,0.0443507,0.0499645,0.0409652,0.0413541,0.04908,0.0429495,0.110548,0.112914,0.109093,0.100008,0.109248,0.112462,0.10995,0,0,0,0,0,0,0,0,0,0.0447305,0.0497498,0.0412027,0.0415613,0.0488653,0.0433524,0.110574,0.112967,0.109038,0.1,0.109187,0.112523,0.109963,0,0,0,0,0,0,0,0,0,1,1,1,1,1,1,1,1,1,1,1,1,1,0,0,0,0,0,0,0,0,0,1,1,1,1,1,1,1,1,1,1,1,1,1,0,0,0,0,0,0,0,0,0,1,0,0,0,0,0,0,0,0,0,0,0,0,0,0,0,0,0,0,0,0,0,0,13,0,0,0,0,0,0,0,0,0,0,0,0,0,0,0,0,0,0,0,0,0,0,0,0,0,0,0,0,0,0,0,0,0,0,0,0,0,0,0,0,0,0,0,0,0,0,0,0
0.544058,-0.275941,0.672215,0,0,0,0,9.9089e-08,1.98442e-08,6.94019e-08,1106,1085,1086,1105,1107,1126,1127,2678,2679,2698,2699,2700,2719,2720,0,0,0,0,0,0,0,0,0,1085,1086,1105,1107,1126,1127,2678,2679,2698,2699,2700,2719,2720,0,0,0,0,0,0,0,0,0,0.0432053,0.0489648,0.0413541,0.0429796,0.0493772,0.0425969,0.110049,0.112433,0.109241,0.100009,0.109924,0.112622,0.109811,0,0,0,0,0,0,0,0,0,0.0436054,0.0487696,0.0415613,0.0431602,0.049189,0.043013,0.11007,0.112489,0.10919,0.1,0.109876,0.11268,0.109813,0,0,0,0,0,0,0,0,0,1,1,1,1,1,1,1,1,1,1,1,1,1,0,0,0,0,0,0,0,0,0,1,1,1,1,1,1,1,1,1,1,1,1,1,0,0,0,0,0,0,0,0,0,1,0,0,0,0,0,0,0,0,0,0,0,0,0,0,0,0,0,0,0,0,0,0,13,0,0,0,0,0,0,0,0,0,0,0,0,0,0,0,0,0,0,0,0,0,0,0,0,0,0,0,0,0,0,0,0,0,0,0,0,0,0,0,0,0,0,0,0,0,0,0,0
0.568959,-0.251959,0.646678,0,0,0,0,1.12026e-07,1.71709e-08,7.96346e-08,1107,1086,1087,1106,1108,1127,1128,2679,2680,2699,2700,2701,2720,2721,0,0,0,0,0,0,0,0,0,1086,1087,1106,1108,1127,1128,2679,2680,2699,2700,2701,2720,2721,0,0,0,0,0,0,0,0,0,0.0423284,0.0486322,0.0429796,0.0435816,0.0494174,0.0423642,0.109677,0.112282,0.109923,0.100009,0.110172,0.112654,0.109711,0,0,0,0,0,0,0,0,0,0.0427416,0.0484476,0.0431602,0.0437528,0.0492428,0.0427808,0.109691,0.112334,0.109879,0.1,0.110137,0.112706,0.109711,0,0,0,0,0,0,0,0,0,1,1,1,1,1,1,1,1,1,1,1,1,1,0,0,0,0,0,0,0,0,0,1,1,1,1,1,1,1,1,1,1,1,1,1,0,0,0,0,0,0,0,0,0,1,0,0,0,0,0,0,0,0,0,0,0,0,0,0,0,0,0,0,0,0,0,0,13,0,0,0,0,0,0,0,0,0,0,0,0,0,0,0,0,0,0,0,0,0,0,0,0,0,0,0,0,0,0,0,0,0,0,0,0,0,0,0,0,0,0,0,0,0,0,0,0
0.592258,-0.227317,0.619305,0,0,0,0,1.25658e-07,1.47378e-08,8.93918e-08,1108,1087,1088,1107,1109,1128,1129,2680,2681,2700,2701,2702,2721,2722,0,0,0,0,0,0,0,0,0,1087,1088,1107,1109,1128,1129,2680,2681,2700,2701,2702,2721,2722,0,0,0,0,0,0,0,0,0,0.0418497,0.0477724,0.0435816,0.0434834,0.0488193,0.0418452,0.109478,0.111878,0.110178,0.10001,0.110111,0.112373,0.109481,0,0,0,0,0,0,0,0,0,0.0422552,0.0475946,0.0437528,0.0436434,0.0486552,0.0422476,0.10948,0.111926,0.110139,0.1,0.110089,0.112422,0.10948,0,0,0,0,0,0,0,0,0,1,1,1,1,1,1,1,1,1,1,1,1,1,0,0,0,0,0,0,0,0,0,1,1,1,1,1,1,1,1,1,1,1,1,1,0,0,0,0,0,0,0,0,0,1,0,0,0,0,0,0,0,0,0,0,0,0,0,0,0,0,0,0,0,0,0,0,13,0,0,0,0,0,0,0,0,0,0,0,0,0,0,0,0,0,0,0,0,0,0,0,0,0,0,0,0,0,0,0,0,0,0,0,0,0,0,0,0,0,0,0,0,0,0,0,0
0.613508,-0.202538,0.590579,0,0,0,0,1.39676e-07,1.25407e-08,9.83901e-08,1109,1088,1089,1108,1110,1129,1130,2681,2682,2701,2702,2703,2722,2723,0,0,0,0,0,0,0,0,0,1088,1089,1108,1110,1129,1130,2681,2682,2701,2702,2703,2722,2723,0,0,0,0,0,0,0,0,0,0.0411225,0.0467391,0.0434834,0.0430625,0.0479184,0.0411516,0.109166,0.111409,0.110123,0.100009,0.109902,0.111953,0.109178,0,0,0,0,0,0,0,0,0,0.0415044,0.0465814,0.0436434,0.0432029,0.0477678,0.0415326,0.109159,0.111449,0.110091,0.1,0.109897,0.111997,0.109174,0,0,0,0,0,0,0,0,0,1,1,1,1,1,1,1,1,1,1,1,1,1,0,0,0,0,0,0,0,0,0,1,1,1,1,1,1,1,1,1,1,1,1,1,0,0,0,0,0,0,0,0,0,1,0,0,0,0,0,0,0,0,0,0,0,0,0,0,0,0,0,0,0,0,0,0,13,0,0,0,0,0,0,0,0,0,0,0,0,0,0,0,0,0,0,0,0,0,0,0,0,0,0,0,0,0,0,0,0,0,0,0,0,0,0,0,0,0,0,0,0,0,0,0,0
0.632557,-0.177976,0.560775,0,0,0,0,1.53905e-07,1.05224e-08,1.06425e-07,1110,1089,1090,1109,1111,1130,1131,2682,2683,2702,2703,2704,2723,2724,0,0,0,0,0,0,0,0,0,1089,1090,1109,1111,1130,1131,2682,2683,2702,2703,2704,2723,2724,0,0,0,0,0,0,0,0,0,0.0403157,0.0456472,0.0430625,0.0424221,0.0468715,0.0403666,0.108827,0.110885,0.109926,0.100009,0.10961,0.111475,0.108847,0,0,0,0,0,0,0,0,0,0.0406767,0.0454822,0.0432029,0.0425462,0.0467304,0.0407228,0.108811,0.110941,0.109898,0.1,0.109612,0.111507,0.108833,0,0,0,0,0,0,0,0,0,1,1,1,1,1,1,1,1,1,1,1,1,1,0,0,0,0,0,0,0,0,0,1,1,1,1,1,1,1,1,1,1,1,1,1,0,0,0,0,0,0,0,0,0,1,0,0,0,0,0,0,0,0,0,0,0,0,0,0,0,0,0,0,0,0,0,0,13,0,0,0,0,0,0,0,0,0,0,0,0,0,0,0,0,0,0,0,0,0,0,0,0,0,0,0,0,0,0,0,0,0,0,0,0,0,0,0,0,0,0,0,0,0,0,0,0
0.649363,-0.153867,0.530182,0,0,0,0,1.68179e-07,8.67232e-09,1.13559e-07,1111,1090,1091,1110,1112,1131,1132,2683,2684,2703,2704,2705,2724,2725,0,0,0,0,0,0,0,0,0,1090,1091,1110,1112,1131,1132,2683,2684,2703,2704,2705,2724,2725,0,0,0,0,0,0,0,0,0,0.0394912,0.0444541,0.0424221,0.0416392,0.0457236,0.0395199,0.108464,0.110372,0.109633,0.10001,0.10925,0.110957,0.108496,0,0,0,0,0,0,0,0,0,0.0398149,0.0443201,0.0425462,0.0417329,0.0455953,0.0398573,0.108455,0.110415,0.109612,0.1,0.109265,0.110982,0.108475,0,0,0,0,0,0,0,0,0,1,1,1,1,1,1,1,1,1,1,1,1,1,0,0,0,0,0,0,0,0,0,1,1,1,1,1,1,1,1,1,1,1,1,1,0,0,0,0,0,0,0,0,0,1,0,0,0,0,0,0,0,0,0,0,0,0,0,0,0,0,0,0,0,0,0,0,13,0,0,0,0,0,0,0,0,0,0,0,0,0,0,0,0,0,0,0,0,0,0,0,0,0,0,0,0,0,0,0,0,0,0,0,0,0,0,0,0,0,0,0,0,0,0,0,0
0.66396,-0.130339,0.499082,0,0,0,0,1.82417e-07,7.17353e-09,1.19834e-07,1112,1091,1111,1132,1133,2684,2704,2705,2725,2726,0,0,0,0,0,0,0,0,0,0,0,0,0,1091,1111,1132,1133,2684,2704,2705,2725,2726,0,0,0,0,0,0,0,0,0,0,0,0,0,0.0386389,0.0416392,0.0444866,0.0386125,0.108135,0.109278,0.100002,0.11039,0.108083,0,0,0,0,0,0,0,0,0,0,0,0,0,0.038934,0.0417329,0.0443873,0.0389579,0.108098,0.109264,0.1,0.110435,0.108109,0,0,0,0,0,0,0,0,0,0,0,0,0,1,1,1,1,1,1,1,1,1,0,0,0,0,0,0,0,0,0,0,0,0,0,1,1,1,1,1,1,1,1,1,0,0,0,0,0,0,0,0,0,0,0,0,0,1,0,0,0,0,0,0,0,0,0,0,0,0,0,0,0,0,0,0,0,0,0,0,9,0,0,0,0,0,0,0,0,0,0,0,0,0,0,0,0,0,0,0,0,0,0,0,0,0,0,0,0,0,0,0,0,0,0,0,0,0,0,0,0,0,0,0,0,0,0,0,0
0.0970264,-0.537187,0.798929,0,0,0,0,5.72503e-09,7.96091e-08,-5.81028e-08,1113,44,45,1092,1093,1114,1135,1637,1638,2685,2686,2706,2707,2728,0,0,0,0,0,0,0,0,0,44,45,1092,1093,1114,1135,1637,1638,2685,2686,2706,2707,2728,0,0,0,0,0,0,0,0,0,0.0352975,0.0416284,0.0416615,0.042563,0.0365389,0.0432367,0.107037,0.10949,0.108866,0.109412,0.0998331,0.107309,0.109675,0,0,0,0,0,0,0,0,0,0.035147,0.0423491,0.0407789,0.0429209,0.0365391,0.0421956,0.106716,0.109579,0.108882,0.109774,0.1,0.107173,0.109475,0,0,0,0,0,0,0,0,0,1,1,1,1,1,1,1,1,1,1,1,1,1,0,0,0,0,0,0,0,0,0,1,1,1,1,1,1,1,1,1,1,1,1,1,0,0,0,0,0,0,0,0,0,1,0,0,0,0,0,0,0,0,0,0,0,0,0,0,0,0,0,0,0,0,0,0,13,0,0,0,0,0,0,0,0,0,0,0,0,0,0,0,0,0,0,0,0,0,0,0,0,0,0,0,0,0,0,0,0,0,0,0,0,0,0,0,0,0,0,0,0,0,0,0,0
0.12961,-0.523082,0.807556,0,0,0,0,7.63268e-09,7.4162e-08,-5.23884e-08,1114,1093,1094,1113,1115,1135,1136,2686,2687,2706,2707,2708,2728,2729,0,0,0,0,0,0,0,0,0,1093,1094,1113,1115,1135,1136,2686,2687,2706,2707,2708,2728,2729,0,0,0,0,0,0,0,0,0,0.0427262,0.0436868,0.0365389,0.0372571,0.0433606,0.0442515,0.109403,0.109898,0.107376,0.099891,0.107609,0.10995,0.110192,0,0,0,0,0,0,0,0,0,0.0418628,0.0438497,0.0365391,0.0374158,0.0437738,0.0432616,0.109339,0.110184,0.10717,0.1,0.107509,0.110152,0.109937,0,0,0,0,0,0,0,0,0,1,1,1,1,1,1,1,1,1,1,1,1,1,0,0,0,0,0,0,0,0,0,1,1,1,1,1,1,1,1,1,1,1,1,1,0,0,0,0,0,0,0,0,0,1,0,0,0,0,0,0,0,0,0,0,0,0,0,0,0,0,0,0,0,0,0,0,13,0,0,0,0,0,0,0,0,0,0,0,0,0,0,0,0,0,0,0,0,0,0,0,0,0,0,0,0,0,0,0,0,0,0,0,0,0,0,0,0,0,0,0,0,0,0,0,0
0.162825,-0.507545,0.814151,0,0,0,0,1.00011e-08,6.86546e-08,-4.58638e-08,1115,1094,1095,1114,1116,1136,1137,2687,2688,2707,2708,2709,2729,2730,0,0,0,0,0,0,0,0,0,1094,1095,1114,1116,1136,1137,2687,2688,2707,2708,2709,2729,2730,0,0,0,0,0,0,0,0,0,0.0436056,0.0448943,0.0372571,0.0381577,0.0446207,0.0450832,0.109822,0.110413,0.107681,0.0998823,0.107961,0.110464,0.11057,0,0,0,0,0,0,0,0,0,0.0428133,0.0448713,0.0374158,0.0384143,0.0447933,0.0442041,0.109749,0.110642,0.107506,0.1,0.1079,0.110608,0.110354,0,0,0,0,0,0,0,0,0,1,1,1,1,1,1,1,1,1,1,1,1,1,0,0,0,0,0,0,0,0,0,1,1,1,1,1,1,1,1,1,1,1,1,1,0,0,0,0,0,0,0,0,0,1,0,0,0,0,0,0,0,0,0,0,0,0,0,0,0,0,0,0,0,0,0,0,13,0,0,0,0,0,0,0,0,0,0,0,0,0,0,0,0,0,0,0,0,0,0,0,0,0,0,0,0,0,0,0,0,0,0,0,0,0,0,0,0,0,0,0,0,0,0,0,0
0.196713,-0.490545,0.81846,0,0,0,0,1.29361e-08,6.31038e-08,-3.84936e-08,1116,1095,1096,1115,1117,1137,1138,2688,2689,2708,2709,2710,2730,2731,0,0,0,0,0,0,0,0,0,1095,1096,1115,1117,1137,1138,2688,2689,2708,2709,2710,2730,2731,0,0,0,0,0,0,0,0,0,0.0443219,0.0460796,0.0381577,0.0391138,0.0459192,0.0457397,0.110188,0.110944,0.108027,0.0998928,0.10835,0.110983,0.110902,0,0,0,0,0,0,0,0,0,0.0436475,0.0459053,0.0384143,0.0394283,0.0458728,0.0450202,0.110113,0.111116,0.107898,0.1,0.108306,0.111101,0.11072,0,0,0,0,0,0,0,0,0,1,1,1,1,1,1,1,1,1,1,1,1,1,0,0,0,0,0,0,0,0,0,1,1,1,1,1,1,1,1,1,1,1,1,1,0,0,0,0,0,0,0,0,0,1,0,0,0,0,0,0,0,0,0,0,0,0,0,0,0,0,0,0,0,0,0,0,13,0,0,0,0,0,0,0,0,0,0,0,0,0,0,0,0,0,0,0,0,0,0,0,0,0,0,0,0,0,0,0,0,0,0,0,0,0,0,0,0,0,0,0,0,0,0,0,0
0.231175,-0.472134,0.820281,0,0,0,0,1.65396e-08,5.75435e-08,-3.02841e-08,1117,1096,1097,1116,1118,1138,1139,2689,2690,2709,2710,2711,2731,2732,0,0,0,0,0,0,0,0,0,1096,1097,1116,1118,1138,1139,2689,2690,2709,2710,2711,2731,2732,0,0,0,0,0,0,0,0,0,0.0448853,0.0471892,0.0391138,0.0400783,0.0471585,0.0462295,0.110488,0.111457,0.108401,0.0999042,0.108752,0.111512,0.111169,0,0,0,0,0,0,0,0,0,0.0443614,0.0469043,0.0394283,0.0404179,0.0469456,0.0456988,0.110429,0.111582,0.108305,0.1,0.108711,0.1116,0.111028,0,0,0,0,0,0,0,0,0,1,1,1,1,1,1,1,1,1,1,1,1,1,0,0,0,0,0,0,0,0,0,1,1,1,1,1,1,1,1,1,1,1,1,1,0,0,0,0,0,0,0,0,0,1,0,0,0,0,0,0,0,0,0,0,0,0,0,0,0,0,0,0,0,0,0,0,13,0,0,0,0,0,0,0,0,0,0,0,0,0,0,0,0,0,0,0,0,0,0,0,0,0,0,0,0,0,0,0,0,0,0,0,0,0,0,0,0,0,0,0,0,0,0,0,0
0.266035,-0.452376,0.819445,0,0,0,0,2.09104e-08,5.20245e-08,-2.12666e-08,1118,1097,1098,1117,1119,1139,1140,2690,2691,2710,2711,2712,2732,2733,0,0,0,0,0,0,0,0,0,1097,1098,1117,1119,1139,1140,2690,2691,2710,2711,2712,2732,2733,0,0,0,0,0,0,0,0,0,0.0453025,0.0481838,0.0400783,0.0410163,0.0482881,0.0465606,0.110724,0.111932,0.108784,0.0999193,0.109152,0.112017,0.111373,0,0,0,0,0,0,0,0,0,0.0449463,0.0478306,0.0404179,0.0413585,0.0479633,0.0462285,0.11069,0.112022,0.10871,0.1,0.109104,0.112083,0.111271,0,0,0,0,0,0,0,0,0,1,1,1,1,1,1,1,1,1,1,1,1,1,0,0,0,0,0,0,0,0,0,1,1,1,1,1,1,1,1,1,1,1,1,1,0,0,0,0,0,0,0,0,0,1,0,0,0,0,0,0,0,0,0,0,0,0,0,0,0,0,0,0,0,0,0,0,13,0,0,0,0,0,0,0,0,0,0,0,0,0,0,0,0,0,0,0,0,0,0,0,0,0,0,0,0,0,0,0,0,0,0,0,0,0,0,0,0,0,0,0,0,0,0,0,0
0.301069,-0.431355,0.815825,0,0,0,0,2.61369e-08,4.66078e-08,-1.15028e-08,1119,1098,1099,1118,1120,1140,1141,2691,2692,2711,2712,2713,2733,2734,0,0,0,0,0,0,0,0,0,1098,1099,1118,1120,1140,1141,2691,2692,2711,2712,2713,2733,2734,0,0,0,0,0,0,0,0,0,0.0455817,0.049033,0.0410163,0.0418956,0.0492682,0.0467433,0.110898,0.11235,0.109165,0.0999359,0.109533,0.112475,0.11151,0,0,0,0,0,0,0,0,0,0.0453949,0.0486494,0.0413585,0.0422268,0.0488838,0.0466023,0.110891,0.112418,0.109104,0.1,0.109473,0.112526,0.111443,0,0,0,0,0,0,0,0,0,1,1,1,1,1,1,1,1,1,1,1,1,1,0,0,0,0,0,0,0,0,0,1,1,1,1,1,1,1,1,1,1,1,1,1,0,0,0,0,0,0,0,0,0,1,0,0,0,0,0,0,0,0,0,0,0,0,0,0,0,0,0,0,0,0,0,0,13,0,0,0,0,0,0,0,0,0,0,0,0,0,0,0,0,0,0,0,0,0,0,0,0,0,0,0,0,0,0,0,0,0,0,0,0,0,0,0,0,0,0,0,0,0,0,0,0
0.33601,-0.409165,0.809349,0,0,0,0,3.22903e-08,4.13608e-08,-1.08584e-09,1120,1099,1100,1119,1121,1141,1142,2692,2693,2712,2713,2714,2734,2735,0,0,0,0,0,0,0,0,0,1099,1100,1119,1121,1141,1142,2692,2693,2712,2713,2714,2734,2735,0,0,0,0,0,0,0,0,0,0.0457331,0.0497106,0.0418956,0.0426777,0.0500671,0.0467906,0.111012,0.112691,0.10953,0.0999527,0.109875,0.112864,0.111583,0,0,0,0,0,0,0,0,0,0.0457045,0.0493265,0.0422268,0.0429908,0.049666,0.04682,0.11103,0.112749,0.109474,0.1,0.109802,0.112908,0.111543,0,0,0,0,0,0,0,0,0,1,1,1,1,1,1,1,1,1,1,1,1,1,0,0,0,0,0,0,0,0,0,1,1,1,1,1,1,1,1,1,1,1,1,1,0,0,0,0,0,0,0,0,0,1,0,0,0,0,0,0,0,0,0,0,0,0,0,0,0,0,0,0,0,0,0,0,13,0,0,0,0,0,0,0,0,0,0,0,0,0,0,0,0,0,0,0,0,0,0,0,0,0,0,0,0,0,0,0,0,0,0,0,0,0,0,0,0,0,0,0,0,0,0,0,0
0.370558,-0.385915,0.800008,0,0,0,0,3.94169e-08,3.63518e-08,9.85953e-09,1121,1100,1101,1120,1122,1142,1143,2693,2694,2713,2714,2715,2735,2736,0,0,0,0,0,0,0,0,0,1100,1101,1120,1122,1142,1143,2693,2694,2713,2714,2715,2735,2736,0,0,0,0,0,0,0,0,0,0.0457687,0.0501883,0.0426777,0.0433055,0.0506549,0.0467168,0.111071,0.11294,0.109861,0.0999682,0.11015,0.113162,0.111594,0,0,0,0,0,0,0,0,0,0.0458777,0.0498239,0.0429908,0.0435978,0.0502679,0.0468873,0.111106,0.112996,0.109805,0.1,0.110068,0.113206,0.111573,0,0,0,0,0,0,0,0,0,1,1,1,1,1,1,1,1,1,1,1,1,1,0,0,0,0,0,0,0,0,0,1,1,1,1,1,1,1,1,1,1,1,1,1,0,0,0,0,0,0,0,0,0,1,0,0,0,0,0,0,0,0,0,0,0,0,0,0,0,0,0,0,0,0,0,0,13,0,0,0,0,0,0,0,0,0,0,0,0,0,0,0,0,0,0,0,0,0,0,0,0,0,0,0,0,0,0,0,0,0,0,0,0,0,0,0,0,0,0,0,0,0,0,0,0
0.404374,-0.361735,0.787875,0,0,0,0,4.75263e-08,3.16459e-08,2.1176e-08,1122,1101,1102,1121,1123,1143,1144,2694,2695,2714,2715,2716,2736,2737,0,0,0,0,0,0,0,0,0,1101,1102,1121,1123,1143,1144,2694,2695,2714,2715,2716,2736,2737,0,0,0,0,0,0,0,0,0,0.0456991,0.0504219,0.0433055,0.0436692,0.0509968,0.0465313,0.111077,0.113071,0.11013,0.0999815,0.110305,0.113345,0.111543,0,0,0,0,0,0,0,0,0,0.0459195,0.0500891,0.0435978,0.0439408,0.0506426,0.0468097,0.111122,0.113129,0.110071,0.1,0.110219,0.113393,0.111535,0,0,0,0,0,0,0,0,0,1,1,1,1,1,1,1,1,1,1,1,1,1,0,0,0,0,0,0,0,0,0,1,1,1,1,1,1,1,1,1,1,1,1,1,0,0,0,0,0,0,0,0,0,1,0,0,0,0,0,0,0,0,0,0,0,0,0,0,0,0,0,0,0,0,0,0,13,0,0,0,0,0,0,0,0,0,0,0,0,0,0,0,0,0,0,0,0,0,0,0,0,0,0,0,0,0,0,0,0,0,0,0,0,0,0,0,0,0,0,0,0,0,0,0,0
0.437056,-0.336802,0.773138,0,0,0,0,5.65731e-08,2.73034e-08,3.2665e-08,1123,1102,1103,1122,1124,1144,1145,2695,2696,2715,2716,2717,2737,2738,0,0,0,0,0,0,0,0,0,1102,1103,1122,1124,1144,1145,2695,2696,2715,2716,2717,2737,2738,0,0,0,0,0,0,0,0,0,0.0455158,0.0503176,0.0436692,0.0435821,0.0510448,0.046209,0.111026,0.113037,0.110284,0.0999922,0.110255,0.113384,0.111417,0,0,0,0,0,0,0,0,0,0.0458182,0.0500226,0.0439408,0.0438339,0.0507325,0.0465606,0.111073,0.113098,0.110223,0.1,0.110171,0.113439,0.111418,0,0,0,0,0,0,0,0,0,1,1,1,1,1,1,1,1,1,1,1,1,1,0,0,0,0,0,0,0,0,0,1,1,1,1,1,1,1,1,1,1,1,1,1,0,0,0,0,0,0,0,0,0,1,0,0,0,0,0,0,0,0,0,0,0,0,0,0,0,0,0,0,0,0,0,0,13,0,0,0,0,0,0,0,0,0,0,0,0,0,0,0,0,0,0,0,0,0,0,0,0,0,0,0,0,0,0,0,0,0,0,0,0,0,0,0,0,0,0,0,0,0,0,0,0
0.468125,-0.311416,0.756117,0,0,0,0,6.64284e-08,2.33841e-08,4.4072e-08,1124,1103,1104,1123,1125,1145,1146,2696,2697,2716,2717,2718,2738,2739,0,0,0,0,0,0,0,0,0,1103,1104,1123,1125,1145,1146,2696,2697,2716,2717,2718,2738,2739,0,0,0,0,0,0,0,0,0,0.0451225,0.0497321,0.0435821,0.042875,0.0507459,0.0456057,0.110874,0.112769,0.110238,0.1,0.109928,0.113252,0.111151,0,0,0,0,0,0,0,0,0,0.0454761,0.0494779,0.0438339,0.0431059,0.0504787,0.0459986,0.110914,0.112832,0.110175,0.1,0.109851,0.113313,0.111156,0,0,0,0,0,0,0,0,0,1,1,1,1,1,1,1,1,1,1,1,1,1,0,0,0,0,0,0,0,0,0,1,1,1,1,1,1,1,1,1,1,1,1,1,0,0,0,0,0,0,0,0,0,1,0,0,0,0,0,0,0,0,0,0,0,0,0,0,0,0,0,0,0,0,0,0,13,0,0,0,0,0,0,0,0,0,0,0,0,0,0,0,0,0,0,0,0,0,0,0,0,0,0,0,0,0,0,0,0,0,0,0,0,0,0,0,0,0,0,0,0,0,0,0,0
0.497115,-0.286248,0.737028,0,0,0,0,7.68961e-08,1.99611e-08,5.50757e-08,1125,1104,1105,1124,1126,1146,1147,2697,2698,2717,2718,2719,2739,2740,0,0,0,0,0,0,0,0,0,1104,1105,1124,1126,1146,1147,2697,2698,2717,2718,2719,2739,2740,0,0,0,0,0,0,0,0,0,0.044198,0.04908,0.042875,0.0424491,0.0502644,0.044526,0.110477,0.112467,0.109917,0.100005,0.10972,0.113032,0.11067,0,0,0,0,0,0,0,0,0,0.044578,0.0488653,0.0431059,0.0426525,0.0500414,0.0449411,0.110506,0.112535,0.109855,0.1,0.109654,0.113097,0.110672,0,0,0,0,0,0,0,0,0,1,1,1,1,1,1,1,1,1,1,1,1,1,0,0,0,0,0,0,0,0,0,1,1,1,1,1,1,1,1,1,1,1,1,1,0,0,0,0,0,0,0,0,0,1,0,0,0,0,0,0,0,0,0,0,0,0,0,0,0,0,0,0,0,0,0,0,13,0,0,0,0,0,0,0,0,0,0,0,0,0,0,0,0,0,0,0,0,0,0,0,0,0,0,0,0,0,0,0,0,0,0,0,0,0,0,0,0,0,0,0,0,0,0,0,0
0.524294,-0.261975,0.715255,0,0,0,0,8.8018e-08,1.70563e-08,6.55663e-08,1126,1105,1106,1125,1127,1147,1148,2698,2699,2718,2719,2720,2740,2741,0,0,0,0,0,0,0,0,0,1105,1106,1125,1127,1147,1148,2698,2699,2718,2719,2720,2740,2741,0,0,0,0,0,0,0,0,0,0.0429495,0.0493772,0.0424491,0.0434382,0.0502414,0.04356,0.109942,0.112617,0.109718,0.100008,0.110127,0.113039,0.110252,0,0,0,0,0,0,0,0,0,0.0433524,0.049189,0.0426525,0.0436139,0.0500542,0.043991,0.10996,0.112692,0.109658,0.1,0.110075,0.113104,0.110245,0,0,0,0,0,0,0,0,0,1,1,1,1,1,1,1,1,1,1,1,1,1,0,0,0,0,0,0,0,0,0,1,1,1,1,1,1,1,1,1,1,1,1,1,0,0,0,0,0,0,0,0,0,1,0,0,0,0,0,0,0,0,0,0,0,0,0,0,0,0,0,0,0,0,0,0,13,0,0,0,0,0,0,0,0,0,0,0,0,0,0,0,0,0,0,0,0,0,0,0,0,0,0,0,0,0,0,0,0,0,0,0,0,0,0,0,0,0,0,0,0,0,0,0,0
0.550416,-0.237887,0.69027,0,0,0,0,1.00106e-07,1.45345e-08,7.57783e-08,1127,1106,1107,1126,1128,1148,1149,2699,2700,2719,2720,2721,2741,2742,0,0,0,0,0,0,0,0,0,1106,1107,1126,1128,1148,1149,2699,2700,2719,2720,2721,2741,2742,0,0,0,0,0,0,0,0,0,0.0425969,0.0494174,0.0434382,0.0443915,0.0503746,0.0431133,0.109796,0.112644,0.110134,0.100009,0.11053,0.113121,0.110059,0,0,0,0,0,0,0,0,0,0.043013,0.0492428,0.0436139,0.0445458,0.0502088,0.0435477,0.10981,0.112719,0.110079,0.1,0.110491,0.11318,0.110048,0,0,0,0,0,0,0,0,0,1,1,1,1,1,1,1,1,1,1,1,1,1,0,0,0,0,0,0,0,0,0,1,1,1,1,1,1,1,1,1,1,1,1,1,0,0,0,0,0,0,0,0,0,1,0,0,0,0,0,0,0,0,0,0,0,0,0,0,0,0,0,0,0,0,0,0,13,0,0,0,0,0,0,0,0,0,0,0,0,0,0,0,0,0,0,0,0,0,0,0,0,0,0,0,0,0,0,0,0,0,0,0,0,0,0,0,0,0,0,0,0,0,0,0,0
0.575193,-0.2133,0.662844,0,0,0,0,1.13051e-07,1.22853e-08,8.56344e-08,1128,1107,1108,1127,1129,1149,1150,2700,2701,2720,2721,2722,2742,2743,0,0,0,0,0,0,0,0,0,1107,1108,1127,1129,1149,1150,2700,2701,2720,2721,2722,2742,2743,0,0,0,0,0,0,0,0,0,0.0423642,0.0488193,0.0443915,0.0446055,0.0499566,0.0426573,0.109704,0.112365,0.110541,0.100009,0.110607,0.112926,0.109854,0,0,0,0,0,0,0,0,0,0.0427808,0.0486552,0.0445458,0.0447416,0.0498051,0.0430825,0.109707,0.112433,0.110494,0.1,0.11058,0.112981,0.109843,0,0,0,0,0,0,0,0,0,1,1,1,1,1,1,1,1,1,1,1,1,1,0,0,0,0,0,0,0,0,0,1,1,1,1,1,1,1,1,1,1,1,1,1,0,0,0,0,0,0,0,0,0,1,0,0,0,0,0,0,0,0,0,0,0,0,0,0,0,0,0,0,0,0,0,0,13,0,0,0,0,0,0,0,0,0,0,0,0,0,0,0,0,0,0,0,0,0,0,0,0,0,0,0,0,0,0,0,0,0,0,0,0,0,0,0,0,0,0,0,0,0,0,0,0
0.59807,-0.188459,0.633702,0,0,0,0,1.26551e-07,1.02684e-08,9.48542e-08,1129,1108,1109,1128,1130,1150,1151,2701,2702,2721,2722,2723,2743,2744,0,0,0,0,0,0,0,0,0,1108,1109,1128,1130,1150,1151,2701,2702,2721,2722,2723,2743,2744,0,0,0,0,0,0,0,0,0,0.0418452,0.0479184,0.0446055,0.044348,0.0491512,0.0420356,0.109482,0.111947,0.110621,0.100009,0.110474,0.112543,0.109576,0,0,0,0,0,0,0,0,0,0.0422476,0.0477678,0.0447416,0.044466,0.0490127,0.0424417,0.109476,0.112008,0.110582,0.1,0.110457,0.112594,0.109563,0,0,0,0,0,0,0,0,0,1,1,1,1,1,1,1,1,1,1,1,1,1,0,0,0,0,0,0,0,0,0,1,1,1,1,1,1,1,1,1,1,1,1,1,0,0,0,0,0,0,0,0,0,1,0,0,0,0,0,0,0,0,0,0,0,0,0,0,0,0,0,0,0,0,0,0,13,0,0,0,0,0,0,0,0,0,0,0,0,0,0,0,0,0,0,0,0,0,0,0,0,0,0,0,0,0,0,0,0,0,0,0,0,0,0,0,0,0,0,0,0,0,0,0,0
0.618777,-0.163743,0.603254,0,0,0,0,1.40377e-07,8.4345e-09,1.03242e-07,1130,1109,1110,1129,1131,1151,1152,2702,2703,2722,2723,2724,2744,2745,0,0,0,0,0,0,0,0,0,1109,1110,1129,1131,1151,1152,2702,2703,2722,2723,2724,2744,2745,0,0,0,0,0,0,0,0,0,0.0411516,0.0468715,0.044348,0.0437963,0.048151,0.0412919,0.109183,0.111459,0.110488,0.100009,0.110216,0.112074,0.10925,0,0,0,0,0,0,0,0,0,0.0415326,0.0467304,0.044466,0.0438991,0.0480247,0.0416743,0.109171,0.111518,0.110458,0.1,0.110206,0.112118,0.109234,0,0,0,0,0,0,0,0,0,1,1,1,1,1,1,1,1,1,1,1,1,1,0,0,0,0,0,0,0,0,0,1,1,1,1,1,1,1,1,1,1,1,1,1,0,0,0,0,0,0,0,0,0,1,0,0,0,0,0,0,0,0,0,0,0,0,0,0,0,0,0,0,0,0,0,0,13,0,0,0,0,0,0,0,0,0,0,0,0,0,0,0,0,0,0,0,0,0,0,0,0,0,0,0,0,0,0,0,0,0,0,0,0,0,0,0,0,0,0,0,0,0,0,0,0
0.637208,-0.139433,0.57183,0,0,0,0,1.5435e-07,6.72435e-09,1.10734e-07,1131,1110,1111,1130,1132,1152,1153,2703,2704,2723,2724,2725,2745,2746,0,0,0,0,0,0,0,0,0,1110,1111,1130,1132,1152,1153,2703,2704,2723,2724,2725,2745,2746,0,0,0,0,0,0,0,0,0,0.0403666,0.0457236,0.0437963,0.0430392,0.0470299,0.0404658,0.108839,0.11094,0.110223,0.100008,0.109887,0.111554,0.108893,0,0,0,0,0,0,0,0,0,0.0407228,0.0455953,0.0438991,0.0431361,0.0469161,0.0408245,0.10883,0.110992,0.110206,0.1,0.109871,0.111593,0.108875,0,0,0,0,0,0,0,0,0,1,1,1,1,1,1,1,1,1,1,1,1,1,0,0,0,0,0,0,0,0,0,1,1,1,1,1,1,1,1,1,1,1,1,1,0,0,0,0,0,0,0,0,0,1,0,0,0,0,0,0,0,0,0,0,0,0,0,0,0,0,0,0,0,0,0,0,13,0,0,0,0,0,0,0,0,0,0,0,0,0,0,0,0,0,0,0,0,0,0,0,0,0,0,0,0,0,0,0,0,0,0,0,0,0,0,0,0,0,0,0,0,0,0,0,0
0.653347,-0.115727,0.539738,0,0,0,0,1.68349e-07,5.07949e-09,1.17353e-07,1132,1111,1112,1131,1133,1153,1154,2704,2705,2724,2725,2726,2746,2747,0,0,0,0,0,0,0,0,0,1111,1112,1131,1133,1153,1154,2704,2705,2724,2725,2726,2746,2747,0,0,0,0,0,0,0,0,0,0.0395199,0.0444866,0.0430392,0.0421173,0.0458143,0.0395884,0.108481,0.110418,0.109868,0.100008,0.1095,0.110995,0.10851,0,0,0,0,0,0,0,0,0,0.0398573,0.0443873,0.0431361,0.0422233,0.0457191,0.039922,0.108472,0.110443,0.10987,0.1,0.109476,0.111038,0.108501,0,0,0,0,0,0,0,0,0,1,1,1,1,1,1,1,1,1,1,1,1,1,0,0,0,0,0,0,0,0,0,1,1,1,1,1,1,1,1,1,1,1,1,1,0,0,0,0,0,0,0,0,0,1,0,0,0,0,0,0,0,0,0,0,0,0,0,0,0,0,0,0,0,0,0,0,13,0,0,0,0,0,0,0,0,0,0,0,0,0,0,0,0,0,0,0,0,0,0,0,0,0,0,0,0,0,0,0,0,0,0,0,0,0,0,0,0,0,0,0,0,0,0,0,0
0.667224,-0.0927493,0.507283,0,0,0,0,1.82166e-07,3.40404e-09,1.23173e-07,1133,1112,1132,1134,1154,1155,2705,2725,2726,2727,2747,2748,0,0,0,0,0,0,0,0,0,0,0,1112,1132,1134,1154,1155,2705,2725,2726,2727,2747,2748,0,0,0,0,0,0,0,0,0,0,0,0.0386125,0.0421173,0.0410807,0.0445031,0.0386414,0.108149,0.109445,0.099991,0.109099,0.11039,0.108108,0,0,0,0,0,0,0,0,0,0,0,0.0389579,0.0422233,0.0411934,0.0444547,0.0389875,0.108108,0.109475,0.1,0.10904,0.110464,0.108121,0,0,0,0,0,0,0,0,0,0,0,1,1,1,1,1,1,1,1,1,1,1,0,0,0,0,0,0,0,0,0,0,0,1,1,1,1,1,1,1,1,1,1,1,0,0,0,0,0,0,0,0,0,0,0,1,0,0,0,0,0,0,0,0,0,0,0,0,0,0,0,0,0,0,0,0,0,0,11,0,0,0,0,0,0,0,0,0,0,0,0,0,0,0,0,0,0,0,0,0,0,0,0,0,0,0,0,0,0,0,0,0,0,0,0,0,0,0,0,0,0,0,0,0,0,0,0
0.678911,-0.0708068,0.474579,0,0,0,0,1.96341e-07,-7.45112e-10,1.26772e-07,1134,1133,1155,1156,2726,2727,2748,2749,0,0,0,0,0,0,0,0,0,0,0,0,0,0,0,1133,1155,1156,2726,2727,2748,2749,0,0,0,0,0,0,0,0,0,0,0,0,0,0,0,0.0410807,0.0432889,0.0378838,0.108964,0.100015,0.10988,0.107797,0,0,0,0,0,0,0,0,0,0,0,0,0,0,0,0.0411934,0.0431404,0.0380391,0.109038,0.1,0.109881,0.107744,0,0,0,0,0,0,0,0,0,0,0,0,0,0,0,1,1,1,1,1,1,1,0,0,0,0,0,0,0,0,0,0,0,0,0,0,0,1,1,1,1,1,1,1,0,0,0,0,0,0,0,0,0,0,0,0,0,0,0,1,0,0,0,0,0,0,0,0,0,0,0,0,0,0,0,0,0,0,0,0,0,0,7,0,0,0,0,0,0,0,0,0,0,0,0,0,0,0,0,0,0,0,0,0,0,0,0,0,0,0,0,0,0,0,0,0,0,0,0,0,0,0,0,0,0,0,0,0,0,0,0
0.0971111,-0.511875,0.833983,0,0,0,0,5.5284e-09,6.85406e-08,-5.1286e-08,1135,45,46,1113,1114,1136,1157,1638,1639,2706,2707,2728,2729,2750,0,0,0,0,0,0,0,0,0,45,46,1113,1114,1136,1157,1638,1639,2706,2707,2728,2729,2750,0,0,0,0,0,0,0,0,0,0.0361118,0.0420596,0.0432367,0.0433606,0.0378666,0.0448584,0.107424,0.109766,0.109486,0.109692,0.0997807,0.107814,0.110388,0,0,0,0,0,0,0,0,0,0.0360042,0.0429251,0.0421956,0.0437738,0.037907,0.0436412,0.107044,0.109838,0.109482,0.110149,0.1,0.107701,0.110104,0,0,0,0,0,0,0,0,0,1,1,1,1,1,1,1,1,1,1,1,1,1,0,0,0,0,0,0,0,0,0,1,1,1,1,1,1,1,1,1,1,1,1,1,0,0,0,0,0,0,0,0,0,1,0,0,0,0,0,0,0,0,0,0,0,0,0,0,0,0,0,0,0,0,0,0,13,0,0,0,0,0,0,0,0,0,0,0,0,0,0,0,0,0,0,0,0,0,0,0,0,0,0,0,0,0,0,0,0,0,0,0,0,0,0,0,0,0,0,0,0,0,0,0,0
0.130464,-0.496209,0.842703,0,0,0,0,7.46628e-09,6.32431e-08,-4.53426e-08,1136,1114,1115,1135,1137,1157,1158,2707,2708,2728,2729,2730,2750,2751,0,0,0,0,0,0,0,0,0,1114,1115,1135,1137,1157,1158,2707,2708,2728,2729,2730,2750,2751,0,0,0,0,0,0,0,0,0,0.0442515,0.0446207,0.0378666,0.0386025,0.0442281,0.0458095,0.110045,0.110255,0.107918,0.0998647,0.108138,0.110346,0.110918,0,0,0,0,0,0,0,0,0,0.0432616,0.0447933,0.037907,0.0388109,0.0446987,0.0446925,0.109945,0.110606,0.107698,0.1,0.108059,0.110565,0.110573,0,0,0,0,0,0,0,0,0,1,1,1,1,1,1,1,1,1,1,1,1,1,0,0,0,0,0,0,0,0,0,1,1,1,1,1,1,1,1,1,1,1,1,1,0,0,0,0,0,0,0,0,0,1,0,0,0,0,0,0,0,0,0,0,0,0,0,0,0,0,0,0,0,0,0,0,13,0,0,0,0,0,0,0,0,0,0,0,0,0,0,0,0,0,0,0,0,0,0,0,0,0,0,0,0,0,0,0,0,0,0,0,0,0,0,0,0,0,0,0,0,0,0,0,0
0.164476,-0.479107,0.849094,0,0,0,0,9.87975e-09,5.79626e-08,-3.86074e-08,1137,1115,1116,1136,1138,1158,1159,2708,2709,2729,2730,2731,2751,2752,0,0,0,0,0,0,0,0,0,1115,1116,1136,1138,1158,1159,2708,2709,2729,2730,2731,2751,2752,0,0,0,0,0,0,0,0,0,0.0450832,0.0459192,0.0386025,0.0395142,0.0456024,0.0465683,0.11046,0.110821,0.10824,0.0998555,0.108504,0.110917,0.111276,0,0,0,0,0,0,0,0,0,0.0442041,0.0458728,0.0388109,0.0398156,0.0457839,0.0456149,0.110361,0.111099,0.108056,0.1,0.108465,0.11106,0.110991,0,0,0,0,0,0,0,0,0,1,1,1,1,1,1,1,1,1,1,1,1,1,0,0,0,0,0,0,0,0,0,1,1,1,1,1,1,1,1,1,1,1,1,1,0,0,0,0,0,0,0,0,0,1,0,0,0,0,0,0,0,0,0,0,0,0,0,0,0,0,0,0,0,0,0,0,13,0,0,0,0,0,0,0,0,0,0,0,0,0,0,0,0,0,0,0,0,0,0,0,0,0,0,0,0,0,0,0,0,0,0,0,0,0,0,0,0,0,0,0,0,0,0,0,0
0.199152,-0.460548,0.852904,0,0,0,0,1.28792e-08,5.27162e-08,-3.10503e-08,1138,1116,1117,1137,1139,1159,1160,2709,2710,2730,2731,2732,2752,2753,0,0,0,0,0,0,0,0,0,1116,1117,1137,1139,1159,1160,2709,2710,2730,2731,2732,2752,2753,0,0,0,0,0,0,0,0,0,0.0457397,0.0471585,0.0395142,0.0404793,0.0469734,0.0471388,0.110819,0.111392,0.108593,0.0998719,0.108911,0.111469,0.111586,0,0,0,0,0,0,0,0,0,0.0450202,0.0469456,0.0398156,0.0408293,0.0469058,0.0463952,0.110727,0.1116,0.108462,0.1,0.108883,0.111581,0.11135,0,0,0,0,0,0,0,0,0,1,1,1,1,1,1,1,1,1,1,1,1,1,0,0,0,0,0,0,0,0,0,1,1,1,1,1,1,1,1,1,1,1,1,1,0,0,0,0,0,0,0,0,0,1,0,0,0,0,0,0,0,0,0,0,0,0,0,0,0,0,0,0,0,0,0,0,13,0,0,0,0,0,0,0,0,0,0,0,0,0,0,0,0,0,0,0,0,0,0,0,0,0,0,0,0,0,0,0,0,0,0,0,0,0,0,0,0,0,0,0,0,0,0,0,0
0.234367,-0.440613,0.853948,0,0,0,0,1.65658e-08,4.75333e-08,-2.26872e-08,1139,1117,1118,1138,1140,1160,1161,2710,2711,2731,2732,2733,2753,2754,0,0,0,0,0,0,0,0,0,1117,1118,1138,1140,1160,1161,2710,2711,2731,2732,2733,2753,2754,0,0,0,0,0,0,0,0,0,0.0462295,0.0482881,0.0404793,0.0414491,0.0482475,0.0475304,0.111101,0.111931,0.108978,0.0998887,0.109329,0.112022,0.111821,0,0,0,0,0,0,0,0,0,0.0456988,0.0479633,0.0408293,0.0418131,0.0480039,0.0470181,0.111034,0.112084,0.108882,0.1,0.109298,0.112101,0.11164,0,0,0,0,0,0,0,0,0,1,1,1,1,1,1,1,1,1,1,1,1,1,0,0,0,0,0,0,0,0,0,1,1,1,1,1,1,1,1,1,1,1,1,1,0,0,0,0,0,0,0,0,0,1,0,0,0,0,0,0,0,0,0,0,0,0,0,0,0,0,0,0,0,0,0,0,13,0,0,0,0,0,0,0,0,0,0,0,0,0,0,0,0,0,0,0,0,0,0,0,0,0,0,0,0,0,0,0,0,0,0,0,0,0,0,0,0,0,0,0,0,0,0,0,0
0.26992,-0.419389,0.852074,0,0,0,0,2.10359e-08,4.24599e-08,-1.35599e-08,1140,1118,1119,1139,1141,1161,1162,2711,2712,2732,2733,2734,2754,2755,0,0,0,0,0,0,0,0,0,1118,1119,1139,1141,1161,1162,2711,2712,2732,2733,2734,2754,2755,0,0,0,0,0,0,0,0,0,0.0465606,0.0492682,0.0414491,0.0423845,0.0493769,0.0477537,0.11131,0.112414,0.109371,0.0999094,0.10974,0.112537,0.111984,0,0,0,0,0,0,0,0,0,0.0462285,0.0488838,0.0418131,0.0427407,0.0490267,0.0474716,0.111276,0.112529,0.109297,0.1,0.109696,0.112595,0.111852,0,0,0,0,0,0,0,0,0,1,1,1,1,1,1,1,1,1,1,1,1,1,0,0,0,0,0,0,0,0,0,1,1,1,1,1,1,1,1,1,1,1,1,1,0,0,0,0,0,0,0,0,0,1,0,0,0,0,0,0,0,0,0,0,0,0,0,0,0,0,0,0,0,0,0,0,13,0,0,0,0,0,0,0,0,0,0,0,0,0,0,0,0,0,0,0,0,0,0,0,0,0,0,0,0,0,0,0,0,0,0,0,0,0,0,0,0,0,0,0,0,0,0,0,0
0.305563,-0.396981,0.847181,0,0,0,0,2.63725e-08,3.75503e-08,-3.74242e-09,1141,1119,1120,1140,1142,1162,1163,2712,2713,2733,2734,2735,2755,2756,0,0,0,0,0,0,0,0,0,1119,1120,1140,1142,1162,1163,2712,2713,2733,2734,2735,2755,2756,0,0,0,0,0,0,0,0,0,0.0467433,0.0500671,0.0423845,0.0432469,0.0503218,0.0478231,0.111449,0.11282,0.109759,0.0999309,0.110124,0.11299,0.112075,0,0,0,0,0,0,0,0,0,0.0466023,0.049666,0.0427407,0.0435834,0.0499258,0.0477517,0.111446,0.112913,0.109696,0.1,0.110063,0.113035,0.111983,0,0,0,0,0,0,0,0,0,1,1,1,1,1,1,1,1,1,1,1,1,1,0,0,0,0,0,0,0,0,0,1,1,1,1,1,1,1,1,1,1,1,1,1,0,0,0,0,0,0,0,0,0,1,0,0,0,0,0,0,0,0,0,0,0,0,0,0,0,0,0,0,0,0,0,0,13,0,0,0,0,0,0,0,0,0,0,0,0,0,0,0,0,0,0,0,0,0,0,0,0,0,0,0,0,0,0,0,0,0,0,0,0,0,0,0,0,0,0,0,0,0,0,0,0
0.341002,-0.373505,0.839229,0,0,0,0,3.26392e-08,3.28632e-08,6.65924e-09,1142,1120,1121,1141,1143,1163,1164,2713,2714,2734,2735,2736,2756,2757,0,0,0,0,0,0,0,0,0,1120,1121,1141,1143,1163,1164,2713,2714,2734,2735,2736,2756,2757,0,0,0,0,0,0,0,0,0,0.0467906,0.0506549,0.0432469,0.0439868,0.0510497,0.0477564,0.111522,0.113129,0.110125,0.0999515,0.110454,0.113354,0.112097,0,0,0,0,0,0,0,0,0,0.04682,0.0502679,0.0435834,0.0442984,0.0506537,0.0478635,0.111544,0.113213,0.110065,0.1,0.11038,0.113397,0.112035,0,0,0,0,0,0,0,0,0,1,1,1,1,1,1,1,1,1,1,1,1,1,0,0,0,0,0,0,0,0,0,1,1,1,1,1,1,1,1,1,1,1,1,1,0,0,0,0,0,0,0,0,0,1,0,0,0,0,0,0,0,0,0,0,0,0,0,0,0,0,0,0,0,0,0,0,13,0,0,0,0,0,0,0,0,0,0,0,0,0,0,0,0,0,0,0,0,0,0,0,0,0,0,0,0,0,0,0,0,0,0,0,0,0,0,0,0,0,0,0,0,0,0,0,0
0.375906,-0.34909,0.828252,0,0,0,0,3.98705e-08,2.84562e-08,1.75066e-08,1143,1121,1122,1142,1144,1164,1165,2714,2715,2735,2736,2737,2757,2758,0,0,0,0,0,0,0,0,0,1121,1122,1142,1144,1164,1165,2714,2715,2735,2736,2737,2757,2758,0,0,0,0,0,0,0,0,0,0.0467168,0.0509968,0.0439868,0.0445251,0.0515288,0.0475732,0.111534,0.113318,0.110445,0.0999697,0.110691,0.113605,0.112054,0,0,0,0,0,0,0,0,0,0.0468873,0.0506426,0.0442984,0.0448103,0.051162,0.0478202,0.111573,0.113402,0.110383,0.1,0.110609,0.113652,0.112013,0,0,0,0,0,0,0,0,0,1,1,1,1,1,1,1,1,1,1,1,1,1,0,0,0,0,0,0,0,0,0,1,1,1,1,1,1,1,1,1,1,1,1,1,0,0,0,0,0,0,0,0,0,1,0,0,0,0,0,0,0,0,0,0,0,0,0,0,0,0,0,0,0,0,0,0,13,0,0,0,0,0,0,0,0,0,0,0,0,0,0,0,0,0,0,0,0,0,0,0,0,0,0,0,0,0,0,0,0,0,0,0,0,0,0,0,0,0,0,0,0,0,0,0,0
0.409896,-0.323894,0.814384,0,0,0,0,4.80597e-08,2.43827e-08,2.86261e-08,1144,1122,1123,1143,1145,1165,1166,2715,2716,2736,2737,2738,2758,2759,0,0,0,0,0,0,0,0,0,1122,1123,1143,1145,1165,1166,2715,2716,2736,2737,2738,2758,2759,0,0,0,0,0,0,0,0,0,0.0465313,0.0510448,0.0445251,0.044714,0.0517227,0.0472836,0.111488,0.113363,0.110678,0.0999845,0.110765,0.113719,0.111949,0,0,0,0,0,0,0,0,0,0.0468097,0.0507325,0.0448103,0.0449728,0.0513999,0.0476303,0.111533,0.113449,0.110613,0.1,0.110681,0.113772,0.111921,0,0,0,0,0,0,0,0,0,1,1,1,1,1,1,1,1,1,1,1,1,1,0,0,0,0,0,0,0,0,0,1,1,1,1,1,1,1,1,1,1,1,1,1,0,0,0,0,0,0,0,0,0,1,0,0,0,0,0,0,0,0,0,0,0,0,0,0,0,0,0,0,0,0,0,0,13,0,0,0,0,0,0,0,0,0,0,0,0,0,0,0,0,0,0,0,0,0,0,0,0,0,0,0,0,0,0,0,0,0,0,0,0,0,0,0,0,0,0,0,0,0,0,0,0
0.442523,-0.298159,0.797878,0,0,0,0,5.71362e-08,2.06926e-08,3.97971e-08,1145,1123,1124,1144,1146,1166,1167,2716,2717,2737,2738,2739,2759,2760,0,0,0,0,0,0,0,0,0,1123,1124,1144,1146,1166,1167,2716,2717,2737,2738,2739,2759,2760,0,0,0,0,0,0,0,0,0,0.046209,0.0507459,0.044714,0.0443678,0.0516004,0.0468375,0.111373,0.113237,0.110754,0.0999958,0.110593,0.113675,0.111756,0,0,0,0,0,0,0,0,0,0.0465606,0.0504787,0.0449728,0.044601,0.0513268,0.047245,0.111415,0.113325,0.110686,0.1,0.110514,0.113736,0.111738,0,0,0,0,0,0,0,0,0,1,1,1,1,1,1,1,1,1,1,1,1,1,0,0,0,0,0,0,0,0,0,1,1,1,1,1,1,1,1,1,1,1,1,1,0,0,0,0,0,0,0,0,0,1,0,0,0,0,0,0,0,0,0,0,0,0,0,0,0,0,0,0,0,0,0,0,13,0,0,0,0,0,0,0,0,0,0,0,0,0,0,0,0,0,0,0,0,0,0,0,0,0,0,0,0,0,0,0,0,0,0,0,0,0,0,0,0,0,0,0,0,0,0,0,0
0.473303,-0.272338,0.779051,0,0,0,0,6.69513e-08,1.74349e-08,5.07458e-08,1146,1124,1125,1145,1147,1167,1168,2717,2718,2738,2739,2740,2760,2761,0,0,0,0,0,0,0,0,0,1124,1125,1145,1147,1167,1168,2717,2718,2738,2739,2740,2760,2761,0,0,0,0,0,0,0,0,0,0.0456057,0.0502644,0.0443678,0.0437154,0.0512279,0.0460218,0.11112,0.11302,0.110586,0.100003,0.110281,0.113507,0.111383,0,0,0,0,0,0,0,0,0,0.0459986,0.0500414,0.044601,0.0439225,0.0510031,0.0464591,0.111152,0.113109,0.110519,0.1,0.110211,0.113575,0.111369,0,0,0,0,0,0,0,0,0,1,1,1,1,1,1,1,1,1,1,1,1,1,0,0,0,0,0,0,0,0,0,1,1,1,1,1,1,1,1,1,1,1,1,1,0,0,0,0,0,0,0,0,0,1,0,0,0,0,0,0,0,0,0,0,0,0,0,0,0,0,0,0,0,0,0,0,13,0,0,0,0,0,0,0,0,0,0,0,0,0,0,0,0,0,0,0,0,0,0,0,0,0,0,0,0,0,0,0,0,0,0,0,0,0,0,0,0,0,0,0,0,0,0,0,0
0.50207,-0.247187,0.757818,0,0,0,0,7.73938e-08,1.46443e-08,6.12439e-08,1147,1125,1126,1146,1148,1168,1169,2718,2719,2739,2740,2741,2761,2762,0,0,0,0,0,0,0,0,0,1125,1126,1146,1148,1168,1169,2718,2719,2739,2740,2741,2761,2762,0,0,0,0,0,0,0,0,0,0.044526,0.0502414,0.0437154,0.0440167,0.0510582,0.044827,0.110648,0.113023,0.11028,0.100008,0.110389,0.113442,0.110846,0,0,0,0,0,0,0,0,0,0.0449411,0.0500542,0.0439225,0.0441949,0.0508761,0.0452805,0.110668,0.113116,0.110216,0.1,0.110333,0.113511,0.110826,0,0,0,0,0,0,0,0,0,1,1,1,1,1,1,1,1,1,1,1,1,1,0,0,0,0,0,0,0,0,0,1,1,1,1,1,1,1,1,1,1,1,1,1,0,0,0,0,0,0,0,0,0,1,0,0,0,0,0,0,0,0,0,0,0,0,0,0,0,0,0,0,0,0,0,0,13,0,0,0,0,0,0,0,0,0,0,0,0,0,0,0,0,0,0,0,0,0,0,0,0,0,0,0,0,0,0,0,0,0,0,0,0,0,0,0,0,0,0,0,0,0,0,0,0
0.529447,-0.222758,0.733502,0,0,0,0,8.86542e-08,1.2261e-08,7.13816e-08,1148,1126,1127,1147,1149,1169,1170,2719,2720,2740,2741,2742,2762,2763,0,0,0,0,0,0,0,0,0,1126,1127,1147,1149,1169,1170,2719,2720,2740,2741,2742,2762,2763,0,0,0,0,0,0,0,0,0,0.04356,0.0503746,0.0440167,0.0450746,0.0512666,0.0439977,0.110229,0.113097,0.110397,0.10001,0.11084,0.113565,0.110479,0,0,0,0,0,0,0,0,0,0.043991,0.0502088,0.0441949,0.045225,0.0511135,0.0444579,0.110241,0.113192,0.110337,0.1,0.110798,0.11363,0.110453,0,0,0,0,0,0,0,0,0,1,1,1,1,1,1,1,1,1,1,1,1,1,0,0,0,0,0,0,0,0,0,1,1,1,1,1,1,1,1,1,1,1,1,1,0,0,0,0,0,0,0,0,0,1,0,0,0,0,0,0,0,0,0,0,0,0,0,0,0,0,0,0,0,0,0,0,13,0,0,0,0,0,0,0,0,0,0,0,0,0,0,0,0,0,0,0,0,0,0,0,0,0,0,0,0,0,0,0,0,0,0,0,0,0,0,0,0,0,0,0,0,0,0,0,0
0.555645,-0.198193,0.706264,0,0,0,0,1.00844e-07,1.01684e-08,8.12373e-08,1149,1127,1128,1148,1150,1170,1171,2720,2721,2741,2742,2743,2763,2764,0,0,0,0,0,0,0,0,0,1127,1128,1148,1150,1170,1171,2720,2721,2741,2742,2743,2763,2764,0,0,0,0,0,0,0,0,0,0.0431133,0.0499566,0.0450746,0.0456184,0.051053,0.0434896,0.11004,0.112905,0.110854,0.10001,0.111066,0.113471,0.110248,0,0,0,0,0,0,0,0,0,0.0435477,0.0498051,0.045225,0.0457438,0.0509167,0.0439432,0.110043,0.112993,0.110801,0.1,0.111036,0.113531,0.110223,0,0,0,0,0,0,0,0,0,1,1,1,1,1,1,1,1,1,1,1,1,1,0,0,0,0,0,0,0,0,0,1,1,1,1,1,1,1,1,1,1,1,1,1,0,0,0,0,0,0,0,0,0,1,0,0,0,0,0,0,0,0,0,0,0,0,0,0,0,0,0,0,0,0,0,0,13,0,0,0,0,0,0,0,0,0,0,0,0,0,0,0,0,0,0,0,0,0,0,0,0,0,0,0,0,0,0,0,0,0,0,0,0,0,0,0,0,0,0,0,0,0,0,0,0
0.580145,-0.173329,0.676895,0,0,0,0,1.13737e-07,8.30513e-09,9.05877e-08,1150,1128,1129,1149,1151,1171,1172,2721,2722,2742,2743,2744,2764,2765,0,0,0,0,0,0,0,0,0,1128,1129,1149,1151,1171,1172,2721,2722,2742,2743,2744,2764,2765,0,0,0,0,0,0,0,0,0,0.0426573,0.0491512,0.0456184,0.0455665,0.0503442,0.0429154,0.109844,0.112529,0.111081,0.100011,0.111022,0.113129,0.109984,0,0,0,0,0,0,0,0,0,0.0430825,0.0490127,0.0457438,0.0456697,0.0502206,0.0433511,0.109839,0.112605,0.111038,0.1,0.111003,0.113185,0.10996,0,0,0,0,0,0,0,0,0,1,1,1,1,1,1,1,1,1,1,1,1,1,0,0,0,0,0,0,0,0,0,1,1,1,1,1,1,1,1,1,1,1,1,1,0,0,0,0,0,0,0,0,0,1,0,0,0,0,0,0,0,0,0,0,0,0,0,0,0,0,0,0,0,0,0,0,13,0,0,0,0,0,0,0,0,0,0,0,0,0,0,0,0,0,0,0,0,0,0,0,0,0,0,0,0,0,0,0,0,0,0,0,0,0,0,0,0,0,0,0,0,0,0,0,0
0.602547,-0.148496,0.645946,0,0,0,0,1.27086e-07,6.62356e-09,9.92075e-08,1151,1129,1130,1150,1152,1172,1173,2722,2723,2743,2744,2745,2765,2766,0,0,0,0,0,0,0,0,0,1129,1130,1150,1152,1172,1173,2722,2723,2743,2744,2745,2765,2766,0,0,0,0,0,0,0,0,0,0.0420356,0.048151,0.0455665,0.0451292,0.04939,0.0422135,0.109573,0.112063,0.111037,0.10001,0.110808,0.112671,0.109666,0,0,0,0,0,0,0,0,0,0.0424417,0.0480247,0.0456697,0.0452141,0.0492781,0.0426247,0.10956,0.112129,0.111005,0.1,0.110797,0.112722,0.109642,0,0,0,0,0,0,0,0,0,1,1,1,1,1,1,1,1,1,1,1,1,1,0,0,0,0,0,0,0,0,0,1,1,1,1,1,1,1,1,1,1,1,1,1,0,0,0,0,0,0,0,0,0,1,0,0,0,0,0,0,0,0,0,0,0,0,0,0,0,0,0,0,0,0,0,0,13,0,0,0,0,0,0,0,0,0,0,0,0,0,0,0,0,0,0,0,0,0,0,0,0,0,0,0,0,0,0,0,0,0,0,0,0,0,0,0,0,0,0,0,0,0,0,0,0
0.622667,-0.124014,0.613814,0,0,0,0,1.40692e-07,5.0651e-09,1.06967e-07,1152,1130,1131,1151,1153,1173,1174,2723,2724,2744,2745,2746,2766,2767,0,0,0,0,0,0,0,0,0,1130,1131,1151,1153,1173,1174,2723,2724,2744,2745,2746,2766,2767,0,0,0,0,0,0,0,0,0,0.0412919,0.0470299,0.0451292,0.0444422,0.0482985,0.0414099,0.109247,0.111549,0.110817,0.100009,0.110489,0.112155,0.109307,0,0,0,0,0,0,0,0,0,0.0416743,0.0469161,0.0452141,0.0445144,0.0481972,0.0417945,0.109231,0.111603,0.110797,0.1,0.110482,0.1122,0.109285,0,0,0,0,0,0,0,0,0,1,1,1,1,1,1,1,1,1,1,1,1,1,0,0,0,0,0,0,0,0,0,1,1,1,1,1,1,1,1,1,1,1,1,1,0,0,0,0,0,0,0,0,0,1,0,0,0,0,0,0,0,0,0,0,0,0,0,0,0,0,0,0,0,0,0,0,13,0,0,0,0,0,0,0,0,0,0,0,0,0,0,0,0,0,0,0,0,0,0,0,0,0,0,0,0,0,0,0,0,0,0,0,0,0,0,0,0,0,0,0,0,0,0,0,0
0.640446,-0.100114,0.580833,0,0,0,0,1.544e-07,3.56833e-09,1.13802e-07,1153,1131,1132,1152,1154,1174,1175,2724,2725,2745,2746,2747,2767,2768,0,0,0,0,0,0,0,0,0,1131,1132,1152,1154,1174,1175,2724,2725,2745,2746,2747,2767,2768,0,0,0,0,0,0,0,0,0,0.0404658,0.0458143,0.0444422,0.04357,0.0471074,0.0405373,0.108888,0.111016,0.110488,0.100007,0.110096,0.111598,0.108921,0,0,0,0,0,0,0,0,0,0.0408245,0.0457191,0.0445144,0.0436367,0.0470171,0.0408942,0.108873,0.111047,0.110482,0.1,0.110093,0.11164,0.108904,0,0,0,0,0,0,0,0,0,1,1,1,1,1,1,1,1,1,1,1,1,1,0,0,0,0,0,0,0,0,0,1,1,1,1,1,1,1,1,1,1,1,1,1,0,0,0,0,0,0,0,0,0,1,0,0,0,0,0,0,0,0,0,0,0,0,0,0,0,0,0,0,0,0,0,0,13,0,0,0,0,0,0,0,0,0,0,0,0,0,0,0,0,0,0,0,0,0,0,0,0,0,0,0,0,0,0,0,0,0,0,0,0,0,0,0,0,0,0,0,0,0,0,0,0
0.655888,-0.0769535,0.547314,0,0,0,0,1.68098e-07,2.0656e-09,1.19639e-07,1154,1132,1133,1153,1155,1175,1176,2725,2726,2746,2747,2748,2768,2769,0,0,0,0,0,0,0,0,0,1132,1133,1153,1155,1175,1176,2725,2726,2746,2747,2748,2768,2769,0,0,0,0,0,0,0,0,0,0.0395884,0.0445031,0.04357,0.0425777,0.0458335,0.0396156,0.108525,0.11048,0.110086,0.100007,0.109631,0.111013,0.108518,0,0,0,0,0,0,0,0,0,0.039922,0.0444547,0.0436367,0.0426227,0.0457601,0.0399493,0.108499,0.110471,0.110091,0.1,0.109651,0.111056,0.108512,0,0,0,0,0,0,0,0,0,1,1,1,1,1,1,1,1,1,1,1,1,1,0,0,0,0,0,0,0,0,0,1,1,1,1,1,1,1,1,1,1,1,1,1,0,0,0,0,0,0,0,0,0,1,0,0,0,0,0,0,0,0,0,0,0,0,0,0,0,0,0,0,0,0,0,0,13,0,0,0,0,0,0,0,0,0,0,0,0,0,0,0,0,0,0,0,0,0,0,0,0,0,0,0,0,0,0,0,0,0,0,0,0,0,0,0,0,0,0,0,0,0,0,0,0
0.669041,-0.0546563,0.51351,0,0,0,0,1.8175e-07,1.42768e-10,1.24023e-07,1155,1133,1134,1154,1156,1176,1177,2726,2727,2747,2748,2749,2769,2770,0,0,0,0,0,0,0,0,0,1133,1134,1154,1156,1176,1177,2726,2727,2747,2748,2749,2769,2770,0,0,0,0,0,0,0,0,0,0.0386414,0.0432889,0.0425777,0.0414343,0.0445259,0.0386882,0.108162,0.10984,0.109654,0.100009,0.109151,0.110441,0.108133,0,0,0,0,0,0,0,0,0,0.0389875,0.0431404,0.0426227,0.0415072,0.0444445,0.0389807,0.10812,0.109888,0.109649,0.1,0.109174,0.110458,0.108118,0,0,0,0,0,0,0,0,0,1,1,1,1,1,1,1,1,1,1,1,1,1,0,0,0,0,0,0,0,0,0,1,1,1,1,1,1,1,1,1,1,1,1,1,0,0,0,0,0,0,0,0,0,1,0,0,0,0,0,0,0,0,0,0,0,0,0,0,0,0,0,0,0,0,0,0,13,0,0,0,0,0,0,0,0,0,0,0,0,0,0,0,0,0,0,0,0,0,0,0,0,0,0,0,0,0,0,0,0,0,0,0,0,0,0,0,0,0,0,0,0,0,0,0,0
0.67999,-0.0332917,0.47974,0,0,0,0,1.9498e-07,-2.13998e-09,1.27756e-07,1156,1134,1155,1177,1178,2727,2748,2749,2770,2771,0,0,0,0,0,0,0,0,0,0,0,0,0,1134,1155,1177,1178,2727,2748,2749,2770,2771,0,0,0,0,0,0,0,0,0,0,0,0,0,0.0378838,0.0414343,0.0431536,0.0377724,0.107709,0.109178,0.100003,0.109851,0.107751,0,0,0,0,0,0,0,0,0,0,0,0,0,0.0380391,0.0415072,0.0430865,0.03801,0.107743,0.109172,0.1,0.109856,0.107732,0,0,0,0,0,0,0,0,0,0,0,0,0,1,1,1,1,1,1,1,1,1,0,0,0,0,0,0,0,0,0,0,0,0,0,1,1,1,1,1,1,1,1,1,0,0,0,0,0,0,0,0,0,0,0,0,0,1,0,0,0,0,0,0,0,0,0,0,0,0,0,0,0,0,0,0,0,0,0,0,9,0,0,0,0,0,0,0,0,0,0,0,0,0,0,0,0,0,0,0,0,0,0,0,0,0,0,0,0,0,0,0,0,0,0,0,0,0,0,0,0,0,0,0,0,0,0,0,0
0.0971895,-0.484092,0.869201,0,0,0,0,5.33862e-09,5.80365e-08,-4.42927e-08,1157,46,47,1135,1136,1158,1179,1639,1640,2728,2729,2750,2751,2772,0,0,0,0,0,0,0,0,0,46,47,1135,1136,1158,1179,1639,1640,2728,2729,2750,2751,2772,0,0,0,0,0,0,0,0,0,0.0369548,0.0425359,0.0448584,0.0442281,0.0391679,0.0464593,0.107846,0.110082,0.11015,0.110002,0.099721,0.108319,0.111122,0,0,0,0,0,0,0,0,0,0.0369529,0.0435489,0.0436412,0.0446987,0.0392906,0.0450647,0.107415,0.110122,0.110112,0.110562,0.1,0.108253,0.110741,0,0,0,0,0,0,0,0,0,1,1,1,1,1,1,1,1,1,1,1,1,1,0,0,0,0,0,0,0,0,0,1,1,1,1,1,1,1,1,1,1,1,1,1,0,0,0,0,0,0,0,0,0,1,0,0,0,0,0,0,0,0,0,0,0,0,0,0,0,0,0,0,0,0,0,0,13,0,0,0,0,0,0,0,0,0,0,0,0,0,0,0,0,0,0,0,0,0,0,0,0,0,0,0,0,0,0,0,0,0,0,0,0,0,0,0,0,0,0,0,0,0,0,0,0
0.131251,-0.466766,0.877789,0,0,0,0,7.30632e-09,5.29896e-08,-3.81756e-08,1158,1136,1137,1157,1159,1179,1180,2729,2730,2750,2751,2752,2772,2773,0,0,0,0,0,0,0,0,0,1136,1137,1157,1159,1179,1180,2729,2730,2750,2751,2752,2772,2773,0,0,0,0,0,0,0,0,0,0.0458095,0.0456024,0.0391679,0.0399281,0.0451241,0.0473276,0.110731,0.110637,0.108472,0.0998358,0.108672,0.110769,0.111658,0,0,0,0,0,0,0,0,0,0.0446925,0.0457839,0.0392906,0.0402145,0.0456455,0.0460973,0.110581,0.111057,0.108249,0.1,0.10863,0.110996,0.111213,0,0,0,0,0,0,0,0,0,1,1,1,1,1,1,1,1,1,1,1,1,1,0,0,0,0,0,0,0,0,0,1,1,1,1,1,1,1,1,1,1,1,1,1,0,0,0,0,0,0,0,0,0,1,0,0,0,0,0,0,0,0,0,0,0,0,0,0,0,0,0,0,0,0,0,0,13,0,0,0,0,0,0,0,0,0,0,0,0,0,0,0,0,0,0,0,0,0,0,0,0,0,0,0,0,0,0,0,0,0,0,0,0,0,0,0,0,0,0,0,0,0,0,0,0
0.166,-0.448021,0.883735,0,0,0,0,9.76561e-09,4.80315e-08,-3.12951e-08,1159,1137,1138,1158,1160,1180,1181,2730,2731,2751,2752,2753,2773,2774,0,0,0,0,0,0,0,0,0,1137,1138,1158,1160,1180,1181,2730,2731,2751,2752,2753,2773,2774,0,0,0,0,0,0,0,0,0,0.0465683,0.0469734,0.0399281,0.0408578,0.0465904,0.0479902,0.111131,0.111251,0.108813,0.099827,0.109056,0.111389,0.111983,0,0,0,0,0,0,0,0,0,0.0456149,0.0469058,0.0402145,0.0412212,0.0467786,0.0469861,0.110999,0.111579,0.108626,0.1,0.109049,0.111521,0.111626,0,0,0,0,0,0,0,0,0,1,1,1,1,1,1,1,1,1,1,1,1,1,0,0,0,0,0,0,0,0,0,1,1,1,1,1,1,1,1,1,1,1,1,1,0,0,0,0,0,0,0,0,0,1,0,0,0,0,0,0,0,0,0,0,0,0,0,0,0,0,0,0,0,0,0,0,13,0,0,0,0,0,0,0,0,0,0,0,0,0,0,0,0,0,0,0,0,0,0,0,0,0,0,0,0,0,0,0,0,0,0,0,0,0,0,0,0,0,0,0,0,0,0,0,0
0.201403,-0.427854,0.886787,0,0,0,0,1.2829e-08,4.31779e-08,-2.36264e-08,1160,1138,1139,1159,1161,1181,1182,2731,2732,2752,2753,2754,2774,2775,0,0,0,0,0,0,0,0,0,1138,1139,1159,1161,1181,1182,2731,2732,2752,2753,2754,2774,2775,0,0,0,0,0,0,0,0,0,0.0471388,0.0482475,0.0408578,0.0418357,0.0480135,0.0484504,0.11147,0.111857,0.109174,0.0998511,0.109483,0.111967,0.112258,0,0,0,0,0,0,0,0,0,0.0463952,0.0480039,0.0412212,0.0422306,0.0479297,0.0477119,0.111357,0.112101,0.109046,0.1,0.109478,0.112066,0.111968,0,0,0,0,0,0,0,0,0,1,1,1,1,1,1,1,1,1,1,1,1,1,0,0,0,0,0,0,0,0,0,1,1,1,1,1,1,1,1,1,1,1,1,1,0,0,0,0,0,0,0,0,0,1,0,0,0,0,0,0,0,0,0,0,0,0,0,0,0,0,0,0,0,0,0,0,13,0,0,0,0,0,0,0,0,0,0,0,0,0,0,0,0,0,0,0,0,0,0,0,0,0,0,0,0,0,0,0,0,0,0,0,0,0,0,0,0,0,0,0,0,0,0,0,0
0.237304,-0.406374,0.886784,0,0,0,0,1.65951e-08,3.84522e-08,-1.51944e-08,1161,1139,1140,1160,1162,1182,1183,2732,2733,2753,2754,2755,2775,2776,0,0,0,0,0,0,0,0,0,1139,1140,1160,1162,1182,1183,2732,2733,2753,2754,2755,2775,2776,0,0,0,0,0,0,0,0,0,0.0475304,0.0493769,0.0418357,0.0428123,0.0493,0.0487205,0.111721,0.112413,0.109569,0.0998748,0.109917,0.112534,0.112448,0,0,0,0,0,0,0,0,0,0.0470181,0.0490267,0.0422306,0.0432052,0.0490395,0.0482572,0.111646,0.112596,0.109476,0.1,0.109899,0.1126,0.112227,0,0,0,0,0,0,0,0,0,1,1,1,1,1,1,1,1,1,1,1,1,1,0,0,0,0,0,0,0,0,0,1,1,1,1,1,1,1,1,1,1,1,1,1,0,0,0,0,0,0,0,0,0,1,0,0,0,0,0,0,0,0,0,0,0,0,0,0,0,0,0,0,0,0,0,0,13,0,0,0,0,0,0,0,0,0,0,0,0,0,0,0,0,0,0,0,0,0,0,0,0,0,0,0,0,0,0,0,0,0,0,0,0,0,0,0,0,0,0,0,0,0,0,0,0
0.273477,-0.383698,0.883599,0,0,0,0,2.11568e-08,3.38935e-08,-6.05124e-09,1162,1140,1141,1161,1163,1183,1184,2733,2734,2754,2755,2756,2776,2777,0,0,0,0,0,0,0,0,0,1140,1141,1161,1163,1183,1184,2733,2734,2754,2755,2756,2776,2777,0,0,0,0,0,0,0,0,0,0.0477537,0.0503218,0.0428123,0.0437442,0.050405,0.0488156,0.111892,0.112895,0.109971,0.099902,0.110339,0.113048,0.112559,0,0,0,0,0,0,0,0,0,0.0474716,0.0499258,0.0432052,0.0441165,0.0500507,0.0486119,0.111856,0.113039,0.109899,0.1,0.110301,0.113096,0.112396,0,0,0,0,0,0,0,0,0,1,1,1,1,1,1,1,1,1,1,1,1,1,0,0,0,0,0,0,0,0,0,1,1,1,1,1,1,1,1,1,1,1,1,1,0,0,0,0,0,0,0,0,0,1,0,0,0,0,0,0,0,0,0,0,0,0,0,0,0,0,0,0,0,0,0,0,13,0,0,0,0,0,0,0,0,0,0,0,0,0,0,0,0,0,0,0,0,0,0,0,0,0,0,0,0,0,0,0,0,0,0,0,0,0,0,0,0,0,0,0,0,0,0,0,0
0.309645,-0.359949,0.877164,0,0,0,0,2.6591e-08,2.95472e-08,3.71816e-09,1163,1141,1142,1162,1164,1184,1185,2734,2735,2755,2756,2757,2777,2778,0,0,0,0,0,0,0,0,0,1141,1142,1162,1164,1184,1185,2734,2735,2755,2756,2757,2777,2778,0,0,0,0,0,0,0,0,0,0.0478231,0.0510497,0.0437442,0.0445857,0.0512884,0.0487563,0.111986,0.113279,0.110366,0.0999289,0.110722,0.113481,0.112592,0,0,0,0,0,0,0,0,0,0.0477517,0.0506537,0.0441165,0.0449286,0.0509073,0.0487778,0.111985,0.113403,0.110302,0.1,0.110664,0.113523,0.112474,0,0,0,0,0,0,0,0,0,1,1,1,1,1,1,1,1,1,1,1,1,1,0,0,0,0,0,0,0,0,0,1,1,1,1,1,1,1,1,1,1,1,1,1,0,0,0,0,0,0,0,0,0,1,0,0,0,0,0,0,0,0,0,0,0,0,0,0,0,0,0,0,0,0,0,0,13,0,0,0,0,0,0,0,0,0,0,0,0,0,0,0,0,0,0,0,0,0,0,0,0,0,0,0,0,0,0,0,0,0,0,0,0,0,0,0,0,0,0,0,0,0,0,0,0
0.345489,-0.335264,0.867481,0,0,0,0,3.29532e-08,2.54611e-08,1.39965e-08,1164,1142,1143,1163,1165,1185,1186,2735,2736,2756,2757,2758,2778,2779,0,0,0,0,0,0,0,0,0,1142,1143,1163,1165,1185,1186,2735,2736,2756,2757,2758,2778,2779,0,0,0,0,0,0,0,0,0,0.0477564,0.0515288,0.0445857,0.0452718,0.0519171,0.0485684,0.11201,0.113544,0.110731,0.0999534,0.111032,0.113804,0.112555,0,0,0,0,0,0,0,0,0,0.0478635,0.051162,0.0449286,0.0455826,0.0515541,0.0487702,0.112035,0.11366,0.110667,0.1,0.11096,0.113849,0.112469,0,0,0,0,0,0,0,0,0,1,1,1,1,1,1,1,1,1,1,1,1,1,0,0,0,0,0,0,0,0,0,1,1,1,1,1,1,1,1,1,1,1,1,1,0,0,0,0,0,0,0,0,0,1,0,0,0,0,0,0,0,0,0,0,0,0,0,0,0,0,0,0,0,0,0,0,13,0,0,0,0,0,0,0,0,0,0,0,0,0,0,0,0,0,0,0,0,0,0,0,0,0,0,0,0,0,0,0,0,0,0,0,0,0,0,0,0,0,0,0,0,0,0,0,0
0.380641,-0.30979,0.854639,0,0,0,0,4.02659e-08,2.16802e-08,2.46331e-08,1165,1143,1144,1164,1166,1186,1187,2736,2737,2757,2758,2759,2779,2780,0,0,0,0,0,0,0,0,0,1143,1144,1164,1166,1186,1187,2736,2737,2757,2758,2759,2779,2780,0,0,0,0,0,0,0,0,0,0.0475732,0.0517227,0.0452718,0.0456914,0.0522573,0.04828,0.111973,0.113667,0.111032,0.0999739,0.111215,0.113991,0.112457,0,0,0,0,0,0,0,0,0,0.0478202,0.0513999,0.0455826,0.0459702,0.0519369,0.0486144,0.112011,0.113783,0.110965,0.1,0.111137,0.114043,0.112392,0,0,0,0,0,0,0,0,0,1,1,1,1,1,1,1,1,1,1,1,1,1,0,0,0,0,0,0,0,0,0,1,1,1,1,1,1,1,1,1,1,1,1,1,0,0,0,0,0,0,0,0,0,1,0,0,0,0,0,0,0,0,0,0,0,0,0,0,0,0,0,0,0,0,0,0,13,0,0,0,0,0,0,0,0,0,0,0,0,0,0,0,0,0,0,0,0,0,0,0,0,0,0,0,0,0,0,0,0,0,0,0,0,0,0,0,0,0,0,0,0,0,0,0,0
0.414678,-0.283716,0.838849,0,0,0,0,4.85034e-08,1.82441e-08,3.54382e-08,1166,1144,1145,1165,1167,1187,1188,2737,2738,2758,2759,2760,2780,2781,0,0,0,0,0,0,0,0,0,1144,1145,1165,1167,1187,1188,2737,2738,2758,2759,2760,2780,2781,0,0,0,0,0,0,0,0,0,0.0472836,0.0516004,0.0456914,0.0456456,0.0522744,0.0479023,0.111878,0.113632,0.111212,0.0999898,0.111177,0.114018,0.1123,0,0,0,0,0,0,0,0,0,0.0476303,0.0513268,0.0459702,0.045893,0.0520054,0.0483228,0.111918,0.113748,0.111143,0.1,0.111102,0.114079,0.112251,0,0,0,0,0,0,0,0,0,1,1,1,1,1,1,1,1,1,1,1,1,1,0,0,0,0,0,0,0,0,0,1,1,1,1,1,1,1,1,1,1,1,1,1,0,0,0,0,0,0,0,0,0,1,0,0,0,0,0,0,0,0,0,0,0,0,0,0,0,0,0,0,0,0,0,0,13,0,0,0,0,0,0,0,0,0,0,0,0,0,0,0,0,0,0,0,0,0,0,0,0,0,0,0,0,0,0,0,0,0,0,0,0,0,0,0,0,0,0,0,0,0,0,0,0
0.447097,-0.257373,0.820447,0,0,0,0,5.75658e-08,1.519e-08,4.61687e-08,1167,1145,1146,1166,1168,1188,1189,2738,2739,2759,2760,2761,2781,2782,0,0,0,0,0,0,0,0,0,1145,1146,1166,1168,1188,1189,2738,2739,2759,2760,2761,2781,2782,0,0,0,0,0,0,0,0,0,0.0468375,0.0512279,0.0456456,0.0450275,0.0519839,0.0473252,0.111701,0.113473,0.111177,0.100001,0.110873,0.113889,0.112034,0,0,0,0,0,0,0,0,0,0.047245,0.0510031,0.045893,0.0452453,0.0517667,0.0477905,0.111733,0.113587,0.111107,0.1,0.110806,0.113959,0.111996,0,0,0,0,0,0,0,0,0,1,1,1,1,1,1,1,1,1,1,1,1,1,0,0,0,0,0,0,0,0,0,1,1,1,1,1,1,1,1,1,1,1,1,1,0,0,0,0,0,0,0,0,0,1,0,0,0,0,0,0,0,0,0,0,0,0,0,0,0,0,0,0,0,0,0,0,13,0,0,0,0,0,0,0,0,0,0,0,0,0,0,0,0,0,0,0,0,0,0,0,0,0,0,0,0,0,0,0,0,0,0,0,0,0,0,0,0,0,0,0,0,0,0,0,0
0.477472,-0.231414,0.799688,0,0,0,0,6.72984e-08,1.25497e-08,5.65553e-08,1168,1146,1147,1167,1169,1189,1190,2739,2740,2760,2761,2762,2782,2783,0,0,0,0,0,0,0,0,0,1146,1147,1167,1169,1189,1190,2739,2740,2760,2761,2762,2782,2783,0,0,0,0,0,0,0,0,0,0.0460218,0.0510582,0.0450275,0.0446766,0.0516801,0.0462172,0.111344,0.11341,0.110878,0.100008,0.11069,0.113756,0.111518,0,0,0,0,0,0,0,0,0,0.0464591,0.0508761,0.0452453,0.0448652,0.0515104,0.0467013,0.111364,0.113524,0.110811,0.1,0.110635,0.113829,0.111482,0,0,0,0,0,0,0,0,0,1,1,1,1,1,1,1,1,1,1,1,1,1,0,0,0,0,0,0,0,0,0,1,1,1,1,1,1,1,1,1,1,1,1,1,0,0,0,0,0,0,0,0,0,1,0,0,0,0,0,0,0,0,0,0,0,0,0,0,0,0,0,0,0,0,0,0,13,0,0,0,0,0,0,0,0,0,0,0,0,0,0,0,0,0,0,0,0,0,0,0,0,0,0,0,0,0,0,0,0,0,0,0,0,0,0,0,0,0,0,0,0,0,0,0,0
0.506085,-0.206468,0.776129,0,0,0,0,7.77255e-08,1.03067e-08,6.6531e-08,1169,1147,1148,1168,1170,1190,1191,2740,2741,2761,2762,2763,2783,2784,0,0,0,0,0,0,0,0,0,1147,1148,1168,1170,1190,1191,2740,2741,2761,2762,2763,2783,2784,0,0,0,0,0,0,0,0,0,0.044827,0.0512666,0.0446766,0.0455758,0.0519151,0.0449586,0.110811,0.113528,0.1107,0.100011,0.111071,0.113895,0.110945,0,0,0,0,0,0,0,0,0,0.0452805,0.0511135,0.0448652,0.0457327,0.0517805,0.0454517,0.110821,0.113642,0.110639,0.1,0.111031,0.113966,0.110904,0,0,0,0,0,0,0,0,0,1,1,1,1,1,1,1,1,1,1,1,1,1,0,0,0,0,0,0,0,0,0,1,1,1,1,1,1,1,1,1,1,1,1,1,0,0,0,0,0,0,0,0,0,1,0,0,0,0,0,0,0,0,0,0,0,0,0,0,0,0,0,0,0,0,0,0,13,0,0,0,0,0,0,0,0,0,0,0,0,0,0,0,0,0,0,0,0,0,0,0,0,0,0,0,0,0,0,0,0,0,0,0,0,0,0,0,0,0,0,0,0,0,0,0,0
0.533583,-0.181915,0.74933,0,0,0,0,8.90805e-08,8.363e-09,7.62651e-08,1170,1148,1149,1169,1171,1191,1192,2741,2742,2762,2763,2764,2784,2785,0,0,0,0,0,0,0,0,0,1148,1149,1169,1171,1191,1192,2741,2742,2762,2763,2764,2784,2785,0,0,0,0,0,0,0,0,0,0.0439977,0.051053,0.0455758,0.0464817,0.0520087,0.0442663,0.110447,0.113436,0.111088,0.100013,0.111463,0.113957,0.110628,0,0,0,0,0,0,0,0,0,0.0444579,0.0509167,0.0457327,0.0466075,0.0518933,0.0447551,0.110449,0.113543,0.111034,0.1,0.111436,0.114022,0.110587,0,0,0,0,0,0,0,0,0,1,1,1,1,1,1,1,1,1,1,1,1,1,0,0,0,0,0,0,0,0,0,1,1,1,1,1,1,1,1,1,1,1,1,1,0,0,0,0,0,0,0,0,0,1,0,0,0,0,0,0,0,0,0,0,0,0,0,0,0,0,0,0,0,0,0,0,13,0,0,0,0,0,0,0,0,0,0,0,0,0,0,0,0,0,0,0,0,0,0,0,0,0,0,0,0,0,0,0,0,0,0,0,0,0,0,0,0,0,0,0,0,0,0,0,0
0.559661,-0.1571,0.719925,0,0,0,0,1.0128e-07,6.63815e-09,8.564e-08,1171,1149,1150,1170,1172,1192,1193,2742,2743,2763,2764,2765,2785,2786,0,0,0,0,0,0,0,0,0,1149,1150,1170,1172,1192,1193,2742,2743,2763,2764,2765,2785,2786,0,0,0,0,0,0,0,0,0,0.0434896,0.0503442,0.0464817,0.0466973,0.0514328,0.0437269,0.110226,0.113103,0.111483,0.100013,0.111541,0.113676,0.110373,0,0,0,0,0,0,0,0,0,0.0439432,0.0502206,0.0466075,0.0467956,0.051329,0.0441981,0.110218,0.113196,0.111439,0.1,0.111525,0.113737,0.110336,0,0,0,0,0,0,0,0,0,1,1,1,1,1,1,1,1,1,1,1,1,1,0,0,0,0,0,0,0,0,0,1,1,1,1,1,1,1,1,1,1,1,1,1,0,0,0,0,0,0,0,0,0,1,0,0,0,0,0,0,0,0,0,0,0,0,0,0,0,0,0,0,0,0,0,0,13,0,0,0,0,0,0,0,0,0,0,0,0,0,0,0,0,0,0,0,0,0,0,0,0,0,0,0,0,0,0,0,0,0,0,0,0,0,0,0,0,0,0,0,0,0,0,0,0
0.583775,-0.132208,0.688627,0,0,0,0,1.14067e-07,5.08466e-09,9.44003e-08,1172,1150,1151,1171,1173,1193,1194,2743,2744,2764,2765,2766,2786,2787,0,0,0,0,0,0,0,0,0,1150,1151,1171,1173,1193,1194,2743,2744,2764,2765,2766,2786,2787,0,0,0,0,0,0,0,0,0,0.0429154,0.04939,0.0466973,0.046404,0.0505255,0.0430811,0.109972,0.112654,0.111559,0.100012,0.111386,0.113233,0.110071,0,0,0,0,0,0,0,0,0,0.0433511,0.0492781,0.0467956,0.0464799,0.0504316,0.0435259,0.109956,0.112733,0.111527,0.1,0.11138,0.113289,0.110037,0,0,0,0,0,0,0,0,0,1,1,1,1,1,1,1,1,1,1,1,1,1,0,0,0,0,0,0,0,0,0,1,1,1,1,1,1,1,1,1,1,1,1,1,0,0,0,0,0,0,0,0,0,1,0,0,0,0,0,0,0,0,0,0,0,0,0,0,0,0,0,0,0,0,0,0,13,0,0,0,0,0,0,0,0,0,0,0,0,0,0,0,0,0,0,0,0,0,0,0,0,0,0,0,0,0,0,0,0,0,0,0,0,0,0,0,0,0,0,0,0,0,0,0,0
0.605633,-0.107594,0.655921,0,0,0,0,1.2722e-07,3.6468e-09,1.0237e-07,1173,1151,1152,1172,1174,1194,1195,2744,2745,2765,2766,2767,2787,2788,0,0,0,0,0,0,0,0,0,1151,1152,1172,1174,1194,1195,2744,2745,2765,2766,2767,2787,2788,0,0,0,0,0,0,0,0,0,0.0422135,0.0482985,0.046404,0.0457987,0.049466,0.042314,0.109661,0.112146,0.1114,0.100011,0.111093,0.112723,0.109718,0,0,0,0,0,0,0,0,0,0.0426247,0.0481972,0.0464799,0.0458578,0.049381,0.0427284,0.109639,0.112209,0.11138,0.1,0.111094,0.112771,0.109687,0,0,0,0,0,0,0,0,0,1,1,1,1,1,1,1,1,1,1,1,1,1,0,0,0,0,0,0,0,0,0,1,1,1,1,1,1,1,1,1,1,1,1,1,0,0,0,0,0,0,0,0,0,1,0,0,0,0,0,0,0,0,0,0,0,0,0,0,0,0,0,0,0,0,0,0,13,0,0,0,0,0,0,0,0,0,0,0,0,0,0,0,0,0,0,0,0,0,0,0,0,0,0,0,0,0,0,0,0,0,0,0,0,0,0,0,0,0,0,0,0,0,0,0,0
0.625121,-0.0835318,0.622176,0,0,0,0,1.40567e-07,2.25943e-09,1.09441e-07,1174,1152,1153,1173,1175,1195,1196,2745,2746,2766,2767,2768,2788,2789,0,0,0,0,0,0,0,0,0,1152,1153,1173,1175,1195,1196,2745,2746,2766,2767,2768,2788,2789,0,0,0,0,0,0,0,0,0,0.0414099,0.0471074,0.0457987,0.0449763,0.0483021,0.0414586,0.109306,0.111603,0.111102,0.10001,0.110707,0.112171,0.109332,0,0,0,0,0,0,0,0,0,0.0417945,0.0470171,0.0458578,0.0450244,0.0482254,0.041841,0.109282,0.111648,0.111093,0.1,0.110715,0.112212,0.109305,0,0,0,0,0,0,0,0,0,1,1,1,1,1,1,1,1,1,1,1,1,1,0,0,0,0,0,0,0,0,0,1,1,1,1,1,1,1,1,1,1,1,1,1,0,0,0,0,0,0,0,0,0,1,0,0,0,0,0,0,0,0,0,0,0,0,0,0,0,0,0,0,0,0,0,0,13,0,0,0,0,0,0,0,0,0,0,0,0,0,0,0,0,0,0,0,0,0,0,0,0,0,0,0,0,0,0,0,0,0,0,0,0,0,0,0,0,0,0,0,0,0,0,0,0
0.642218,-0.0602073,0.58773,0,0,0,0,1.53968e-07,8.51069e-10,1.1553e-07,1175,1153,1154,1174,1176,1196,1197,2746,2747,2767,2768,2769,2789,2790,0,0,0,0,0,0,0,0,0,1153,1154,1174,1176,1196,1197,2746,2747,2767,2768,2769,2789,2790,0,0,0,0,0,0,0,0,0,0.0405373,0.0458335,0.0449763,0.0439962,0.0470527,0.0405447,0.108931,0.111039,0.110712,0.100008,0.110251,0.111589,0.108926,0,0,0,0,0,0,0,0,0,0.0408942,0.0457601,0.0450244,0.0440334,0.0469861,0.0408946,0.108902,0.111063,0.110713,0.1,0.110271,0.111624,0.108904,0,0,0,0,0,0,0,0,0,1,1,1,1,1,1,1,1,1,1,1,1,1,0,0,0,0,0,0,0,0,0,1,1,1,1,1,1,1,1,1,1,1,1,1,0,0,0,0,0,0,0,0,0,1,0,0,0,0,0,0,0,0,0,0,0,0,0,0,0,0,0,0,0,0,0,0,13,0,0,0,0,0,0,0,0,0,0,0,0,0,0,0,0,0,0,0,0,0,0,0,0,0,0,0,0,0,0,0,0,0,0,0,0,0,0,0,0,0,0,0,0,0,0,0,0
0.656951,-0.037746,0.552886,0,0,0,0,1.67321e-07,-7.1655e-10,1.20493e-07,1176,1154,1155,1175,1177,1197,1198,2747,2748,2768,2769,2770,2790,2791,0,0,0,0,0,0,0,0,0,1154,1155,1175,1177,1197,1198,2747,2748,2768,2769,2770,2790,2791,0,0,0,0,0,0,0,0,0,0.0396156,0.0445259,0.0439962,0.0428939,0.0457378,0.0395987,0.108552,0.110426,0.110267,0.100008,0.109759,0.110995,0.108519,0,0,0,0,0,0,0,0,0,0.0399493,0.0444445,0.0440334,0.0429252,0.0456806,0.0399144,0.108511,0.110465,0.110269,0.1,0.109785,0.111018,0.108498,0,0,0,0,0,0,0,0,0,1,1,1,1,1,1,1,1,1,1,1,1,1,0,0,0,0,0,0,0,0,0,1,1,1,1,1,1,1,1,1,1,1,1,1,0,0,0,0,0,0,0,0,0,1,0,0,0,0,0,0,0,0,0,0,0,0,0,0,0,0,0,0,0,0,0,0,13,0,0,0,0,0,0,0,0,0,0,0,0,0,0,0,0,0,0,0,0,0,0,0,0,0,0,0,0,0,0,0,0,0,0,0,0,0,0,0,0,0,0,0,0,0,0,0,0
0.669397,-0.0162233,0.517932,0,0,0,0,1.80484e-07,-2.4777e-09,1.24492e-07,1177,1155,1156,1176,1178,1198,1199,2748,2749,2769,2770,2771,2791,2792,0,0,0,0,0,0,0,0,0,1155,1156,1176,1178,1198,1199,2748,2749,2769,2770,2771,2791,2792,0,0,0,0,0,0,0,0,0,0.0386882,0.0431536,0.0428939,0.0417183,0.0443668,0.0386406,0.108149,0.109817,0.109783,0.100009,0.109253,0.110391,0.108118,0,0,0,0,0,0,0,0,0,0.0389807,0.0430865,0.0429252,0.0417396,0.0443253,0.0389244,0.108117,0.109862,0.109781,0.1,0.109275,0.110403,0.108096,0,0,0,0,0,0,0,0,0,1,1,1,1,1,1,1,1,1,1,1,1,1,0,0,0,0,0,0,0,0,0,1,1,1,1,1,1,1,1,1,1,1,1,1,0,0,0,0,0,0,0,0,0,1,0,0,0,0,0,0,0,0,0,0,0,0,0,0,0,0,0,0,0,0,0,0,13,0,0,0,0,0,0,0,0,0,0,0,0,0,0,0,0,0,0,0,0,0,0,0,0,0,0,0,0,0,0,0,0,0,0,0,0,0,0,0,0,0,0,0,0,0,0,0,0
0.679676,0.00432841,0.483113,0,0,0,0,1.93377e-07,-4.20547e-09,1.27695e-07,1178,1156,1177,1199,1200,2749,2770,2771,2792,2793,0,0,0,0,0,0,0,0,0,0,0,0,0,1156,1177,1199,1200,2749,2770,2771,2792,2793,0,0,0,0,0,0,0,0,0,0,0,0,0,0.0377724,0.0417183,0.0429541,0.0376942,0.107728,0.109266,0.100002,0.109776,0.107716,0,0,0,0,0,0,0,0,0,0,0,0,0,0.03801,0.0417396,0.042935,0.0379523,0.107732,0.109272,0.1,0.109789,0.10771,0,0,0,0,0,0,0,0,0,0,0,0,0,1,1,1,1,1,1,1,1,1,0,0,0,0,0,0,0,0,0,0,0,0,0,1,1,1,1,1,1,1,1,1,0,0,0,0,0,0,0,0,0,0,0,0,0,1,0,0,0,0,0,0,0,0,0,0,0,0,0,0,0,0,0,0,0,0,0,0,9,0,0,0,0,0,0,0,0,0,0,0,0,0,0,0,0,0,0,0,0,0,0,0,0,0,0,0,0,0,0,0,0,0,0,0,0,0,0,0,0,0,0,0,0,0,0,0,0
0.0971811,-0.453686,0.904328,0,0,0,0,5.154e-09,4.82102e-08,-3.72129e-08,1179,47,48,1157,1158,1180,1201,1640,1641,2750,2751,2772,2773,2794,0,0,0,0,0,0,0,0,0,47,48,1157,1158,1180,1201,1640,1641,2750,2751,2772,2773,2794,0,0,0,0,0,0,0,0,0,0.0378092,0.0430234,0.0464593,0.0451241,0.0404502,0.0479931,0.108296,0.110426,0.110833,0.110325,0.0996529,0.108826,0.111857,0,0,0,0,0,0,0,0,0,0.0379696,0.0441782,0.0450647,0.0456455,0.0406902,0.0464363,0.107821,0.110412,0.110749,0.110992,0.1,0.108828,0.11137,0,0,0,0,0,0,0,0,0,1,1,1,1,1,1,1,1,1,1,1,1,1,0,0,0,0,0,0,0,0,0,1,1,1,1,1,1,1,1,1,1,1,1,1,0,0,0,0,0,0,0,0,0,1,0,0,0,0,0,0,0,0,0,0,0,0,0,0,0,0,0,0,0,0,0,0,13,0,0,0,0,0,0,0,0,0,0,0,0,0,0,0,0,0,0,0,0,0,0,0,0,0,0,0,0,0,0,0,0,0,0,0,0,0,0,0,0,0,0,0,0,0,0,0,0
0.131902,-0.434616,0.912514,0,0,0,0,7.1491e-09,4.35092e-08,-3.09894e-08,1180,1158,1159,1179,1181,1201,1202,2751,2752,2772,2773,2774,2794,2795,0,0,0,0,0,0,0,0,0,1158,1159,1179,1181,1201,1202,2751,2752,2772,2773,2774,2794,2795,0,0,0,0,0,0,0,0,0,0.0473276,0.0465904,0.0404502,0.0412366,0.0460222,0.0487569,0.11143,0.111031,0.10904,0.0998044,0.109212,0.111211,0.112389,0,0,0,0,0,0,0,0,0,0.0460973,0.0467786,0.0406902,0.0416229,0.0465879,0.0474397,0.111222,0.111518,0.108824,0.1,0.10922,0.111432,0.11184,0,0,0,0,0,0,0,0,0,1,1,1,1,1,1,1,1,1,1,1,1,1,0,0,0,0,0,0,0,0,0,1,1,1,1,1,1,1,1,1,1,1,1,1,0,0,0,0,0,0,0,0,0,1,0,0,0,0,0,0,0,0,0,0,0,0,0,0,0,0,0,0,0,0,0,0,13,0,0,0,0,0,0,0,0,0,0,0,0,0,0,0,0,0,0,0,0,0,0,0,0,0,0,0,0,0,0,0,0,0,0,0,0,0,0,0,0,0,0,0,0,0,0,0,0
0.167334,-0.414175,0.917731,0,0,0,0,9.65196e-09,3.89613e-08,-2.40419e-08,1181,1159,1160,1180,1182,1202,1203,2752,2753,2773,2774,2775,2795,2796,0,0,0,0,0,0,0,0,0,1159,1160,1180,1182,1202,1203,2752,2753,2773,2774,2775,2795,2796,0,0,0,0,0,0,0,0,0,0.0479902,0.0480135,0.0412366,0.0421877,0.047555,0.0492981,0.111804,0.111685,0.109399,0.0997975,0.109616,0.111869,0.112668,0,0,0,0,0,0,0,0,0,0.0469861,0.0479297,0.0416229,0.0426249,0.0477513,0.0482766,0.111634,0.112063,0.109216,0.1,0.109649,0.11198,0.112238,0,0,0,0,0,0,0,0,0,1,1,1,1,1,1,1,1,1,1,1,1,1,0,0,0,0,0,0,0,0,0,1,1,1,1,1,1,1,1,1,1,1,1,1,0,0,0,0,0,0,0,0,0,1,0,0,0,0,0,0,0,0,0,0,0,0,0,0,0,0,0,0,0,0,0,0,13,0,0,0,0,0,0,0,0,0,0,0,0,0,0,0,0,0,0,0,0,0,0,0,0,0,0,0,0,0,0,0,0,0,0,0,0,0,0,0,0,0,0,0,0,0,0,0,0
0.203401,-0.392381,0.919728,0,0,0,0,1.27749e-08,3.45785e-08,-1.63494e-08,1182,1160,1161,1181,1183,1203,1204,2753,2754,2774,2775,2776,2796,2797,0,0,0,0,0,0,0,0,0,1160,1161,1181,1183,1203,1204,2753,2754,2774,2775,2776,2796,2797,0,0,0,0,0,0,0,0,0,0.0484504,0.0493,0.0421877,0.0431802,0.0490047,0.0496216,0.11211,0.112318,0.109767,0.0998314,0.110064,0.11246,0.112892,0,0,0,0,0,0,0,0,0,0.0477119,0.0490395,0.0426249,0.0436255,0.0489159,0.0489242,0.111975,0.1126,0.109646,0.1,0.110086,0.11254,0.112549,0,0,0,0,0,0,0,0,0,1,1,1,1,1,1,1,1,1,1,1,1,1,0,0,0,0,0,0,0,0,0,1,1,1,1,1,1,1,1,1,1,1,1,1,0,0,0,0,0,0,0,0,0,1,0,0,0,0,0,0,0,0,0,0,0,0,0,0,0,0,0,0,0,0,0,0,13,0,0,0,0,0,0,0,0,0,0,0,0,0,0,0,0,0,0,0,0,0,0,0,0,0,0,0,0,0,0,0,0,0,0,0,0,0,0,0,0,0,0,0,0,0,0,0,0
0.23992,-0.369379,0.918378,0,0,0,0,1.66132e-08,3.03757e-08,-7.9451e-09,1183,1161,1162,1182,1184,1204,1205,2754,2755,2775,2776,2777,2797,2798,0,0,0,0,0,0,0,0,0,1161,1162,1182,1184,1204,1205,2754,2755,2775,2776,2777,2797,2798,0,0,0,0,0,0,0,0,0,0.0487205,0.050405,0.0431802,0.0441645,0.0502757,0.049745,0.112317,0.112881,0.110173,0.0998635,0.110516,0.113029,0.113022,0,0,0,0,0,0,0,0,0,0.0482572,0.0500507,0.0436255,0.0445881,0.0500196,0.0493648,0.112232,0.113098,0.110084,0.1,0.110513,0.11308,0.112761,0,0,0,0,0,0,0,0,0,1,1,1,1,1,1,1,1,1,1,1,1,1,0,0,0,0,0,0,0,0,0,1,1,1,1,1,1,1,1,1,1,1,1,1,0,0,0,0,0,0,0,0,0,1,0,0,0,0,0,0,0,0,0,0,0,0,0,0,0,0,0,0,0,0,0,0,13,0,0,0,0,0,0,0,0,0,0,0,0,0,0,0,0,0,0,0,0,0,0,0,0,0,0,0,0,0,0,0,0,0,0,0,0,0,0,0,0,0,0,0,0,0,0,0,0
0.276636,-0.345307,0.913585,0,0,0,0,2.1255e-08,2.6383e-08,1.11036e-09,1184,1162,1163,1183,1185,1205,1206,2755,2756,2776,2777,2778,2798,2799,0,0,0,0,0,0,0,0,0,1162,1163,1183,1185,1205,1206,2755,2756,2776,2777,2778,2798,2799,0,0,0,0,0,0,0,0,0,0.0488156,0.0512884,0.0441645,0.0450922,0.0513252,0.0496904,0.112436,0.113349,0.110585,0.0998982,0.110946,0.113526,0.113066,0,0,0,0,0,0,0,0,0,0.0486119,0.0509073,0.0445881,0.0454807,0.0509959,0.0495933,0.112399,0.113527,0.110513,0.1,0.110916,0.113566,0.112872,0,0,0,0,0,0,0,0,0,1,1,1,1,1,1,1,1,1,1,1,1,1,0,0,0,0,0,0,0,0,0,1,1,1,1,1,1,1,1,1,1,1,1,1,0,0,0,0,0,0,0,0,0,1,0,0,0,0,0,0,0,0,0,0,0,0,0,0,0,0,0,0,0,0,0,0,13,0,0,0,0,0,0,0,0,0,0,0,0,0,0,0,0,0,0,0,0,0,0,0,0,0,0,0,0,0,0,0,0,0,0,0,0,0,0,0,0,0,0,0,0,0,0,0,0
0.313245,-0.32031,0.905324,0,0,0,0,2.67717e-08,2.26348e-08,1.07233e-08,1185,1163,1164,1184,1186,1206,1207,2756,2757,2777,2778,2779,2799,2800,0,0,0,0,0,0,0,0,0,1163,1164,1184,1186,1206,1207,2756,2757,2777,2778,2779,2799,2800,0,0,0,0,0,0,0,0,0,0.0487563,0.0519171,0.0450922,0.0459073,0.0521126,0.0494876,0.112475,0.113696,0.110985,0.0999307,0.111324,0.11392,0.11303,0,0,0,0,0,0,0,0,0,0.0487778,0.0515541,0.0454807,0.0462566,0.0517787,0.0496221,0.112475,0.113856,0.110918,0.1,0.111272,0.113962,0.112884,0,0,0,0,0,0,0,0,0,1,1,1,1,1,1,1,1,1,1,1,1,1,0,0,0,0,0,0,0,0,0,1,1,1,1,1,1,1,1,1,1,1,1,1,0,0,0,0,0,0,0,0,0,1,0,0,0,0,0,0,0,0,0,0,0,0,0,0,0,0,0,0,0,0,0,0,13,0,0,0,0,0,0,0,0,0,0,0,0,0,0,0,0,0,0,0,0,0,0,0,0,0,0,0,0,0,0,0,0,0,0,0,0,0,0,0,0,0,0,0,0,0,0,0,0
0.349396,-0.294536,0.893651,0,0,0,0,3.32099e-08,1.91659e-08,2.07674e-08,1186,1164,1165,1185,1187,1207,1208,2757,2758,2778,2779,2780,2800,2801,0,0,0,0,0,0,0,0,0,1164,1165,1185,1187,1207,1208,2757,2758,2778,2779,2780,2800,2801,0,0,0,0,0,0,0,0,0,0.0485684,0.0522573,0.0459073,0.0465218,0.0526023,0.0491737,0.112445,0.1139,0.111344,0.0999587,0.111603,0.114179,0.112927,0,0,0,0,0,0,0,0,0,0.0487702,0.0519369,0.0462566,0.0468325,0.0523036,0.0494824,0.112467,0.114053,0.111276,0.1,0.111538,0.114229,0.112814,0,0,0,0,0,0,0,0,0,1,1,1,1,1,1,1,1,1,1,1,1,1,0,0,0,0,0,0,0,0,0,1,1,1,1,1,1,1,1,1,1,1,1,1,0,0,0,0,0,0,0,0,0,1,0,0,0,0,0,0,0,0,0,0,0,0,0,0,0,0,0,0,0,0,0,0,13,0,0,0,0,0,0,0,0,0,0,0,0,0,0,0,0,0,0,0,0,0,0,0,0,0,0,0,0,0,0,0,0,0,0,0,0,0,0,0,0,0,0,0,0,0,0,0,0
0.384684,-0.268146,0.878731,0,0,0,0,4.05786e-08,1.60068e-08,3.10807e-08,1187,1165,1166,1186,1188,1208,1209,2758,2759,2779,2780,2781,2801,2802,0,0,0,0,0,0,0,0,0,1165,1166,1186,1188,1208,1209,2758,2759,2779,2780,2781,2801,2802,0,0,0,0,0,0,0,0,0,0.04828,0.0522744,0.0465218,0.0467691,0.0527555,0.0487931,0.112357,0.11394,0.111614,0.0999809,0.111703,0.114273,0.112774,0,0,0,0,0,0,0,0,0,0.0486144,0.0520054,0.0468325,0.0470429,0.0525079,0.0492198,0.112389,0.11409,0.111544,0.1,0.111636,0.114335,0.112685,0,0,0,0,0,0,0,0,0,1,1,1,1,1,1,1,1,1,1,1,1,1,0,0,0,0,0,0,0,0,0,1,1,1,1,1,1,1,1,1,1,1,1,1,0,0,0,0,0,0,0,0,0,1,0,0,0,0,0,0,0,0,0,0,0,0,0,0,0,0,0,0,0,0,0,0,13,0,0,0,0,0,0,0,0,0,0,0,0,0,0,0,0,0,0,0,0,0,0,0,0,0,0,0,0,0,0,0,0,0,0,0,0,0,0,0,0,0,0,0,0,0,0,0,0
0.418616,-0.241363,0.86088,0,0,0,0,4.88267e-08,1.3183e-08,4.14545e-08,1188,1166,1167,1187,1189,1209,1210,2759,2760,2780,2781,2782,2802,2803,0,0,0,0,0,0,0,0,0,1166,1167,1187,1189,1209,1210,2759,2760,2780,2781,2782,2802,2803,0,0,0,0,0,0,0,0,0,0.0479023,0.0519839,0.0467691,0.0463674,0.0525398,0.0483583,0.112218,0.113827,0.111713,0.0999971,0.111493,0.114181,0.112578,0,0,0,0,0,0,0,0,0,0.0483228,0.0517667,0.0470429,0.0466063,0.0523449,0.0488522,0.112246,0.113971,0.111643,0.1,0.111432,0.114252,0.112506,0,0,0,0,0,0,0,0,0,1,1,1,1,1,1,1,1,1,1,1,1,1,0,0,0,0,0,0,0,0,0,1,1,1,1,1,1,1,1,1,1,1,1,1,0,0,0,0,0,0,0,0,0,1,0,0,0,0,0,0,0,0,0,0,0,0,0,0,0,0,0,0,0,0,0,0,13,0,0,0,0,0,0,0,0,0,0,0,0,0,0,0,0,0,0,0,0,0,0,0,0,0,0,0,0,0,0,0,0,0,0,0,0,0,0,0,0,0,0,0,0,0,0,0,0
0.450615,-0.214671,0.840543,0,0,0,0,5.78136e-08,1.07194e-08,5.16153e-08,1189,1167,1168,1188,1190,1210,1211,2760,2761,2781,2782,2783,2803,2804,0,0,0,0,0,0,0,0,0,1167,1168,1188,1190,1210,1211,2760,2761,2781,2782,2783,2803,2804,0,0,0,0,0,0,0,0,0,0.0473252,0.0516801,0.0463674,0.0454985,0.052087,0.0475901,0.111973,0.113704,0.111506,0.100008,0.111065,0.113969,0.11221,0,0,0,0,0,0,0,0,0,0.0477905,0.0515104,0.0466063,0.0457051,0.0519403,0.0481123,0.11199,0.113841,0.111438,0.1,0.111017,0.114046,0.112149,0,0,0,0,0,0,0,0,0,1,1,1,1,1,1,1,1,1,1,1,1,1,0,0,0,0,0,0,0,0,0,1,1,1,1,1,1,1,1,1,1,1,1,1,0,0,0,0,0,0,0,0,0,1,0,0,0,0,0,0,0,0,0,0,0,0,0,0,0,0,0,0,0,0,0,0,13,0,0,0,0,0,0,0,0,0,0,0,0,0,0,0,0,0,0,0,0,0,0,0,0,0,0,0,0,0,0,0,0,0,0,0,0,0,0,0,0,0,0,0,0,0,0,0,0
0.480472,-0.188985,0.817765,0,0,0,0,6.74119e-08,8.6242e-09,6.13455e-08,1190,1168,1169,1189,1191,1211,1212,2761,2762,2782,2783,2784,2804,2805,0,0,0,0,0,0,0,0,0,1168,1169,1189,1191,1211,1212,2761,2762,2782,2783,2784,2804,2805,0,0,0,0,0,0,0,0,0,0.0462172,0.0519151,0.0454985,0.0458235,0.052136,0.0460342,0.111471,0.113843,0.111083,0.100014,0.111186,0.114016,0.111476,0,0,0,0,0,0,0,0,0,0.0467013,0.0517805,0.0457051,0.0459959,0.052028,0.0465657,0.111476,0.113978,0.111022,0.1,0.111152,0.114091,0.111419,0,0,0,0,0,0,0,0,0,1,1,1,1,1,1,1,1,1,1,1,1,1,0,0,0,0,0,0,0,0,0,1,1,1,1,1,1,1,1,1,1,1,1,1,0,0,0,0,0,0,0,0,0,1,0,0,0,0,0,0,0,0,0,0,0,0,0,0,0,0,0,0,0,0,0,0,13,0,0,0,0,0,0,0,0,0,0,0,0,0,0,0,0,0,0,0,0,0,0,0,0,0,0,0,0,0,0,0,0,0,0,0,0,0,0,0,0,0,0,0,0,0,0,0,0
0.509048,-0.1644,0.791712,0,0,0,0,7.78451e-08,6.82825e-09,7.08076e-08,1191,1169,1170,1190,1192,1212,1213,2762,2763,2783,2784,2785,2805,2806,0,0,0,0,0,0,0,0,0,1169,1170,1190,1192,1212,1213,2762,2763,2783,2784,2785,2805,2806,0,0,0,0,0,0,0,0,0,0.0449586,0.0520087,0.0458235,0.0471085,0.0527053,0.0449118,0.110901,0.113907,0.11121,0.100016,0.111755,0.114321,0.110958,0,0,0,0,0,0,0,0,0,0.0454517,0.0518933,0.0459959,0.0472439,0.0526188,0.045442,0.110899,0.114035,0.111156,0.1,0.111735,0.114392,0.110899,0,0,0,0,0,0,0,0,0,1,1,1,1,1,1,1,1,1,1,1,1,1,0,0,0,0,0,0,0,0,0,1,1,1,1,1,1,1,1,1,1,1,1,1,0,0,0,0,0,0,0,0,0,1,0,0,0,0,0,0,0,0,0,0,0,0,0,0,0,0,0,0,0,0,0,0,13,0,0,0,0,0,0,0,0,0,0,0,0,0,0,0,0,0,0,0,0,0,0,0,0,0,0,0,0,0,0,0,0,0,0,0,0,0,0,0,0,0,0,0,0,0,0,0,0
0.536588,-0.139759,0.762496,0,0,0,0,8.92522e-08,5.23597e-09,8.0077e-08,1192,1170,1171,1191,1193,1213,1214,2763,2764,2784,2785,2786,2806,2807,0,0,0,0,0,0,0,0,0,1170,1171,1191,1193,1213,1214,2763,2764,2784,2785,2786,2806,2807,0,0,0,0,0,0,0,0,0,0.0442663,0.0514328,0.0471085,0.0477103,0.0523712,0.0443901,0.110594,0.113638,0.111781,0.100017,0.112014,0.114161,0.110706,0,0,0,0,0,0,0,0,0,0.0447551,0.051329,0.0472439,0.0478125,0.0522947,0.0449028,0.110582,0.113749,0.111738,0.1,0.112006,0.114226,0.110653,0,0,0,0,0,0,0,0,0,1,1,1,1,1,1,1,1,1,1,1,1,1,0,0,0,0,0,0,0,0,0,1,1,1,1,1,1,1,1,1,1,1,1,1,0,0,0,0,0,0,0,0,0,1,0,0,0,0,0,0,0,0,0,0,0,0,0,0,0,0,0,0,0,0,0,0,13,0,0,0,0,0,0,0,0,0,0,0,0,0,0,0,0,0,0,0,0,0,0,0,0,0,0,0,0,0,0,0,0,0,0,0,0,0,0,0,0,0,0,0,0,0,0,0,0
0.562402,-0.11489,0.731008,0,0,0,0,1.01391e-07,3.79576e-09,8.88814e-08,1193,1171,1172,1192,1194,1214,1215,2764,2765,2785,2786,2787,2807,2808,0,0,0,0,0,0,0,0,0,1171,1172,1192,1194,1214,1215,2764,2765,2785,2786,2787,2807,2808,0,0,0,0,0,0,0,0,0,0.0437269,0.0505255,0.0477103,0.0476077,0.0515071,0.0438384,0.110353,0.113207,0.112038,0.100016,0.111944,0.113732,0.110438,0,0,0,0,0,0,0,0,0,0.0441981,0.0504316,0.0478125,0.0476825,0.051437,0.0443229,0.110332,0.113299,0.112007,0.1,0.111945,0.113791,0.110391,0,0,0,0,0,0,0,0,0,1,1,1,1,1,1,1,1,1,1,1,1,1,0,0,0,0,0,0,0,0,0,1,1,1,1,1,1,1,1,1,1,1,1,1,0,0,0,0,0,0,0,0,0,1,0,0,0,0,0,0,0,0,0,0,0,0,0,0,0,0,0,0,0,0,0,0,13,0,0,0,0,0,0,0,0,0,0,0,0,0,0,0,0,0,0,0,0,0,0,0,0,0,0,0,0,0,0,0,0,0,0,0,0,0,0,0,0,0,0,0,0,0,0,0,0
0.586028,-0.0901902,0.697869,0,0,0,0,1.14011e-07,2.45746e-09,9.69901e-08,1194,1172,1173,1193,1195,1215,1216,2765,2766,2786,2787,2788,2808,2809,0,0,0,0,0,0,0,0,0,1172,1173,1193,1195,1215,1216,2765,2766,2786,2787,2788,2808,2809,0,0,0,0,0,0,0,0,0,0.0430811,0.049466,0.0476077,0.0471013,0.0504807,0.0431361,0.110061,0.112706,0.111963,0.100015,0.111688,0.113229,0.110105,0,0,0,0,0,0,0,0,0,0.0435259,0.049381,0.0476825,0.0471545,0.0504165,0.0435869,0.110034,0.112781,0.111946,0.1,0.111698,0.11328,0.110063,0,0,0,0,0,0,0,0,0,1,1,1,1,1,1,1,1,1,1,1,1,1,0,0,0,0,0,0,0,0,0,1,1,1,1,1,1,1,1,1,1,1,1,1,0,0,0,0,0,0,0,0,0,1,0,0,0,0,0,0,0,0,0,0,0,0,0,0,0,0,0,0,0,0,0,0,13,0,0,0,0,0,0,0,0,0,0,0,0,0,0,0,0,0,0,0,0,0,0,0,0,0,0,0,0,0,0,0,0,0,0,0,0,0,0,0,0,0,0,0,0,0,0,0,0
0.607282,-0.0659966,0.663496,0,0,0,0,1.26923e-07,1.15741e-09,1.04267e-07,1195,1173,1174,1194,1196,1216,1217,2766,2767,2787,2788,2789,2809,2810,0,0,0,0,0,0,0,0,0,1173,1174,1194,1196,1216,1217,2766,2767,2787,2788,2789,2809,2810,0,0,0,0,0,0,0,0,0,0.042314,0.0483021,0.0471013,0.0463373,0.0493539,0.0423164,0.109715,0.112163,0.111703,0.100013,0.111318,0.112687,0.109726,0,0,0,0,0,0,0,0,0,0.0427284,0.0482254,0.0471545,0.0463744,0.0492953,0.0427316,0.109685,0.112221,0.111697,0.1,0.111335,0.112728,0.109688,0,0,0,0,0,0,0,0,0,1,1,1,1,1,1,1,1,1,1,1,1,1,0,0,0,0,0,0,0,0,0,1,1,1,1,1,1,1,1,1,1,1,1,1,0,0,0,0,0,0,0,0,0,1,0,0,0,0,0,0,0,0,0,0,0,0,0,0,0,0,0,0,0,0,0,0,13,0,0,0,0,0,0,0,0,0,0,0,0,0,0,0,0,0,0,0,0,0,0,0,0,0,0,0,0,0,0,0,0,0,0,0,0,0,0,0,0,0,0,0,0,0,0,0,0
0.626105,-0.0425324,0.62825,0,0,0,0,1.39976e-07,-1.75185e-10,1.1062e-07,1196,1174,1175,1195,1197,1217,1218,2767,2768,2788,2789,2790,2810,2811,0,0,0,0,0,0,0,0,0,1174,1175,1195,1197,1217,1218,2767,2768,2788,2789,2790,2810,2811,0,0,0,0,0,0,0,0,0,0.0414586,0.0470527,0.0463373,0.0453894,0.048139,0.0414183,0.109335,0.11159,0.111329,0.10001,0.110871,0.112112,0.109319,0,0,0,0,0,0,0,0,0,0.041841,0.0469861,0.0463744,0.0454135,0.0480876,0.0417977,0.109303,0.111632,0.111333,0.1,0.110894,0.112145,0.109286,0,0,0,0,0,0,0,0,0,1,1,1,1,1,1,1,1,1,1,1,1,1,0,0,0,0,0,0,0,0,0,1,1,1,1,1,1,1,1,1,1,1,1,1,0,0,0,0,0,0,0,0,0,1,0,0,0,0,0,0,0,0,0,0,0,0,0,0,0,0,0,0,0,0,0,0,13,0,0,0,0,0,0,0,0,0,0,0,0,0,0,0,0,0,0,0,0,0,0,0,0,0,0,0,0,0,0,0,0,0,0,0,0,0,0,0,0,0,0,0,0,0,0,0,0
0.642507,-0.0199408,0.592462,0,0,0,0,1.53045e-07,-1.62192e-09,1.15971e-07,1197,1175,1176,1196,1198,1218,1219,2768,2769,2789,2790,2791,2811,2812,0,0,0,0,0,0,0,0,0,1175,1176,1196,1198,1218,1219,2768,2769,2789,2790,2791,2811,2812,0,0,0,0,0,0,0,0,0,0.0405447,0.0457378,0.0453894,0.0443073,0.0468478,0.0404725,0.108938,0.110987,0.110883,0.100009,0.110374,0.111516,0.108902,0,0,0,0,0,0,0,0,0,0.0408946,0.0456806,0.0454135,0.0443192,0.046807,0.0408173,0.108903,0.111025,0.110891,0.1,0.110401,0.111539,0.108872,0,0,0,0,0,0,0,0,0,1,1,1,1,1,1,1,1,1,1,1,1,1,0,0,0,0,0,0,0,0,0,1,1,1,1,1,1,1,1,1,1,1,1,1,0,0,0,0,0,0,0,0,0,1,0,0,0,0,0,0,0,0,0,0,0,0,0,0,0,0,0,0,0,0,0,0,13,0,0,0,0,0,0,0,0,0,0,0,0,0,0,0,0,0,0,0,0,0,0,0,0,0,0,0,0,0,0,0,0,0,0,0,0,0,0,0,0,0,0,0,0,0,0,0,0
0.656548,0.00169137,0.556434,0,0,0,0,1.66019e-07,-3.22383e-09,1.20337e-07,1198,1176,1177,1197,1199,1219,1220,2769,2770,2790,2791,2792,2812,2813,0,0,0,0,0,0,0,0,0,1176,1177,1197,1199,1219,1220,2769,2770,2790,2791,2792,2812,2813,0,0,0,0,0,0,0,0,0,0.0395987,0.0443668,0.0443073,0.0431357,0.0454943,0.0395057,0.108528,0.110374,0.110388,0.100008,0.109852,0.110905,0.108486,0,0,0,0,0,0,0,0,0,0.0399144,0.0443253,0.0443192,0.0431348,0.0454688,0.0398189,0.108497,0.110409,0.110398,0.1,0.109879,0.110919,0.108458,0,0,0,0,0,0,0,0,0,1,1,1,1,1,1,1,1,1,1,1,1,1,0,0,0,0,0,0,0,0,0,1,1,1,1,1,1,1,1,1,1,1,1,1,0,0,0,0,0,0,0,0,0,1,0,0,0,0,0,0,0,0,0,0,0,0,0,0,0,0,0,0,0,0,0,0,13,0,0,0,0,0,0,0,0,0,0,0,0,0,0,0,0,0,0,0,0,0,0,0,0,0,0,0,0,0,0,0,0,0,0,0,0,0,0,0,0,0,0,0,0,0,0,0,0
0.668323,0.0223216,0.520428,0,0,0,0,1.78837e-07,-4.92398e-09,1.23783e-07,1199,1177,1178,1198,1200,1220,1221,2770,2771,2791,2792,2793,2813,2814,0,0,0,0,0,0,0,0,0,1177,1178,1198,1200,1220,1221,2770,2771,2791,2792,2793,2813,2814,0,0,0,0,0,0,0,0,0,0.0386406,0.0429541,0.0431357,0.0419288,0.0440936,0.0385482,0.108119,0.109766,0.109865,0.10001,0.109324,0.110289,0.108081,0,0,0,0,0,0,0,0,0,0.0389244,0.042935,0.0431348,0.0419135,0.0440883,0.0388325,0.108095,0.109794,0.109874,0.1,0.109352,0.110296,0.108059,0,0,0,0,0,0,0,0,0,1,1,1,1,1,1,1,1,1,1,1,1,1,0,0,0,0,0,0,0,0,0,1,1,1,1,1,1,1,1,1,1,1,1,1,0,0,0,0,0,0,0,0,0,1,0,0,0,0,0,0,0,0,0,0,0,0,0,0,0,0,0,0,0,0,0,0,13,0,0,0,0,0,0,0,0,0,0,0,0,0,0,0,0,0,0,0,0,0,0,0,0,0,0,0,0,0,0,0,0,0,0,0,0,0,0,0,0,0,0,0,0,0,0,0,0
0.677964,0.0419521,0.484655,0,0,0,0,1.91435e-07,-6.48832e-09,1.26391e-07,1200,1178,1199,1221,1222,2771,2792,2793,2814,2815,0,0,0,0,0,0,0,0,0,0,0,0,0,1178,1199,1221,1222,2771,2792,2793,2814,2815,0,0,0,0,0,0,0,0,0,0,0,0,0,0.0376942,0.0419288,0.0426589,0.0376572,0.10772,0.109336,0.100002,0.109669,0.107677,0,0,0,0,0,0,0,0,0,0,0,0,0,0.0379523,0.0419135,0.0426781,0.0378926,0.107709,0.109347,0.1,0.109676,0.107686,0,0,0,0,0,0,0,0,0,0,0,0,0,1,1,1,1,1,1,1,1,1,0,0,0,0,0,0,0,0,0,0,0,0,0,1,1,1,1,1,1,1,1,1,0,0,0,0,0,0,0,0,0,0,0,0,0,1,0,0,0,0,0,0,0,0,0,0,0,0,0,0,0,0,0,0,0,0,0,0,9,0,0,0,0,0,0,0,0,0,0,0,0,0,0,0,0,0,0,0,0,0,0,0,0,0,0,0,0,0,0,0,0,0,0,0,0,0,0,0,0,0,0,0,0,0,0,0,0
0.0970187,-0.420523,0.939021,0,0,0,0,4.97168e-09,3.91753e-08,-3.01532e-08,1201,48,49,1179,1180,1202,1223,1641,1642,2772,2773,2794,2795,2816,0,0,0,0,0,0,0,0,0,48,49,1179,1180,1202,1223,1641,1642,2772,2773,2794,2795,2816,0,0,0,0,0,0,0,0,0,0.0386717,0.043495,0.0479931,0.0460222,0.0417176,0.0494233,0.108774,0.110787,0.111515,0.110654,0.0995766,0.109335,0.112571,0,0,0,0,0,0,0,0,0,0.0390393,0.04479,0.0464363,0.0465879,0.0421009,0.0477311,0.108258,0.110699,0.111379,0.111427,0.1,0.109424,0.111978,0,0,0,0,0,0,0,0,0,1,1,1,1,1,1,1,1,1,1,1,1,1,0,0,0,0,0,0,0,0,0,1,1,1,1,1,1,1,1,1,1,1,1,1,0,0,0,0,0,0,0,0,0,1,0,0,0,0,0,0,0,0,0,0,0,0,0,0,0,0,0,0,0,0,0,0,13,0,0,0,0,0,0,0,0,0,0,0,0,0,0,0,0,0,0,0,0,0,0,0,0,0,0,0,0,0,0,0,0,0,0,0,0,0,0,0,0,0,0,0,0,0,0,0,0
0.132359,-0.399652,0.946493,0,0,0,0,6.99095e-09,3.49052e-08,-2.39037e-08,1202,1180,1181,1201,1203,1223,1224,2773,2774,2794,2795,2796,2816,2817,0,0,0,0,0,0,0,0,0,1180,1181,1201,1203,1223,1224,2773,2774,2794,2795,2796,2816,2817,0,0,0,0,0,0,0,0,0,0.0487569,0.047555,0.0417176,0.0425279,0.0469005,0.050057,0.11212,0.111424,0.109623,0.0997711,0.109755,0.111663,0.113088,0,0,0,0,0,0,0,0,0,0.0474397,0.0477513,0.0421009,0.0430287,0.0475091,0.0486882,0.111849,0.111977,0.10942,0.1,0.109825,0.111865,0.112436,0,0,0,0,0,0,0,0,0,1,1,1,1,1,1,1,1,1,1,1,1,1,0,0,0,0,0,0,0,0,0,1,1,1,1,1,1,1,1,1,1,1,1,1,0,0,0,0,0,0,0,0,0,1,0,0,0,0,0,0,0,0,0,0,0,0,0,0,0,0,0,0,0,0,0,0,13,0,0,0,0,0,0,0,0,0,0,0,0,0,0,0,0,0,0,0,0,0,0,0,0,0,0,0,0,0,0,0,0,0,0,0,0,0,0,0,0,0,0,0,0,0,0,0,0
0.168422,-0.377499,0.950654,0,0,0,0,9.53283e-09,3.08421e-08,-1.69795e-08,1203,1181,1182,1202,1204,1224,1225,2774,2775,2795,2796,2797,2817,2818,0,0,0,0,0,0,0,0,0,1181,1182,1202,1204,1224,1225,2774,2775,2795,2796,2797,2817,2818,0,0,0,0,0,0,0,0,0,0.0492981,0.0490047,0.0425279,0.043501,0.0484688,0.0504464,0.112453,0.112111,0.109998,0.0997682,0.110182,0.112343,0.113304,0,0,0,0,0,0,0,0,0,0.0482766,0.0489159,0.0430287,0.0440183,0.0486816,0.0494478,0.112246,0.112538,0.109821,0.1,0.110261,0.112426,0.112804,0,0,0,0,0,0,0,0,0,1,1,1,1,1,1,1,1,1,1,1,1,1,0,0,0,0,0,0,0,0,0,1,1,1,1,1,1,1,1,1,1,1,1,1,0,0,0,0,0,0,0,0,0,1,0,0,0,0,0,0,0,0,0,0,0,0,0,0,0,0,0,0,0,0,0,0,13,0,0,0,0,0,0,0,0,0,0,0,0,0,0,0,0,0,0,0,0,0,0,0,0,0,0,0,0,0,0,0,0,0,0,0,0,0,0,0,0,0,0,0,0,0,0,0,0
0.205093,-0.354107,0.951265,0,0,0,0,1.27083e-08,2.69911e-08,-9.36257e-09,1204,1182,1183,1203,1205,1225,1226,2775,2776,2796,2797,2798,2818,2819,0,0,0,0,0,0,0,0,0,1182,1183,1203,1205,1225,1226,2775,2776,2796,2797,2798,2818,2819,0,0,0,0,0,0,0,0,0,0.0496216,0.0502757,0.043501,0.0445093,0.0499124,0.0506015,0.112712,0.112759,0.110371,0.0998142,0.110653,0.112932,0.11346,0,0,0,0,0,0,0,0,0,0.0489242,0.0500196,0.0440183,0.0450061,0.0498389,0.0499853,0.112555,0.113081,0.110258,0.1,0.110703,0.112991,0.113066,0,0,0,0,0,0,0,0,0,1,1,1,1,1,1,1,1,1,1,1,1,1,0,0,0,0,0,0,0,0,0,1,1,1,1,1,1,1,1,1,1,1,1,1,0,0,0,0,0,0,0,0,0,1,0,0,0,0,0,0,0,0,0,0,0,0,0,0,0,0,0,0,0,0,0,0,13,0,0,0,0,0,0,0,0,0,0,0,0,0,0,0,0,0,0,0,0,0,0,0,0,0,0,0,0,0,0,0,0,0,0,0,0,0,0,0,0,0,0,0,0,0,0,0,0
0.24216,-0.329655,0.948237,0,0,0,0,1.66086e-08,2.33565e-08,-1.09169e-09,1205,1183,1184,1204,1206,1226,1227,2776,2777,2797,2798,2799,2819,2820,0,0,0,0,0,0,0,0,0,1183,1184,1204,1206,1226,1227,2776,2777,2797,2798,2799,2819,2820,0,0,0,0,0,0,0,0,0,0.049745,0.0513252,0.0445093,0.0455027,0.0511318,0.0505483,0.11286,0.113314,0.110787,0.0998562,0.111121,0.113486,0.113511,0,0,0,0,0,0,0,0,0,0.0493648,0.0509959,0.0450061,0.0459561,0.0509111,0.0502855,0.112766,0.11357,0.110702,0.1,0.111136,0.113524,0.113213,0,0,0,0,0,0,0,0,0,1,1,1,1,1,1,1,1,1,1,1,1,1,0,0,0,0,0,0,0,0,0,1,1,1,1,1,1,1,1,1,1,1,1,1,0,0,0,0,0,0,0,0,0,1,0,0,0,0,0,0,0,0,0,0,0,0,0,0,0,0,0,0,0,0,0,0,13,0,0,0,0,0,0,0,0,0,0,0,0,0,0,0,0,0,0,0,0,0,0,0,0,0,0,0,0,0,0,0,0,0,0,0,0,0,0,0,0,0,0,0,0,0,0,0,0
0.279344,-0.304301,0.94152,0,0,0,0,2.13179e-08,1.99571e-08,7.76674e-09,1206,1184,1185,1205,1207,1227,1228,2777,2778,2798,2799,2800,2820,2821,0,0,0,0,0,0,0,0,0,1184,1185,1205,1207,1227,1228,2777,2778,2798,2799,2800,2820,2821,0,0,0,0,0,0,0,0,0,0.0496904,0.0521126,0.0455027,0.0464266,0.0520856,0.0503188,0.112915,0.113749,0.111209,0.0998989,0.111559,0.113945,0.11347,0,0,0,0,0,0,0,0,0,0.0495933,0.0517787,0.0459561,0.0468303,0.0518184,0.0503527,0.112873,0.113968,0.111137,0.1,0.11154,0.113981,0.113245,0,0,0,0,0,0,0,0,0,1,1,1,1,1,1,1,1,1,1,1,1,1,0,0,0,0,0,0,0,0,0,1,1,1,1,1,1,1,1,1,1,1,1,1,0,0,0,0,0,0,0,0,0,1,0,0,0,0,0,0,0,0,0,0,0,0,0,0,0,0,0,0,0,0,0,0,13,0,0,0,0,0,0,0,0,0,0,0,0,0,0,0,0,0,0,0,0,0,0,0,0,0,0,0,0,0,0,0,0,0,0,0,0,0,0,0,0,0,0,0,0,0,0,0,0
0.316311,-0.278203,0.931142,0,0,0,0,2.6902e-08,1.68147e-08,1.71135e-08,1207,1185,1186,1206,1208,1228,1229,2778,2779,2799,2800,2801,2821,2822,0,0,0,0,0,0,0,0,0,1185,1186,1206,1208,1228,1229,2778,2779,2799,2800,2801,2821,2822,0,0,0,0,0,0,0,0,0,0.0494876,0.0526023,0.0464266,0.0472105,0.0527308,0.0499539,0.112888,0.114037,0.111613,0.0999367,0.111926,0.114273,0.113349,0,0,0,0,0,0,0,0,0,0.0496221,0.0523036,0.0468303,0.0475661,0.0524812,0.0502149,0.112883,0.114238,0.111543,0.1,0.111885,0.11432,0.113175,0,0,0,0,0,0,0,0,0,1,1,1,1,1,1,1,1,1,1,1,1,1,0,0,0,0,0,0,0,0,0,1,1,1,1,1,1,1,1,1,1,1,1,1,0,0,0,0,0,0,0,0,0,1,0,0,0,0,0,0,0,0,0,0,0,0,0,0,0,0,0,0,0,0,0,0,13,0,0,0,0,0,0,0,0,0,0,0,0,0,0,0,0,0,0,0,0,0,0,0,0,0,0,0,0,0,0,0,0,0,0,0,0,0,0,0,0,0,0,0,0,0,0,0,0
0.352679,-0.251508,0.917227,0,0,0,0,3.33982e-08,1.39498e-08,2.68159e-08,1208,1186,1187,1207,1209,1229,1230,2779,2780,2800,2801,2802,2822,2823,0,0,0,0,0,0,0,0,0,1186,1187,1207,1209,1229,1230,2779,2780,2800,2801,2802,2822,2823,0,0,0,0,0,0,0,0,0,0.0491737,0.0527555,0.0472105,0.0477276,0.053024,0.0495075,0.112797,0.114154,0.111961,0.0999673,0.11216,0.114434,0.113171,0,0,0,0,0,0,0,0,0,0.0494824,0.0525079,0.0475661,0.0480393,0.052821,0.0499267,0.112811,0.114346,0.11189,0.1,0.112109,0.114495,0.113032,0,0,0,0,0,0,0,0,0,1,1,1,1,1,1,1,1,1,1,1,1,1,0,0,0,0,0,0,0,0,0,1,1,1,1,1,1,1,1,1,1,1,1,1,0,0,0,0,0,0,0,0,0,1,0,0,0,0,0,0,0,0,0,0,0,0,0,0,0,0,0,0,0,0,0,0,13,0,0,0,0,0,0,0,0,0,0,0,0,0,0,0,0,0,0,0,0,0,0,0,0,0,0,0,0,0,0,0,0,0,0,0,0,0,0,0,0,0,0,0,0,0,0,0,0
0.387984,-0.224377,0.900041,0,0,0,0,4.07981e-08,1.13778e-08,3.67006e-08,1209,1187,1188,1208,1210,1230,1231,2780,2781,2801,2802,2803,2823,2824,0,0,0,0,0,0,0,0,0,1187,1188,1208,1210,1230,1231,2780,2781,2801,2802,2803,2823,2824,0,0,0,0,0,0,0,0,0,0.0487931,0.0525398,0.0477276,0.0476976,0.0529054,0.0490587,0.112663,0.114082,0.112185,0.0999901,0.112124,0.114388,0.112972,0,0,0,0,0,0,0,0,0,0.0492198,0.0523449,0.0480393,0.0479693,0.0527543,0.049574,0.11268,0.114264,0.112115,0.1,0.112075,0.114461,0.112858,0,0,0,0,0,0,0,0,0,1,1,1,1,1,1,1,1,1,1,1,1,1,0,0,0,0,0,0,0,0,0,1,1,1,1,1,1,1,1,1,1,1,1,1,0,0,0,0,0,0,0,0,0,1,0,0,0,0,0,0,0,0,0,0,0,0,0,0,0,0,0,0,0,0,0,0,13,0,0,0,0,0,0,0,0,0,0,0,0,0,0,0,0,0,0,0,0,0,0,0,0,0,0,0,0,0,0,0,0,0,0,0,0,0,0,0,0,0,0,0,0,0,0,0,0
0.421617,-0.197079,0.880074,0,0,0,0,4.90099e-08,9.11078e-09,4.6528e-08,1210,1188,1189,1209,1211,1231,1232,2781,2782,2802,2803,2804,2824,2825,0,0,0,0,0,0,0,0,0,1188,1189,1209,1211,1231,1232,2781,2782,2802,2803,2804,2824,2825,0,0,0,0,0,0,0,0,0,0.0483583,0.052087,0.0476976,0.0466756,0.0523285,0.0484225,0.11249,0.11389,0.112147,0.100005,0.111615,0.11411,0.112662,0,0,0,0,0,0,0,0,0,0.0488522,0.0519403,0.0479693,0.0469123,0.0522248,0.0489813,0.112499,0.114058,0.112082,0.1,0.111577,0.114191,0.112568,0,0,0,0,0,0,0,0,0,1,1,1,1,1,1,1,1,1,1,1,1,1,0,0,0,0,0,0,0,0,0,1,1,1,1,1,1,1,1,1,1,1,1,1,0,0,0,0,0,0,0,0,0,1,0,0,0,0,0,0,0,0,0,0,0,0,0,0,0,0,0,0,0,0,0,0,13,0,0,0,0,0,0,0,0,0,0,0,0,0,0,0,0,0,0,0,0,0,0,0,0,0,0,0,0,0,0,0,0,0,0,0,0,0,0,0,0,0,0,0,0,0,0,0,0
0.452872,-0.170422,0.857912,0,0,0,0,5.7818e-08,7.1635e-09,5.59742e-08,1211,1189,1190,1210,1212,1232,1233,2782,2783,2803,2804,2805,2825,2826,0,0,0,0,0,0,0,0,0,1189,1190,1210,1212,1232,1233,2782,2783,2803,2804,2805,2825,2826,0,0,0,0,0,0,0,0,0,0.0475901,0.052136,0.0466756,0.0458235,0.0516708,0.0458943,0.112145,0.113944,0.11164,0.100014,0.111183,0.113799,0.111462,0,0,0,0,0,0,0,0,0,0.0481123,0.052028,0.0469123,0.046019,0.0516063,0.0464725,0.112142,0.114103,0.111582,0.1,0.111163,0.113877,0.111376,0,0,0,0,0,0,0,0,0,1,1,1,1,1,1,1,1,1,1,1,1,1,0,0,0,0,0,0,0,0,0,1,1,1,1,1,1,1,1,1,1,1,1,1,0,0,0,0,0,0,0,0,0,1,0,0,0,0,0,0,0,0,0,0,0,0,0,0,0,0,0,0,0,0,0,0,13,0,0,0,0,0,0,0,0,0,0,0,0,0,0,0,0,0,0,0,0,0,0,0,0,0,0,0,0,0,0,0,0,0,0,0,0,0,0,0,0,0,0,0,0,0,0,0,0
0.482205,-0.145571,0.832976,0,0,0,0,6.72478e-08,5.51561e-09,6.49968e-08,1212,1190,1191,1211,1213,1233,1234,2783,2784,2804,2805,2806,2826,2827,0,0,0,0,0,0,0,0,0,1190,1191,1211,1213,1233,1234,2783,2784,2804,2805,2806,2826,2827,0,0,0,0,0,0,0,0,0,0.0460342,0.0527053,0.0458235,0.0473068,0.0512982,0.0452241,0.111426,0.114256,0.11122,0.100019,0.111845,0.113626,0.111135,0,0,0,0,0,0,0,0,0,0.0465657,0.0526188,0.046019,0.0474586,0.0512533,0.0457968,0.111413,0.114404,0.111168,0.1,0.111837,0.113699,0.111063,0,0,0,0,0,0,0,0,0,1,1,1,1,1,1,1,1,1,1,1,1,1,0,0,0,0,0,0,0,0,0,1,1,1,1,1,1,1,1,1,1,1,1,1,0,0,0,0,0,0,0,0,0,1,0,0,0,0,0,0,0,0,0,0,0,0,0,0,0,0,0,0,0,0,0,0,13,0,0,0,0,0,0,0,0,0,0,0,0,0,0,0,0,0,0,0,0,0,0,0,0,0,0,0,0,0,0,0,0,0,0,0,0,0,0,0,0,0,0,0,0,0,0,0,0
0.510943,-0.121322,0.80427,0,0,0,0,7.77447e-08,4.05471e-09,7.39793e-08,1213,1191,1192,1212,1214,1234,1235,2784,2785,2805,2806,2807,2827,2828,0,0,0,0,0,0,0,0,0,1191,1192,1212,1214,1234,1235,2784,2785,2805,2806,2807,2827,2828,0,0,0,0,0,0,0,0,0,0.0449118,0.0523712,0.0473068,0.0485589,0.0528808,0.0447596,0.110914,0.114108,0.11188,0.100021,0.112415,0.114436,0.110912,0,0,0,0,0,0,0,0,0,0.045442,0.0522947,0.0474586,0.048672,0.052842,0.0453172,0.110894,0.114237,0.11184,0.1,0.112418,0.114506,0.110842,0,0,0,0,0,0,0,0,0,1,1,1,1,1,1,1,1,1,1,1,1,1,0,0,0,0,0,0,0,0,0,1,1,1,1,1,1,1,1,1,1,1,1,1,0,0,0,0,0,0,0,0,0,1,0,0,0,0,0,0,0,0,0,0,0,0,0,0,0,0,0,0,0,0,0,0,13,0,0,0,0,0,0,0,0,0,0,0,0,0,0,0,0,0,0,0,0,0,0,0,0,0,0,0,0,0,0,0,0,0,0,0,0,0,0,0,0,0,0,0,0,0,0,0,0
0.53841,-0.0966105,0.77276,0,0,0,0,8.91514e-08,2.71998e-09,8.27177e-08,1214,1192,1193,1213,1215,1235,1236,2785,2786,2806,2807,2808,2828,2829,0,0,0,0,0,0,0,0,0,1192,1193,1213,1215,1235,1236,2785,2786,2806,2807,2808,2828,2829,0,0,0,0,0,0,0,0,0,0.0443901,0.0515071,0.0485589,0.0487305,0.0522706,0.0444038,0.110677,0.113694,0.112445,0.100021,0.112474,0.114132,0.110727,0,0,0,0,0,0,0,0,0,0.0449028,0.051437,0.048672,0.0488112,0.0522326,0.0449325,0.110649,0.113801,0.11242,0.1,0.112487,0.114193,0.110667,0,0,0,0,0,0,0,0,0,1,1,1,1,1,1,1,1,1,1,1,1,1,0,0,0,0,0,0,0,0,0,1,1,1,1,1,1,1,1,1,1,1,1,1,0,0,0,0,0,0,0,0,0,1,0,0,0,0,0,0,0,0,0,0,0,0,0,0,0,0,0,0,0,0,0,0,13,0,0,0,0,0,0,0,0,0,0,0,0,0,0,0,0,0,0,0,0,0,0,0,0,0,0,0,0,0,0,0,0,0,0,0,0,0,0,0,0,0,0,0,0,0,0,0,0
0.563817,-0.0718732,0.739335,0,0,0,0,1.01157e-07,1.46651e-09,9.08821e-08,1215,1193,1194,1214,1216,1236,1237,2786,2787,2807,2808,2809,2829,2830,0,0,0,0,0,0,0,0,0,1193,1194,1214,1216,1236,1237,2786,2787,2807,2808,2809,2829,2830,0,0,0,0,0,0,0,0,0,0.0438384,0.0504807,0.0487305,0.0483409,0.0512742,0.0438279,0.110423,0.113204,0.112499,0.100019,0.112267,0.113637,0.110443,0,0,0,0,0,0,0,0,0,0.0443229,0.0504165,0.0488112,0.048395,0.0512364,0.0443205,0.110388,0.113289,0.112487,0.1,0.112288,0.113689,0.11039,0,0,0,0,0,0,0,0,0,1,1,1,1,1,1,1,1,1,1,1,1,1,0,0,0,0,0,0,0,0,0,1,1,1,1,1,1,1,1,1,1,1,1,1,0,0,0,0,0,0,0,0,0,1,0,0,0,0,0,0,0,0,0,0,0,0,0,0,0,0,0,0,0,0,0,0,13,0,0,0,0,0,0,0,0,0,0,0,0,0,0,0,0,0,0,0,0,0,0,0,0,0,0,0,0,0,0,0,0,0,0,0,0,0,0,0,0,0,0,0,0,0,0,0,0
0.58687,-0.0475721,0.70448,0,0,0,0,1.13554e-07,2.36268e-10,9.83004e-08,1216,1194,1195,1215,1217,1237,1238,2787,2788,2808,2809,2810,2830,2831,0,0,0,0,0,0,0,0,0,1194,1195,1215,1217,1237,1238,2787,2788,2808,2809,2810,2830,2831,0,0,0,0,0,0,0,0,0,0.0431361,0.0493539,0.0483409,0.0476421,0.0502042,0.0430776,0.110098,0.11267,0.112287,0.100017,0.111919,0.113115,0.110085,0,0,0,0,0,0,0,0,0,0.0435869,0.0492953,0.048395,0.0476745,0.0501677,0.0435317,0.110061,0.112737,0.112287,0.1,0.111946,0.113156,0.110039,0,0,0,0,0,0,0,0,0,1,1,1,1,1,1,1,1,1,1,1,1,1,0,0,0,0,0,0,0,0,0,1,1,1,1,1,1,1,1,1,1,1,1,1,0,0,0,0,0,0,0,0,0,1,0,0,0,0,0,0,0,0,0,0,0,0,0,0,0,0,0,0,0,0,0,0,13,0,0,0,0,0,0,0,0,0,0,0,0,0,0,0,0,0,0,0,0,0,0,0,0,0,0,0,0,0,0,0,0,0,0,0,0,0,0,0,0,0,0,0,0,0,0,0,0
0.607473,-0.0239868,0.668577,0,0,0,0,1.26186e-07,-1.0391e-09,1.0487e-07,1217,1195,1196,1216,1218,1238,1239,2788,2789,2809,2810,2811,2831,2832,0,0,0,0,0,0,0,0,0,1195,1196,1216,1218,1238,1239,2788,2789,2809,2810,2811,2831,2832,0,0,0,0,0,0,0,0,0,0.0423164,0.048139,0.0476421,0.0467351,0.0490475,0.0422158,0.109724,0.112102,0.111934,0.100014,0.111481,0.11256,0.109686,0,0,0,0,0,0,0,0,0,0.0427316,0.0480876,0.0476745,0.0467494,0.0490141,0.0426321,0.109687,0.112152,0.111944,0.1,0.111512,0.11259,0.109645,0,0,0,0,0,0,0,0,0,1,1,1,1,1,1,1,1,1,1,1,1,1,0,0,0,0,0,0,0,0,0,1,1,1,1,1,1,1,1,1,1,1,1,1,0,0,0,0,0,0,0,0,0,1,0,0,0,0,0,0,0,0,0,0,0,0,0,0,0,0,0,0,0,0,0,0,13,0,0,0,0,0,0,0,0,0,0,0,0,0,0,0,0,0,0,0,0,0,0,0,0,0,0,0,0,0,0,0,0,0,0,0,0,0,0,0,0,0,0,0,0,0,0,0,0
0.625611,-0.00128479,0.631974,0,0,0,0,1.38919e-07,-2.42965e-09,1.1052e-07,1218,1196,1197,1217,1219,1239,1240,2789,2790,2810,2811,2812,2832,2833,0,0,0,0,0,0,0,0,0,1196,1197,1217,1219,1239,1240,2789,2790,2810,2811,2812,2832,2833,0,0,0,0,0,0,0,0,0,0.0414183,0.0468478,0.0467351,0.0456775,0.0478062,0.0412871,0.109321,0.111506,0.111493,0.100011,0.110983,0.111976,0.109267,0,0,0,0,0,0,0,0,0,0.0417977,0.046807,0.0467494,0.0456754,0.0477803,0.0416678,0.109285,0.111545,0.111509,0.1,0.111017,0.111997,0.10923,0,0,0,0,0,0,0,0,0,1,1,1,1,1,1,1,1,1,1,1,1,1,0,0,0,0,0,0,0,0,0,1,1,1,1,1,1,1,1,1,1,1,1,1,0,0,0,0,0,0,0,0,0,1,0,0,0,0,0,0,0,0,0,0,0,0,0,0,0,0,0,0,0,0,0,0,13,0,0,0,0,0,0,0,0,0,0,0,0,0,0,0,0,0,0,0,0,0,0,0,0,0,0,0,0,0,0,0,0,0,0,0,0,0,0,0,0,0,0,0,0,0,0,0,0
0.641325,0.0204354,0.594991,0,0,0,0,1.51645e-07,-3.98504e-09,1.15226e-07,1219,1197,1198,1218,1220,1240,1241,2790,2791,2811,2812,2813,2833,2834,0,0,0,0,0,0,0,0,0,1197,1198,1218,1220,1240,1241,2790,2791,2811,2812,2813,2833,2834,0,0,0,0,0,0,0,0,0,0.0404725,0.0454943,0.0456775,0.0445181,0.0464924,0.0403267,0.108903,0.110892,0.110994,0.10001,0.110451,0.111372,0.108847,0,0,0,0,0,0,0,0,0,0.0408173,0.0454688,0.0456754,0.0444995,0.0464796,0.0406753,0.108871,0.110925,0.111013,0.1,0.110485,0.111385,0.108812,0,0,0,0,0,0,0,0,0,1,1,1,1,1,1,1,1,1,1,1,1,1,0,0,0,0,0,0,0,0,0,1,1,1,1,1,1,1,1,1,1,1,1,1,0,0,0,0,0,0,0,0,0,1,0,0,0,0,0,0,0,0,0,0,0,0,0,0,0,0,0,0,0,0,0,0,13,0,0,0,0,0,0,0,0,0,0,0,0,0,0,0,0,0,0,0,0,0,0,0,0,0,0,0,0,0,0,0,0,0,0,0,0,0,0,0,0,0,0,0,0,0,0,0,0
0.654697,0.041126,0.557911,0,0,0,0,1.6429e-07,-5.7038e-09,1.18992e-07,1220,1198,1199,1219,1221,1241,1242,2791,2792,2812,2813,2814,2834,2835,0,0,0,0,0,0,0,0,0,1198,1199,1219,1221,1241,1242,2791,2792,2812,2813,2814,2834,2835,0,0,0,0,0,0,0,0,0,0.0395057,0.0440936,0.0445181,0.0433133,0.0451216,0.0393688,0.108483,0.110274,0.110461,0.100008,0.10991,0.110758,0.108438,0,0,0,0,0,0,0,0,0,0.0398189,0.0440883,0.0444995,0.0432768,0.0451273,0.0396893,0.108458,0.110301,0.11048,0.1,0.109943,0.110763,0.108405,0,0,0,0,0,0,0,0,0,1,1,1,1,1,1,1,1,1,1,1,1,1,0,0,0,0,0,0,0,0,0,1,1,1,1,1,1,1,1,1,1,1,1,1,0,0,0,0,0,0,0,0,0,1,0,0,0,0,0,0,0,0,0,0,0,0,0,0,0,0,0,0,0,0,0,0,13,0,0,0,0,0,0,0,0,0,0,0,0,0,0,0,0,0,0,0,0,0,0,0,0,0,0,0,0,0,0,0,0,0,0,0,0,0,0,0,0,0,0,0,0,0,0,0,0
0.665838,0.060786,0.52096,0,0,0,0,1.76827e-07,-7.45952e-09,1.21836e-07,1221,1199,1200,1220,1222,1242,1243,2792,2793,2813,2814,2815,2835,2836,0,0,0,0,0,0,0,0,0,1199,1200,1220,1222,1242,1243,2792,2793,2813,2814,2815,2835,2836,0,0,0,0,0,0,0,0,0,0.0385482,0.0426589,0.0433133,0.0421553,0.0437068,0.0384517,0.10808,0.109657,0.109924,0.10001,0.109387,0.110143,0.108052,0,0,0,0,0,0,0,0,0,0.0388325,0.0426781,0.0432768,0.0420929,0.0437367,0.0387447,0.108059,0.10968,0.109938,0.1,0.109431,0.110139,0.108023,0,0,0,0,0,0,0,0,0,1,1,1,1,1,1,1,1,1,1,1,1,1,0,0,0,0,0,0,0,0,0,1,1,1,1,1,1,1,1,1,1,1,1,1,0,0,0,0,0,0,0,0,0,1,0,0,0,0,0,0,0,0,0,0,0,0,0,0,0,0,0,0,0,0,0,0,13,0,0,0,0,0,0,0,0,0,0,0,0,0,0,0,0,0,0,0,0,0,0,0,0,0,0,0,0,0,0,0,0,0,0,0,0,0,0,0,0,0,0,0,0,0,0,0,0
0.67489,0.0794818,0.484277,0,0,0,0,1.8919e-07,-8.70567e-09,1.23871e-07,1222,92,1200,1221,1243,1685,2793,2814,2815,2836,0,0,0,0,0,0,0,0,0,0,0,0,0,92,1200,1221,1243,1685,2793,2814,2815,2836,0,0,0,0,0,0,0,0,0,0,0,0,0,0.0377304,0.0376572,0.0421553,0.0422426,0.107642,0.10771,0.109422,0.100003,0.109523,0,0,0,0,0,0,0,0,0,0,0,0,0,0.0378811,0.0378926,0.0420929,0.0423158,0.107681,0.107686,0.109425,0.1,0.109518,0,0,0,0,0,0,0,0,0,0,0,0,0,1,1,1,1,1,1,1,1,1,0,0,0,0,0,0,0,0,0,0,0,0,0,1,1,1,1,1,1,1,1,1,0,0,0,0,0,0,0,0,0,0,0,0,0,1,0,0,0,0,0,0,0,0,0,0,0,0,0,0,0,0,0,0,0,0,0,0,9,0,0,0,0,0,0,0,0,0,0,0,0,0,0,0,0,0,0,0,0,0,0,0,0,0,0,0,0,0,0,0,0,0,0,0,0,0,0,0,0,0,0,0,0,0,0,0,0
0.0966499,-0.384497,0.972853,0,0,0,0,4.79035e-09,3.10355e-08,-2.32365e-08,1223,49,50,1201,1202,1224,1244,1642,1643,2794,2795,2816,2817,2837,0,0,0,0,0,0,0,0,0,49,50,1201,1202,1224,1244,1642,1643,2794,2795,2816,2817,2837,0,0,0,0,0,0,0,0,0,0.0395431,0.0439302,0.0494233,0.0469005,0.0429708,0.0507199,0.109282,0.111155,0.112179,0.110981,0.0994931,0.109845,0.113248,0,0,0,0,0,0,0,0,0,0.0401519,0.0453729,0.0477311,0.0475091,0.0435159,0.0489249,0.108724,0.110977,0.111987,0.11186,0.1,0.11004,0.112551,0,0,0,0,0,0,0,0,0,1,1,1,1,1,1,1,1,1,1,1,1,1,0,0,0,0,0,0,0,0,0,1,1,1,1,1,1,1,1,1,1,1,1,1,0,0,0,0,0,0,0,0,0,1,0,0,0,0,0,0,0,0,0,0,0,0,0,0,0,0,0,0,0,0,0,0,13,0,0,0,0,0,0,0,0,0,0,0,0,0,0,0,0,0,0,0,0,0,0,0,0,0,0,0,0,0,0,0,0,0,0,0,0,0,0,0,0,0,0,0,0,0,0,0,0
0.132575,-0.361805,0.979254,0,0,0,0,6.82975e-09,2.72661e-08,-1.70536e-08,1224,1202,1203,1223,1225,1244,1245,2795,2796,2816,2817,2818,2837,2838,0,0,0,0,0,0,0,0,0,1202,1203,1223,1225,1244,1245,2795,2796,2816,2817,2818,2837,2838,0,0,0,0,0,0,0,0,0,0.050057,0.0484688,0.0429708,0.0437985,0.0477399,0.051188,0.112782,0.111807,0.110221,0.0997373,0.1103,0.112114,0.113733,0,0,0,0,0,0,0,0,0,0.0486882,0.0486816,0.0435159,0.0444225,0.0483972,0.0498089,0.112445,0.112422,0.110035,0.1,0.110442,0.112289,0.112981,0,0,0,0,0,0,0,0,0,1,1,1,1,1,1,1,1,1,1,1,1,1,0,0,0,0,0,0,0,0,0,1,1,1,1,1,1,1,1,1,1,1,1,1,0,0,0,0,0,0,0,0,0,1,0,0,0,0,0,0,0,0,0,0,0,0,0,0,0,0,0,0,0,0,0,0,13,0,0,0,0,0,0,0,0,0,0,0,0,0,0,0,0,0,0,0,0,0,0,0,0,0,0,0,0,0,0,0,0,0,0,0,0,0,0,0,0,0,0,0,0,0,0,0,0
0.169222,-0.337976,0.981994,0,0,0,0,9.40426e-09,2.37431e-08,-1.02543e-08,1225,1203,1204,1224,1226,1245,1246,2796,2797,2817,2818,2819,2838,2839,0,0,0,0,0,0,0,0,0,1203,1204,1224,1226,1245,1246,2796,2797,2817,2818,2819,2838,2839,0,0,0,0,0,0,0,0,0,0.0504464,0.0499124,0.0437985,0.0447927,0.0493026,0.0513844,0.113057,0.112514,0.110606,0.0997411,0.11075,0.112798,0.113863,0,0,0,0,0,0,0,0,0,0.0494478,0.0498389,0.0444225,0.0453916,0.0495494,0.0504538,0.112812,0.112989,0.110438,0.1,0.11088,0.112849,0.113299,0,0,0,0,0,0,0,0,0,1,1,1,1,1,1,1,1,1,1,1,1,1,0,0,0,0,0,0,0,0,0,1,1,1,1,1,1,1,1,1,1,1,1,1,0,0,0,0,0,0,0,0,0,1,0,0,0,0,0,0,0,0,0,0,0,0,0,0,0,0,0,0,0,0,0,0,13,0,0,0,0,0,0,0,0,0,0,0,0,0,0,0,0,0,0,0,0,0,0,0,0,0,0,0,0,0,0,0,0,0,0,0,0,0,0,0,0,0,0,0,0,0,0,0,0
0.20644,-0.31308,0.980853,0,0,0,0,1.26234e-08,2.04618e-08,-2.82084e-09,1226,1204,1205,1225,1227,1246,1247,2797,2798,2818,2819,2820,2839,2840,0,0,0,0,0,0,0,0,0,1204,1205,1225,1227,1246,1247,2797,2798,2818,2819,2820,2839,2840,0,0,0,0,0,0,0,0,0,0.0506015,0.0511318,0.0447927,0.0458187,0.0506959,0.0513291,0.113249,0.11316,0.110982,0.0998017,0.111245,0.113366,0.113926,0,0,0,0,0,0,0,0,0,0.0499853,0.0509111,0.0453916,0.0463653,0.0506692,0.0508352,0.113072,0.113525,0.110877,0.1,0.111327,0.113402,0.113487,0,0,0,0,0,0,0,0,0,1,1,1,1,1,1,1,1,1,1,1,1,1,0,0,0,0,0,0,0,0,0,1,1,1,1,1,1,1,1,1,1,1,1,1,0,0,0,0,0,0,0,0,0,1,0,0,0,0,0,0,0,0,0,0,0,0,0,0,0,0,0,0,0,0,0,0,13,0,0,0,0,0,0,0,0,0,0,0,0,0,0,0,0,0,0,0,0,0,0,0,0,0,0,0,0,0,0,0,0,0,0,0,0,0,0,0,0,0,0,0,0,0,0,0,0
0.243994,-0.28732,0.975797,0,0,0,0,1.65752e-08,1.74141e-08,5.20579e-09,1227,1205,1206,1226,1228,1247,1248,2798,2799,2819,2820,2821,2840,2841,0,0,0,0,0,0,0,0,0,1205,1206,1226,1228,1247,1248,2798,2799,2819,2820,2821,2840,2841,0,0,0,0,0,0,0,0,0,0.0505483,0.0520856,0.0458187,0.0468254,0.0518165,0.0510596,0.11332,0.113686,0.111408,0.0998547,0.111731,0.113879,0.113872,0,0,0,0,0,0,0,0,0,0.0502855,0.0518184,0.0463653,0.0473063,0.0516729,0.0509442,0.113216,0.113986,0.111326,0.1,0.111765,0.113907,0.11354,0,0,0,0,0,0,0,0,0,1,1,1,1,1,1,1,1,1,1,1,1,1,0,0,0,0,0,0,0,0,0,1,1,1,1,1,1,1,1,1,1,1,1,1,0,0,0,0,0,0,0,0,0,1,0,0,0,0,0,0,0,0,0,0,0,0,0,0,0,0,0,0,0,0,0,0,13,0,0,0,0,0,0,0,0,0,0,0,0,0,0,0,0,0,0,0,0,0,0,0,0,0,0,0,0,0,0,0,0,0,0,0,0,0,0,0,0,0,0,0,0,0,0,0,0
0.281577,-0.260869,0.96683,0,0,0,0,2.1341e-08,1.46064e-08,1.37578e-08,1228,1206,1207,1227,1229,1248,1249,2799,2800,2820,2821,2822,2841,2842,0,0,0,0,0,0,0,0,0,1206,1207,1227,1229,1248,1249,2799,2800,2820,2821,2822,2841,2842,0,0,0,0,0,0,0,0,0,0.0503188,0.0527308,0.0468254,0.0477505,0.0526227,0.0506176,0.113294,0.114063,0.111841,0.0999052,0.112175,0.11427,0.113721,0,0,0,0,0,0,0,0,0,0.0503527,0.0524812,0.0473063,0.0481681,0.0524614,0.0507981,0.113244,0.114327,0.111767,0.1,0.112172,0.114309,0.113466,0,0,0,0,0,0,0,0,0,1,1,1,1,1,1,1,1,1,1,1,1,1,0,0,0,0,0,0,0,0,0,1,1,1,1,1,1,1,1,1,1,1,1,1,0,0,0,0,0,0,0,0,0,1,0,0,0,0,0,0,0,0,0,0,0,0,0,0,0,0,0,0,0,0,0,0,13,0,0,0,0,0,0,0,0,0,0,0,0,0,0,0,0,0,0,0,0,0,0,0,0,0,0,0,0,0,0,0,0,0,0,0,0,0,0,0,0,0,0,0,0,0,0,0,0
0.318835,-0.233879,0.954043,0,0,0,0,2.69814e-08,1.20469e-08,2.27347e-08,1229,1207,1208,1228,1230,1249,1250,2800,2801,2821,2822,2823,2842,2843,0,0,0,0,0,0,0,0,0,1207,1208,1228,1230,1249,1250,2800,2801,2821,2822,2823,2842,2843,0,0,0,0,0,0,0,0,0,0.0499539,0.053024,0.0477505,0.0485048,0.0530642,0.0500511,0.113189,0.11426,0.11225,0.099947,0.11253,0.114496,0.113489,0,0,0,0,0,0,0,0,0,0.0502149,0.052821,0.0481681,0.0488666,0.0529369,0.050441,0.113172,0.114505,0.112177,0.1,0.112507,0.114554,0.113287,0,0,0,0,0,0,0,0,0,1,1,1,1,1,1,1,1,1,1,1,1,1,0,0,0,0,0,0,0,0,0,1,1,1,1,1,1,1,1,1,1,1,1,1,0,0,0,0,0,0,0,0,0,1,0,0,0,0,0,0,0,0,0,0,0,0,0,0,0,0,0,0,0,0,0,0,13,0,0,0,0,0,0,0,0,0,0,0,0,0,0,0,0,0,0,0,0,0,0,0,0,0,0,0,0,0,0,0,0,0,0,0,0,0,0,0,0,0,0,0,0,0,0,0,0
0.355348,-0.206484,0.93764,0,0,0,0,3.35248e-08,9.74187e-09,3.20001e-08,1230,1208,1209,1229,1231,1250,1251,2801,2802,2822,2823,2824,2843,2844,0,0,0,0,0,0,0,0,0,1208,1209,1229,1231,1250,1251,2801,2802,2822,2823,2824,2843,2844,0,0,0,0,0,0,0,0,0,0.0495075,0.0529054,0.0485048,0.0488997,0.0530734,0.0494246,0.11303,0.114245,0.112584,0.0999787,0.112701,0.11451,0.113208,0,0,0,0,0,0,0,0,0,0.0499267,0.0527543,0.0488666,0.0492122,0.0529938,0.0499473,0.113026,0.114473,0.112514,0.1,0.112674,0.114584,0.113042,0,0,0,0,0,0,0,0,0,1,1,1,1,1,1,1,1,1,1,1,1,1,0,0,0,0,0,0,0,0,0,1,1,1,1,1,1,1,1,1,1,1,1,1,0,0,0,0,0,0,0,0,0,1,0,0,0,0,0,0,0,0,0,0,0,0,0,0,0,0,0,0,0,0,0,0,13,0,0,0,0,0,0,0,0,0,0,0,0,0,0,0,0,0,0,0,0,0,0,0,0,0,0,0,0,0,0,0,0,0,0,0,0,0,0,0,0,0,0,0,0,0,0,0,0
0.390571,-0.178809,0.91803,0,0,0,0,4.09423e-08,7.69322e-09,4.13663e-08,1231,1209,1210,1230,1232,1251,1252,2802,2803,2823,2824,2825,2844,2845,0,0,0,0,0,0,0,0,0,1209,1210,1230,1232,1251,1252,2802,2803,2823,2824,2825,2844,2845,0,0,0,0,0,0,0,0,0,0.0490587,0.0523285,0.0488997,0.0482446,0.0525066,0.0483705,0.112857,0.113995,0.112746,0.100001,0.112356,0.114232,0.112697,0,0,0,0,0,0,0,0,0,0.049574,0.0522248,0.0492122,0.0485142,0.0524701,0.0489614,0.112851,0.114203,0.112681,0.1,0.112337,0.114316,0.11256,0,0,0,0,0,0,0,0,0,1,1,1,1,1,1,1,1,1,1,1,1,1,0,0,0,0,0,0,0,0,0,1,1,1,1,1,1,1,1,1,1,1,1,1,0,0,0,0,0,0,0,0,0,1,0,0,0,0,0,0,0,0,0,0,0,0,0,0,0,0,0,0,0,0,0,0,13,0,0,0,0,0,0,0,0,0,0,0,0,0,0,0,0,0,0,0,0,0,0,0,0,0,0,0,0,0,0,0,0,0,0,0,0,0,0,0,0,0,0,0,0,0,0,0,0
0.423588,-0.15139,0.895992,0,0,0,0,4.90473e-08,5.90868e-09,5.05034e-08,1232,1210,1211,1231,1233,1252,1253,2803,2804,2824,2825,2826,2845,2846,0,0,0,0,0,0,0,0,0,1210,1211,1231,1233,1252,1253,2803,2804,2824,2825,2826,2845,2846,0,0,0,0,0,0,0,0,0,0.0484225,0.0516708,0.0482446,0.0463415,0.0512563,0.0453926,0.112577,0.1137,0.112399,0.100014,0.111423,0.11362,0.111277,0,0,0,0,0,0,0,0,0,0.0489813,0.0516063,0.0485142,0.0465702,0.0512557,0.0460107,0.112561,0.113888,0.112344,0.1,0.11142,0.1137,0.111163,0,0,0,0,0,0,0,0,0,1,1,1,1,1,1,1,1,1,1,1,1,1,0,0,0,0,0,0,0,0,0,1,1,1,1,1,1,1,1,1,1,1,1,1,0,0,0,0,0,0,0,0,0,1,0,0,0,0,0,0,0,0,0,0,0,0,0,0,0,0,0,0,0,0,0,0,13,0,0,0,0,0,0,0,0,0,0,0,0,0,0,0,0,0,0,0,0,0,0,0,0,0,0,0,0,0,0,0,0,0,0,0,0,0,0,0,0,0,0,0,0,0,0,0,0
0.454092,-0.126589,0.871457,0,0,0,0,5.76363e-08,4.3995e-09,5.91192e-08,1233,1211,1212,1232,1234,1253,1254,2804,2805,2825,2826,2827,2846,2847,0,0,0,0,0,0,0,0,0,1211,1212,1232,1234,1253,1254,2804,2805,2825,2826,2827,2846,2847,0,0,0,0,0,0,0,0,0,0.0458943,0.0512982,0.0463415,0.0464473,0.0506588,0.0449275,0.111393,0.113543,0.11147,0.10002,0.11144,0.113332,0.111045,0,0,0,0,0,0,0,0,0,0.0464725,0.0512533,0.0465702,0.0466304,0.0506717,0.0455442,0.11137,0.113709,0.111424,0.1,0.111449,0.113408,0.110948,0,0,0,0,0,0,0,0,0,1,1,1,1,1,1,1,1,1,1,1,1,1,0,0,0,0,0,0,0,0,0,1,1,1,1,1,1,1,1,1,1,1,1,1,0,0,0,0,0,0,0,0,0,1,0,0,0,0,0,0,0,0,0,0,0,0,0,0,0,0,0,0,0,0,0,0,13,0,0,0,0,0,0,0,0,0,0,0,0,0,0,0,0,0,0,0,0,0,0,0,0,0,0,0,0,0,0,0,0,0,0,0,0,0,0,0,0,0,0,0,0,0,0,0,0
0.482934,-0.101899,0.844701,0,0,0,0,6.69069e-08,3.0556e-09,6.74731e-08,1234,1212,1213,1233,1235,1254,1255,2805,2806,2826,2827,2828,2847,2848,0,0,0,0,0,0,0,0,0,1212,1213,1233,1235,1254,1255,2805,2806,2826,2827,2828,2847,2848,0,0,0,0,0,0,0,0,0,0.0452241,0.0528808,0.0464473,0.0489919,0.049959,0.0444653,0.111092,0.11437,0.111485,0.100025,0.112617,0.112996,0.110813,0,0,0,0,0,0,0,0,0,0.0457968,0.052842,0.0466304,0.0491244,0.0499784,0.0450672,0.111058,0.114516,0.111452,0.1,0.112639,0.113064,0.11073,0,0,0,0,0,0,0,0,0,1,1,1,1,1,1,1,1,1,1,1,1,1,0,0,0,0,0,0,0,0,0,1,1,1,1,1,1,1,1,1,1,1,1,1,0,0,0,0,0,0,0,0,0,1,0,0,0,0,0,0,0,0,0,0,0,0,0,0,0,0,0,0,0,0,0,0,13,0,0,0,0,0,0,0,0,0,0,0,0,0,0,0,0,0,0,0,0,0,0,0,0,0,0,0,0,0,0,0,0,0,0,0,0,0,0,0,0,0,0,0,0,0,0,0,0
0.511824,-0.0775377,0.813523,0,0,0,0,7.74535e-08,1.81444e-09,7.59854e-08,1235,1213,1214,1234,1236,1255,1256,2806,2807,2827,2828,2829,2848,2849,0,0,0,0,0,0,0,0,0,1213,1214,1234,1236,1255,1256,2806,2807,2827,2828,2829,2848,2849,0,0,0,0,0,0,0,0,0,0.0447596,0.0522706,0.0489919,0.0497812,0.0520075,0.0446225,0.110876,0.114082,0.112658,0.100026,0.112976,0.114021,0.110861,0,0,0,0,0,0,0,0,0,0.0453172,0.0522326,0.0491244,0.0498753,0.0520153,0.0451952,0.110838,0.114203,0.11264,0.1,0.113007,0.114082,0.110787,0,0,0,0,0,0,0,0,0,1,1,1,1,1,1,1,1,1,1,1,1,1,0,0,0,0,0,0,0,0,0,1,1,1,1,1,1,1,1,1,1,1,1,1,0,0,0,0,0,0,0,0,0,1,0,0,0,0,0,0,0,0,0,0,0,0,0,0,0,0,0,0,0,0,0,0,13,0,0,0,0,0,0,0,0,0,0,0,0,0,0,0,0,0,0,0,0,0,0,0,0,0,0,0,0,0,0,0,0,0,0,0,0,0,0,0,0,0,0,0,0,0,0,0,0
0.539015,-0.0527978,0.779956,0,0,0,0,8.87691e-08,6.3285e-10,8.41181e-08,1236,1214,1215,1235,1237,1256,1257,2807,2808,2828,2829,2830,2849,2850,0,0,0,0,0,0,0,0,0,1214,1215,1235,1237,1256,1257,2807,2808,2828,2829,2830,2849,2850,0,0,0,0,0,0,0,0,0,0.0444038,0.0512742,0.0497812,0.0495166,0.0516899,0.0443212,0.110707,0.113602,0.113011,0.100024,0.112825,0.113864,0.110696,0,0,0,0,0,0,0,0,0,0.0449325,0.0512364,0.0498753,0.0495782,0.0516862,0.044858,0.110663,0.113697,0.113007,0.1,0.112863,0.113915,0.110632,0,0,0,0,0,0,0,0,0,1,1,1,1,1,1,1,1,1,1,1,1,1,0,0,0,0,0,0,0,0,0,1,1,1,1,1,1,1,1,1,1,1,1,1,0,0,0,0,0,0,0,0,0,1,0,0,0,0,0,0,0,0,0,0,0,0,0,0,0,0,0,0,0,0,0,0,13,0,0,0,0,0,0,0,0,0,0,0,0,0,0,0,0,0,0,0,0,0,0,0,0,0,0,0,0,0,0,0,0,0,0,0,0,0,0,0,0,0,0,0,0,0,0,0,0
0.563881,-0.0283845,0.744777,0,0,0,0,1.00569e-07,-5.43307e-10,9.15963e-08,1237,1215,1216,1236,1238,1257,1258,2808,2809,2829,2830,2831,2850,2851,0,0,0,0,0,0,0,0,0,1215,1216,1236,1238,1257,1258,2808,2809,2829,2830,2831,2850,2851,0,0,0,0,0,0,0,0,0,0.0438279,0.0502042,0.0495166,0.04888,0.0507446,0.0437016,0.110434,0.113091,0.112853,0.100021,0.112499,0.113398,0.110389,0,0,0,0,0,0,0,0,0,0.0443205,0.0501677,0.0495782,0.0489142,0.0507351,0.0441981,0.110388,0.113163,0.112862,0.1,0.112542,0.113437,0.110335,0,0,0,0,0,0,0,0,0,1,1,1,1,1,1,1,1,1,1,1,1,1,0,0,0,0,0,0,0,0,0,1,1,1,1,1,1,1,1,1,1,1,1,1,0,0,0,0,0,0,0,0,0,1,0,0,0,0,0,0,0,0,0,0,0,0,0,0,0,0,0,0,0,0,0,0,13,0,0,0,0,0,0,0,0,0,0,0,0,0,0,0,0,0,0,0,0,0,0,0,0,0,0,0,0,0,0,0,0,0,0,0,0,0,0,0,0,0,0,0,0,0,0,0,0
0.58629,-0.00467505,0.708377,0,0,0,0,1.12694e-07,-1.77842e-09,9.83092e-08,1238,1216,1217,1237,1239,1258,1259,2809,2810,2830,2831,2832,2851,2852,0,0,0,0,0,0,0,0,0,1216,1217,1237,1239,1258,1259,2809,2810,2830,2831,2832,2851,2852,0,0,0,0,0,0,0,0,0,0.0430776,0.0490475,0.04888,0.0480159,0.049701,0.0429089,0.110081,0.112543,0.112521,0.100018,0.112072,0.112892,0.110012,0,0,0,0,0,0,0,0,0,0.0435317,0.0490141,0.0489142,0.0480263,0.0496884,0.0433658,0.110037,0.112597,0.112539,0.1,0.112117,0.112919,0.109966,0,0,0,0,0,0,0,0,0,1,1,1,1,1,1,1,1,1,1,1,1,1,0,0,0,0,0,0,0,0,0,1,1,1,1,1,1,1,1,1,1,1,1,1,0,0,0,0,0,0,0,0,0,1,0,0,0,0,0,0,0,0,0,0,0,0,0,0,0,0,0,0,0,0,0,0,13,0,0,0,0,0,0,0,0,0,0,0,0,0,0,0,0,0,0,0,0,0,0,0,0,0,0,0,0,0,0,0,0,0,0,0,0,0,0,0,0,0,0,0,0,0,0,0,0
0.606206,0.0181338,0.671113,0,0,0,0,1.25011e-07,-3.14059e-09,1.04184e-07,1239,1217,1218,1238,1240,1259,1260,2810,2811,2831,2832,2833,2852,2853,0,0,0,0,0,0,0,0,0,1217,1218,1238,1240,1259,1260,2810,2811,2831,2832,2833,2852,2853,0,0,0,0,0,0,0,0,0,0.0422158,0.0478062,0.0480159,0.0469889,0.0485529,0.0420199,0.109684,0.111963,0.112088,0.100014,0.111578,0.112344,0.109603,0,0,0,0,0,0,0,0,0,0.0426321,0.0477803,0.0480263,0.0469779,0.0485421,0.0424403,0.109644,0.112003,0.112113,0.1,0.111622,0.112361,0.109562,0,0,0,0,0,0,0,0,0,1,1,1,1,1,1,1,1,1,1,1,1,1,0,0,0,0,0,0,0,0,0,1,1,1,1,1,1,1,1,1,1,1,1,1,0,0,0,0,0,0,0,0,0,1,0,0,0,0,0,0,0,0,0,0,0,0,0,0,0,0,0,0,0,0,0,0,13,0,0,0,0,0,0,0,0,0,0,0,0,0,0,0,0,0,0,0,0,0,0,0,0,0,0,0,0,0,0,0,0,0,0,0,0,0,0,0,0,0,0,0,0,0,0,0,0
0.623654,0.0399339,0.63332,0,0,0,0,1.37407e-07,-4.68765e-09,1.09179e-07,1240,1218,1219,1239,1241,1260,1261,2811,2812,2832,2833,2834,2853,2854,0,0,0,0,0,0,0,0,0,1218,1219,1239,1241,1260,1261,2811,2812,2832,2833,2834,2853,2854,0,0,0,0,0,0,0,0,0,0.0412871,0.0464924,0.0469889,0.0458492,0.0473142,0.041085,0.109264,0.111359,0.111589,0.100011,0.111045,0.111765,0.109185,0,0,0,0,0,0,0,0,0,0.0416678,0.0464796,0.0469779,0.0458182,0.0473118,0.0414732,0.10923,0.11139,0.111617,0.1,0.111085,0.111774,0.109148,0,0,0,0,0,0,0,0,0,1,1,1,1,1,1,1,1,1,1,1,1,1,0,0,0,0,0,0,0,0,0,1,1,1,1,1,1,1,1,1,1,1,1,1,0,0,0,0,0,0,0,0,0,1,0,0,0,0,0,0,0,0,0,0,0,0,0,0,0,0,0,0,0,0,0,0,13,0,0,0,0,0,0,0,0,0,0,0,0,0,0,0,0,0,0,0,0,0,0,0,0,0,0,0,0,0,0,0,0,0,0,0,0,0,0,0,0,0,0,0,0,0,0,0,0
0.638696,0.0606751,0.595298,0,0,0,0,1.49802e-07,-6.45294e-09,1.13281e-07,1241,1219,1220,1240,1242,1261,1262,2812,2813,2833,2834,2835,2854,2855,0,0,0,0,0,0,0,0,0,1219,1220,1240,1242,1261,1262,2812,2813,2833,2834,2835,2854,2855,0,0,0,0,0,0,0,0,0,0.0403267,0.0451216,0.0458492,0.0446555,0.0460027,0.0401463,0.108838,0.110741,0.11105,0.100009,0.110499,0.111166,0.108779,0,0,0,0,0,0,0,0,0,0.0406753,0.0451273,0.0458182,0.0446046,0.0460158,0.0405081,0.108812,0.110767,0.11108,0.1,0.110534,0.111169,0.108742,0,0,0,0,0,0,0,0,0,1,1,1,1,1,1,1,1,1,1,1,1,1,0,0,0,0,0,0,0,0,0,1,1,1,1,1,1,1,1,1,1,1,1,1,0,0,0,0,0,0,0,0,0,1,0,0,0,0,0,0,0,0,0,0,0,0,0,0,0,0,0,0,0,0,0,0,13,0,0,0,0,0,0,0,0,0,0,0,0,0,0,0,0,0,0,0,0,0,0,0,0,0,0,0,0,0,0,0,0,0,0,0,0,0,0,0,0,0,0,0,0,0,0,0,0
0.651434,0.0803544,0.55729,0,0,0,0,1.62159e-07,-8.41601e-09,1.1648e-07,1242,1220,1221,1241,1243,1262,1263,2813,2814,2834,2835,2836,2855,2856,0,0,0,0,0,0,0,0,0,1220,1221,1241,1243,1262,1263,2813,2814,2834,2835,2836,2855,2856,0,0,0,0,0,0,0,0,0,0.0393688,0.0437068,0.0446555,0.0434992,0.0446353,0.0392387,0.108422,0.110117,0.110501,0.100008,0.109974,0.110557,0.108403,0,0,0,0,0,0,0,0,0,0.0396893,0.0437367,0.0446046,0.0434224,0.044669,0.0395829,0.108406,0.110143,0.110529,0.1,0.110009,0.110554,0.108362,0,0,0,0,0,0,0,0,0,1,1,1,1,1,1,1,1,1,1,1,1,1,0,0,0,0,0,0,0,0,0,1,1,1,1,1,1,1,1,1,1,1,1,1,0,0,0,0,0,0,0,0,0,1,0,0,0,0,0,0,0,0,0,0,0,0,0,0,0,0,0,0,0,0,0,0,13,0,0,0,0,0,0,0,0,0,0,0,0,0,0,0,0,0,0,0,0,0,0,0,0,0,0,0,0,0,0,0,0,0,0,0,0,0,0,0,0,0,0,0,0,0,0,0,0
0.661999,0.0990155,0.519444,0,0,0,0,1.74513e-07,-1.03536e-08,1.18754e-07,1243,91,92,1221,1222,1242,1263,1684,1685,2814,2815,2835,2836,2856,0,0,0,0,0,0,0,0,0,91,92,1221,1222,1242,1263,1684,1685,2814,2815,2835,2836,2856,0,0,0,0,0,0,0,0,0,0.038382,0.0425134,0.0384517,0.0422426,0.0434992,0.043228,0.108055,0.10951,0.108036,0.109497,0.109985,0.10001,0.109941,0,0,0,0,0,0,0,0,0,0.0387253,0.0423741,0.0387447,0.0423158,0.0434224,0.0432772,0.108015,0.109553,0.108024,0.109521,0.110003,0.1,0.109935,0,0,0,0,0,0,0,0,0,1,1,1,1,1,1,1,1,1,1,1,1,1,0,0,0,0,0,0,0,0,0,1,1,1,1,1,1,1,1,1,1,1,1,1,0,0,0,0,0,0,0,0,0,1,0,0,0,0,0,0,0,0,0,0,0,0,0,0,0,0,0,0,0,0,0,0,13,0,0,0,0,0,0,0,0,0,0,0,0,0,0,0,0,0,0,0,0,0,0,0,0,0,0,0,0,0,0,0,0,0,0,0,0,0,0,0,0,0,0,0,0,0,0,0,0
0.0960377,-0.345534,1.00532,0,0,0,0,4.61125e-09,2.38757e-08,-1.66003e-08,1244,50,51,1223,1224,1245,1264,1643,1644,2816,2817,2837,2838,2857,0,0,0,0,0,0,0,0,0,50,51,1223,1224,1245,1264,1643,1644,2816,2817,2837,2838,2857,0,0,0,0,0,0,0,0,0,0.0404267,0.04432,0.0507199,0.0477399,0.0442077,0.0518564,0.10982,0.111524,0.112811,0.111301,0.0994039,0.110354,0.113871,0,0,0,0,0,0,0,0,0,0.0413011,0.0459264,0.0489249,0.0483972,0.0449273,0.0499909,0.109215,0.111245,0.11256,0.112284,0.1,0.110671,0.113071,0,0,0,0,0,0,0,0,0,1,1,1,1,1,1,1,1,1,1,1,1,1,0,0,0,0,0,0,0,0,0,1,1,1,1,1,1,1,1,1,1,1,1,1,0,0,0,0,0,0,0,0,0,1,0,0,0,0,0,0,0,0,0,0,0,0,0,0,0,0,0,0,0,0,0,0,13,0,0,0,0,0,0,0,0,0,0,0,0,0,0,0,0,0,0,0,0,0,0,0,0,0,0,0,0,0,0,0,0,0,0,0,0,0,0,0,0,0,0,0,0,0,0,0,0
0.132524,-0.321063,1.01024,0,0,0,0,6.66555e-09,2.06558e-08,-1.05871e-08,1245,1224,1225,1244,1246,1264,1265,2817,2818,2837,2838,2839,2857,2858,0,0,0,0,0,0,0,0,0,1224,1225,1244,1246,1264,1265,2817,2818,2837,2838,2839,2857,2858,0,0,0,0,0,0,0,0,0,0.051188,0.0493026,0.0442077,0.0450414,0.0485238,0.0521014,0.113396,0.112169,0.110831,0.0997049,0.110844,0.112556,0.114296,0,0,0,0,0,0,0,0,0,0.0498089,0.0495494,0.0449273,0.0457926,0.0492428,0.0507573,0.11299,0.112845,0.110665,0.1,0.111065,0.112699,0.11345,0,0,0,0,0,0,0,0,0,1,1,1,1,1,1,1,1,1,1,1,1,1,0,0,0,0,0,0,0,0,0,1,1,1,1,1,1,1,1,1,1,1,1,1,0,0,0,0,0,0,0,0,0,1,0,0,0,0,0,0,0,0,0,0,0,0,0,0,0,0,0,0,0,0,0,0,13,0,0,0,0,0,0,0,0,0,0,0,0,0,0,0,0,0,0,0,0,0,0,0,0,0,0,0,0,0,0,0,0,0,0,0,0,0,0,0,0,0,0,0,0,0,0,0,0
0.169716,-0.295673,1.01116,0,0,0,0,9.26509e-09,1.77027e-08,-4.02267e-09,1246,1225,1226,1245,1247,1265,1266,2818,2819,2838,2839,2840,2858,2859,0,0,0,0,0,0,0,0,0,1225,1226,1245,1247,1265,1266,2818,2819,2838,2839,2840,2858,2859,0,0,0,0,0,0,0,0,0,0.0513844,0.0506959,0.0450414,0.0460544,0.0500188,0.0520424,0.113587,0.112878,0.111217,0.099719,0.111318,0.113216,0.114305,0,0,0,0,0,0,0,0,0,0.0504538,0.0506692,0.0457926,0.0467335,0.0503281,0.0512269,0.113306,0.113401,0.11106,0.1,0.1115,0.113233,0.113684,0,0,0,0,0,0,0,0,0,1,1,1,1,1,1,1,1,1,1,1,1,1,0,0,0,0,0,0,0,0,0,1,1,1,1,1,1,1,1,1,1,1,1,1,0,0,0,0,0,0,0,0,0,1,0,0,0,0,0,0,0,0,0,0,0,0,0,0,0,0,0,0,0,0,0,0,13,0,0,0,0,0,0,0,0,0,0,0,0,0,0,0,0,0,0,0,0,0,0,0,0,0,0,0,0,0,0,0,0,0,0,0,0,0,0,0,0,0,0,0,0,0,0,0,0
0.207435,-0.269452,1.00788,0,0,0,0,1.25192e-08,1.50001e-08,3.11431e-09,1247,1226,1227,1246,1248,1266,1267,2819,2820,2839,2840,2841,2859,2860,0,0,0,0,0,0,0,0,0,1226,1227,1246,1248,1266,1267,2819,2820,2839,2840,2841,2859,2860,0,0,0,0,0,0,0,0,0,0.0513291,0.0518165,0.0460544,0.0471023,0.0513003,0.0517144,0.113687,0.113497,0.111594,0.0997964,0.111837,0.113732,0.114238,0,0,0,0,0,0,0,0,0,0.0508352,0.0516729,0.0467335,0.0476954,0.0513645,0.0513802,0.113491,0.113909,0.111497,0.1,0.111951,0.113751,0.11376,0,0,0,0,0,0,0,0,0,1,1,1,1,1,1,1,1,1,1,1,1,1,0,0,0,0,0,0,0,0,0,1,1,1,1,1,1,1,1,1,1,1,1,1,0,0,0,0,0,0,0,0,0,1,0,0,0,0,0,0,0,0,0,0,0,0,0,0,0,0,0,0,0,0,0,0,13,0,0,0,0,0,0,0,0,0,0,0,0,0,0,0,0,0,0,0,0,0,0,0,0,0,0,0,0,0,0,0,0,0,0,0,0,0,0,0,0,0,0,0,0,0,0,0,0
0.245424,-0.242619,1.00043,0,0,0,0,1.65145e-08,1.25269e-08,1.07864e-08,1248,1227,1228,1247,1249,1267,1268,2820,2821,2840,2841,2842,2860,2861,0,0,0,0,0,0,0,0,0,1227,1228,1247,1249,1267,1268,2820,2821,2840,2841,2842,2860,2861,0,0,0,0,0,0,0,0,0,0.0510596,0.0526227,0.0471023,0.0481313,0.0522613,0.0511665,0.113657,0.113965,0.112033,0.0998606,0.11234,0.114173,0.11404,0,0,0,0,0,0,0,0,0,0.0509442,0.0524614,0.0476954,0.048637,0.0522462,0.0512179,0.11354,0.114315,0.111952,0.1,0.112399,0.114199,0.113677,0,0,0,0,0,0,0,0,0,1,1,1,1,1,1,1,1,1,1,1,1,1,0,0,0,0,0,0,0,0,0,1,1,1,1,1,1,1,1,1,1,1,1,1,0,0,0,0,0,0,0,0,0,1,0,0,0,0,0,0,0,0,0,0,0,0,0,0,0,0,0,0,0,0,0,0,13,0,0,0,0,0,0,0,0,0,0,0,0,0,0,0,0,0,0,0,0,0,0,0,0,0,0,0,0,0,0,0,0,0,0,0,0,0,0,0,0,0,0,0,0,0,0,0,0
0.283363,-0.215344,0.988885,0,0,0,0,2.13313e-08,1.0277e-08,1.89298e-08,1249,1228,1229,1248,1250,1268,1269,2821,2822,2841,2842,2843,2861,2862,0,0,0,0,0,0,0,0,0,1228,1229,1248,1250,1268,1269,2821,2822,2841,2842,2843,2861,2862,0,0,0,0,0,0,0,0,0,0.0506176,0.0530642,0.0481313,0.0490712,0.0528591,0.0504375,0.113528,0.11425,0.11248,0.0999175,0.112793,0.11446,0.113734,0,0,0,0,0,0,0,0,0,0.0507981,0.0529369,0.048637,0.0495008,0.0528501,0.0507658,0.113462,0.114563,0.112403,0.1,0.112816,0.114509,0.11345,0,0,0,0,0,0,0,0,0,1,1,1,1,1,1,1,1,1,1,1,1,1,0,0,0,0,0,0,0,0,0,1,1,1,1,1,1,1,1,1,1,1,1,1,0,0,0,0,0,0,0,0,0,1,0,0,0,0,0,0,0,0,0,0,0,0,0,0,0,0,0,0,0,0,0,0,13,0,0,0,0,0,0,0,0,0,0,0,0,0,0,0,0,0,0,0,0,0,0,0,0,0,0,0,0,0,0,0,0,0,0,0,0,0,0,0,0,0,0,0,0,0,0,0,0
0.320879,-0.187766,0.973394,0,0,0,0,2.70274e-08,8.24605e-09,2.74468e-08,1250,1229,1230,1249,1251,1269,1270,2822,2823,2842,2843,2844,2862,2863,0,0,0,0,0,0,0,0,0,1229,1230,1249,1251,1269,1270,2822,2823,2842,2843,2844,2862,2863,0,0,0,0,0,0,0,0,0,0.0500511,0.0530734,0.0490712,0.049825,0.0530316,0.0495396,0.113321,0.114309,0.112897,0.0999612,0.113144,0.114546,0.113322,0,0,0,0,0,0,0,0,0,0.050441,0.0529938,0.0495008,0.0501897,0.0530594,0.0500471,0.113281,0.114595,0.112823,0.1,0.113154,0.114618,0.113092,0,0,0,0,0,0,0,0,0,1,1,1,1,1,1,1,1,1,1,1,1,1,0,0,0,0,0,0,0,0,0,1,1,1,1,1,1,1,1,1,1,1,1,1,0,0,0,0,0,0,0,0,0,1,0,0,0,0,0,0,0,0,0,0,0,0,0,0,0,0,0,0,0,0,0,0,13,0,0,0,0,0,0,0,0,0,0,0,0,0,0,0,0,0,0,0,0,0,0,0,0,0,0,0,0,0,0,0,0,0,0,0,0,0,0,0,0,0,0,0,0,0,0,0,0
0.357533,-0.15998,0.954236,0,0,0,0,3.36282e-08,6.42759e-09,3.62014e-08,1251,1230,1231,1250,1252,1270,1271,2823,2824,2843,2844,2845,2863,2864,0,0,0,0,0,0,0,0,0,1230,1231,1250,1252,1270,1271,2823,2824,2843,2844,2845,2863,2864,0,0,0,0,0,0,0,0,0,0.0494246,0.0525066,0.049825,0.0496079,0.0526579,0.0483028,0.113067,0.114071,0.113228,0.0999921,0.113004,0.11436,0.112725,0,0,0,0,0,0,0,0,0,0.0499473,0.0524701,0.0501897,0.049913,0.0527199,0.0489126,0.113035,0.114327,0.113162,0.1,0.113018,0.114444,0.112537,0,0,0,0,0,0,0,0,0,1,1,1,1,1,1,1,1,1,1,1,1,1,0,0,0,0,0,0,0,0,0,1,1,1,1,1,1,1,1,1,1,1,1,1,0,0,0,0,0,0,0,0,0,1,0,0,0,0,0,0,0,0,0,0,0,0,0,0,0,0,0,0,0,0,0,0,13,0,0,0,0,0,0,0,0,0,0,0,0,0,0,0,0,0,0,0,0,0,0,0,0,0,0,0,0,0,0,0,0,0,0,0,0,0,0,0,0,0,0,0,0,0,0,0,0
0.392419,-0.132555,0.932061,0,0,0,0,4.10286e-08,4.82473e-09,4.48975e-08,1252,1231,1232,1251,1253,1271,1272,2824,2825,2844,2845,2846,2864,2865,0,0,0,0,0,0,0,0,0,1231,1232,1251,1253,1271,1272,2824,2825,2844,2845,2846,2864,2865,0,0,0,0,0,0,0,0,0,0.0483705,0.0512563,0.0496079,0.0472594,0.0514065,0.0456684,0.112588,0.113486,0.11308,0.100011,0.111846,0.113736,0.111457,0,0,0,0,0,0,0,0,0,0.0489614,0.0512557,0.049913,0.0475251,0.0514918,0.0463173,0.112552,0.113711,0.113025,0.1,0.111868,0.113819,0.111306,0,0,0,0,0,0,0,0,0,1,1,1,1,1,1,1,1,1,1,1,1,1,0,0,0,0,0,0,0,0,0,1,1,1,1,1,1,1,1,1,1,1,1,1,0,0,0,0,0,0,0,0,0,1,0,0,0,0,0,0,0,0,0,0,0,0,0,0,0,0,0,0,0,0,0,0,13,0,0,0,0,0,0,0,0,0,0,0,0,0,0,0,0,0,0,0,0,0,0,0,0,0,0,0,0,0,0,0,0,0,0,0,0,0,0,0,0,0,0,0,0,0,0,0,0
0.424343,-0.107561,0.907779,0,0,0,0,4.88567e-08,3.44361e-09,5.31125e-08,1253,1232,1233,1252,1254,1272,1273,2825,2826,2845,2846,2847,2865,2866,0,0,0,0,0,0,0,0,0,1232,1233,1252,1254,1272,1273,2825,2826,2845,2846,2847,2865,2866,0,0,0,0,0,0,0,0,0,0.0453926,0.0506588,0.0472594,0.04738,0.0508139,0.0452181,0.111199,0.113225,0.111916,0.100021,0.11187,0.113442,0.111226,0,0,0,0,0,0,0,0,0,0.0460107,0.0506717,0.0475251,0.0475966,0.0509015,0.0458736,0.111158,0.113417,0.111873,0.1,0.111904,0.113522,0.1111,0,0,0,0,0,0,0,0,0,1,1,1,1,1,1,1,1,1,1,1,1,1,0,0,0,0,0,0,0,0,0,1,1,1,1,1,1,1,1,1,1,1,1,1,0,0,0,0,0,0,0,0,0,1,0,0,0,0,0,0,0,0,0,0,0,0,0,0,0,0,0,0,0,0,0,0,13,0,0,0,0,0,0,0,0,0,0,0,0,0,0,0,0,0,0,0,0,0,0,0,0,0,0,0,0,0,0,0,0,0,0,0,0,0,0,0,0,0,0,0,0,0,0,0,0
0.454639,-0.0827193,0.881135,0,0,0,0,5.73866e-08,2.19746e-09,6.1145e-08,1254,1233,1234,1253,1255,1273,1274,2826,2827,2846,2847,2848,2866,2867,0,0,0,0,0,0,0,0,0,1233,1234,1253,1255,1273,1274,2826,2827,2846,2847,2848,2866,2867,0,0,0,0,0,0,0,0,0,0.0449275,0.049959,0.04738,0.0474397,0.0501154,0.0447833,0.110991,0.112913,0.111934,0.100026,0.111866,0.113101,0.110997,0,0,0,0,0,0,0,0,0,0.0455442,0.0499784,0.0475966,0.0476091,0.0501971,0.045424,0.110943,0.113072,0.111907,0.1,0.111912,0.113172,0.110893,0,0,0,0,0,0,0,0,0,1,1,1,1,1,1,1,1,1,1,1,1,1,0,0,0,0,0,0,0,0,0,1,1,1,1,1,1,1,1,1,1,1,1,1,0,0,0,0,0,0,0,0,0,1,0,0,0,0,0,0,0,0,0,0,0,0,0,0,0,0,0,0,0,0,0,0,13,0,0,0,0,0,0,0,0,0,0,0,0,0,0,0,0,0,0,0,0,0,0,0,0,0,0,0,0,0,0,0,0,0,0,0,0,0,0,0,0,0,0,0,0,0,0,0,0
0.483197,-0.0580972,0.852348,0,0,0,0,6.65696e-08,1.04558e-09,6.88945e-08,1255,1234,1235,1254,1256,1274,1275,2827,2828,2847,2848,2849,2867,2868,0,0,0,0,0,0,0,0,0,1234,1235,1254,1256,1274,1275,2827,2828,2847,2848,2849,2867,2868,0,0,0,0,0,0,0,0,0,0.0444653,0.0520075,0.0474397,0.0502272,0.0493353,0.0443539,0.110782,0.113956,0.111925,0.100029,0.113186,0.112723,0.110773,0,0,0,0,0,0,0,0,0,0.0450672,0.0520153,0.0476091,0.0503488,0.0494039,0.0449697,0.110726,0.114091,0.111913,0.1,0.113242,0.112781,0.110685,0,0,0,0,0,0,0,0,0,1,1,1,1,1,1,1,1,1,1,1,1,1,0,0,0,0,0,0,0,0,0,1,1,1,1,1,1,1,1,1,1,1,1,1,0,0,0,0,0,0,0,0,0,1,0,0,0,0,0,0,0,0,0,0,0,0,0,0,0,0,0,0,0,0,0,0,13,0,0,0,0,0,0,0,0,0,0,0,0,0,0,0,0,0,0,0,0,0,0,0,0,0,0,0,0,0,0,0,0,0,0,0,0,0,0,0,0,0,0,0,0,0,0,0,0
0.511742,-0.0332899,0.819294,0,0,0,0,7.69885e-08,-8.36656e-11,7.68005e-08,1256,1235,1236,1255,1257,1275,1276,2828,2829,2848,2849,2850,2868,2869,0,0,0,0,0,0,0,0,0,1235,1236,1255,1257,1275,1276,2828,2829,2848,2849,2850,2868,2869,0,0,0,0,0,0,0,0,0,0.0446225,0.0516899,0.0502272,0.0506378,0.0510158,0.0445551,0.110841,0.113819,0.11324,0.100029,0.113364,0.113548,0.110831,0,0,0,0,0,0,0,0,0,0.0451952,0.0516862,0.0503488,0.0507153,0.051056,0.0451345,0.110784,0.113923,0.113242,0.1,0.113426,0.113598,0.110758,0,0,0,0,0,0,0,0,0,1,1,1,1,1,1,1,1,1,1,1,1,1,0,0,0,0,0,0,0,0,0,1,1,1,1,1,1,1,1,1,1,1,1,1,0,0,0,0,0,0,0,0,0,1,0,0,0,0,0,0,0,0,0,0,0,0,0,0,0,0,0,0,0,0,0,0,13,0,0,0,0,0,0,0,0,0,0,0,0,0,0,0,0,0,0,0,0,0,0,0,0,0,0,0,0,0,0,0,0,0,0,0,0,0,0,0,0,0,0,0,0,0,0,0,0
0.538397,-0.00866381,0.783977,0,0,0,0,8.81042e-08,-1.22543e-09,8.42467e-08,1257,1236,1237,1256,1258,1276,1277,2829,2830,2849,2850,2851,2869,2870,0,0,0,0,0,0,0,0,0,1236,1237,1256,1258,1276,1277,2829,2830,2849,2850,2851,2869,2870,0,0,0,0,0,0,0,0,0,0.0443212,0.0507446,0.0506378,0.0500375,0.050706,0.0441501,0.110688,0.113366,0.113407,0.100026,0.113049,0.113399,0.110616,0,0,0,0,0,0,0,0,0,0.044858,0.0507351,0.0507153,0.0500802,0.0507305,0.0446881,0.110631,0.113444,0.113424,0.1,0.113113,0.113434,0.110555,0,0,0,0,0,0,0,0,0,1,1,1,1,1,1,1,1,1,1,1,1,1,0,0,0,0,0,0,0,0,0,1,1,1,1,1,1,1,1,1,1,1,1,1,0,0,0,0,0,0,0,0,0,1,0,0,0,0,0,0,0,0,0,0,0,0,0,0,0,0,0,0,0,0,0,0,13,0,0,0,0,0,0,0,0,0,0,0,0,0,0,0,0,0,0,0,0,0,0,0,0,0,0,0,0,0,0,0,0,0,0,0,0,0,0,0,0,0,0,0,0,0,0,0,0
0.562596,0.0152269,0.74727,0,0,0,0,9.96284e-08,-2.43746e-09,9.10121e-08,1258,1237,1238,1257,1259,1277,1278,2830,2831,2850,2851,2852,2870,2871,0,0,0,0,0,0,0,0,0,1237,1238,1257,1259,1277,1278,2830,2831,2850,2851,2852,2870,2871,0,0,0,0,0,0,0,0,0,0.0437016,0.049701,0.0500375,0.0492118,0.049941,0.0434642,0.110387,0.112869,0.113082,0.100022,0.112632,0.113028,0.11028,0,0,0,0,0,0,0,0,0,0.0441981,0.0496884,0.0500802,0.0492245,0.049954,0.0439615,0.110334,0.112924,0.11311,0.1,0.112696,0.113049,0.110229,0,0,0,0,0,0,0,0,0,1,1,1,1,1,1,1,1,1,1,1,1,1,0,0,0,0,0,0,0,0,0,1,1,1,1,1,1,1,1,1,1,1,1,1,0,0,0,0,0,0,0,0,0,1,0,0,0,0,0,0,0,0,0,0,0,0,0,0,0,0,0,0,0,0,0,0,13,0,0,0,0,0,0,0,0,0,0,0,0,0,0,0,0,0,0,0,0,0,0,0,0,0,0,0,0,0,0,0,0,0,0,0,0,0,0,0,0,0,0,0,0,0,0,0,0
0.584297,0.038172,0.709529,0,0,0,0,1.11434e-07,-3.78857e-09,9.70239e-08,1259,1238,1239,1258,1260,1278,1279,2831,2832,2851,2852,2853,2871,2872,0,0,0,0,0,0,0,0,0,1238,1239,1258,1260,1278,1279,2831,2832,2851,2852,2853,2871,2872,0,0,0,0,0,0,0,0,0,0.0429089,0.0485529,0.0492118,0.0482197,0.0489826,0.0426412,0.110012,0.112328,0.112657,0.100017,0.112146,0.112567,0.109891,0,0,0,0,0,0,0,0,0,0.0433658,0.0485421,0.0492245,0.0482055,0.0489891,0.0431011,0.109965,0.112366,0.112691,0.1,0.112205,0.112576,0.109849,0,0,0,0,0,0,0,0,0,1,1,1,1,1,1,1,1,1,1,1,1,1,0,0,0,0,0,0,0,0,0,1,1,1,1,1,1,1,1,1,1,1,1,1,0,0,0,0,0,0,0,0,0,1,0,0,0,0,0,0,0,0,0,0,0,0,0,0,0,0,0,0,0,0,0,0,13,0,0,0,0,0,0,0,0,0,0,0,0,0,0,0,0,0,0,0,0,0,0,0,0,0,0,0,0,0,0,0,0,0,0,0,0,0,0,0,0,0,0,0,0,0,0,0,0
0.603504,0.0600667,0.671099,0,0,0,0,1.23406e-07,-5.34137e-09,1.02233e-07,1260,1239,1240,1259,1261,1279,1280,2832,2833,2852,2853,2854,2872,2873,0,0,0,0,0,0,0,0,0,1239,1240,1259,1261,1279,1280,2832,2833,2852,2853,2854,2872,2873,0,0,0,0,0,0,0,0,0,0.0420199,0.0473142,0.0482197,0.047109,0.0478851,0.0417568,0.1096,0.111753,0.112161,0.100014,0.111616,0.112047,0.109487,0,0,0,0,0,0,0,0,0,0.0424403,0.0473118,0.0482055,0.0470708,0.0478929,0.0421842,0.109562,0.111778,0.1122,0.1,0.111669,0.112049,0.109451,0,0,0,0,0,0,0,0,0,1,1,1,1,1,1,1,1,1,1,1,1,1,0,0,0,0,0,0,0,0,0,1,1,1,1,1,1,1,1,1,1,1,1,1,0,0,0,0,0,0,0,0,0,1,0,0,0,0,0,0,0,0,0,0,0,0,0,0,0,0,0,0,0,0,0,0,13,0,0,0,0,0,0,0,0,0,0,0,0,0,0,0,0,0,0,0,0,0,0,0,0,0,0,0,0,0,0,0,0,0,0,0,0,0,0,0,0,0,0,0,0,0,0,0,0
0.620264,0.0808661,0.632295,0,0,0,0,1.35454e-07,-7.14674e-09,1.0662e-07,1261,1240,1241,1260,1262,1280,1281,2833,2834,2853,2854,2855,2873,2874,0,0,0,0,0,0,0,0,0,1240,1241,1260,1262,1280,1281,2833,2834,2853,2854,2855,2873,2874,0,0,0,0,0,0,0,0,0,0.041085,0.0460027,0.047109,0.0459378,0.0466842,0.0408685,0.109176,0.111154,0.111622,0.100011,0.111076,0.111489,0.109092,0,0,0,0,0,0,0,0,0,0.0414732,0.0460158,0.0470708,0.0458794,0.0467023,0.041269,0.109148,0.111172,0.111662,0.1,0.111116,0.111486,0.109061,0,0,0,0,0,0,0,0,0,1,1,1,1,1,1,1,1,1,1,1,1,1,0,0,0,0,0,0,0,0,0,1,1,1,1,1,1,1,1,1,1,1,1,1,0,0,0,0,0,0,0,0,0,1,0,0,0,0,0,0,0,0,0,0,0,0,0,0,0,0,0,0,0,0,0,0,13,0,0,0,0,0,0,0,0,0,0,0,0,0,0,0,0,0,0,0,0,0,0,0,0,0,0,0,0,0,0,0,0,0,0,0,0,0,0,0,0,0,0,0,0,0,0,0,0
0.634661,0.100572,0.593376,0,0,0,0,1.47519e-07,-9.24081e-09,1.10199e-07,1262,1241,1242,1261,1263,1281,1282,2834,2835,2854,2855,2856,2874,2875,0,0,0,0,0,0,0,0,0,1241,1242,1261,1263,1281,1282,2834,2835,2854,2855,2856,2874,2875,0,0,0,0,0,0,0,0,0,0.0401463,0.0446353,0.0459378,0.0447872,0.0454019,0.0400227,0.108759,0.110541,0.111066,0.100009,0.110572,0.110905,0.108725,0,0,0,0,0,0,0,0,0,0.0405081,0.044669,0.0458794,0.0447199,0.0454398,0.0404003,0.108743,0.110557,0.111109,0.1,0.110588,0.110903,0.108697,0,0,0,0,0,0,0,0,0,1,1,1,1,1,1,1,1,1,1,1,1,1,0,0,0,0,0,0,0,0,0,1,1,1,1,1,1,1,1,1,1,1,1,1,0,0,0,0,0,0,0,0,0,1,0,0,0,0,0,0,0,0,0,0,0,0,0,0,0,0,0,0,0,0,0,0,13,0,0,0,0,0,0,0,0,0,0,0,0,0,0,0,0,0,0,0,0,0,0,0,0,0,0,0,0,0,0,0,0,0,0,0,0,0,0,0,0,0,0,0,0,0,0,0,0
0.646817,0.119221,0.554513,0,0,0,0,1.5958e-07,-1.16298e-08,1.1305e-07,1263,90,91,1242,1243,1262,1282,1683,1684,2835,2836,2855,2856,2875,0,0,0,0,0,0,0,0,0,90,91,1242,1243,1262,1282,1683,1684,2835,2836,2855,2856,2875,0,0,0,0,0,0,0,0,0,0.0392413,0.0437139,0.0392387,0.043228,0.0447872,0.0440386,0.108386,0.11015,0.108361,0.10992,0.11053,0.100008,0.110295,0,0,0,0,0,0,0,0,0,0.0395879,0.0436796,0.0395829,0.0432772,0.0447199,0.0441091,0.108363,0.110125,0.108362,0.109938,0.110582,0.1,0.110302,0,0,0,0,0,0,0,0,0,1,1,1,1,1,1,1,1,1,1,1,1,1,0,0,0,0,0,0,0,0,0,1,1,1,1,1,1,1,1,1,1,1,1,1,0,0,0,0,0,0,0,0,0,1,0,0,0,0,0,0,0,0,0,0,0,0,0,0,0,0,0,0,0,0,0,0,13,0,0,0,0,0,0,0,0,0,0,0,0,0,0,0,0,0,0,0,0,0,0,0,0,0,0,0,0,0,0,0,0,0,0,0,0,0,0,0,0,0,0,0,0,0,0,0,0
0.0951691,-0.30361,1.03583,0,0,0,0,4.43776e-09,1.77525e-08,-1.03933e-08,1264,51,52,1244,1245,1265,1283,1644,1645,2837,2838,2857,2858,2876,0,0,0,0,0,0,0,0,0,51,52,1244,1245,1265,1283,1644,1645,2837,2838,2857,2858,2876,0,0,0,0,0,0,0,0,0,0.0413222,0.044679,0.0518564,0.0485238,0.0454208,0.0527897,0.110385,0.111896,0.113399,0.111611,0.0993112,0.110859,0.114409,0,0,0,0,0,0,0,0,0,0.0424862,0.0464667,0.0499909,0.0492428,0.0463265,0.0508847,0.109735,0.111512,0.11308,0.112693,0.1,0.111312,0.113514,0,0,0,0,0,0,0,0,0,1,1,1,1,1,1,1,1,1,1,1,1,1,0,0,0,0,0,0,0,0,0,1,1,1,1,1,1,1,1,1,1,1,1,1,0,0,0,0,0,0,0,0,0,1,0,0,0,0,0,0,0,0,0,0,0,0,0,0,0,0,0,0,0,0,0,0,13,0,0,0,0,0,0,0,0,0,0,0,0,0,0,0,0,0,0,0,0,0,0,0,0,0,0,0,0,0,0,0,0,0,0,0,0,0,0,0,0,0,0,0,0,0,0,0,0
0.132213,-0.277498,1.03882,0,0,0,0,6.50063e-09,1.51034e-08,-4.66167e-09,1265,1245,1246,1264,1266,1283,1284,2838,2839,2857,2858,2859,2876,2877,0,0,0,0,0,0,0,0,0,1245,1246,1264,1266,1283,1284,2838,2839,2857,2858,2859,2876,2877,0,0,0,0,0,0,0,0,0,0.0521014,0.0500188,0.0454208,0.0462406,0.049231,0.0527072,0.113935,0.112497,0.111447,0.0996774,0.111379,0.112977,0.114724,0,0,0,0,0,0,0,0,0,0.0507573,0.0503281,0.0463265,0.047121,0.0500307,0.0514479,0.113459,0.113229,0.111306,0.1,0.111683,0.113086,0.113796,0,0,0,0,0,0,0,0,0,1,1,1,1,1,1,1,1,1,1,1,1,1,0,0,0,0,0,0,0,0,0,1,1,1,1,1,1,1,1,1,1,1,1,1,0,0,0,0,0,0,0,0,0,1,0,0,0,0,0,0,0,0,0,0,0,0,0,0,0,0,0,0,0,0,0,0,13,0,0,0,0,0,0,0,0,0,0,0,0,0,0,0,0,0,0,0,0,0,0,0,0,0,0,0,0,0,0,0,0,0,0,0,0,0,0,0,0,0,0,0,0,0,0,0,0
0.169927,-0.250776,1.03748,0,0,0,0,9.11777e-09,1.27193e-08,1.5529e-09,1266,1246,1247,1265,1267,1284,1285,2839,2840,2858,2859,2860,2877,2878,0,0,0,0,0,0,0,0,0,1246,1247,1265,1267,1284,1285,2839,2840,2858,2859,2860,2877,2878,0,0,0,0,0,0,0,0,0,0.0520424,0.0513003,0.0462406,0.0472682,0.050555,0.0522892,0.114006,0.113176,0.111822,0.0997058,0.111873,0.113567,0.114559,0,0,0,0,0,0,0,0,0,0.0512269,0.0513645,0.047121,0.0480244,0.0509682,0.0516363,0.11369,0.113751,0.111678,0.1,0.112109,0.113552,0.11389,0,0,0,0,0,0,0,0,0,1,1,1,1,1,1,1,1,1,1,1,1,1,0,0,0,0,0,0,0,0,0,1,1,1,1,1,1,1,1,1,1,1,1,1,0,0,0,0,0,0,0,0,0,1,0,0,0,0,0,0,0,0,0,0,0,0,0,0,0,0,0,0,0,0,0,0,13,0,0,0,0,0,0,0,0,0,0,0,0,0,0,0,0,0,0,0,0,0,0,0,0,0,0,0,0,0,0,0,0,0,0,0,0,0,0,0,0,0,0,0,0,0,0,0,0
0.208113,-0.223532,1.03165,0,0,0,0,1.2401e-08,1.05711e-08,8.28104e-09,1267,1247,1248,1266,1268,1285,1286,2840,2841,2859,2860,2861,2878,2879,0,0,0,0,0,0,0,0,0,1247,1248,1266,1268,1285,1286,2840,2841,2859,2860,2861,2878,2879,0,0,0,0,0,0,0,0,0,0.0517144,0.0522613,0.0472682,0.0483417,0.0516405,0.0515961,0.113978,0.113736,0.112199,0.0998013,0.112412,0.113994,0.114306,0,0,0,0,0,0,0,0,0,0.0513802,0.0522462,0.0480244,0.0489776,0.0518558,0.0514471,0.113762,0.114203,0.112108,0.1,0.112565,0.114,0.113793,0,0,0,0,0,0,0,0,0,1,1,1,1,1,1,1,1,1,1,1,1,1,0,0,0,0,0,0,0,0,0,1,1,1,1,1,1,1,1,1,1,1,1,1,0,0,0,0,0,0,0,0,0,1,0,0,0,0,0,0,0,0,0,0,0,0,0,0,0,0,0,0,0,0,0,0,13,0,0,0,0,0,0,0,0,0,0,0,0,0,0,0,0,0,0,0,0,0,0,0,0,0,0,0,0,0,0,0,0,0,0,0,0,0,0,0,0,0,0,0,0,0,0,0,0
0.246508,-0.195985,1.02146,0,0,0,0,1.64378e-08,8.62576e-09,1.54956e-08,1268,1248,1249,1267,1269,1286,1287,2841,2842,2860,2861,2862,2879,2880,0,0,0,0,0,0,0,0,0,1248,1249,1267,1269,1286,1287,2841,2842,2860,2861,2862,2879,2880,0,0,0,0,0,0,0,0,0,0.0511665,0.0528591,0.0483417,0.0493971,0.0523876,0.0506763,0.113812,0.114112,0.112653,0.0998752,0.112928,0.114329,0.113907,0,0,0,0,0,0,0,0,0,0.0512179,0.0528501,0.0489776,0.0499243,0.0525584,0.0508948,0.113674,0.114517,0.112568,0.1,0.113025,0.114359,0.113515,0,0,0,0,0,0,0,0,0,1,1,1,1,1,1,1,1,1,1,1,1,1,0,0,0,0,0,0,0,0,0,1,1,1,1,1,1,1,1,1,1,1,1,1,0,0,0,0,0,0,0,0,0,1,0,0,0,0,0,0,0,0,0,0,0,0,0,0,0,0,0,0,0,0,0,0,13,0,0,0,0,0,0,0,0,0,0,0,0,0,0,0,0,0,0,0,0,0,0,0,0,0,0,0,0,0,0,0,0,0,0,0,0,0,0,0,0,0,0,0,0,0,0,0,0
0.284784,-0.1683,1.00702,0,0,0,0,2.13092e-08,6.86636e-09,2.3141e-08,1269,1249,1250,1268,1270,1287,1288,2842,2843,2861,2862,2863,2880,2881,0,0,0,0,0,0,0,0,0,1249,1250,1268,1270,1287,1288,2842,2843,2861,2862,2863,2880,2881,0,0,0,0,0,0,0,0,0,0.0504375,0.0530316,0.0493971,0.0503559,0.0527595,0.049529,0.113538,0.114267,0.113112,0.0999354,0.113387,0.114496,0.113373,0,0,0,0,0,0,0,0,0,0.0507658,0.0530594,0.0499243,0.0507928,0.0529433,0.0499872,0.113443,0.114628,0.113032,0.1,0.113454,0.114558,0.113064,0,0,0,0,0,0,0,0,0,1,1,1,1,1,1,1,1,1,1,1,1,1,0,0,0,0,0,0,0,0,0,1,1,1,1,1,1,1,1,1,1,1,1,1,0,0,0,0,0,0,0,0,0,1,0,0,0,0,0,0,0,0,0,0,0,0,0,0,0,0,0,0,0,0,0,0,13,0,0,0,0,0,0,0,0,0,0,0,0,0,0,0,0,0,0,0,0,0,0,0,0,0,0,0,0,0,0,0,0,0,0,0,0,0,0,0,0,0,0,0,0,0,0,0,0
0.322573,-0.140625,0.98853,0,0,0,0,2.70732e-08,5.27741e-09,3.11262e-08,1270,1250,1251,1269,1271,1288,1289,2843,2844,2862,2863,2864,2881,2882,0,0,0,0,0,0,0,0,0,1250,1251,1269,1271,1288,1289,2843,2844,2862,2863,2864,2881,2882,0,0,0,0,0,0,0,0,0,0.0495396,0.0526579,0.0503559,0.0509173,0.0527284,0.0480261,0.11316,0.114135,0.113535,0.0999784,0.113634,0.11447,0.112651,0,0,0,0,0,0,0,0,0,0.0500471,0.0527199,0.0507928,0.0512766,0.0529295,0.0486269,0.113085,0.114455,0.113462,0.1,0.113696,0.114551,0.1124,0,0,0,0,0,0,0,0,0,1,1,1,1,1,1,1,1,1,1,1,1,1,0,0,0,0,0,0,0,0,0,1,1,1,1,1,1,1,1,1,1,1,1,1,0,0,0,0,0,0,0,0,0,1,0,0,0,0,0,0,0,0,0,0,0,0,0,0,0,0,0,0,0,0,0,0,13,0,0,0,0,0,0,0,0,0,0,0,0,0,0,0,0,0,0,0,0,0,0,0,0,0,0,0,0,0,0,0,0,0,0,0,0,0,0,0,0,0,0,0,0,0,0,0,0
0.359336,-0.113256,0.96635,0,0,0,0,3.37318e-08,3.84503e-09,3.92908e-08,1271,1251,1252,1270,1272,1289,1290,2844,2845,2863,2864,2865,2882,2883,0,0,0,0,0,0,0,0,0,1251,1252,1270,1272,1289,1290,2844,2845,2863,2864,2865,2882,2883,0,0,0,0,0,0,0,0,0,0.0483028,0.0514065,0.0509173,0.0481495,0.052155,0.045942,0.112601,0.113554,0.113764,0.100006,0.112255,0.114169,0.111637,0,0,0,0,0,0,0,0,0,0.0489126,0.0514918,0.0512766,0.0484635,0.0523538,0.0466056,0.11253,0.113829,0.113704,0.1,0.112317,0.114256,0.111441,0,0,0,0,0,0,0,0,0,1,1,1,1,1,1,1,1,1,1,1,1,1,0,0,0,0,0,0,0,0,0,1,1,1,1,1,1,1,1,1,1,1,1,1,0,0,0,0,0,0,0,0,0,1,0,0,0,0,0,0,0,0,0,0,0,0,0,0,0,0,0,0,0,0,0,0,13,0,0,0,0,0,0,0,0,0,0,0,0,0,0,0,0,0,0,0,0,0,0,0,0,0,0,0,0,0,0,0,0,0,0,0,0,0,0,0,0,0,0,0,0,0,0,0,0
0.392654,-0.0880706,0.942391,0,0,0,0,4.079e-08,2.58422e-09,4.70086e-08,1272,1252,1253,1271,1273,1290,1291,2845,2846,2864,2865,2866,2883,2884,0,0,0,0,0,0,0,0,0,1252,1253,1271,1273,1290,1291,2845,2846,2864,2865,2866,2883,2884,0,0,0,0,0,0,0,0,0,0.0456684,0.0508139,0.0481495,0.0482851,0.0509127,0.0455027,0.111371,0.113303,0.112365,0.10002,0.112288,0.113536,0.111404,0,0,0,0,0,0,0,0,0,0.0463173,0.0509015,0.0484635,0.0485418,0.0511006,0.0461841,0.1113,0.113531,0.112322,0.1,0.112356,0.113622,0.111244,0,0,0,0,0,0,0,0,0,1,1,1,1,1,1,1,1,1,1,1,1,1,0,0,0,0,0,0,0,0,0,1,1,1,1,1,1,1,1,1,1,1,1,1,0,0,0,0,0,0,0,0,0,1,0,0,0,0,0,0,0,0,0,0,0,0,0,0,0,0,0,0,0,0,0,0,13,0,0,0,0,0,0,0,0,0,0,0,0,0,0,0,0,0,0,0,0,0,0,0,0,0,0,0,0,0,0,0,0,0,0,0,0,0,0,0,0,0,0,0,0,0,0,0,0
0.424385,-0.0630832,0.915929,0,0,0,0,4.85661e-08,1.42718e-09,5.46304e-08,1273,1253,1254,1272,1274,1291,1292,2846,2847,2865,2866,2867,2884,2885,0,0,0,0,0,0,0,0,0,1253,1254,1272,1274,1291,1292,2846,2847,2865,2866,2867,2884,2885,0,0,0,0,0,0,0,0,0,0.0452181,0.0501154,0.0482851,0.0483534,0.0502139,0.0450912,0.111169,0.112994,0.112381,0.100028,0.112289,0.113187,0.111179,0,0,0,0,0,0,0,0,0,0.0458736,0.0501971,0.0485418,0.0485575,0.0503789,0.0457634,0.111095,0.113179,0.112359,0.1,0.112366,0.113261,0.111049,0,0,0,0,0,0,0,0,0,1,1,1,1,1,1,1,1,1,1,1,1,1,0,0,0,0,0,0,0,0,0,1,1,1,1,1,1,1,1,1,1,1,1,1,0,0,0,0,0,0,0,0,0,1,0,0,0,0,0,0,0,0,0,0,0,0,0,0,0,0,0,0,0,0,0,0,13,0,0,0,0,0,0,0,0,0,0,0,0,0,0,0,0,0,0,0,0,0,0,0,0,0,0,0,0,0,0,0,0,0,0,0,0,0,0,0,0,0,0,0,0,0,0,0,0
0.454406,-0.03835,0.887206,0,0,0,0,5.70136e-08,3.37686e-10,6.20545e-08,1274,1254,1255,1273,1275,1292,1293,2847,2848,2866,2867,2868,2885,2886,0,0,0,0,0,0,0,0,0,1254,1255,1273,1275,1292,1293,2847,2848,2866,2867,2868,2885,2886,0,0,0,0,0,0,0,0,0,0.0447833,0.0493353,0.0483534,0.0483578,0.0494334,0.0446949,0.110964,0.112643,0.112369,0.10003,0.112265,0.112803,0.110959,0,0,0,0,0,0,0,0,0,0.045424,0.0494039,0.0485575,0.0485137,0.04957,0.0453416,0.110889,0.112788,0.112367,0.1,0.112347,0.112862,0.110855,0,0,0,0,0,0,0,0,0,1,1,1,1,1,1,1,1,1,1,1,1,1,0,0,0,0,0,0,0,0,0,1,1,1,1,1,1,1,1,1,1,1,1,1,0,0,0,0,0,0,0,0,0,1,0,0,0,0,0,0,0,0,0,0,0,0,0,0,0,0,0,0,0,0,0,0,13,0,0,0,0,0,0,0,0,0,0,0,0,0,0,0,0,0,0,0,0,0,0,0,0,0,0,0,0,0,0,0,0,0,0,0,0,0,0,0,0,0,0,0,0,0,0,0,0
0.482618,-0.0139363,0.856439,0,0,0,0,6.60815e-08,-7.30477e-10,6.91837e-08,1275,1255,1256,1274,1276,1293,1294,2848,2849,2867,2868,2869,2886,2887,0,0,0,0,0,0,0,0,0,1255,1256,1274,1276,1293,1294,2848,2849,2867,2868,2869,2886,2887,0,0,0,0,0,0,0,0,0,0.0443539,0.0510158,0.0483578,0.0513775,0.0485906,0.0448475,0.110757,0.113491,0.112332,0.100031,0.11372,0.112394,0.110994,0,0,0,0,0,0,0,0,0,0.0449697,0.051056,0.0485137,0.0514796,0.0486963,0.0454621,0.110683,0.113604,0.112347,0.1,0.11381,0.112437,0.110908,0,0,0,0,0,0,0,0,0,1,1,1,1,1,1,1,1,1,1,1,1,1,0,0,0,0,0,0,0,0,0,1,1,1,1,1,1,1,1,1,1,1,1,1,0,0,0,0,0,0,0,0,0,1,0,0,0,0,0,0,0,0,0,0,0,0,0,0,0,0,0,0,0,0,0,0,13,0,0,0,0,0,0,0,0,0,0,0,0,0,0,0,0,0,0,0,0,0,0,0,0,0,0,0,0,0,0,0,0,0,0,0,0,0,0,0,0,0,0,0,0,0,0,0,0
0.510699,0.0111974,0.82152,0,0,0,0,7.63477e-08,-1.85267e-09,7.64116e-08,1276,1256,1257,1275,1277,1294,1295,2849,2850,2868,2869,2870,2887,2888,0,0,0,0,0,0,0,0,0,1256,1257,1275,1277,1294,1295,2849,2850,2868,2869,2870,2887,2888,0,0,0,0,0,0,0,0,0,0.0445551,0.050706,0.0513775,0.051046,0.0495501,0.0445298,0.110832,0.113359,0.113779,0.10003,0.113533,0.112856,0.11081,0,0,0,0,0,0,0,0,0,0.0451345,0.0507305,0.0514796,0.0511048,0.0496186,0.045104,0.110757,0.11344,0.113808,0.1,0.113624,0.112885,0.110744,0,0,0,0,0,0,0,0,0,1,1,1,1,1,1,1,1,1,1,1,1,1,0,0,0,0,0,0,0,0,0,1,1,1,1,1,1,1,1,1,1,1,1,1,0,0,0,0,0,0,0,0,0,1,0,0,0,0,0,0,0,0,0,0,0,0,0,0,0,0,0,0,0,0,0,0,13,0,0,0,0,0,0,0,0,0,0,0,0,0,0,0,0,0,0,0,0,0,0,0,0,0,0,0,0,0,0,0,0,0,0,0,0,0,0,0,0,0,0,0,0,0,0,0,0
0.536563,0.0354407,0.784791,0,0,0,0,8.71579e-08,-3.06239e-09,8.31069e-08,1277,1257,1258,1276,1278,1295,1296,2850,2851,2869,2870,2871,2888,2889,0,0,0,0,0,0,0,0,0,1257,1258,1276,1278,1295,1296,2850,2851,2869,2870,2871,2888,2889,0,0,0,0,0,0,0,0,0,0.0441501,0.049941,0.051046,0.0502724,0.0494496,0.0438902,0.110621,0.112998,0.113582,0.100025,0.113134,0.11281,0.110488,0,0,0,0,0,0,0,0,0,0.0446881,0.049954,0.0511048,0.0502936,0.049495,0.0444231,0.110555,0.113053,0.11362,0.1,0.113222,0.112823,0.110436,0,0,0,0,0,0,0,0,0,1,1,1,1,1,1,1,1,1,1,1,1,1,0,0,0,0,0,0,0,0,0,1,1,1,1,1,1,1,1,1,1,1,1,1,0,0,0,0,0,0,0,0,0,1,0,0,0,0,0,0,0,0,0,0,0,0,0,0,0,0,0,0,0,0,0,0,13,0,0,0,0,0,0,0,0,0,0,0,0,0,0,0,0,0,0,0,0,0,0,0,0,0,0,0,0,0,0,0,0,0,0,0,0,0,0,0,0,0,0,0,0,0,0,0,0
0.559982,0.0586101,0.746817,0,0,0,0,9.83412e-08,-4.42014e-09,8.9148e-08,1278,1258,1259,1277,1279,1296,1297,2851,2852,2870,2871,2872,2889,2890,0,0,0,0,0,0,0,0,0,1258,1259,1277,1279,1296,1297,2851,2852,2870,2871,2872,2889,2890,0,0,0,0,0,0,0,0,0,0.0434642,0.0489826,0.0502724,0.0493302,0.0488823,0.0431224,0.110286,0.112546,0.113172,0.100021,0.112664,0.112537,0.110118,0,0,0,0,0,0,0,0,0,0.0439615,0.0489891,0.0502936,0.0493184,0.048911,0.0436174,0.110229,0.11258,0.113217,0.1,0.112745,0.112538,0.110076,0,0,0,0,0,0,0,0,0,1,1,1,1,1,1,1,1,1,1,1,1,1,0,0,0,0,0,0,0,0,0,1,1,1,1,1,1,1,1,1,1,1,1,1,0,0,0,0,0,0,0,0,0,1,0,0,0,0,0,0,0,0,0,0,0,0,0,0,0,0,0,0,0,0,0,0,13,0,0,0,0,0,0,0,0,0,0,0,0,0,0,0,0,0,0,0,0,0,0,0,0,0,0,0,0,0,0,0,0,0,0,0,0,0,0,0,0,0,0,0,0,0,0,0,0
0.580923,0.0806509,0.707969,0,0,0,0,1.09783e-07,-5.99064e-09,9.44702e-08,1279,1259,1260,1278,1280,1297,1298,2852,2853,2871,2872,2873,2890,2891,0,0,0,0,0,0,0,0,0,1259,1260,1278,1280,1297,1298,2852,2853,2871,2872,2873,2890,2891,0,0,0,0,0,0,0,0,0,0.0426412,0.0478851,0.0493302,0.0482653,0.0480539,0.0423019,0.109895,0.112034,0.112691,0.100016,0.112147,0.112143,0.109735,0,0,0,0,0,0,0,0,0,0.0431011,0.0478929,0.0493184,0.0482245,0.0480747,0.0427642,0.10985,0.112052,0.112738,0.1,0.112217,0.112135,0.109702,0,0,0,0,0,0,0,0,0,1,1,1,1,1,1,1,1,1,1,1,1,1,0,0,0,0,0,0,0,0,0,1,1,1,1,1,1,1,1,1,1,1,1,1,0,0,0,0,0,0,0,0,0,1,0,0,0,0,0,0,0,0,0,0,0,0,0,0,0,0,0,0,0,0,0,0,13,0,0,0,0,0,0,0,0,0,0,0,0,0,0,0,0,0,0,0,0,0,0,0,0,0,0,0,0,0,0,0,0,0,0,0,0,0,0,0,0,0,0,0,0,0,0,0,0
0.599404,0.101545,0.668581,0,0,0,0,1.21387e-07,-7.82845e-09,9.90362e-08,1280,1260,1261,1279,1281,1298,1299,2853,2854,2872,2873,2874,2891,2892,0,0,0,0,0,0,0,0,0,1260,1261,1279,1281,1298,1299,2853,2854,2872,2873,2874,2891,2892,0,0,0,0,0,0,0,0,0,0.0417568,0.0466842,0.0482653,0.0471417,0.0470597,0.0414993,0.109486,0.111482,0.112161,0.100013,0.111616,0.111676,0.10937,0,0,0,0,0,0,0,0,0,0.0421842,0.0467023,0.0482245,0.047076,0.0470828,0.0419346,0.109452,0.111489,0.11221,0.1,0.111673,0.111664,0.109344,0,0,0,0,0,0,0,0,0,1,1,1,1,1,1,1,1,1,1,1,1,1,0,0,0,0,0,0,0,0,0,1,1,1,1,1,1,1,1,1,1,1,1,1,0,0,0,0,0,0,0,0,0,1,0,0,0,0,0,0,0,0,0,0,0,0,0,0,0,0,0,0,0,0,0,0,13,0,0,0,0,0,0,0,0,0,0,0,0,0,0,0,0,0,0,0,0,0,0,0,0,0,0,0,0,0,0,0,0,0,0,0,0,0,0,0,0,0,0,0,0,0,0,0,0
0.615487,0.121314,0.628921,0,0,0,0,1.33082e-07,-9.97646e-09,1.02838e-07,1281,1261,1262,1280,1282,1299,1300,2854,2855,2873,2874,2875,2892,2893,0,0,0,0,0,0,0,0,0,1261,1262,1280,1282,1299,1300,2854,2855,2873,2874,2875,2892,2893,0,0,0,0,0,0,0,0,0,0.0408685,0.0454019,0.0471417,0.0460563,0.0459468,0.0407717,0.109084,0.110907,0.111616,0.10001,0.11112,0.111163,0.109045,0,0,0,0,0,0,0,0,0,0.041269,0.0454398,0.047076,0.0459713,0.0459829,0.0411849,0.109062,0.110905,0.111666,0.1,0.11116,0.111151,0.109025,0,0,0,0,0,0,0,0,0,1,1,1,1,1,1,1,1,1,1,1,1,1,0,0,0,0,0,0,0,0,0,1,1,1,1,1,1,1,1,1,1,1,1,1,0,0,0,0,0,0,0,0,0,1,0,0,0,0,0,0,0,0,0,0,0,0,0,0,0,0,0,0,0,0,0,0,13,0,0,0,0,0,0,0,0,0,0,0,0,0,0,0,0,0,0,0,0,0,0,0,0,0,0,0,0,0,0,0,0,0,0,0,0,0,0,0,0,0,0,0,0,0,0,0,0
0.629284,0.140006,0.589154,0,0,0,0,1.44837e-07,-1.24608e-08,1.05901e-07,1282,89,90,1262,1263,1281,1300,1682,1683,2855,2856,2874,2875,2893,0,0,0,0,0,0,0,0,0,89,90,1262,1263,1281,1300,1682,1683,2855,2856,2874,2875,2893,0,0,0,0,0,0,0,0,0,0.0400994,0.0450821,0.0400227,0.0440386,0.0460563,0.0447149,0.108743,0.110697,0.108708,0.110319,0.1111,0.100008,0.110604,0,0,0,0,0,0,0,0,0,0.0404894,0.0449895,0.0404003,0.0441091,0.0459713,0.0447765,0.108734,0.110712,0.108699,0.110304,0.111153,0.1,0.110601,0,0,0,0,0,0,0,0,0,1,1,1,1,1,1,1,1,1,1,1,1,1,0,0,0,0,0,0,0,0,0,1,1,1,1,1,1,1,1,1,1,1,1,1,0,0,0,0,0,0,0,0,0,1,0,0,0,0,0,0,0,0,0,0,0,0,0,0,0,0,0,0,0,0,0,0,13,0,0,0,0,0,0,0,0,0,0,0,0,0,0,0,0,0,0,0,0,0,0,0,0,0,0,0,0,0,0,0,0,0,0,0,0,0,0,0,0,0,0,0,0,0,0,0,0
0.0940707,-0.258788,1.06369,0,0,0,0,4.27397e-09,1.26844e-08,-4.77273e-09,1283,52,53,1264,1265,1284,1301,1645,1646,2857,2858,2876,2877,2894,0,0,0,0,0,0,0,0,0,52,53,1264,1265,1284,1301,1645,1646,2857,2858,2876,2877,2894,0,0,0,0,0,0,0,0,0,0.042219,0.0450755,0.0527897,0.049231,0.0465857,0.053453,0.110973,0.112294,0.113921,0.111908,0.0992206,0.111352,0.11482,0,0,0,0,0,0,0,0,0,0.0437091,0.0470492,0.0508847,0.0500307,0.0476936,0.0515461,0.110284,0.111802,0.113524,0.113079,0.1,0.111955,0.113846,0,0,0,0,0,0,0,0,0,1,1,1,1,1,1,1,1,1,1,1,1,1,0,0,0,0,0,0,0,0,0,1,1,1,1,1,1,1,1,1,1,1,1,1,0,0,0,0,0,0,0,0,0,1,0,0,0,0,0,0,0,0,0,0,0,0,0,0,0,0,0,0,0,0,0,0,13,0,0,0,0,0,0,0,0,0,0,0,0,0,0,0,0,0,0,0,0,0,0,0,0,0,0,0,0,0,0,0,0,0,0,0,0,0,0,0,0,0,0,0,0,0,0,0,0
0.131703,-0.231334,1.06425,0,0,0,0,6.33924e-09,1.05952e-08,5.5946e-10,1284,1265,1266,1283,1285,1301,1302,2858,2859,2876,2877,2878,2894,2895,0,0,0,0,0,0,0,0,0,1265,1266,1283,1285,1301,1302,2858,2859,2876,2877,2878,2894,2895,0,0,0,0,0,0,0,0,0,0.0527072,0.050555,0.0465857,0.0473541,0.0498231,0.0528277,0.114349,0.112764,0.112053,0.0996606,0.111885,0.113354,0.114929,0,0,0,0,0,0,0,0,0,0.0514479,0.0509682,0.0476936,0.0483632,0.0507227,0.0517164,0.113804,0.113548,0.111948,0.1,0.112273,0.11343,0.113931,0,0,0,0,0,0,0,0,0,1,1,1,1,1,1,1,1,1,1,1,1,1,0,0,0,0,0,0,0,0,0,1,1,1,1,1,1,1,1,1,1,1,1,1,0,0,0,0,0,0,0,0,0,1,0,0,0,0,0,0,0,0,0,0,0,0,0,0,0,0,0,0,0,0,0,0,13,0,0,0,0,0,0,0,0,0,0,0,0,0,0,0,0,0,0,0,0,0,0,0,0,0,0,0,0,0,0,0,0,0,0,0,0,0,0,0,0,0,0,0,0,0,0,0,0
0.16993,-0.203682,1.0602,0,0,0,0,8.96951e-09,8.74383e-09,6.30847e-09,1285,1266,1267,1284,1286,1302,1303,2859,2860,2877,2878,2879,2895,2896,0,0,0,0,0,0,0,0,0,1266,1267,1284,1286,1302,1303,2859,2860,2877,2878,2879,2895,2896,0,0,0,0,0,0,0,0,0,0.0522892,0.0516405,0.0473541,0.0483768,0.0507739,0.0519093,0.11424,0.113367,0.112399,0.099707,0.112381,0.113798,0.114502,0,0,0,0,0,0,0,0,0,0.0516363,0.0518558,0.0483632,0.0492068,0.0513613,0.0514539,0.113894,0.114001,0.112269,0.1,0.112678,0.11375,0.113797,0,0,0,0,0,0,0,0,0,1,1,1,1,1,1,1,1,1,1,1,1,1,0,0,0,0,0,0,0,0,0,1,1,1,1,1,1,1,1,1,1,1,1,1,0,0,0,0,0,0,0,0,0,1,0,0,0,0,0,0,0,0,0,0,0,0,0,0,0,0,0,0,0,0,0,0,13,0,0,0,0,0,0,0,0,0,0,0,0,0,0,0,0,0,0,0,0,0,0,0,0,0,0,0,0,0,0,0,0,0,0,0,0,0,0,0,0,0,0,0,0,0,0,0,0
0.20855,-0.17589,1.05146,0,0,0,0,1.2281e-08,7.08857e-09,1.25217e-08,1286,1267,1268,1285,1287,1303,1304,2860,2861,2878,2879,2880,2896,2897,0,0,0,0,0,0,0,0,0,1267,1268,1285,1287,1303,1304,2860,2861,2878,2879,2880,2896,2897,0,0,0,0,0,0,0,0,0,0.0515961,0.0523876,0.0483768,0.0494525,0.0516106,0.0507813,0.114035,0.113837,0.112772,0.0998189,0.112919,0.114099,0.114016,0,0,0,0,0,0,0,0,0,0.0514471,0.0525584,0.0492068,0.0501276,0.0520504,0.0508172,0.113792,0.114365,0.11268,0.1,0.113126,0.1141,0.113477,0,0,0,0,0,0,0,0,0,1,1,1,1,1,1,1,1,1,1,1,1,1,0,0,0,0,0,0,0,0,0,1,1,1,1,1,1,1,1,1,1,1,1,1,0,0,0,0,0,0,0,0,0,1,0,0,0,0,0,0,0,0,0,0,0,0,0,0,0,0,0,0,0,0,0,0,13,0,0,0,0,0,0,0,0,0,0,0,0,0,0,0,0,0,0,0,0,0,0,0,0,0,0,0,0,0,0,0,0,0,0,0,0,0,0,0,0,0,0,0,0,0,0,0,0
0.247303,-0.148167,1.03822,0,0,0,0,1.636e-08,5.58799e-09,1.9187e-08,1287,1268,1269,1286,1288,1304,1305,2861,2862,2879,2880,2881,2897,2898,0,0,0,0,0,0,0,0,0,1268,1269,1286,1288,1304,1305,2861,2862,2879,2880,2881,2897,2898,0,0,0,0,0,0,0,0,0,0.0506763,0.0527595,0.0494525,0.050462,0.0522089,0.0495115,0.113682,0.114107,0.113225,0.0998985,0.113406,0.114349,0.113421,0,0,0,0,0,0,0,0,0,0.0508948,0.0529433,0.0501276,0.051007,0.0526182,0.0498699,0.113509,0.114567,0.113133,0.1,0.113562,0.11439,0.113007,0,0,0,0,0,0,0,0,0,1,1,1,1,1,1,1,1,1,1,1,1,1,0,0,0,0,0,0,0,0,0,1,1,1,1,1,1,1,1,1,1,1,1,1,0,0,0,0,0,0,0,0,0,1,0,0,0,0,0,0,0,0,0,0,0,0,0,0,0,0,0,0,0,0,0,0,13,0,0,0,0,0,0,0,0,0,0,0,0,0,0,0,0,0,0,0,0,0,0,0,0,0,0,0,0,0,0,0,0,0,0,0,0,0,0,0,0,0,0,0,0,0,0,0,0
0.285838,-0.120706,1.02069,0,0,0,0,2.12815e-08,4.21634e-09,2.62543e-08,1288,1269,1270,1287,1289,1305,1306,2862,2863,2880,2881,2882,2898,2899,0,0,0,0,0,0,0,0,0,1269,1270,1287,1289,1305,1306,2862,2863,2880,2881,2882,2898,2899,0,0,0,0,0,0,0,0,0,0.049529,0.0527284,0.050462,0.0512386,0.0525912,0.0481237,0.113195,0.11416,0.113655,0.099958,0.11377,0.114504,0.11275,0,0,0,0,0,0,0,0,0,0.0499872,0.0529295,0.051007,0.0516823,0.0529876,0.0486722,0.113056,0.114562,0.11357,0.1,0.113902,0.114581,0.112423,0,0,0,0,0,0,0,0,0,1,1,1,1,1,1,1,1,1,1,1,1,1,0,0,0,0,0,0,0,0,0,1,1,1,1,1,1,1,1,1,1,1,1,1,0,0,0,0,0,0,0,0,0,1,0,0,0,0,0,0,0,0,0,0,0,0,0,0,0,0,0,0,0,0,0,0,13,0,0,0,0,0,0,0,0,0,0,0,0,0,0,0,0,0,0,0,0,0,0,0,0,0,0,0,0,0,0,0,0,0,0,0,0,0,0,0,0,0,0,0,0,0,0,0,0
0.323745,-0.0937992,0.999134,0,0,0,0,2.70784e-08,2.95037e-09,3.36335e-08,1289,1270,1271,1288,1290,1306,1307,2863,2864,2881,2882,2883,2899,2900,0,0,0,0,0,0,0,0,0,1270,1271,1288,1290,1306,1307,2863,2864,2881,2882,2883,2899,2900,0,0,0,0,0,0,0,0,0,0.0480261,0.052155,0.0512386,0.049855,0.0529099,0.0466863,0.112514,0.113924,0.113977,0.0999958,0.113065,0.114635,0.112037,0,0,0,0,0,0,0,0,0,0.0486269,0.0523538,0.0516823,0.0502312,0.0532689,0.047332,0.112393,0.114266,0.11391,0.1,0.113179,0.114726,0.111782,0,0,0,0,0,0,0,0,0,1,1,1,1,1,1,1,1,1,1,1,1,1,0,0,0,0,0,0,0,0,0,1,1,1,1,1,1,1,1,1,1,1,1,1,0,0,0,0,0,0,0,0,0,1,0,0,0,0,0,0,0,0,0,0,0,0,0,0,0,0,0,0,0,0,0,0,13,0,0,0,0,0,0,0,0,0,0,0,0,0,0,0,0,0,0,0,0,0,0,0,0,0,0,0,0,0,0,0,0,0,0,0,0,0,0,0,0,0,0,0,0,0,0,0,0
0.35911,-0.0681569,0.975107,0,0,0,0,3.34659e-08,1.79021e-09,4.09077e-08,1290,1271,1272,1289,1291,1307,1308,2864,2865,2882,2883,2884,2900,2901,0,0,0,0,0,0,0,0,0,1271,1272,1289,1291,1307,1308,2864,2865,2882,2883,2884,2900,2901,0,0,0,0,0,0,0,0,0,0.045942,0.0509127,0.049855,0.0491546,0.0518204,0.0457925,0.111549,0.113357,0.113228,0.100016,0.112688,0.114055,0.111583,0,0,0,0,0,0,0,0,0,0.0466056,0.0511006,0.0502312,0.0494623,0.0521401,0.0464767,0.111435,0.11363,0.113184,0.1,0.112804,0.114146,0.11138,0,0,0,0,0,0,0,0,0,1,1,1,1,1,1,1,1,1,1,1,1,1,0,0,0,0,0,0,0,0,0,1,1,1,1,1,1,1,1,1,1,1,1,1,0,0,0,0,0,0,0,0,0,1,0,0,0,0,0,0,0,0,0,0,0,0,0,0,0,0,0,0,0,0,0,0,13,0,0,0,0,0,0,0,0,0,0,0,0,0,0,0,0,0,0,0,0,0,0,0,0,0,0,0,0,0,0,0,0,0,0,0,0,0,0,0,0,0,0,0,0,0,0,0,0
0.392254,-0.043038,0.948903,0,0,0,0,4.048e-08,7.08484e-10,4.80248e-08,1291,1272,1273,1290,1292,1308,1309,2865,2866,2883,2884,2885,2901,2902,0,0,0,0,0,0,0,0,0,1272,1273,1290,1292,1308,1309,2865,2866,2883,2884,2885,2901,2902,0,0,0,0,0,0,0,0,0,0.0455027,0.0502139,0.0491546,0.0492294,0.0502454,0.0454003,0.11135,0.113053,0.112823,0.100027,0.112693,0.113256,0.111357,0,0,0,0,0,0,0,0,0,0.0461841,0.0503789,0.0494623,0.0494748,0.0505186,0.0460861,0.11124,0.113268,0.112807,0.1,0.112812,0.11333,0.111198,0,0,0,0,0,0,0,0,0,1,1,1,1,1,1,1,1,1,1,1,1,1,0,0,0,0,0,0,0,0,0,1,1,1,1,1,1,1,1,1,1,1,1,1,0,0,0,0,0,0,0,0,0,1,0,0,0,0,0,0,0,0,0,0,0,0,0,0,0,0,0,0,0,0,0,0,13,0,0,0,0,0,0,0,0,0,0,0,0,0,0,0,0,0,0,0,0,0,0,0,0,0,0,0,0,0,0,0,0,0,0,0,0,0,0,0,0,0,0,0,0,0,0,0,0
0.42372,-0.0182111,0.920318,0,0,0,0,4.81803e-08,-3.33684e-10,5.50335e-08,1292,1273,1274,1291,1293,1309,1310,2866,2867,2884,2885,2886,2902,2903,0,0,0,0,0,0,0,0,0,1273,1274,1291,1293,1309,1310,2866,2867,2884,2885,2886,2902,2903,0,0,0,0,0,0,0,0,0,0.0450912,0.0494334,0.0492294,0.0492374,0.0494673,0.0450304,0.111152,0.112704,0.112807,0.100032,0.112669,0.112861,0.111144,0,0,0,0,0,0,0,0,0,0.0457634,0.04957,0.0494748,0.0494244,0.0496875,0.0456988,0.111046,0.112867,0.112813,0.1,0.11279,0.112919,0.111018,0,0,0,0,0,0,0,0,0,1,1,1,1,1,1,1,1,1,1,1,1,1,0,0,0,0,0,0,0,0,0,1,1,1,1,1,1,1,1,1,1,1,1,1,0,0,0,0,0,0,0,0,0,1,0,0,0,0,0,0,0,0,0,0,0,0,0,0,0,0,0,0,0,0,0,0,13,0,0,0,0,0,0,0,0,0,0,0,0,0,0,0,0,0,0,0,0,0,0,0,0,0,0,0,0,0,0,0,0,0,0,0,0,0,0,0,0,0,0,0,0,0,0,0,0
0.453397,0.0062699,0.889589,0,0,0,0,5.65206e-08,-1.37603e-09,6.18322e-08,1293,1274,1275,1292,1294,1310,1311,2867,2868,2885,2886,2887,2903,2904,0,0,0,0,0,0,0,0,0,1274,1275,1292,1294,1310,1311,2867,2868,2885,2886,2887,2903,2904,0,0,0,0,0,0,0,0,0,0.0446949,0.0485906,0.0492374,0.0500004,0.0486274,0.0454352,0.110952,0.112323,0.112764,0.100032,0.113016,0.112446,0.111286,0,0,0,0,0,0,0,0,0,0.0453416,0.0486963,0.0494244,0.0501303,0.0487986,0.0460731,0.110853,0.112441,0.112789,0.1,0.113138,0.112486,0.111189,0,0,0,0,0,0,0,0,0,1,1,1,1,1,1,1,1,1,1,1,1,1,0,0,0,0,0,0,0,0,0,1,1,1,1,1,1,1,1,1,1,1,1,1,0,0,0,0,0,0,0,0,0,1,0,0,0,0,0,0,0,0,0,0,0,0,0,0,0,0,0,0,0,0,0,0,13,0,0,0,0,0,0,0,0,0,0,0,0,0,0,0,0,0,0,0,0,0,0,0,0,0,0,0,0,0,0,0,0,0,0,0,0,0,0,0,0,0,0,0,0,0,0,0,0
0.481583,0.0308992,0.856438,0,0,0,0,6.55897e-08,-2.47541e-09,6.84071e-08,1294,1275,1276,1293,1295,1311,1312,2868,2869,2886,2887,2888,2904,2905,0,0,0,0,0,0,0,0,0,1275,1276,1293,1295,1311,1312,2868,2869,2886,2887,2888,2904,2905,0,0,0,0,0,0,0,0,0,0.0448475,0.0495501,0.0500004,0.0515319,0.0481862,0.0454894,0.110998,0.112805,0.113095,0.100031,0.113759,0.11223,0.111271,0,0,0,0,0,0,0,0,0,0.0454621,0.0496186,0.0501303,0.051612,0.0483096,0.0460897,0.110908,0.112889,0.113136,0.1,0.11388,0.112249,0.111195,0,0,0,0,0,0,0,0,0,1,1,1,1,1,1,1,1,1,1,1,1,1,0,0,0,0,0,0,0,0,0,1,1,1,1,1,1,1,1,1,1,1,1,1,0,0,0,0,0,0,0,0,0,1,0,0,0,0,0,0,0,0,0,0,0,0,0,0,0,0,0,0,0,0,0,0,13,0,0,0,0,0,0,0,0,0,0,0,0,0,0,0,0,0,0,0,0,0,0,0,0,0,0,0,0,0,0,0,0,0,0,0,0,0,0,0,0,0,0,0,0,0,0,0,0
0.508653,0.055662,0.82025,0,0,0,0,7.55146e-08,-3.69722e-09,7.48161e-08,1295,1276,1277,1294,1296,1312,1313,2869,2870,2887,2888,2889,2905,2906,0,0,0,0,0,0,0,0,0,1276,1277,1294,1296,1312,1313,2869,2870,2887,2888,2889,2905,2906,0,0,0,0,0,0,0,0,0,0.0445298,0.0494496,0.0515319,0.0510146,0.0482548,0.0444436,0.110828,0.112774,0.113826,0.100027,0.113484,0.112259,0.110752,0,0,0,0,0,0,0,0,0,0.045104,0.049495,0.051612,0.0510496,0.0483396,0.0450041,0.110744,0.112827,0.113876,0.1,0.1136,0.112263,0.110697,0,0,0,0,0,0,0,0,0,1,1,1,1,1,1,1,1,1,1,1,1,1,0,0,0,0,0,0,0,0,0,1,1,1,1,1,1,1,1,1,1,1,1,1,0,0,0,0,0,0,0,0,0,1,0,0,0,0,0,0,0,0,0,0,0,0,0,0,0,0,0,0,0,0,0,0,13,0,0,0,0,0,0,0,0,0,0,0,0,0,0,0,0,0,0,0,0,0,0,0,0,0,0,0,0,0,0,0,0,0,0,0,0,0,0,0,0,0,0,0,0,0,0,0,0
0.533549,0.0791635,0.782431,0,0,0,0,8.59376e-08,-5.0822e-09,8.07356e-08,1296,1277,1278,1295,1297,1313,1314,2870,2871,2888,2889,2890,2906,2907,0,0,0,0,0,0,0,0,0,1277,1278,1295,1297,1313,1314,2870,2871,2888,2889,2890,2906,2907,0,0,0,0,0,0,0,0,0,0.0438902,0.0488823,0.0510146,0.0502101,0.0480601,0.0435197,0.110506,0.112512,0.11354,0.100023,0.113076,0.112164,0.110305,0,0,0,0,0,0,0,0,0,0.0444231,0.048911,0.0510496,0.0502052,0.0481165,0.0440423,0.110437,0.112541,0.113594,0.1,0.113181,0.112155,0.110265,0,0,0,0,0,0,0,0,0,1,1,1,1,1,1,1,1,1,1,1,1,1,0,0,0,0,0,0,0,0,0,1,1,1,1,1,1,1,1,1,1,1,1,1,0,0,0,0,0,0,0,0,0,1,0,0,0,0,0,0,0,0,0,0,0,0,0,0,0,0,0,0,0,0,0,0,13,0,0,0,0,0,0,0,0,0,0,0,0,0,0,0,0,0,0,0,0,0,0,0,0,0,0,0,0,0,0,0,0,0,0,0,0,0,0,0,0,0,0,0,0,0,0,0,0
0.55609,0.101426,0.743478,0,0,0,0,9.67218e-08,-6.68888e-09,8.6049e-08,1297,1278,1279,1296,1298,1314,1315,2871,2872,2889,2890,2891,2907,2908,0,0,0,0,0,0,0,0,0,1278,1279,1296,1298,1314,1315,2871,2872,2889,2890,2891,2907,2908,0,0,0,0,0,0,0,0,0,0.0431224,0.0480539,0.0502101,0.0492402,0.0475939,0.0426733,0.110133,0.112126,0.113117,0.100018,0.112598,0.111942,0.109905,0,0,0,0,0,0,0,0,0,0.0436174,0.0480747,0.0502052,0.0492012,0.0476322,0.0431631,0.110078,0.112137,0.113174,0.1,0.11269,0.111924,0.109876,0,0,0,0,0,0,0,0,0,1,1,1,1,1,1,1,1,1,1,1,1,1,0,0,0,0,0,0,0,0,0,1,1,1,1,1,1,1,1,1,1,1,1,1,0,0,0,0,0,0,0,0,0,1,0,0,0,0,0,0,0,0,0,0,0,0,0,0,0,0,0,0,0,0,0,0,13,0,0,0,0,0,0,0,0,0,0,0,0,0,0,0,0,0,0,0,0,0,0,0,0,0,0,0,0,0,0,0,0,0,0,0,0,0,0,0,0,0,0,0,0,0,0,0,0
0.576218,0.122481,0.703776,0,0,0,0,1.07758e-07,-8.5738e-09,9.06885e-08,1298,1279,1280,1297,1299,1315,1316,2872,2873,2890,2891,2892,2908,2909,0,0,0,0,0,0,0,0,0,1279,1280,1297,1299,1315,1316,2872,2873,2890,2891,2892,2908,2909,0,0,0,0,0,0,0,0,0,0.0423019,0.0470597,0.0492402,0.0482063,0.0469325,0.0419583,0.109745,0.111669,0.112625,0.100014,0.112102,0.111631,0.109573,0,0,0,0,0,0,0,0,0,0.0427642,0.0470828,0.0492012,0.0481384,0.0469635,0.0424213,0.109704,0.111666,0.112682,0.1,0.112179,0.111608,0.109553,0,0,0,0,0,0,0,0,0,1,1,1,1,1,1,1,1,1,1,1,1,1,0,0,0,0,0,0,0,0,0,1,1,1,1,1,1,1,1,1,1,1,1,1,0,0,0,0,0,0,0,0,0,1,0,0,0,0,0,0,0,0,0,0,0,0,0,0,0,0,0,0,0,0,0,0,13,0,0,0,0,0,0,0,0,0,0,0,0,0,0,0,0,0,0,0,0,0,0,0,0,0,0,0,0,0,0,0,0,0,0,0,0,0,0,0,0,0,0,0,0,0,0,0,0
0.593954,0.142384,0.663613,0,0,0,0,1.1897e-07,-1.07844e-08,9.46203e-08,1299,1280,1281,1298,1300,1316,1317,2873,2874,2891,2892,2893,2909,2910,0,0,0,0,0,0,0,0,0,1280,1281,1298,1300,1316,1317,2873,2874,2891,2892,2893,2909,2910,0,0,0,0,0,0,0,0,0,0.0414993,0.0459468,0.0482063,0.0472416,0.0461371,0.0414585,0.109374,0.111166,0.112113,0.100011,0.111651,0.11126,0.109342,0,0,0,0,0,0,0,0,0,0.0419346,0.0459829,0.0481384,0.0471498,0.0461726,0.0419002,0.109346,0.111153,0.11217,0.1,0.11171,0.111239,0.109329,0,0,0,0,0,0,0,0,0,1,1,1,1,1,1,1,1,1,1,1,1,1,0,0,0,0,0,0,0,0,0,1,1,1,1,1,1,1,1,1,1,1,1,1,0,0,0,0,0,0,0,0,0,1,0,0,0,0,0,0,0,0,0,0,0,0,0,0,0,0,0,0,0,0,0,0,13,0,0,0,0,0,0,0,0,0,0,0,0,0,0,0,0,0,0,0,0,0,0,0,0,0,0,0,0,0,0,0,0,0,0,0,0,0,0,0,0,0,0,0,0,0,0,0,0
0.609396,0.16121,0.623129,0,0,0,0,1.30333e-07,-1.33586e-08,9.784e-08,1300,88,89,1281,1282,1299,1317,1681,1682,2874,2875,2892,2893,2910,0,0,0,0,0,0,0,0,0,88,89,1281,1282,1299,1317,1681,1682,2874,2875,2892,2893,2910,0,0,0,0,0,0,0,0,0,0.0410614,0.0464239,0.0407717,0.0447149,0.0472416,0.0451864,0.109157,0.111281,0.109044,0.110626,0.111644,0.10001,0.110825,0,0,0,0,0,0,0,0,0,0.041483,0.0463143,0.0411849,0.0447765,0.0471498,0.0452414,0.10915,0.111321,0.109027,0.110602,0.111702,0.1,0.110811,0,0,0,0,0,0,0,0,0,1,1,1,1,1,1,1,1,1,1,1,1,1,0,0,0,0,0,0,0,0,0,1,1,1,1,1,1,1,1,1,1,1,1,1,0,0,0,0,0,0,0,0,0,1,0,0,0,0,0,0,0,0,0,0,0,0,0,0,0,0,0,0,0,0,0,0,13,0,0,0,0,0,0,0,0,0,0,0,0,0,0,0,0,0,0,0,0,0,0,0,0,0,0,0,0,0,0,0,0,0,0,0,0,0,0,0,0,0,0,0,0,0,0,0,0
0.0928574,-0.211267,1.08814,0,0,0,0,4.12364e-09,8.6404e-09,1.03195e-10,1301,53,54,1283,1284,1302,1318,1646,1647,2876,2877,2894,2895,2911,0,0,0,0,0,0,0,0,0,53,54,1283,1284,1302,1318,1646,1647,2876,2877,2894,2895,2911,0,0,0,0,0,0,0,0,0,0.0431268,0.0457097,0.053453,0.0498231,0.0476375,0.0535248,0.111588,0.11277,0.114346,0.112184,0.0991426,0.111799,0.114957,0,0,0,0,0,0,0,0,0,0.044998,0.0478131,0.0515461,0.0507227,0.0489535,0.0517041,0.110878,0.112185,0.113855,0.113422,0.1,0.11256,0.113925,0,0,0,0,0,0,0,0,0,1,1,1,1,1,1,1,1,1,1,1,1,1,0,0,0,0,0,0,0,0,0,1,1,1,1,1,1,1,1,1,1,1,1,1,0,0,0,0,0,0,0,0,0,1,0,0,0,0,0,0,0,0,0,0,0,0,0,0,0,0,0,0,0,0,0,0,13,0,0,0,0,0,0,0,0,0,0,0,0,0,0,0,0,0,0,0,0,0,0,0,0,0,0,0,0,0,0,0,0,0,0,0,0,0,0,0,0,0,0,0,0,0,0,0,0
0.131171,-0.183063,1.0857,0,0,0,0,6.18755e-09,7.06466e-09,4.91561e-09,1302,1284,1285,1301,1303,1318,1319,2877,2878,2894,2895,2896,2911,2912,0,0,0,0,0,0,0,0,0,1284,1285,1301,1303,1318,1319,2877,2878,2894,2895,2896,2911,2912,0,0,0,0,0,0,0,0,0,0.0528277,0.0507739,0.0476375,0.04824,0.0500003,0.0520416,0.114539,0.112899,0.112616,0.0996603,0.112275,0.113624,0.114658,0,0,0,0,0,0,0,0,0,0.0517164,0.0513613,0.0489535,0.0493776,0.0511035,0.0511136,0.113938,0.113747,0.112553,0.1,0.112764,0.113621,0.113627,0,0,0,0,0,0,0,0,0,1,1,1,1,1,1,1,1,1,1,1,1,1,0,0,0,0,0,0,0,0,0,1,1,1,1,1,1,1,1,1,1,1,1,1,0,0,0,0,0,0,0,0,0,1,0,0,0,0,0,0,0,0,0,0,0,0,0,0,0,0,0,0,0,0,0,0,13,0,0,0,0,0,0,0,0,0,0,0,0,0,0,0,0,0,0,0,0,0,0,0,0,0,0,0,0,0,0,0,0,0,0,0,0,0,0,0,0,0,0,0,0,0,0,0,0
0.169841,-0.155125,1.07855,0,0,0,0,8.83149e-09,5.66941e-09,1.00868e-08,1303,1285,1286,1302,1304,1319,1320,2878,2879,2895,2896,2897,2912,2913,0,0,0,0,0,0,0,0,0,1285,1286,1302,1304,1319,1320,2878,2879,2895,2896,2897,2912,2913,0,0,0,0,0,0,0,0,0,0.0519093,0.0516106,0.04824,0.0492044,0.0504533,0.0506983,0.11418,0.113398,0.112895,0.0997281,0.112739,0.113801,0.114007,0,0,0,0,0,0,0,0,0,0.0514539,0.0520504,0.0493776,0.0501046,0.0513128,0.050435,0.113798,0.114103,0.112762,0.1,0.113117,0.113726,0.113288,0,0,0,0,0,0,0,0,0,1,1,1,1,1,1,1,1,1,1,1,1,1,0,0,0,0,0,0,0,0,0,1,1,1,1,1,1,1,1,1,1,1,1,1,0,0,0,0,0,0,0,0,0,1,0,0,0,0,0,0,0,0,0,0,0,0,0,0,0,0,0,0,0,0,0,0,13,0,0,0,0,0,0,0,0,0,0,0,0,0,0,0,0,0,0,0,0,0,0,0,0,0,0,0,0,0,0,0,0,0,0,0,0,0,0,0,0,0,0,0,0,0,0,0,0
0.208746,-0.127441,1.06667,0,0,0,0,1.21638e-08,4.40525e-09,1.56916e-08,1304,1286,1287,1303,1305,1320,1321,2879,2880,2896,2897,2898,2913,2914,0,0,0,0,0,0,0,0,0,1286,1287,1303,1305,1320,1321,2879,2880,2896,2897,2898,2913,2914,0,0,0,0,0,0,0,0,0,0.0507813,0.0522089,0.0492044,0.050181,0.051321,0.0495358,0.11376,0.113803,0.11323,0.0998493,0.113224,0.114092,0.113484,0,0,0,0,0,0,0,0,0,0.0508172,0.0526182,0.0501046,0.0508939,0.0520529,0.0497172,0.113472,0.114399,0.113122,0.1,0.113506,0.114102,0.112933,0,0,0,0,0,0,0,0,0,1,1,1,1,1,1,1,1,1,1,1,1,1,0,0,0,0,0,0,0,0,0,1,1,1,1,1,1,1,1,1,1,1,1,1,0,0,0,0,0,0,0,0,0,1,0,0,0,0,0,0,0,0,0,0,0,0,0,0,0,0,0,0,0,0,0,0,13,0,0,0,0,0,0,0,0,0,0,0,0,0,0,0,0,0,0,0,0,0,0,0,0,0,0,0,0,0,0,0,0,0,0,0,0,0,0,0,0,0,0,0,0,0,0,0,0
0.247597,-0.100175,1.05038,0,0,0,0,1.62553e-08,3.22838e-09,2.1726e-08,1305,1287,1288,1304,1306,1321,1322,2880,2881,2897,2898,2899,2914,2915,0,0,0,0,0,0,0,0,0,1287,1288,1304,1306,1321,1322,2880,2881,2897,2898,2899,2914,2915,0,0,0,0,0,0,0,0,0,0.0495115,0.0525912,0.050181,0.0509176,0.0521558,0.0486133,0.11323,0.114081,0.113621,0.0999279,0.113573,0.11443,0.113036,0,0,0,0,0,0,0,0,0,0.0498699,0.0529876,0.0508939,0.0514906,0.0528277,0.0490503,0.112999,0.114591,0.113515,0.1,0.113806,0.114498,0.112607,0,0,0,0,0,0,0,0,0,1,1,1,1,1,1,1,1,1,1,1,1,1,0,0,0,0,0,0,0,0,0,1,1,1,1,1,1,1,1,1,1,1,1,1,0,0,0,0,0,0,0,0,0,1,0,0,0,0,0,0,0,0,0,0,0,0,0,0,0,0,0,0,0,0,0,0,13,0,0,0,0,0,0,0,0,0,0,0,0,0,0,0,0,0,0,0,0,0,0,0,0,0,0,0,0,0,0,0,0,0,0,0,0,0,0,0,0,0,0,0,0,0,0,0,0
0.285921,-0.0735061,1.03007,0,0,0,0,2.11477e-08,2.11218e-09,2.81261e-08,1306,1288,1289,1305,1307,1322,1323,2881,2882,2898,2899,2900,2915,2916,0,0,0,0,0,0,0,0,0,1288,1289,1305,1307,1322,1323,2881,2882,2898,2899,2900,2915,2916,0,0,0,0,0,0,0,0,0,0.0481237,0.0529099,0.0509176,0.0511749,0.0529038,0.0479951,0.112617,0.11431,0.113897,0.09998,0.11368,0.114739,0.112713,0,0,0,0,0,0,0,0,0,0.0486722,0.0532689,0.0514906,0.0516387,0.0534835,0.0485771,0.112415,0.114736,0.113814,0.1,0.113884,0.114837,0.112377,0,0,0,0,0,0,0,0,0,1,1,1,1,1,1,1,1,1,1,1,1,1,0,0,0,0,0,0,0,0,0,1,1,1,1,1,1,1,1,1,1,1,1,1,0,0,0,0,0,0,0,0,0,1,0,0,0,0,0,0,0,0,0,0,0,0,0,0,0,0,0,0,0,0,0,0,13,0,0,0,0,0,0,0,0,0,0,0,0,0,0,0,0,0,0,0,0,0,0,0,0,0,0,0,0,0,0,0,0,0,0,0,0,0,0,0,0,0,0,0,0,0,0,0,0
0.323126,-0.0476641,1.00626,0,0,0,0,2.68125e-08,1.04613e-09,3.47731e-08,1307,1289,1290,1306,1308,1323,1324,2882,2883,2899,2900,2901,2916,2917,0,0,0,0,0,0,0,0,0,1289,1290,1306,1308,1323,1324,2882,2883,2899,2900,2901,2916,2917,0,0,0,0,0,0,0,0,0,0.0466863,0.0518204,0.0511749,0.0506485,0.0534805,0.0478237,0.111958,0.113823,0.113941,0.100009,0.113387,0.114979,0.112587,0,0,0,0,0,0,0,0,0,0.047332,0.0521401,0.0516387,0.0510233,0.0539593,0.0484762,0.111777,0.114154,0.113889,0.1,0.113577,0.115084,0.112326,0,0,0,0,0,0,0,0,0,1,1,1,1,1,1,1,1,1,1,1,1,1,0,0,0,0,0,0,0,0,0,1,1,1,1,1,1,1,1,1,1,1,1,1,0,0,0,0,0,0,0,0,0,1,0,0,0,0,0,0,0,0,0,0,0,0,0,0,0,0,0,0,0,0,0,0,13,0,0,0,0,0,0,0,0,0,0,0,0,0,0,0,0,0,0,0,0,0,0,0,0,0,0,0,0,0,0,0,0,0,0,0,0,0,0,0,0,0,0,0,0,0,0,0,0
0.358348,-0.0226174,0.979853,0,0,0,0,3.31635e-08,1.75831e-11,4.14284e-08,1308,1290,1291,1307,1309,1324,1325,2883,2884,2900,2901,2902,2917,2918,0,0,0,0,0,0,0,0,0,1290,1291,1307,1309,1324,1325,2883,2884,2900,2901,2902,2917,2918,0,0,0,0,0,0,0,0,0,0.0457925,0.0502454,0.0506485,0.0500546,0.0533411,0.04801,0.111541,0.113083,0.113599,0.100025,0.113067,0.11487,0.112629,0,0,0,0,0,0,0,0,0,0.0464767,0.0505186,0.0510233,0.0503549,0.053725,0.0486837,0.111377,0.113336,0.113579,0.1,0.113247,0.114961,0.112424,0,0,0,0,0,0,0,0,0,1,1,1,1,1,1,1,1,1,1,1,1,1,0,0,0,0,0,0,0,0,0,1,1,1,1,1,1,1,1,1,1,1,1,1,0,0,0,0,0,0,0,0,0,1,0,0,0,0,0,0,0,0,0,0,0,0,0,0,0,0,0,0,0,0,0,0,13,0,0,0,0,0,0,0,0,0,0,0,0,0,0,0,0,0,0,0,0,0,0,0,0,0,0,0,0,0,0,0,0,0,0,0,0,0,0,0,0,0,0,0,0,0,0,0,0
0.391231,0.00227686,0.951491,0,0,0,0,4.01061e-08,-9.98237e-10,4.79299e-08,1309,1291,1292,1308,1310,1325,1326,2884,2885,2901,2902,2903,2918,2919,0,0,0,0,0,0,0,0,0,1291,1292,1308,1310,1325,1326,2884,2885,2901,2902,2903,2918,2919,0,0,0,0,0,0,0,0,0,0.0454003,0.0494673,0.0500546,0.0500624,0.0521209,0.0479417,0.111346,0.112738,0.113237,0.100031,0.113046,0.11422,0.112543,0,0,0,0,0,0,0,0,0,0.0460861,0.0496875,0.0503549,0.0502903,0.0524252,0.0486098,0.111196,0.112923,0.113247,0.1,0.113218,0.114289,0.112387,0,0,0,0,0,0,0,0,0,1,1,1,1,1,1,1,1,1,1,1,1,1,0,0,0,0,0,0,0,0,0,1,1,1,1,1,1,1,1,1,1,1,1,1,0,0,0,0,0,0,0,0,0,1,0,0,0,0,0,0,0,0,0,0,0,0,0,0,0,0,0,0,0,0,0,0,13,0,0,0,0,0,0,0,0,0,0,0,0,0,0,0,0,0,0,0,0,0,0,0,0,0,0,0,0,0,0,0,0,0,0,0,0,0,0,0,0,0,0,0,0,0,0,0,0
0.422352,0.026795,0.920887,0,0,0,0,4.77033e-08,-2.03877e-09,5.43139e-08,1310,1292,1293,1309,1311,1326,1327,2885,2886,2902,2903,2904,2919,2920,0,0,0,0,0,0,0,0,0,1292,1293,1309,1311,1326,1327,2885,2886,2902,2903,2904,2919,2920,0,0,0,0,0,0,0,0,0,0.0450304,0.0486274,0.0500624,0.0505781,0.0508078,0.0478797,0.11115,0.112359,0.11318,0.100032,0.113278,0.113548,0.112464,0,0,0,0,0,0,0,0,0,0.0456988,0.0487986,0.0502903,0.0507373,0.051045,0.0485251,0.111018,0.112488,0.113215,0.1,0.113441,0.11359,0.112344,0,0,0,0,0,0,0,0,0,1,1,1,1,1,1,1,1,1,1,1,1,1,0,0,0,0,0,0,0,0,0,1,1,1,1,1,1,1,1,1,1,1,1,1,0,0,0,0,0,0,0,0,0,1,0,0,0,0,0,0,0,0,0,0,0,0,0,0,0,0,0,0,0,0,0,0,13,0,0,0,0,0,0,0,0,0,0,0,0,0,0,0,0,0,0,0,0,0,0,0,0,0,0,0,0,0,0,0,0,0,0,0,0,0,0,0,0,0,0,0,0,0,0,0,0
0.451725,0.0516485,0.888059,0,0,0,0,5.59561e-08,-3.15183e-09,6.04759e-08,1311,1293,1294,1310,1312,1327,1328,2886,2887,2903,2904,2905,2920,2921,0,0,0,0,0,0,0,0,0,1293,1294,1310,1312,1327,1328,2886,2887,2903,2904,2905,2920,2921,0,0,0,0,0,0,0,0,0,0.0454352,0.0481862,0.0505781,0.0511836,0.049239,0.0469698,0.111307,0.112166,0.113384,0.10003,0.11356,0.112767,0.111982,0,0,0,0,0,0,0,0,0,0.0460731,0.0483096,0.0507373,0.0512806,0.0494167,0.0475857,0.11119,0.112251,0.113438,0.1,0.113715,0.112784,0.111894,0,0,0,0,0,0,0,0,0,1,1,1,1,1,1,1,1,1,1,1,1,1,0,0,0,0,0,0,0,0,0,1,1,1,1,1,1,1,1,1,1,1,1,1,0,0,0,0,0,0,0,0,0,1,0,0,0,0,0,0,0,0,0,0,0,0,0,0,0,0,0,0,0,0,0,0,13,0,0,0,0,0,0,0,0,0,0,0,0,0,0,0,0,0,0,0,0,0,0,0,0,0,0,0,0,0,0,0,0,0,0,0,0,0,0,0,0,0,0,0,0,0,0,0,0
0.479561,0.076199,0.852814,0,0,0,0,6.49151e-08,-4.39582e-09,6.6419e-08,1312,1294,1295,1311,1313,1328,1329,2887,2888,2904,2905,2906,2921,2922,0,0,0,0,0,0,0,0,0,1294,1295,1311,1313,1328,1329,2887,2888,2904,2905,2906,2921,2922,0,0,0,0,0,0,0,0,0,0.0454894,0.0482548,0.0511836,0.0511219,0.0480595,0.0455861,0.111296,0.112216,0.113646,0.100027,0.113518,0.112191,0.11129,0,0,0,0,0,0,0,0,0,0.0460897,0.0483396,0.0512806,0.0511687,0.0481842,0.0461651,0.111197,0.112265,0.11371,0.1,0.113661,0.112188,0.111228,0,0,0,0,0,0,0,0,0,1,1,1,1,1,1,1,1,1,1,1,1,1,0,0,0,0,0,0,0,0,0,1,1,1,1,1,1,1,1,1,1,1,1,1,0,0,0,0,0,0,0,0,0,1,0,0,0,0,0,0,0,0,0,0,0,0,0,0,0,0,0,0,0,0,0,0,13,0,0,0,0,0,0,0,0,0,0,0,0,0,0,0,0,0,0,0,0,0,0,0,0,0,0,0,0,0,0,0,0,0,0,0,0,0,0,0,0,0,0,0,0,0,0,0,0
0.505549,0.099755,0.815623,0,0,0,0,7.44587e-08,-5.82178e-09,7.20409e-08,1313,1295,1296,1312,1314,1329,1330,2888,2889,2905,2906,2907,2922,2923,0,0,0,0,0,0,0,0,0,1295,1296,1312,1314,1329,1330,2888,2889,2905,2906,2907,2922,2923,0,0,0,0,0,0,0,0,0,0.0444436,0.0480601,0.0511219,0.0506159,0.0472431,0.0442286,0.110783,0.112136,0.113587,0.100023,0.113258,0.111799,0.110632,0,0,0,0,0,0,0,0,0,0.0450041,0.0481165,0.0511687,0.050618,0.0473303,0.0447703,0.1107,0.112157,0.113654,0.1,0.113387,0.111781,0.110591,0,0,0,0,0,0,0,0,0,1,1,1,1,1,1,1,1,1,1,1,1,1,0,0,0,0,0,0,0,0,0,1,1,1,1,1,1,1,1,1,1,1,1,1,0,0,0,0,0,0,0,0,0,1,0,0,0,0,0,0,0,0,0,0,0,0,0,0,0,0,0,0,0,0,0,0,13,0,0,0,0,0,0,0,0,0,0,0,0,0,0,0,0,0,0,0,0,0,0,0,0,0,0,0,0,0,0,0,0,0,0,0,0,0,0,0,0,0,0,0,0,0,0,0,0
0.529407,0.122144,0.777004,0,0,0,0,8.44551e-08,-7.48044e-09,7.71974e-08,1314,1296,1297,1313,1315,1330,1331,2889,2890,2906,2907,2908,2923,2924,0,0,0,0,0,0,0,0,0,1296,1297,1313,1315,1330,1331,2889,2890,2906,2907,2908,2923,2924,0,0,0,0,0,0,0,0,0,0.0435197,0.0475939,0.0506159,0.0498421,0.0465907,0.043017,0.110333,0.111924,0.113312,0.100019,0.112873,0.111491,0.110062,0,0,0,0,0,0,0,0,0,0.0440423,0.0476322,0.050618,0.0498064,0.0466516,0.0435256,0.110267,0.111925,0.11338,0.1,0.112987,0.111462,0.110036,0,0,0,0,0,0,0,0,0,1,1,1,1,1,1,1,1,1,1,1,1,1,0,0,0,0,0,0,0,0,0,1,1,1,1,1,1,1,1,1,1,1,1,1,0,0,0,0,0,0,0,0,0,1,0,0,0,0,0,0,0,0,0,0,0,0,0,0,0,0,0,0,0,0,0,0,13,0,0,0,0,0,0,0,0,0,0,0,0,0,0,0,0,0,0,0,0,0,0,0,0,0,0,0,0,0,0,0,0,0,0,0,0,0,0,0,0,0,0,0,0,0,0,0,0
0.550979,0.143353,0.737392,0,0,0,0,9.47855e-08,-9.42725e-09,8.17838e-08,1315,1297,1298,1314,1316,1331,1332,2890,2891,2907,2908,2909,2924,2925,0,0,0,0,0,0,0,0,0,1297,1298,1314,1316,1331,1332,2890,2891,2907,2908,2909,2924,2925,0,0,0,0,0,0,0,0,0,0.0426733,0.0469325,0.0498421,0.0489781,0.0460213,0.0421194,0.109928,0.111622,0.112912,0.100015,0.112455,0.111225,0.109646,0,0,0,0,0,0,0,0,0,0.0431631,0.0469635,0.0498064,0.0489112,0.0460653,0.0426007,0.109879,0.111609,0.112979,0.1,0.112552,0.11119,0.109631,0,0,0,0,0,0,0,0,0,1,1,1,1,1,1,1,1,1,1,1,1,1,0,0,0,0,0,0,0,0,0,1,1,1,1,1,1,1,1,1,1,1,1,1,0,0,0,0,0,0,0,0,0,1,0,0,0,0,0,0,0,0,0,0,0,0,0,0,0,0,0,0,0,0,0,0,13,0,0,0,0,0,0,0,0,0,0,0,0,0,0,0,0,0,0,0,0,0,0,0,0,0,0,0,0,0,0,0,0,0,0,0,0,0,0,0,0,0,0,0,0,0,0,0,0
0.570218,0.163466,0.697091,0,0,0,0,1.05364e-07,-1.17142e-08,8.57333e-08,1316,1298,1299,1315,1317,1332,1333,2891,2892,2908,2909,2910,2925,2926,0,0,0,0,0,0,0,0,0,1298,1299,1315,1317,1332,1333,2891,2892,2908,2909,2910,2925,2926,0,0,0,0,0,0,0,0,0,0.0419583,0.0461371,0.0489781,0.0482657,0.0455793,0.0419017,0.10959,0.111264,0.112479,0.100012,0.112119,0.111014,0.109534,0,0,0,0,0,0,0,0,0,0.0424213,0.0461726,0.0489112,0.0481714,0.0456145,0.0423642,0.109556,0.111239,0.112543,0.1,0.112196,0.110982,0.109528,0,0,0,0,0,0,0,0,0,1,1,1,1,1,1,1,1,1,1,1,1,1,0,0,0,0,0,0,0,0,0,1,1,1,1,1,1,1,1,1,1,1,1,1,0,0,0,0,0,0,0,0,0,1,0,0,0,0,0,0,0,0,0,0,0,0,0,0,0,0,0,0,0,0,0,0,13,0,0,0,0,0,0,0,0,0,0,0,0,0,0,0,0,0,0,0,0,0,0,0,0,0,0,0,0,0,0,0,0,0,0,0,0,0,0,0,0,0,0,0,0,0,0,0,0
0.587208,0.182607,0.656169,0,0,0,0,1.16186e-07,-1.43933e-08,8.90217e-08,1317,87,88,1299,1300,1316,1333,1680,1681,2892,2893,2909,2910,2926,0,0,0,0,0,0,0,0,0,87,88,1299,1300,1316,1333,1680,1681,2892,2893,2909,2910,2926,0,0,0,0,0,0,0,0,0,0.0422525,0.0478302,0.0414585,0.0451864,0.0482657,0.0452554,0.109671,0.111921,0.109353,0.110846,0.112123,0.10001,0.110864,0,0,0,0,0,0,0,0,0,0.0426996,0.0477101,0.0419002,0.0452414,0.0481714,0.0453041,0.109672,0.111977,0.109331,0.110811,0.112187,0.1,0.110839,0,0,0,0,0,0,0,0,0,1,1,1,1,1,1,1,1,1,1,1,1,1,0,0,0,0,0,0,0,0,0,1,1,1,1,1,1,1,1,1,1,1,1,1,0,0,0,0,0,0,0,0,0,1,0,0,0,0,0,0,0,0,0,0,0,0,0,0,0,0,0,0,0,0,0,0,13,0,0,0,0,0,0,0,0,0,0,0,0,0,0,0,0,0,0,0,0,0,0,0,0,0,0,0,0,0,0,0,0,0,0,0,0,0,0,0,0,0,0,0,0,0,0,0,0
0.0919722,-0.161638,1.10816,0,0,0,0,3.98339e-09,5.54011e-09,4.08147e-09,1318,54,55,1301,1302,1319,1334,1647,1648,2894,2895,2911,2912,2927,0,0,0,0,0,0,0,0,0,54,55,1301,1302,1319,1334,1647,1648,2894,2895,2911,2912,2927,0,0,0,0,0,0,0,0,0,0.0441212,0.0447201,0.0535248,0.0500003,0.0481705,0.050814,0.112266,0.112606,0.114516,0.112289,0.0991234,0.111971,0.113657,0,0,0,0,0,0,0,0,0,0.0463584,0.0471367,0.0517041,0.0511035,0.0497242,0.0491191,0.111527,0.111908,0.113934,0.113614,0.1,0.112936,0.112644,0,0,0,0,0,0,0,0,0,1,1,1,1,1,1,1,1,1,1,1,1,1,0,0,0,0,0,0,0,0,0,1,1,1,1,1,1,1,1,1,1,1,1,1,0,0,0,0,0,0,0,0,0,1,0,0,0,0,0,0,0,0,0,0,0,0,0,0,0,0,0,0,0,0,0,0,13,0,0,0,0,0,0,0,0,0,0,0,0,0,0,0,0,0,0,0,0,0,0,0,0,0,0,0,0,0,0,0,0,0,0,0,0,0,0,0,0,0,0,0,0,0,0,0,0
0.130802,-0.133741,1.1023,0,0,0,0,6.04978e-09,4.37982e-09,8.24313e-09,1319,1302,1303,1318,1320,1334,1335,2895,2896,2911,2912,2913,2927,2928,0,0,0,0,0,0,0,0,0,1302,1303,1318,1320,1334,1335,2895,2896,2911,2912,2913,2927,2928,0,0,0,0,0,0,0,0,0,0.0520416,0.0504533,0.0481705,0.04855,0.0500389,0.0501941,0.114296,0.112797,0.113036,0.0996937,0.112365,0.113808,0.113821,0,0,0,0,0,0,0,0,0,0.0511136,0.0513128,0.0497242,0.049825,0.0514408,0.0494515,0.113631,0.113726,0.11293,0.1,0.112982,0.113791,0.112804,0,0,0,0,0,0,0,0,0,1,1,1,1,1,1,1,1,1,1,1,1,1,0,0,0,0,0,0,0,0,0,1,1,1,1,1,1,1,1,1,1,1,1,1,0,0,0,0,0,0,0,0,0,1,0,0,0,0,0,0,0,0,0,0,0,0,0,0,0,0,0,0,0,0,0,0,13,0,0,0,0,0,0,0,0,0,0,0,0,0,0,0,0,0,0,0,0,0,0,0,0,0,0,0,0,0,0,0,0,0,0,0,0,0,0,0,0,0,0,0,0,0,0,0,0
0.169475,-0.10625,1.09202,0,0,0,0,8.69402e-09,3.32039e-09,1.27365e-08,1320,1303,1304,1319,1321,1335,1336,2896,2897,2912,2913,2914,2928,2929,0,0,0,0,0,0,0,0,0,1303,1304,1319,1321,1335,1336,2896,2897,2912,2913,2914,2928,2929,0,0,0,0,0,0,0,0,0,0.0506983,0.051321,0.04855,0.0495715,0.0500055,0.0496401,0.113725,0.113323,0.113153,0.0997667,0.112866,0.113726,0.113551,0,0,0,0,0,0,0,0,0,0.050435,0.0520529,0.049825,0.0505402,0.0511934,0.0495292,0.113284,0.114108,0.112984,0.1,0.113331,0.113667,0.112842,0,0,0,0,0,0,0,0,0,1,1,1,1,1,1,1,1,1,1,1,1,1,0,0,0,0,0,0,0,0,0,1,1,1,1,1,1,1,1,1,1,1,1,1,0,0,0,0,0,0,0,0,0,1,0,0,0,0,0,0,0,0,0,0,0,0,0,0,0,0,0,0,0,0,0,0,13,0,0,0,0,0,0,0,0,0,0,0,0,0,0,0,0,0,0,0,0,0,0,0,0,0,0,0,0,0,0,0,0,0,0,0,0,0,0,0,0,0,0,0,0,0,0,0,0
0.208195,-0.0790505,1.07724,0,0,0,0,1.1997e-08,2.31025e-09,1.76699e-08,1321,1304,1305,1320,1322,1336,1337,2897,2898,2913,2914,2915,2929,2930,0,0,0,0,0,0,0,0,0,1304,1305,1320,1322,1336,1337,2897,2898,2913,2914,2915,2929,2930,0,0,0,0,0,0,0,0,0,0.0495358,0.0521558,0.0495715,0.0505098,0.0514127,0.0493376,0.113287,0.113852,0.113476,0.0998874,0.113338,0.114247,0.113426,0,0,0,0,0,0,0,0,0,0.0497172,0.0528277,0.0505402,0.051281,0.05246,0.0495781,0.112925,0.114508,0.11334,0.1,0.113701,0.114309,0.112865,0,0,0,0,0,0,0,0,0,1,1,1,1,1,1,1,1,1,1,1,1,1,0,0,0,0,0,0,0,0,0,1,1,1,1,1,1,1,1,1,1,1,1,1,0,0,0,0,0,0,0,0,0,1,0,0,0,0,0,0,0,0,0,0,0,0,0,0,0,0,0,0,0,0,0,0,13,0,0,0,0,0,0,0,0,0,0,0,0,0,0,0,0,0,0,0,0,0,0,0,0,0,0,0,0,0,0,0,0,0,0,0,0,0,0,0,0,0,0,0,0,0,0,0,0
0.246623,-0.0522351,1.05839,0,0,0,0,1.60174e-08,1.31314e-09,2.30188e-08,1322,1305,1306,1321,1323,1337,1338,2898,2899,2914,2915,2916,2930,2931,0,0,0,0,0,0,0,0,0,1305,1306,1321,1323,1337,1338,2898,2899,2914,2915,2916,2930,2931,0,0,0,0,0,0,0,0,0,0.0486133,0.0529038,0.0505098,0.0511744,0.0523785,0.0491674,0.112912,0.11431,0.113809,0.0999509,0.113655,0.114612,0.113318,0,0,0,0,0,0,0,0,0,0.0490503,0.0534835,0.051281,0.051787,0.0532496,0.0496174,0.112599,0.114846,0.11371,0.1,0.11396,0.114715,0.112882,0,0,0,0,0,0,0,0,0,1,1,1,1,1,1,1,1,1,1,1,1,1,0,0,0,0,0,0,0,0,0,1,1,1,1,1,1,1,1,1,1,1,1,1,0,0,0,0,0,0,0,0,0,1,0,0,0,0,0,0,0,0,0,0,0,0,0,0,0,0,0,0,0,0,0,0,13,0,0,0,0,0,0,0,0,0,0,0,0,0,0,0,0,0,0,0,0,0,0,0,0,0,0,0,0,0,0,0,0,0,0,0,0,0,0,0,0,0,0,0,0,0,0,0,0
0.284276,-0.0258913,1.03587,0,0,0,0,2.07785e-08,3.17267e-10,2.87045e-08,1323,1306,1307,1322,1324,1338,1339,2899,2900,2915,2916,2917,2931,2932,0,0,0,0,0,0,0,0,0,1306,1307,1322,1324,1338,1339,2899,2900,2915,2916,2917,2931,2932,0,0,0,0,0,0,0,0,0,0.0479951,0.0534805,0.0511744,0.0515198,0.0528802,0.049093,0.112649,0.114673,0.114017,0.0999906,0.113802,0.114774,0.113236,0,0,0,0,0,0,0,0,0,0.0485771,0.0539593,0.051787,0.0520016,0.05358,0.0496582,0.112371,0.115091,0.113965,0.1,0.114072,0.114886,0.1129,0,0,0,0,0,0,0,0,0,1,1,1,1,1,1,1,1,1,1,1,1,1,0,0,0,0,0,0,0,0,0,1,1,1,1,1,1,1,1,1,1,1,1,1,0,0,0,0,0,0,0,0,0,1,0,0,0,0,0,0,0,0,0,0,0,0,0,0,0,0,0,0,0,0,0,0,13,0,0,0,0,0,0,0,0,0,0,0,0,0,0,0,0,0,0,0,0,0,0,0,0,0,0,0,0,0,0,0,0,0,0,0,0,0,0,0,0,0,0,0,0,0,0,0,0
0.320689,-6.17749e-05,1.01016,0,0,0,0,2.62758e-08,-6.8511e-10,3.45995e-08,1324,1307,1308,1323,1325,1339,1340,2900,2901,2916,2917,2918,2932,2933,0,0,0,0,0,0,0,0,0,1307,1308,1323,1325,1339,1340,2900,2901,2916,2917,2918,2932,2933,0,0,0,0,0,0,0,0,0,0.0478237,0.0533411,0.0515198,0.0516238,0.05292,0.0490413,0.112572,0.114652,0.114084,0.100013,0.113822,0.114732,0.113155,0,0,0,0,0,0,0,0,0,0.0484762,0.053725,0.0520016,0.0519925,0.0534712,0.0496604,0.112323,0.114965,0.114074,0.1,0.114071,0.114828,0.112899,0,0,0,0,0,0,0,0,0,1,1,1,1,1,1,1,1,1,1,1,1,1,0,0,0,0,0,0,0,0,0,1,1,1,1,1,1,1,1,1,1,1,1,1,0,0,0,0,0,0,0,0,0,1,0,0,0,0,0,0,0,0,0,0,0,0,0,0,0,0,0,0,0,0,0,0,13,0,0,0,0,0,0,0,0,0,0,0,0,0,0,0,0,0,0,0,0,0,0,0,0,0,0,0,0,0,0,0,0,0,0,0,0,0,0,0,0,0,0,0,0,0,0,0,0
0.355513,0.0252737,0.981689,0,0,0,0,3.24928e-08,-1.70557e-09,4.05671e-08,1325,1308,1309,1324,1326,1340,1341,2901,2902,2917,2918,2919,2933,2934,0,0,0,0,0,0,0,0,0,1308,1309,1324,1326,1340,1341,2901,2902,2917,2918,2919,2933,2934,0,0,0,0,0,0,0,0,0,0.04801,0.0521209,0.0516238,0.0516214,0.0524834,0.0488704,0.112641,0.114071,0.114043,0.100025,0.113789,0.114467,0.113014,0,0,0,0,0,0,0,0,0,0.0486837,0.0524252,0.0519925,0.0518893,0.0529072,0.0495072,0.112423,0.114291,0.114069,0.1,0.114021,0.114536,0.112822,0,0,0,0,0,0,0,0,0,1,1,1,1,1,1,1,1,1,1,1,1,1,0,0,0,0,0,0,0,0,0,1,1,1,1,1,1,1,1,1,1,1,1,1,0,0,0,0,0,0,0,0,0,1,0,0,0,0,0,0,0,0,0,0,0,0,0,0,0,0,0,0,0,0,0,0,13,0,0,0,0,0,0,0,0,0,0,0,0,0,0,0,0,0,0,0,0,0,0,0,0,0,0,0,0,0,0,0,0,0,0,0,0,0,0,0,0,0,0,0,0,0,0,0,0
0.388563,0.0501393,0.9508,0,0,0,0,3.94066e-08,-2.77222e-09,4.64959e-08,1326,1309,1310,1325,1327,1341,1342,2902,2903,2918,2919,2920,2934,2935,0,0,0,0,0,0,0,0,0,1309,1310,1325,1327,1341,1342,2902,2903,2918,2919,2920,2934,2935,0,0,0,0,0,0,0,0,0,0.0479417,0.0508078,0.0516214,0.0515765,0.0516081,0.048451,0.112576,0.113447,0.113963,0.100028,0.11374,0.113994,0.112754,0,0,0,0,0,0,0,0,0,0.0486098,0.051045,0.0518893,0.0517568,0.0519243,0.0490846,0.112387,0.11359,0.114017,0.1,0.113956,0.114033,0.112614,0,0,0,0,0,0,0,0,0,1,1,1,1,1,1,1,1,1,1,1,1,1,0,0,0,0,0,0,0,0,0,1,1,1,1,1,1,1,1,1,1,1,1,1,0,0,0,0,0,0,0,0,0,1,0,0,0,0,0,0,0,0,0,0,0,0,0,0,0,0,0,0,0,0,0,0,13,0,0,0,0,0,0,0,0,0,0,0,0,0,0,0,0,0,0,0,0,0,0,0,0,0,0,0,0,0,0,0,0,0,0,0,0,0,0,0,0,0,0,0,0,0,0,0,0
0.419754,0.0744996,0.917727,0,0,0,0,4.69888e-08,-3.92814e-09,5.22935e-08,1327,1310,1311,1326,1328,1342,1343,2903,2904,2919,2920,2921,2935,2936,0,0,0,0,0,0,0,0,0,1310,1311,1326,1328,1342,1343,2903,2904,2919,2920,2921,2935,2936,0,0,0,0,0,0,0,0,0,0.0478797,0.049239,0.0515765,0.0514622,0.050419,0.0477081,0.112501,0.112698,0.113878,0.100028,0.113667,0.113381,0.112344,0,0,0,0,0,0,0,0,0,0.0485251,0.0494167,0.0517568,0.0515665,0.0506477,0.0483241,0.112346,0.112784,0.113951,0.1,0.113862,0.11339,0.112246,0,0,0,0,0,0,0,0,0,1,1,1,1,1,1,1,1,1,1,1,1,1,0,0,0,0,0,0,0,0,0,1,1,1,1,1,1,1,1,1,1,1,1,1,0,0,0,0,0,0,0,0,0,1,0,0,0,0,0,0,0,0,0,0,0,0,0,0,0,0,0,0,0,0,0,0,13,0,0,0,0,0,0,0,0,0,0,0,0,0,0,0,0,0,0,0,0,0,0,0,0,0,0,0,0,0,0,0,0,0,0,0,0,0,0,0,0,0,0,0,0,0,0,0,0
0.449028,0.0982315,0.882681,0,0,0,0,5.51994e-08,-5.22283e-09,5.78869e-08,1328,1311,1312,1327,1329,1343,1344,2904,2905,2920,2921,2922,2936,2937,0,0,0,0,0,0,0,0,0,1311,1312,1327,1329,1343,1344,2904,2905,2920,2921,2922,2936,2937,0,0,0,0,0,0,0,0,0,0.0469698,0.0480595,0.0514622,0.0511759,0.049076,0.0466534,0.112021,0.112144,0.113774,0.100026,0.113517,0.112709,0.111796,0,0,0,0,0,0,0,0,0,0.0475857,0.0481842,0.0515665,0.0512207,0.0492372,0.0472413,0.111898,0.112187,0.113855,0.1,0.113689,0.112695,0.11173,0,0,0,0,0,0,0,0,0,1,1,1,1,1,1,1,1,1,1,1,1,1,0,0,0,0,0,0,0,0,0,1,1,1,1,1,1,1,1,1,1,1,1,1,0,0,0,0,0,0,0,0,0,1,0,0,0,0,0,0,0,0,0,0,0,0,0,0,0,0,0,0,0,0,0,0,13,0,0,0,0,0,0,0,0,0,0,0,0,0,0,0,0,0,0,0,0,0,0,0,0,0,0,0,0,0,0,0,0,0,0,0,0,0,0,0,0,0,0,0,0,0,0,0,0
0.476289,0.121143,0.845927,0,0,0,0,6.39621e-08,-6.70327e-09,6.32032e-08,1329,1312,1313,1328,1330,1344,1345,2905,2906,2921,2922,2923,2937,2938,0,0,0,0,0,0,0,0,0,1312,1313,1328,1330,1344,1345,2905,2906,2921,2922,2923,2937,2938,0,0,0,0,0,0,0,0,0,0.0455861,0.0472431,0.0511759,0.0506618,0.0477101,0.0453546,0.111329,0.111771,0.113597,0.100022,0.113259,0.112043,0.11115,0,0,0,0,0,0,0,0,0,0.0461651,0.0473303,0.0512207,0.0506593,0.0478246,0.0459083,0.111232,0.111781,0.113681,0.1,0.11341,0.112015,0.111109,0,0,0,0,0,0,0,0,0,1,1,1,1,1,1,1,1,1,1,1,1,1,0,0,0,0,0,0,0,0,0,1,1,1,1,1,1,1,1,1,1,1,1,1,0,0,0,0,0,0,0,0,0,1,0,0,0,0,0,0,0,0,0,0,0,0,0,0,0,0,0,0,0,0,0,0,13,0,0,0,0,0,0,0,0,0,0,0,0,0,0,0,0,0,0,0,0,0,0,0,0,0,0,0,0,0,0,0,0,0,0,0,0,0,0,0,0,0,0,0,0,0,0,0,0
0.501407,0.143088,0.807794,0,0,0,0,7.31801e-08,-8.42088e-09,6.8142e-08,1330,1313,1314,1329,1331,1345,1346,2906,2907,2922,2923,2924,2938,2939,0,0,0,0,0,0,0,0,0,1313,1314,1329,1331,1345,1346,2906,2907,2922,2923,2924,2938,2939,0,0,0,0,0,0,0,0,0,0.0442286,0.0465907,0.0506618,0.0499338,0.0463645,0.0438887,0.110669,0.111474,0.113318,0.100018,0.112901,0.111406,0.110451,0,0,0,0,0,0,0,0,0,0.0447703,0.0466516,0.0506593,0.0498944,0.0464493,0.0444079,0.110595,0.111462,0.113401,0.1,0.113032,0.111368,0.110428,0,0,0,0,0,0,0,0,0,1,1,1,1,1,1,1,1,1,1,1,1,1,0,0,0,0,0,0,0,0,0,1,1,1,1,1,1,1,1,1,1,1,1,1,0,0,0,0,0,0,0,0,0,1,0,0,0,0,0,0,0,0,0,0,0,0,0,0,0,0,0,0,0,0,0,0,13,0,0,0,0,0,0,0,0,0,0,0,0,0,0,0,0,0,0,0,0,0,0,0,0,0,0,0,0,0,0,0,0,0,0,0,0,0,0,0,0,0,0,0,0,0,0,0,0
0.524252,0.164024,0.768639,0,0,0,0,8.27447e-08,-1.04307e-08,7.25971e-08,1331,1314,1315,1330,1332,1346,1347,2907,2908,2923,2924,2925,2939,2940,0,0,0,0,0,0,0,0,0,1314,1315,1330,1332,1346,1347,2907,2908,2923,2924,2925,2939,2940,0,0,0,0,0,0,0,0,0,0.043017,0.0460213,0.0499338,0.0491296,0.0450613,0.0423696,0.110093,0.111215,0.112943,0.100014,0.112516,0.110804,0.109757,0,0,0,0,0,0,0,0,0,0.0435256,0.0460653,0.0498944,0.049063,0.0451271,0.04286,0.110039,0.111189,0.113023,0.1,0.112626,0.11076,0.109744,0,0,0,0,0,0,0,0,0,1,1,1,1,1,1,1,1,1,1,1,1,1,0,0,0,0,0,0,0,0,0,1,1,1,1,1,1,1,1,1,1,1,1,1,0,0,0,0,0,0,0,0,0,1,0,0,0,0,0,0,0,0,0,0,0,0,0,0,0,0,0,0,0,0,0,0,13,0,0,0,0,0,0,0,0,0,0,0,0,0,0,0,0,0,0,0,0,0,0,0,0,0,0,0,0,0,0,0,0,0,0,0,0,0,0,0,0,0,0,0,0,0,0,0,0
0.544731,0.1841,0.728747,0,0,0,0,9.25451e-08,-1.2792e-08,7.64656e-08,1332,1315,1316,1331,1333,1347,1348,2908,2909,2924,2925,2926,2940,2941,0,0,0,0,0,0,0,0,0,1315,1316,1331,1333,1347,1348,2908,2909,2924,2925,2926,2940,2941,0,0,0,0,0,0,0,0,0,0.0421194,0.0455793,0.0491296,0.0487483,0.0439346,0.042618,0.109674,0.111019,0.112541,0.100012,0.112337,0.110292,0.109842,0,0,0,0,0,0,0,0,0,0.0426007,0.0456145,0.049063,0.0486521,0.0439901,0.0430874,0.109634,0.110981,0.112617,0.1,0.112428,0.110249,0.109842,0,0,0,0,0,0,0,0,0,1,1,1,1,1,1,1,1,1,1,1,1,1,0,0,0,0,0,0,0,0,0,1,1,1,1,1,1,1,1,1,1,1,1,1,0,0,0,0,0,0,0,0,0,1,0,0,0,0,0,0,0,0,0,0,0,0,0,0,0,0,0,0,0,0,0,0,13,0,0,0,0,0,0,0,0,0,0,0,0,0,0,0,0,0,0,0,0,0,0,0,0,0,0,0,0,0,0,0,0,0,0,0,0,0,0,0,0,0,0,0,0,0,0,0,0
0.562919,0.203712,0.687993,0,0,0,0,1.02598e-07,-1.55856e-08,7.96449e-08,1333,86,87,1316,1317,1332,1348,1679,1680,2909,2910,2925,2926,2941,0,0,0,0,0,0,0,0,0,86,87,1316,1317,1332,1348,1679,1680,2909,2910,2925,2926,2941,0,0,0,0,0,0,0,0,0,0.0430588,0.0494092,0.0419017,0.0452554,0.0487483,0.0426582,0.11002,0.112659,0.109558,0.110886,0.112346,0.10001,0.109732,0,0,0,0,0,0,0,0,0,0.0435136,0.0492782,0.0423642,0.0453041,0.0486521,0.042729,0.110028,0.112733,0.109531,0.110839,0.112418,0.1,0.109694,0,0,0,0,0,0,0,0,0,1,1,1,1,1,1,1,1,1,1,1,1,1,0,0,0,0,0,0,0,0,0,1,1,1,1,1,1,1,1,1,1,1,1,1,0,0,0,0,0,0,0,0,0,1,0,0,0,0,0,0,0,0,0,0,0,0,0,0,0,0,0,0,0,0,0,0,13,0,0,0,0,0,0,0,0,0,0,0,0,0,0,0,0,0,0,0,0,0,0,0,0,0,0,0,0,0,0,0,0,0,0,0,0,0,0,0,0,0,0,0,0,0,0,0,0
0.0901555,-0.113032,1.12287,0,0,0,0,3.87465e-09,3.269e-09,6.75721e-09,1334,55,56,1318,1319,1335,1349,1648,1649,2911,2912,2927,2928,2942,0,0,0,0,0,0,0,0,0,55,56,1318,1319,1335,1349,1648,1649,2911,2912,2927,2928,2942,0,0,0,0,0,0,0,0,0,0.0445795,0.0443172,0.050814,0.0500389,0.0494977,0.0502511,0.112637,0.112653,0.113277,0.112378,0.0991369,0.112584,0.113453,0,0,0,0,0,0,0,0,0,0.047109,0.0471154,0.0491191,0.0514408,0.0512378,0.0486614,0.111895,0.111924,0.112651,0.113784,0.1,0.113687,0.112422,0,0,0,0,0,0,0,0,0,1,1,1,1,1,1,1,1,1,1,1,1,1,0,0,0,0,0,0,0,0,0,1,1,1,1,1,1,1,1,1,1,1,1,1,0,0,0,0,0,0,0,0,0,1,0,0,0,0,0,0,0,0,0,0,0,0,0,0,0,0,0,0,0,0,0,0,13,0,0,0,0,0,0,0,0,0,0,0,0,0,0,0,0,0,0,0,0,0,0,0,0,0,0,0,0,0,0,0,0,0,0,0,0,0,0,0,0,0,0,0,0,0,0,0,0
0.12985,-0.0848884,1.11379,0,0,0,0,5.92726e-09,2.35362e-09,1.03491e-08,1335,1319,1320,1334,1336,1349,1350,2912,2913,2927,2928,2929,2942,2943,0,0,0,0,0,0,0,0,0,1319,1320,1334,1336,1349,1350,2912,2913,2927,2928,2929,2942,2943,0,0,0,0,0,0,0,0,0,0.0501941,0.0500055,0.0494977,0.048731,0.0506262,0.0499887,0.113559,0.112668,0.113787,0.0997408,0.11242,0.114206,0.113807,0,0,0,0,0,0,0,0,0,0.0494515,0.0511934,0.0512378,0.0500974,0.0523246,0.0494219,0.112804,0.11367,0.113683,0.1,0.113113,0.11424,0.11279,0,0,0,0,0,0,0,0,0,1,1,1,1,1,1,1,1,1,1,1,1,1,0,0,0,0,0,0,0,0,0,1,1,1,1,1,1,1,1,1,1,1,1,1,0,0,0,0,0,0,0,0,0,1,0,0,0,0,0,0,0,0,0,0,0,0,0,0,0,0,0,0,0,0,0,0,13,0,0,0,0,0,0,0,0,0,0,0,0,0,0,0,0,0,0,0,0,0,0,0,0,0,0,0,0,0,0,0,0,0,0,0,0,0,0,0,0,0,0,0,0,0,0,0,0
0.167979,-0.0574292,1.10088,0,0,0,0,8.50116e-09,1.47272e-09,1.41629e-08,1336,1320,1321,1335,1337,1350,1351,2913,2914,2928,2929,2930,2943,2944,0,0,0,0,0,0,0,0,0,1320,1321,1335,1337,1350,1351,2913,2914,2928,2929,2930,2943,2944,0,0,0,0,0,0,0,0,0,0.0496401,0.0514127,0.048731,0.050156,0.0504761,0.0502607,0.113371,0.113475,0.113318,0.0998152,0.113119,0.11406,0.113881,0,0,0,0,0,0,0,0,0,0.0495292,0.05246,0.0500974,0.0512184,0.052031,0.0501882,0.112834,0.114319,0.113121,0.1,0.11367,0.114091,0.113166,0,0,0,0,0,0,0,0,0,1,1,1,1,1,1,1,1,1,1,1,1,1,0,0,0,0,0,0,0,0,0,1,1,1,1,1,1,1,1,1,1,1,1,1,0,0,0,0,0,0,0,0,0,1,0,0,0,0,0,0,0,0,0,0,0,0,0,0,0,0,0,0,0,0,0,0,13,0,0,0,0,0,0,0,0,0,0,0,0,0,0,0,0,0,0,0,0,0,0,0,0,0,0,0,0,0,0,0,0,0,0,0,0,0,0,0,0,0,0,0,0,0,0,0,0
0.206341,-0.0301534,1.08356,0,0,0,0,1.17295e-08,5.69168e-10,1.84273e-08,1337,1321,1322,1336,1338,1351,1352,2914,2915,2929,2930,2931,2944,2945,0,0,0,0,0,0,0,0,0,1321,1322,1336,1338,1351,1352,2914,2915,2929,2930,2931,2944,2945,0,0,0,0,0,0,0,0,0,0.0493376,0.0523785,0.050156,0.0512491,0.0515069,0.0501906,0.113327,0.114061,0.113791,0.0999106,0.113658,0.114339,0.113842,0,0,0,0,0,0,0,0,0,0.0495781,0.0532496,0.0512184,0.0520682,0.0527288,0.0504311,0.112857,0.114723,0.113679,0.1,0.114104,0.114447,0.113283,0,0,0,0,0,0,0,0,0,1,1,1,1,1,1,1,1,1,1,1,1,1,0,0,0,0,0,0,0,0,0,1,1,1,1,1,1,1,1,1,1,1,1,1,0,0,0,0,0,0,0,0,0,1,0,0,0,0,0,0,0,0,0,0,0,0,0,0,0,0,0,0,0,0,0,0,13,0,0,0,0,0,0,0,0,0,0,0,0,0,0,0,0,0,0,0,0,0,0,0,0,0,0,0,0,0,0,0,0,0,0,0,0,0,0,0,0,0,0,0,0,0,0,0,0
0.244423,-0.0032696,1.06226,0,0,0,0,1.56624e-08,-3.77224e-10,2.30965e-08,1338,1322,1323,1337,1339,1352,1353,2915,2916,2930,2931,2932,2945,2946,0,0,0,0,0,0,0,0,0,1322,1323,1337,1339,1352,1353,2915,2916,2930,2931,2932,2945,2946,0,0,0,0,0,0,0,0,0,0.0491674,0.0528802,0.0512491,0.0519826,0.0519236,0.0500209,0.113279,0.114388,0.11416,0.0999588,0.113998,0.114422,0.113708,0,0,0,0,0,0,0,0,0,0.0496174,0.05358,0.0520682,0.0526033,0.0528847,0.0504405,0.112877,0.11489,0.114108,0.1,0.114382,0.114526,0.113285,0,0,0,0,0,0,0,0,0,1,1,1,1,1,1,1,1,1,1,1,1,1,0,0,0,0,0,0,0,0,0,1,1,1,1,1,1,1,1,1,1,1,1,1,0,0,0,0,0,0,0,0,0,1,0,0,0,0,0,0,0,0,0,0,0,0,0,0,0,0,0,0,0,0,0,0,13,0,0,0,0,0,0,0,0,0,0,0,0,0,0,0,0,0,0,0,0,0,0,0,0,0,0,0,0,0,0,0,0,0,0,0,0,0,0,0,0,0,0,0,0,0,0,0,0
0.281696,0.0231094,1.03742,0,0,0,0,2.03273e-08,-1.37539e-09,2.80805e-08,1339,1323,1324,1338,1340,1353,1354,2916,2917,2931,2932,2933,2946,2947,0,0,0,0,0,0,0,0,0,1323,1324,1338,1340,1353,1354,2916,2917,2931,2932,2933,2946,2947,0,0,0,0,0,0,0,0,0,0.049093,0.05292,0.0519826,0.0524055,0.0519823,0.0497636,0.113245,0.114465,0.114384,0.0999902,0.114177,0.114353,0.11352,0,0,0,0,0,0,0,0,0,0.0496582,0.0534712,0.0526033,0.0528648,0.0527252,0.050278,0.112898,0.11483,0.114381,0.1,0.11452,0.114443,0.113202,0,0,0,0,0,0,0,0,0,1,1,1,1,1,1,1,1,1,1,1,1,1,0,0,0,0,0,0,0,0,0,1,1,1,1,1,1,1,1,1,1,1,1,1,0,0,0,0,0,0,0,0,0,1,0,0,0,0,0,0,0,0,0,0,0,0,0,0,0,0,0,0,0,0,0,0,13,0,0,0,0,0,0,0,0,0,0,0,0,0,0,0,0,0,0,0,0,0,0,0,0,0,0,0,0,0,0,0,0,0,0,0,0,0,0,0,0,0,0,0,0,0,0,0,0
0.317758,0.0488869,1.00947,0,0,0,0,2.57266e-08,-2.43431e-09,3.32707e-08,1340,1324,1325,1339,1341,1354,1355,2917,2918,2932,2933,2934,2947,2948,0,0,0,0,0,0,0,0,0,1324,1325,1339,1341,1354,1355,2917,2918,2932,2933,2934,2947,2948,0,0,0,0,0,0,0,0,0,0.0490413,0.0524834,0.0524055,0.052579,0.051747,0.0493735,0.113197,0.114286,0.11448,0.100008,0.114231,0.114166,0.113263,0,0,0,0,0,0,0,0,0,0.0496604,0.0529072,0.0528648,0.0529029,0.0523077,0.0499344,0.1129,0.114535,0.114516,0.1,0.114542,0.114229,0.113031,0,0,0,0,0,0,0,0,0,1,1,1,1,1,1,1,1,1,1,1,1,1,0,0,0,0,0,0,0,0,0,1,1,1,1,1,1,1,1,1,1,1,1,1,0,0,0,0,0,0,0,0,0,1,0,0,0,0,0,0,0,0,0,0,0,0,0,0,0,0,0,0,0,0,0,0,13,0,0,0,0,0,0,0,0,0,0,0,0,0,0,0,0,0,0,0,0,0,0,0,0,0,0,0,0,0,0,0,0,0,0,0,0,0,0,0,0,0,0,0,0,0,0,0,0
0.352326,0.0739535,0.978785,0,0,0,0,3.185e-08,-3.57155e-09,3.85618e-08,1341,1325,1326,1340,1342,1355,1356,2918,2919,2933,2934,2935,2948,2949,0,0,0,0,0,0,0,0,0,1325,1326,1340,1342,1355,1356,2918,2919,2933,2934,2935,2948,2949,0,0,0,0,0,0,0,0,0,0.0488704,0.0516081,0.052579,0.0525319,0.0512501,0.0488268,0.113073,0.113874,0.114471,0.100017,0.114181,0.113869,0.112934,0,0,0,0,0,0,0,0,0,0.0495072,0.0519243,0.0529029,0.0527401,0.0516581,0.0494084,0.112825,0.114031,0.114536,0.1,0.11446,0.113898,0.112772,0,0,0,0,0,0,0,0,0,1,1,1,1,1,1,1,1,1,1,1,1,1,0,0,0,0,0,0,0,0,0,1,1,1,1,1,1,1,1,1,1,1,1,1,0,0,0,0,0,0,0,0,0,1,0,0,0,0,0,0,0,0,0,0,0,0,0,0,0,0,0,0,0,0,0,0,13,0,0,0,0,0,0,0,0,0,0,0,0,0,0,0,0,0,0,0,0,0,0,0,0,0,0,0,0,0,0,0,0,0,0,0,0,0,0,0,0,0,0,0,0,0,0,0,0
0.385182,0.0982069,0.945742,0,0,0,0,3.86716e-08,-4.81639e-09,4.38545e-08,1342,1326,1327,1341,1343,1356,1357,2919,2920,2934,2935,2936,2949,2950,0,0,0,0,0,0,0,0,0,1326,1327,1341,1343,1356,1357,2919,2920,2934,2935,2936,2949,2950,0,0,0,0,0,0,0,0,0,0.048451,0.050419,0.0525319,0.0522793,0.050514,0.0481083,0.112821,0.113301,0.114368,0.10002,0.114037,0.113468,0.112531,0,0,0,0,0,0,0,0,0,0.0490846,0.0506477,0.0527401,0.0523899,0.0508008,0.0486942,0.112618,0.113388,0.114453,0.1,0.114282,0.113467,0.112424,0,0,0,0,0,0,0,0,0,1,1,1,1,1,1,1,1,1,1,1,1,1,0,0,0,0,0,0,0,0,0,1,1,1,1,1,1,1,1,1,1,1,1,1,0,0,0,0,0,0,0,0,0,1,0,0,0,0,0,0,0,0,0,0,0,0,0,0,0,0,0,0,0,0,0,0,13,0,0,0,0,0,0,0,0,0,0,0,0,0,0,0,0,0,0,0,0,0,0,0,0,0,0,0,0,0,0,0,0,0,0,0,0,0,0,0,0,0,0,0,0,0,0,0,0
0.416155,0.121548,0.910685,0,0,0,0,4.61476e-08,-6.20591e-09,4.90564e-08,1343,1327,1328,1342,1344,1357,1358,2920,2921,2935,2936,2937,2950,2951,0,0,0,0,0,0,0,0,0,1327,1328,1342,1344,1357,1358,2920,2921,2935,2936,2937,2950,2951,0,0,0,0,0,0,0,0,0,0.0477081,0.049076,0.0522793,0.0518245,0.0495649,0.0472182,0.112408,0.112656,0.11418,0.10002,0.113803,0.112978,0.112057,0,0,0,0,0,0,0,0,0,0.0483241,0.0492372,0.0523899,0.051858,0.0497636,0.0477934,0.112251,0.112692,0.114274,0.1,0.114013,0.112952,0.111992,0,0,0,0,0,0,0,0,0,1,1,1,1,1,1,1,1,1,1,1,1,1,0,0,0,0,0,0,0,0,0,1,1,1,1,1,1,1,1,1,1,1,1,1,0,0,0,0,0,0,0,0,0,1,0,0,0,0,0,0,0,0,0,0,0,0,0,0,0,0,0,0,0,0,0,0,13,0,0,0,0,0,0,0,0,0,0,0,0,0,0,0,0,0,0,0,0,0,0,0,0,0,0,0,0,0,0,0,0,0,0,0,0,0,0,0,0,0,0,0,0,0,0,0,0
0.445093,0.143892,0.873955,0,0,0,0,5.42097e-08,-7.78052e-09,5.40789e-08,1344,1328,1329,1343,1345,1358,1359,2921,2922,2936,2937,2938,2951,2952,0,0,0,0,0,0,0,0,0,1328,1329,1343,1345,1358,1359,2921,2922,2936,2937,2938,2951,2952,0,0,0,0,0,0,0,0,0,0.0466534,0.0477101,0.0518245,0.0511549,0.0484246,0.0461617,0.111853,0.112014,0.113908,0.100018,0.113471,0.112409,0.111519,0,0,0,0,0,0,0,0,0,0.0472413,0.0478246,0.051858,0.0511316,0.048564,0.0467149,0.111735,0.112012,0.114003,0.1,0.113648,0.112368,0.111483,0,0,0,0,0,0,0,0,0,1,1,1,1,1,1,1,1,1,1,1,1,1,0,0,0,0,0,0,0,0,0,1,1,1,1,1,1,1,1,1,1,1,1,1,0,0,0,0,0,0,0,0,0,1,0,0,0,0,0,0,0,0,0,0,0,0,0,0,0,0,0,0,0,0,0,0,13,0,0,0,0,0,0,0,0,0,0,0,0,0,0,0,0,0,0,0,0,0,0,0,0,0,0,0,0,0,0,0,0,0,0,0,0,0,0,0,0,0,0,0,0,0,0,0,0
0.471865,0.165154,0.835902,0,0,0,0,6.27688e-08,-9.5831e-09,5.88306e-08,1345,1329,1330,1344,1346,1359,1360,2922,2923,2937,2938,2939,2952,2953,0,0,0,0,0,0,0,0,0,1329,1330,1344,1346,1359,1360,2922,2923,2937,2938,2939,2952,2953,0,0,0,0,0,0,0,0,0,0.0453546,0.0463645,0.0511549,0.0502588,0.0471104,0.044945,0.111199,0.111393,0.113543,0.100015,0.113035,0.111774,0.110925,0,0,0,0,0,0,0,0,0,0.0459083,0.0464493,0.0511316,0.050196,0.0472139,0.0454695,0.111114,0.111365,0.113638,0.1,0.113182,0.111725,0.110908,0,0,0,0,0,0,0,0,0,1,1,1,1,1,1,1,1,1,1,1,1,1,0,0,0,0,0,0,0,0,0,1,1,1,1,1,1,1,1,1,1,1,1,1,0,0,0,0,0,0,0,0,0,1,0,0,0,0,0,0,0,0,0,0,0,0,0,0,0,0,0,0,0,0,0,0,13,0,0,0,0,0,0,0,0,0,0,0,0,0,0,0,0,0,0,0,0,0,0,0,0,0,0,0,0,0,0,0,0,0,0,0,0,0,0,0,0,0,0,0,0,0,0,0,0
0.496339,0.1853,0.7969,0,0,0,0,7.17135e-08,-1.16606e-08,6.32117e-08,1346,1330,1331,1345,1347,1360,1361,2923,2924,2938,2939,2940,2953,2954,0,0,0,0,0,0,0,0,0,1330,1331,1345,1347,1360,1361,2923,2924,2938,2939,2940,2953,2954,0,0,0,0,0,0,0,0,0,0.0438887,0.0450613,0.0502588,0.0491125,0.0455628,0.043554,0.11049,0.1108,0.11308,0.100012,0.112489,0.111051,0.110272,0,0,0,0,0,0,0,0,0,0.0444079,0.0451271,0.050196,0.0490249,0.0456488,0.0440482,0.110432,0.110758,0.113172,0.1,0.112609,0.110997,0.110267,0,0,0,0,0,0,0,0,0,1,1,1,1,1,1,1,1,1,1,1,1,1,0,0,0,0,0,0,0,0,0,1,1,1,1,1,1,1,1,1,1,1,1,1,0,0,0,0,0,0,0,0,0,1,0,0,0,0,0,0,0,0,0,0,0,0,0,0,0,0,0,0,0,0,0,0,13,0,0,0,0,0,0,0,0,0,0,0,0,0,0,0,0,0,0,0,0,0,0,0,0,0,0,0,0,0,0,0,0,0,0,0,0,0,0,0,0,0,0,0,0,0,0,0,0
0.518336,0.20444,0.75738,0,0,0,0,8.08953e-08,-1.40684e-08,6.70921e-08,1347,1331,1332,1346,1348,1361,1362,2924,2925,2939,2940,2941,2954,2955,0,0,0,0,0,0,0,0,0,1331,1332,1346,1348,1361,1362,2924,2925,2939,2940,2941,2954,2955,0,0,0,0,0,0,0,0,0,0.0423696,0.0439346,0.0491125,0.0499596,0.0435716,0.0436931,0.109785,0.1103,0.112512,0.100011,0.112908,0.110153,0.110316,0,0,0,0,0,0,0,0,0,0.04286,0.0439901,0.0490249,0.0498462,0.0436517,0.0441663,0.109748,0.110247,0.112599,0.1,0.113011,0.110098,0.110319,0,0,0,0,0,0,0,0,0,1,1,1,1,1,1,1,1,1,1,1,1,1,0,0,0,0,0,0,0,0,0,1,1,1,1,1,1,1,1,1,1,1,1,1,0,0,0,0,0,0,0,0,0,1,0,0,0,0,0,0,0,0,0,0,0,0,0,0,0,0,0,0,0,0,0,0,13,0,0,0,0,0,0,0,0,0,0,0,0,0,0,0,0,0,0,0,0,0,0,0,0,0,0,0,0,0,0,0,0,0,0,0,0,0,0,0,0,0,0,0,0,0,0,0,0
0.538204,0.224254,0.716045,0,0,0,0,9.0464e-08,-1.70034e-08,7.02673e-08,1348,85,86,1332,1333,1347,1362,1678,1679,2925,2926,2940,2941,2955,0,0,0,0,0,0,0,0,0,85,86,1332,1333,1347,1362,1678,1679,2925,2926,2940,2941,2955,0,0,0,0,0,0,0,0,0,0.043806,0.0502269,0.042618,0.0426582,0.0499596,0.041998,0.110351,0.113042,0.109872,0.109754,0.112917,0.10001,0.109465,0,0,0,0,0,0,0,0,0,0.0442693,0.0500833,0.0430874,0.042729,0.0498462,0.0420789,0.110364,0.113128,0.109846,0.109692,0.113,0.1,0.109413,0,0,0,0,0,0,0,0,0,1,1,1,1,1,1,1,1,1,1,1,1,1,0,0,0,0,0,0,0,0,0,1,1,1,1,1,1,1,1,1,1,1,1,1,0,0,0,0,0,0,0,0,0,1,0,0,0,0,0,0,0,0,0,0,0,0,0,0,0,0,0,0,0,0,0,0,13,0,0,0,0,0,0,0,0,0,0,0,0,0,0,0,0,0,0,0,0,0,0,0,0,0,0,0,0,0,0,0,0,0,0,0,0,0,0,0,0,0,0,0,0,0,0,0,0
0.0878786,-0.0638007,1.13268,0,0,0,0,3.76227e-09,1.53002e-09,8.30438e-09,1349,56,57,1334,1335,1350,1363,1649,1650,2927,2928,2942,2943,2956,0,0,0,0,0,0,0,0,0,56,57,1334,1335,1350,1363,1649,1650,2927,2928,2942,2943,2956,0,0,0,0,0,0,0,0,0,0.0449131,0.0441272,0.0502511,0.0506262,0.0498474,0.0508429,0.112914,0.112661,0.113153,0.11276,0.0991214,0.112749,0.113798,0,0,0,0,0,0,0,0,0,0.0476958,0.0471578,0.0486614,0.0523246,0.0516851,0.0493596,0.112182,0.111963,0.112428,0.114234,0.1,0.113909,0.11276,0,0,0,0,0,0,0,0,0,1,1,1,1,1,1,1,1,1,1,1,1,1,0,0,0,0,0,0,0,0,0,1,1,1,1,1,1,1,1,1,1,1,1,1,0,0,0,0,0,0,0,0,0,1,0,0,0,0,0,0,0,0,0,0,0,0,0,0,0,0,0,0,0,0,0,0,13,0,0,0,0,0,0,0,0,0,0,0,0,0,0,0,0,0,0,0,0,0,0,0,0,0,0,0,0,0,0,0,0,0,0,0,0,0,0,0,0,0,0,0,0,0,0,0,0
0.127151,-0.0354738,1.12085,0,0,0,0,5.73992e-09,7.29178e-10,1.12206e-08,1350,1335,1336,1349,1351,1363,1364,2928,2929,2942,2943,2944,2956,2957,0,0,0,0,0,0,0,0,0,1335,1336,1349,1351,1363,1364,2928,2929,2942,2943,2944,2956,2957,0,0,0,0,0,0,0,0,0,0.0499887,0.0504761,0.0498474,0.0500306,0.0499729,0.0515145,0.113648,0.113059,0.113978,0.0998208,0.113052,0.113951,0.114592,0,0,0,0,0,0,0,0,0,0.0494219,0.052031,0.0516851,0.0515222,0.0520426,0.0509859,0.112783,0.114099,0.113912,0.1,0.113823,0.114096,0.113562,0,0,0,0,0,0,0,0,0,1,1,1,1,1,1,1,1,1,1,1,1,1,0,0,0,0,0,0,0,0,0,1,1,1,1,1,1,1,1,1,1,1,1,1,0,0,0,0,0,0,0,0,0,1,0,0,0,0,0,0,0,0,0,0,0,0,0,0,0,0,0,0,0,0,0,0,13,0,0,0,0,0,0,0,0,0,0,0,0,0,0,0,0,0,0,0,0,0,0,0,0,0,0,0,0,0,0,0,0,0,0,0,0,0,0,0,0,0,0,0,0,0,0,0,0
0.16548,-0.00741265,1.10515,0,0,0,0,8.26535e-09,-1.1269e-10,1.44111e-08,1351,1336,1337,1350,1352,1364,1365,2929,2930,2943,2944,2945,2957,2958,0,0,0,0,0,0,0,0,0,1336,1337,1350,1352,1364,1365,2929,2930,2943,2944,2945,2957,2958,0,0,0,0,0,0,0,0,0,0.0502607,0.0515069,0.0500306,0.0513216,0.0504078,0.0511712,0.11383,0.113644,0.113961,0.0998293,0.113643,0.114033,0.114314,0,0,0,0,0,0,0,0,0,0.0501882,0.0527288,0.0515222,0.0524178,0.0520353,0.0511107,0.113157,0.114452,0.113833,0.1,0.114286,0.114092,0.113619,0,0,0,0,0,0,0,0,0,1,1,1,1,1,1,1,1,1,1,1,1,1,0,0,0,0,0,0,0,0,0,1,1,1,1,1,1,1,1,1,1,1,1,1,0,0,0,0,0,0,0,0,0,1,0,0,0,0,0,0,0,0,0,0,0,0,0,0,0,0,0,0,0,0,0,0,13,0,0,0,0,0,0,0,0,0,0,0,0,0,0,0,0,0,0,0,0,0,0,0,0,0,0,0,0,0,0,0,0,0,0,0,0,0,0,0,0,0,0,0,0,0,0,0,0
0.203963,0.0199586,1.08505,0,0,0,0,1.14491e-08,-1.03877e-09,1.80328e-08,1352,1337,1338,1351,1353,1365,1366,2930,2931,2944,2945,2946,2958,2959,0,0,0,0,0,0,0,0,0,1337,1338,1351,1353,1365,1366,2930,2931,2944,2945,2946,2958,2959,0,0,0,0,0,0,0,0,0,0.0501906,0.0519236,0.0513216,0.0521968,0.0506921,0.0508155,0.113844,0.11393,0.114325,0.0999124,0.114057,0.113964,0.114098,0,0,0,0,0,0,0,0,0,0.0504311,0.0528847,0.0524178,0.052994,0.0519383,0.0510222,0.113281,0.114526,0.114287,0.1,0.114587,0.114043,0.113572,0,0,0,0,0,0,0,0,0,1,1,1,1,1,1,1,1,1,1,1,1,1,0,0,0,0,0,0,0,0,0,1,1,1,1,1,1,1,1,1,1,1,1,1,0,0,0,0,0,0,0,0,0,1,0,0,0,0,0,0,0,0,0,0,0,0,0,0,0,0,0,0,0,0,0,0,13,0,0,0,0,0,0,0,0,0,0,0,0,0,0,0,0,0,0,0,0,0,0,0,0,0,0,0,0,0,0,0,0,0,0,0,0,0,0,0,0,0,0,0,0,0,0,0,0
0.24192,0.046677,1.06118,0,0,0,0,1.53282e-08,-2.06479e-09,2.20264e-08,1353,1338,1339,1352,1354,1366,1367,2931,2932,2945,2946,2947,2959,2960,0,0,0,0,0,0,0,0,0,1338,1339,1352,1354,1366,1367,2931,2932,2945,2946,2947,2959,2960,0,0,0,0,0,0,0,0,0,0.0500209,0.0519823,0.0521968,0.0527475,0.0507813,0.0504084,0.113753,0.114012,0.114584,0.0999524,0.114298,0.113875,0.113827,0,0,0,0,0,0,0,0,0,0.0504405,0.0527252,0.052994,0.0533127,0.0517411,0.0507592,0.113287,0.11444,0.114583,0.1,0.114755,0.113942,0.11344,0,0,0,0,0,0,0,0,0,1,1,1,1,1,1,1,1,1,1,1,1,1,0,0,0,0,0,0,0,0,0,1,1,1,1,1,1,1,1,1,1,1,1,1,0,0,0,0,0,0,0,0,0,1,0,0,0,0,0,0,0,0,0,0,0,0,0,0,0,0,0,0,0,0,0,0,13,0,0,0,0,0,0,0,0,0,0,0,0,0,0,0,0,0,0,0,0,0,0,0,0,0,0,0,0,0,0,0,0,0,0,0,0,0,0,0,0,0,0,0,0,0,0,0,0
0.278893,0.0726754,1.03399,0,0,0,0,1.99191e-08,-3.19546e-09,2.63165e-08,1354,1339,1340,1353,1355,1367,1368,2932,2933,2946,2947,2948,2960,2961,0,0,0,0,0,0,0,0,0,1339,1340,1353,1355,1367,1368,2932,2933,2946,2947,2948,2960,2961,0,0,0,0,0,0,0,0,0,0.0497636,0.051747,0.0527475,0.0530272,0.0506914,0.0498964,0.113597,0.113935,0.114712,0.0999787,0.114407,0.113726,0.113504,0,0,0,0,0,0,0,0,0,0.050278,0.0523077,0.0533127,0.0534123,0.0514109,0.0503243,0.113206,0.114224,0.114748,0.1,0.114808,0.113774,0.113222,0,0,0,0,0,0,0,0,0,1,1,1,1,1,1,1,1,1,1,1,1,1,0,0,0,0,0,0,0,0,0,1,1,1,1,1,1,1,1,1,1,1,1,1,0,0,0,0,0,0,0,0,0,1,0,0,0,0,0,0,0,0,0,0,0,0,0,0,0,0,0,0,0,0,0,0,13,0,0,0,0,0,0,0,0,0,0,0,0,0,0,0,0,0,0,0,0,0,0,0,0,0,0,0,0,0,0,0,0,0,0,0,0,0,0,0,0,0,0,0,0,0,0,0,0
0.314573,0.0978419,1.0039,0,0,0,0,2.52207e-08,-4.43952e-09,3.08188e-08,1355,1340,1341,1354,1356,1368,1369,2933,2934,2947,2948,2949,2961,2962,0,0,0,0,0,0,0,0,0,1340,1341,1354,1356,1368,1369,2933,2934,2947,2948,2949,2961,2962,0,0,0,0,0,0,0,0,0,0.0493735,0.0512501,0.0530272,0.0530653,0.0504236,0.0492582,0.113359,0.113716,0.114732,0.0999933,0.114402,0.11352,0.113123,0,0,0,0,0,0,0,0,0,0.0499344,0.0516581,0.0534123,0.0533033,0.050938,0.0497351,0.113036,0.113893,0.1148,0.1,0.114753,0.113536,0.112931,0,0,0,0,0,0,0,0,0,1,1,1,1,1,1,1,1,1,1,1,1,1,0,0,0,0,0,0,0,0,0,1,1,1,1,1,1,1,1,1,1,1,1,1,0,0,0,0,0,0,0,0,0,1,0,0,0,0,0,0,0,0,0,0,0,0,0,0,0,0,0,0,0,0,0,0,13,0,0,0,0,0,0,0,0,0,0,0,0,0,0,0,0,0,0,0,0,0,0,0,0,0,0,0,0,0,0,0,0,0,0,0,0,0,0,0,0,0,0,0,0,0,0,0,0
0.34872,0.122067,0.971293,0,0,0,0,3.12191e-08,-5.81415e-09,3.54442e-08,1356,1341,1342,1355,1357,1369,1370,2934,2935,2948,2949,2950,2962,2963,0,0,0,0,0,0,0,0,0,1341,1342,1355,1357,1369,1370,2934,2935,2948,2949,2950,2962,2963,0,0,0,0,0,0,0,0,0,0.0488268,0.050514,0.0530653,0.0528798,0.0499705,0.0484903,0.113036,0.113371,0.114655,0.100001,0.114295,0.113243,0.112692,0,0,0,0,0,0,0,0,0,0.0494084,0.0508008,0.0533033,0.0529944,0.0503208,0.0490014,0.112778,0.113461,0.114743,0.1,0.114595,0.113228,0.112573,0,0,0,0,0,0,0,0,0,1,1,1,1,1,1,1,1,1,1,1,1,1,0,0,0,0,0,0,0,0,0,1,1,1,1,1,1,1,1,1,1,1,1,1,0,0,0,0,0,0,0,0,0,1,0,0,0,0,0,0,0,0,0,0,0,0,0,0,0,0,0,0,0,0,0,0,13,0,0,0,0,0,0,0,0,0,0,0,0,0,0,0,0,0,0,0,0,0,0,0,0,0,0,0,0,0,0,0,0,0,0,0,0,0,0,0,0,0,0,0,0,0,0,0,0
0.381138,0.145253,0.93654,0,0,0,0,3.78875e-08,-7.3447e-09,4.01034e-08,1357,1342,1343,1356,1358,1370,1371,2935,2936,2949,2950,2951,2963,2964,0,0,0,0,0,0,0,0,0,1342,1343,1356,1358,1370,1371,2935,2936,2949,2950,2951,2963,2964,0,0,0,0,0,0,0,0,0,0.0481083,0.0495649,0.0528798,0.052477,0.0493254,0.0476088,0.112629,0.112918,0.114486,0.100005,0.114088,0.112892,0.112222,0,0,0,0,0,0,0,0,0,0.0486942,0.0497636,0.0529944,0.0524946,0.0495624,0.0481352,0.11243,0.112947,0.114584,0.1,0.114339,0.112854,0.112155,0,0,0,0,0,0,0,0,0,1,1,1,1,1,1,1,1,1,1,1,1,1,0,0,0,0,0,0,0,0,0,1,1,1,1,1,1,1,1,1,1,1,1,1,0,0,0,0,0,0,0,0,0,1,0,0,0,0,0,0,0,0,0,0,0,0,0,0,0,0,0,0,0,0,0,0,13,0,0,0,0,0,0,0,0,0,0,0,0,0,0,0,0,0,0,0,0,0,0,0,0,0,0,0,0,0,0,0,0,0,0,0,0,0,0,0,0,0,0,0,0,0,0,0,0
0.411655,0.167319,0.899994,0,0,0,0,4.51813e-08,-9.06164e-09,4.47086e-08,1358,1343,1344,1357,1359,1371,1372,2936,2937,2950,2951,2952,2964,2965,0,0,0,0,0,0,0,0,0,1343,1344,1357,1359,1371,1372,2936,2937,2950,2951,2952,2964,2965,0,0,0,0,0,0,0,0,0,0.0472182,0.0484246,0.052477,0.0518699,0.0485029,0.0466291,0.112143,0.112377,0.114227,0.100007,0.113788,0.11247,0.11172,0,0,0,0,0,0,0,0,0,0.0477934,0.048564,0.0524946,0.0518171,0.0486666,0.0471538,0.111998,0.112364,0.114328,0.1,0.113995,0.112418,0.111689,0,0,0,0,0,0,0,0,0,1,1,1,1,1,1,1,1,1,1,1,1,1,0,0,0,0,0,0,0,0,0,1,1,1,1,1,1,1,1,1,1,1,1,1,0,0,0,0,0,0,0,0,0,1,0,0,0,0,0,0,0,0,0,0,0,0,0,0,0,0,0,0,0,0,0,0,13,0,0,0,0,0,0,0,0,0,0,0,0,0,0,0,0,0,0,0,0,0,0,0,0,0,0,0,0,0,0,0,0,0,0,0,0,0,0,0,0,0,0,0,0,0,0,0,0
0.440128,0.188201,0.861997,0,0,0,0,5.30376e-08,-1.09993e-08,4.91731e-08,1359,1344,1345,1358,1360,1372,1373,2937,2938,2951,2952,2953,2965,2966,0,0,0,0,0,0,0,0,0,1344,1345,1358,1360,1372,1373,2937,2938,2951,2952,2953,2965,2966,0,0,0,0,0,0,0,0,0,0.0461617,0.0471104,0.0518699,0.0510701,0.0475074,0.0455741,0.111591,0.111763,0.113884,0.100007,0.113401,0.11198,0.111198,0,0,0,0,0,0,0,0,0,0.0467149,0.0472139,0.0518171,0.0509702,0.0476271,0.0460854,0.111489,0.11172,0.113983,0.1,0.113569,0.11192,0.111191,0,0,0,0,0,0,0,0,0,1,1,1,1,1,1,1,1,1,1,1,1,1,0,0,0,0,0,0,0,0,0,1,1,1,1,1,1,1,1,1,1,1,1,1,0,0,0,0,0,0,0,0,0,1,0,0,0,0,0,0,0,0,0,0,0,0,0,0,0,0,0,0,0,0,0,0,13,0,0,0,0,0,0,0,0,0,0,0,0,0,0,0,0,0,0,0,0,0,0,0,0,0,0,0,0,0,0,0,0,0,0,0,0,0,0,0,0,0,0,0,0,0,0,0,0
0.466452,0.20783,0.822883,0,0,0,0,6.13813e-08,-1.31933e-08,5.34187e-08,1360,1345,1346,1359,1361,1373,1374,2938,2939,2952,2953,2954,2966,2967,0,0,0,0,0,0,0,0,0,1345,1346,1359,1361,1373,1374,2938,2939,2952,2953,2954,2966,2967,0,0,0,0,0,0,0,0,0,0.044945,0.0455628,0.0510701,0.050098,0.0463385,0.0445038,0.110979,0.111054,0.113461,0.100007,0.112939,0.111423,0.110686,0,0,0,0,0,0,0,0,0,0.0454695,0.0456488,0.0509702,0.0499698,0.0464365,0.0449954,0.110913,0.110993,0.113558,0.1,0.113072,0.11136,0.110692,0,0,0,0,0,0,0,0,0,1,1,1,1,1,1,1,1,1,1,1,1,1,0,0,0,0,0,0,0,0,0,1,1,1,1,1,1,1,1,1,1,1,1,1,0,0,0,0,0,0,0,0,0,1,0,0,0,0,0,0,0,0,0,0,0,0,0,0,0,0,0,0,0,0,0,0,13,0,0,0,0,0,0,0,0,0,0,0,0,0,0,0,0,0,0,0,0,0,0,0,0,0,0,0,0,0,0,0,0,0,0,0,0,0,0,0,0,0,0,0,0,0,0,0,0
0.490557,0.22616,0.782974,0,0,0,0,7.01297e-08,-1.56851e-08,5.73757e-08,1361,1346,1347,1360,1362,1374,1375,2939,2940,2953,2954,2955,2967,2968,0,0,0,0,0,0,0,0,0,1346,1347,1360,1362,1374,1375,2939,2940,2953,2954,2955,2967,2968,0,0,0,0,0,0,0,0,0,0.043554,0.0435716,0.050098,0.0500869,0.0449166,0.0436689,0.110309,0.110164,0.112967,0.100007,0.11295,0.110769,0.110301,0,0,0,0,0,0,0,0,0,0.0440482,0.0436517,0.0499698,0.0499401,0.0450127,0.0441429,0.110272,0.110095,0.113061,0.1,0.113058,0.110706,0.110309,0,0,0,0,0,0,0,0,0,1,1,1,1,1,1,1,1,1,1,1,1,1,0,0,0,0,0,0,0,0,0,1,1,1,1,1,1,1,1,1,1,1,1,1,0,0,0,0,0,0,0,0,0,1,0,0,0,0,0,0,0,0,0,0,0,0,0,0,0,0,0,0,0,0,0,0,13,0,0,0,0,0,0,0,0,0,0,0,0,0,0,0,0,0,0,0,0,0,0,0,0,0,0,0,0,0,0,0,0,0,0,0,0,0,0,0,0,0,0,0,0,0,0,0,0
0.512179,0.244801,0.741819,0,0,0,0,7.91911e-08,-1.86773e-08,6.06645e-08,1362,84,85,1347,1348,1361,1375,1677,1678,2940,2941,2954,2955,2968,0,0,0,0,0,0,0,0,0,84,85,1347,1348,1361,1375,1677,1678,2940,2941,2954,2955,2968,0,0,0,0,0,0,0,0,0,0.0443599,0.0507439,0.0436931,0.041998,0.0500869,0.0423922,0.110601,0.113281,0.11034,0.109484,0.112958,0.100008,0.10965,0,0,0,0,0,0,0,0,0,0.0448273,0.0505769,0.0441663,0.0420789,0.0499401,0.0424804,0.110615,0.113374,0.110323,0.109411,0.113047,0.1,0.109586,0,0,0,0,0,0,0,0,0,1,1,1,1,1,1,1,1,1,1,1,1,1,0,0,0,0,0,0,0,0,0,1,1,1,1,1,1,1,1,1,1,1,1,1,0,0,0,0,0,0,0,0,0,1,0,0,0,0,0,0,0,0,0,0,0,0,0,0,0,0,0,0,0,0,0,0,13,0,0,0,0,0,0,0,0,0,0,0,0,0,0,0,0,0,0,0,0,0,0,0,0,0,0,0,0,0,0,0,0,0,0,0,0,0,0,0,0,0,0,0,0,0,0,0,0
0.0855361,-0.0132213,1.13729,0,0,0,0,3.65091e-09,1.00983e-10,8.74982e-09,1363,57,58,1349,1350,1364,1376,1650,1651,2942,2943,2956,2957,2969,0,0,0,0,0,0,0,0,0,57,58,1349,1350,1364,1376,1650,1651,2942,2943,2956,2957,2969,0,0,0,0,0,0,0,0,0,0.0454598,0.0437385,0.0508429,0.0499729,0.0507253,0.0536608,0.1132,0.112559,0.113602,0.112605,0.099151,0.113151,0.11522,0,0,0,0,0,0,0,0,0,0.0483869,0.0470611,0.0493596,0.0520426,0.0526227,0.0521798,0.112513,0.11194,0.11276,0.114102,0.1,0.114383,0.114164,0,0,0,0,0,0,0,0,0,1,1,1,1,1,1,1,1,1,1,1,1,1,0,0,0,0,0,0,0,0,0,1,1,1,1,1,1,1,1,1,1,1,1,1,0,0,0,0,0,0,0,0,0,1,0,0,0,0,0,0,0,0,0,0,0,0,0,0,0,0,0,0,0,0,0,0,13,0,0,0,0,0,0,0,0,0,0,0,0,0,0,0,0,0,0,0,0,0,0,0,0,0,0,0,0,0,0,0,0,0,0,0,0,0,0,0,0,0,0,0,0,0,0,0,0
0.124395,0.0159338,1.12269,0,0,0,0,5.58534e-09,-7.23791e-10,1.09732e-08,1364,1350,1351,1363,1365,1376,1377,2943,2944,2956,2957,2958,2969,2970,0,0,0,0,0,0,0,0,0,1350,1351,1363,1365,1376,1377,2943,2944,2956,2957,2958,2969,2970,0,0,0,0,0,0,0,0,0,0.0515145,0.0504078,0.0507253,0.0513828,0.0493546,0.0522851,0.114571,0.113159,0.114359,0.0998161,0.113653,0.113579,0.114925,0,0,0,0,0,0,0,0,0,0.0509859,0.0520353,0.0526227,0.0528255,0.0513517,0.0517612,0.113556,0.11409,0.114394,0.1,0.114503,0.113747,0.113943,0,0,0,0,0,0,0,0,0,1,1,1,1,1,1,1,1,1,1,1,1,1,0,0,0,0,0,0,0,0,0,1,1,1,1,1,1,1,1,1,1,1,1,1,0,0,0,0,0,0,0,0,0,1,0,0,0,0,0,0,0,0,0,0,0,0,0,0,0,0,0,0,0,0,0,0,13,0,0,0,0,0,0,0,0,0,0,0,0,0,0,0,0,0,0,0,0,0,0,0,0,0,0,0,0,0,0,0,0,0,0,0,0,0,0,0,0,0,0,0,0,0,0,0,0
0.163336,0.0436986,1.10391,0,0,0,0,8.08699e-09,-1.66682e-09,1.35609e-08,1365,1351,1352,1364,1366,1377,1378,2944,2945,2957,2958,2959,2970,2971,0,0,0,0,0,0,0,0,0,1351,1352,1364,1366,1377,1378,2944,2945,2957,2958,2959,2970,2971,0,0,0,0,0,0,0,0,0,0.0511712,0.0506921,0.0513828,0.052161,0.0492675,0.0515921,0.11436,0.113331,0.114549,0.0998224,0.11397,0.113486,0.114439,0,0,0,0,0,0,0,0,0,0.0511107,0.0519383,0.0528255,0.0531536,0.0508346,0.0514999,0.113623,0.114036,0.114496,0.1,0.114674,0.113488,0.113811,0,0,0,0,0,0,0,0,0,1,1,1,1,1,1,1,1,1,1,1,1,1,0,0,0,0,0,0,0,0,0,1,1,1,1,1,1,1,1,1,1,1,1,1,0,0,0,0,0,0,0,0,0,1,0,0,0,0,0,0,0,0,0,0,0,0,0,0,0,0,0,0,0,0,0,0,13,0,0,0,0,0,0,0,0,0,0,0,0,0,0,0,0,0,0,0,0,0,0,0,0,0,0,0,0,0,0,0,0,0,0,0,0,0,0,0,0,0,0,0,0,0,0,0,0
0.201798,0.0705757,1.08113,0,0,0,0,1.12357e-08,-2.75683e-09,1.65272e-08,1366,1352,1353,1365,1367,1378,1379,2945,2946,2958,2959,2960,2971,2972,0,0,0,0,0,0,0,0,0,1352,1353,1365,1367,1378,1379,2945,2946,2958,2959,2960,2971,2972,0,0,0,0,0,0,0,0,0,0.0508155,0.0507813,0.052161,0.0527409,0.0493744,0.0510221,0.114185,0.113428,0.114676,0.0998962,0.114229,0.113324,0.114098,0,0,0,0,0,0,0,0,0,0.0510222,0.0517411,0.0531536,0.0534123,0.0505781,0.051139,0.113579,0.113934,0.114666,0.1,0.11481,0.113359,0.113629,0,0,0,0,0,0,0,0,0,1,1,1,1,1,1,1,1,1,1,1,1,1,0,0,0,0,0,0,0,0,0,1,1,1,1,1,1,1,1,1,1,1,1,1,0,0,0,0,0,0,0,0,0,1,0,0,0,0,0,0,0,0,0,0,0,0,0,0,0,0,0,0,0,0,0,0,13,0,0,0,0,0,0,0,0,0,0,0,0,0,0,0,0,0,0,0,0,0,0,0,0,0,0,0,0,0,0,0,0,0,0,0,0,0,0,0,0,0,0,0,0,0,0,0,0
0.239411,0.0966288,1.05489,0,0,0,0,1.50536e-08,-3.99514e-09,1.98412e-08,1367,1353,1354,1366,1368,1379,1380,2946,2947,2959,2960,2961,2972,2973,0,0,0,0,0,0,0,0,0,1353,1354,1366,1368,1379,1380,2946,2947,2959,2960,2961,2972,2973,0,0,0,0,0,0,0,0,0,0.0504084,0.0506914,0.0527409,0.053088,0.0493898,0.0504181,0.113946,0.113421,0.114786,0.0999317,0.114372,0.113193,0.113721,0,0,0,0,0,0,0,0,0,0.0507592,0.0514109,0.0534123,0.0535287,0.0503062,0.0506405,0.113447,0.113767,0.1148,0.1,0.114871,0.113223,0.11338,0,0,0,0,0,0,0,0,0,1,1,1,1,1,1,1,1,1,1,1,1,1,0,0,0,0,0,0,0,0,0,1,1,1,1,1,1,1,1,1,1,1,1,1,0,0,0,0,0,0,0,0,0,1,0,0,0,0,0,0,0,0,0,0,0,0,0,0,0,0,0,0,0,0,0,0,13,0,0,0,0,0,0,0,0,0,0,0,0,0,0,0,0,0,0,0,0,0,0,0,0,0,0,0,0,0,0,0,0,0,0,0,0,0,0,0,0,0,0,0,0,0,0,0,0
0.275885,0.121777,1.02564,0,0,0,0,1.95503e-08,-5.3818e-09,2.34511e-08,1368,1354,1355,1367,1369,1380,1381,2947,2948,2960,2961,2962,2973,2974,0,0,0,0,0,0,0,0,0,1354,1355,1367,1369,1380,1381,2947,2948,2960,2961,2962,2973,2974,0,0,0,0,0,0,0,0,0,0.0498964,0.0504236,0.053088,0.0532104,0.0493023,0.0497099,0.113642,0.11332,0.114808,0.0999557,0.114414,0.113042,0.113301,0,0,0,0,0,0,0,0,0,0.0503243,0.050938,0.0535287,0.0534729,0.0499518,0.050011,0.11323,0.113529,0.11486,0.1,0.114843,0.113047,0.113068,0,0,0,0,0,0,0,0,0,1,1,1,1,1,1,1,1,1,1,1,1,1,0,0,0,0,0,0,0,0,0,1,1,1,1,1,1,1,1,1,1,1,1,1,0,0,0,0,0,0,0,0,0,1,0,0,0,0,0,0,0,0,0,0,0,0,0,0,0,0,0,0,0,0,0,0,13,0,0,0,0,0,0,0,0,0,0,0,0,0,0,0,0,0,0,0,0,0,0,0,0,0,0,0,0,0,0,0,0,0,0,0,0,0,0,0,0,0,0,0,0,0,0,0,0
0.310999,0.145916,0.993774,0,0,0,0,2.4721e-08,-6.9232e-09,2.72888e-08,1369,1355,1356,1368,1370,1381,1382,2948,2949,2961,2962,2963,2974,2975,0,0,0,0,0,0,0,0,0,1355,1356,1368,1370,1381,1382,2948,2949,2961,2962,2963,2974,2975,0,0,0,0,0,0,0,0,0,0.0492582,0.0499705,0.0532104,0.0531258,0.0490692,0.04888,0.113266,0.113119,0.114748,0.09997,0.114363,0.11285,0.112839,0,0,0,0,0,0,0,0,0,0.0497351,0.0503208,0.0534729,0.0532364,0.0494923,0.0492576,0.112939,0.113221,0.114832,0.1,0.114721,0.112821,0.112698,0,0,0,0,0,0,0,0,0,1,1,1,1,1,1,1,1,1,1,1,1,1,0,0,0,0,0,0,0,0,0,1,1,1,1,1,1,1,1,1,1,1,1,1,0,0,0,0,0,0,0,0,0,1,0,0,0,0,0,0,0,0,0,0,0,0,0,0,0,0,0,0,0,0,0,0,13,0,0,0,0,0,0,0,0,0,0,0,0,0,0,0,0,0,0,0,0,0,0,0,0,0,0,0,0,0,0,0,0,0,0,0,0,0,0,0,0,0,0,0,0,0,0,0,0
0.344565,0.168954,0.959643,0,0,0,0,3.05547e-08,-8.63448e-09,3.12761e-08,1370,1356,1357,1369,1371,1382,1383,2949,2950,2962,2963,2964,2975,2976,0,0,0,0,0,0,0,0,0,1356,1357,1369,1371,1382,1383,2949,2950,2962,2963,2964,2975,2976,0,0,0,0,0,0,0,0,0,0.0484903,0.0493254,0.0531258,0.0528303,0.0486443,0.0479628,0.112827,0.11282,0.114613,0.0999809,0.114217,0.112594,0.112352,0,0,0,0,0,0,0,0,0,0.0490014,0.0495624,0.0532364,0.0528227,0.0489207,0.0483924,0.11258,0.112847,0.114709,0.1,0.114508,0.112541,0.112279,0,0,0,0,0,0,0,0,0,1,1,1,1,1,1,1,1,1,1,1,1,1,0,0,0,0,0,0,0,0,0,1,1,1,1,1,1,1,1,1,1,1,1,1,0,0,0,0,0,0,0,0,0,1,0,0,0,0,0,0,0,0,0,0,0,0,0,0,0,0,0,0,0,0,0,0,13,0,0,0,0,0,0,0,0,0,0,0,0,0,0,0,0,0,0,0,0,0,0,0,0,0,0,0,0,0,0,0,0,0,0,0,0,0,0,0,0,0,0,0,0,0,0,0,0
0.3764,0.190824,0.923598,0,0,0,0,3.70264e-08,-1.05368e-08,3.53283e-08,1371,1357,1358,1370,1372,1383,1384,2950,2951,2963,2964,2965,2976,2977,0,0,0,0,0,0,0,0,0,1357,1358,1370,1372,1383,1384,2950,2951,2963,2964,2965,2976,2977,0,0,0,0,0,0,0,0,0,0.0476088,0.0485029,0.0528303,0.0523391,0.0480489,0.0469785,0.112341,0.112434,0.114398,0.0999886,0.11398,0.112275,0.111851,0,0,0,0,0,0,0,0,0,0.0481352,0.0486666,0.0528227,0.0522477,0.0482367,0.0474349,0.112162,0.112412,0.114496,0.1,0.114214,0.112211,0.111823,0,0,0,0,0,0,0,0,0,1,1,1,1,1,1,1,1,1,1,1,1,1,0,0,0,0,0,0,0,0,0,1,1,1,1,1,1,1,1,1,1,1,1,1,0,0,0,0,0,0,0,0,0,1,0,0,0,0,0,0,0,0,0,0,0,0,0,0,0,0,0,0,0,0,0,0,13,0,0,0,0,0,0,0,0,0,0,0,0,0,0,0,0,0,0,0,0,0,0,0,0,0,0,0,0,0,0,0,0,0,0,0,0,0,0,0,0,0,0,0,0,0,0,0,0
0.406348,0.21147,0.885964,0,0,0,0,4.40968e-08,-1.26555e-08,3.93631e-08,1372,1358,1359,1371,1373,1384,1385,2951,2952,2964,2965,2966,2977,2978,0,0,0,0,0,0,0,0,0,1358,1359,1371,1373,1384,1385,2951,2952,2964,2965,2966,2977,2978,0,0,0,0,0,0,0,0,0,0.0466291,0.0475074,0.0523391,0.0516947,0.0473081,0.0459543,0.111819,0.111968,0.114105,0.0999938,0.113673,0.111902,0.111347,0,0,0,0,0,0,0,0,0,0.0471538,0.0476271,0.0522477,0.0515491,0.0474442,0.0464194,0.111696,0.111914,0.114202,0.1,0.11386,0.111833,0.111347,0,0,0,0,0,0,0,0,0,1,1,1,1,1,1,1,1,1,1,1,1,1,0,0,0,0,0,0,0,0,0,1,1,1,1,1,1,1,1,1,1,1,1,1,0,0,0,0,0,0,0,0,0,1,0,0,0,0,0,0,0,0,0,0,0,0,0,0,0,0,0,0,0,0,0,0,13,0,0,0,0,0,0,0,0,0,0,0,0,0,0,0,0,0,0,0,0,0,0,0,0,0,0,0,0,0,0,0,0,0,0,0,0,0,0,0,0,0,0,0,0,0,0,0,0
0.434297,0.230852,0.847035,0,0,0,0,5.17182e-08,-1.50203e-08,4.33038e-08,1373,1359,1360,1372,1374,1385,1386,2952,2953,2965,2966,2967,2978,2979,0,0,0,0,0,0,0,0,0,1359,1360,1372,1374,1385,1386,2952,2953,2965,2966,2967,2978,2979,0,0,0,0,0,0,0,0,0,0.0455741,0.0463385,0.0516947,0.0509943,0.046437,0.044958,0.111277,0.11143,0.113754,0.0999971,0.113345,0.111481,0.11087,0,0,0,0,0,0,0,0,0,0.0460854,0.0464365,0.0515491,0.0508164,0.0465454,0.0454214,0.111197,0.111355,0.113848,0.1,0.113493,0.111411,0.110887,0,0,0,0,0,0,0,0,0,1,1,1,1,1,1,1,1,1,1,1,1,1,0,0,0,0,0,0,0,0,0,1,1,1,1,1,1,1,1,1,1,1,1,1,0,0,0,0,0,0,0,0,0,1,0,0,0,0,0,0,0,0,0,0,0,0,0,0,0,0,0,0,0,0,0,0,13,0,0,0,0,0,0,0,0,0,0,0,0,0,0,0,0,0,0,0,0,0,0,0,0,0,0,0,0,0,0,0,0,0,0,0,0,0,0,0,0,0,0,0,0,0,0,0,0
0.460222,0.248942,0.807021,0,0,0,0,5.98541e-08,-1.76652e-08,4.70923e-08,1374,1360,1361,1373,1375,1386,1387,2953,2954,2966,2967,2968,2979,2980,0,0,0,0,0,0,0,0,0,1360,1361,1373,1375,1386,1387,2953,2954,2966,2967,2968,2979,2980,0,0,0,0,0,0,0,0,0,0.0445038,0.0449166,0.0509943,0.050603,0.0454774,0.0442205,0.110743,0.110788,0.113389,0.0999992,0.113174,0.111032,0.110526,0,0,0,0,0,0,0,0,0,0.0449954,0.0450127,0.0508164,0.0504053,0.0455768,0.0446795,0.110698,0.110702,0.113481,0.1,0.113289,0.110963,0.11055,0,0,0,0,0,0,0,0,0,1,1,1,1,1,1,1,1,1,1,1,1,1,0,0,0,0,0,0,0,0,0,1,1,1,1,1,1,1,1,1,1,1,1,1,0,0,0,0,0,0,0,0,0,1,0,0,0,0,0,0,0,0,0,0,0,0,0,0,0,0,0,0,0,0,0,0,13,0,0,0,0,0,0,0,0,0,0,0,0,0,0,0,0,0,0,0,0,0,0,0,0,0,0,0,0,0,0,0,0,0,0,0,0,0,0,0,0,0,0,0,0,0,0,0,0
0.48427,0.265825,0.765823,0,0,0,0,6.85502e-08,-2.06654e-08,5.06975e-08,1375,83,84,1361,1362,1374,1387,1676,1677,2954,2955,2967,2968,2980,0,0,0,0,0,0,0,0,0,83,84,1361,1362,1374,1387,1676,1677,2954,2955,2967,2968,2980,0,0,0,0,0,0,0,0,0,0.0446066,0.0511165,0.0436689,0.0423922,0.050603,0.0445657,0.11071,0.113444,0.110328,0.109664,0.113187,0.100003,0.110622,0,0,0,0,0,0,0,0,0,0.0450694,0.0509087,0.0441429,0.0424804,0.0504053,0.0446692,0.110726,0.11354,0.110314,0.109582,0.113277,0.1,0.11055,0,0,0,0,0,0,0,0,0,1,1,1,1,1,1,1,1,1,1,1,1,1,0,0,0,0,0,0,0,0,0,1,1,1,1,1,1,1,1,1,1,1,1,1,0,0,0,0,0,0,0,0,0,1,0,0,0,0,0,0,0,0,0,0,0,0,0,0,0,0,0,0,0,0,0,0,13,0,0,0,0,0,0,0,0,0,0,0,0,0,0,0,0,0,0,0,0,0,0,0,0,0,0,0,0,0,0,0,0,0,0,0,0,0,0,0,0,0,0,0,0,0,0,0,0
0.0836866,0.040395,1.13612,0,0,0,0,3.57917e-09,-1.26884e-09,8.05433e-09,1376,58,59,1363,1364,1377,1388,1651,1652,2956,2957,2969,2970,2981,0,0,0,0,0,0,0,0,0,58,59,1363,1364,1377,1388,1651,1652,2956,2957,2969,2970,2981,0,0,0,0,0,0,0,0,0,0.0467857,0.0424619,0.0536608,0.0493546,0.0512294,0.0537392,0.113706,0.111924,0.11514,0.112393,0.0990533,0.113228,0.115114,0,0,0,0,0,0,0,0,0,0.0495446,0.0456416,0.0521798,0.0513517,0.0528501,0.0521799,0.113046,0.111233,0.114167,0.113738,0.1,0.114507,0.114173,0,0,0,0,0,0,0,0,0,1,1,1,1,1,1,1,1,1,1,1,1,1,0,0,0,0,0,0,0,0,0,1,1,1,1,1,1,1,1,1,1,1,1,1,0,0,0,0,0,0,0,0,0,1,0,0,0,0,0,0,0,0,0,0,0,0,0,0,0,0,0,0,0,0,0,0,13,0,0,0,0,0,0,0,0,0,0,0,0,0,0,0,0,0,0,0,0,0,0,0,0,0,0,0,0,0,0,0,0,0,0,0,0,0,0,0,0,0,0,0,0,0,0,0,0
0.12302,0.0680245,1.1184,0,0,0,0,5.49907e-09,-2.27153e-09,9.67838e-09,1377,1364,1365,1376,1378,1388,1389,2957,2958,2969,2970,2971,2981,2982,0,0,0,0,0,0,0,0,0,1364,1365,1376,1378,1388,1389,2957,2958,2969,2970,2971,2981,2982,0,0,0,0,0,0,0,0,0,0.0522851,0.0492675,0.0512294,0.0517688,0.0480121,0.0524244,0.114988,0.112653,0.114429,0.0997635,0.113702,0.112984,0.114859,0,0,0,0,0,0,0,0,0,0.0517612,0.0508346,0.0528501,0.0529197,0.0499191,0.0518101,0.113955,0.113478,0.114509,0.1,0.114551,0.113028,0.113976,0,0,0,0,0,0,0,0,0,1,1,1,1,1,1,1,1,1,1,1,1,1,0,0,0,0,0,0,0,0,0,1,1,1,1,1,1,1,1,1,1,1,1,1,0,0,0,0,0,0,0,0,0,1,0,0,0,0,0,0,0,0,0,0,0,0,0,0,0,0,0,0,0,0,0,0,13,0,0,0,0,0,0,0,0,0,0,0,0,0,0,0,0,0,0,0,0,0,0,0,0,0,0,0,0,0,0,0,0,0,0,0,0,0,0,0,0,0,0,0,0,0,0,0,0
0.161794,0.0947975,1.09696,0,0,0,0,7.9755e-09,-3.45534e-09,1.16264e-08,1378,1365,1366,1377,1379,1389,1390,2958,2959,2970,2971,2972,2982,2983,0,0,0,0,0,0,0,0,0,1365,1366,1377,1379,1389,1390,2958,2959,2970,2971,2972,2982,2983,0,0,0,0,0,0,0,0,0,0.0515921,0.0493744,0.0517688,0.0523782,0.0478673,0.0516111,0.114561,0.112727,0.11463,0.0997843,0.11395,0.112817,0.114314,0,0,0,0,0,0,0,0,0,0.0514999,0.0505781,0.0529197,0.0531174,0.0494118,0.0513714,0.113821,0.113349,0.114545,0.1,0.114656,0.112782,0.113751,0,0,0,0,0,0,0,0,0,1,1,1,1,1,1,1,1,1,1,1,1,1,0,0,0,0,0,0,0,0,0,1,1,1,1,1,1,1,1,1,1,1,1,1,0,0,0,0,0,0,0,0,0,1,0,0,0,0,0,0,0,0,0,0,0,0,0,0,0,0,0,0,0,0,0,0,13,0,0,0,0,0,0,0,0,0,0,0,0,0,0,0,0,0,0,0,0,0,0,0,0,0,0,0,0,0,0,0,0,0,0,0,0,0,0,0,0,0,0,0,0,0,0,0,0
0.19978,0.120713,1.07188,0,0,0,0,1.1076e-08,-4.83601e-09,1.39329e-08,1379,1366,1367,1378,1380,1390,1391,2959,2960,2971,2972,2973,2983,2984,0,0,0,0,0,0,0,0,0,1366,1367,1378,1380,1390,1391,2959,2960,2971,2972,2973,2983,2984,0,0,0,0,0,0,0,0,0,0.0510221,0.0493898,0.0523782,0.0527847,0.0479186,0.050919,0.114258,0.112782,0.114689,0.0998633,0.114134,0.112615,0.113908,0,0,0,0,0,0,0,0,0,0.051139,0.0503062,0.0531174,0.0532607,0.0491115,0.0508318,0.113639,0.113214,0.114647,0.1,0.114731,0.112636,0.113478,0,0,0,0,0,0,0,0,0,1,1,1,1,1,1,1,1,1,1,1,1,1,0,0,0,0,0,0,0,0,0,1,1,1,1,1,1,1,1,1,1,1,1,1,0,0,0,0,0,0,0,0,0,1,0,0,0,0,0,0,0,0,0,0,0,0,0,0,0,0,0,0,0,0,0,0,13,0,0,0,0,0,0,0,0,0,0,0,0,0,0,0,0,0,0,0,0,0,0,0,0,0,0,0,0,0,0,0,0,0,0,0,0,0,0,0,0,0,0,0,0,0,0,0,0
0.236748,0.145716,1.0437,0,0,0,0,1.48115e-08,-6.40051e-09,1.65848e-08,1380,1367,1368,1379,1381,1391,1392,2960,2961,2972,2973,2974,2984,2985,0,0,0,0,0,0,0,0,0,1367,1368,1379,1381,1391,1392,2960,2961,2972,2973,2974,2984,2985,0,0,0,0,0,0,0,0,0,0.0504181,0.0493023,0.0527847,0.0529924,0.0479678,0.0501601,0.113904,0.112772,0.114713,0.0998998,0.114224,0.112493,0.113454,0,0,0,0,0,0,0,0,0,0.0506405,0.0499518,0.0532607,0.0532727,0.0488167,0.0501824,0.113388,0.113039,0.114721,0.1,0.114738,0.112493,0.113155,0,0,0,0,0,0,0,0,0,1,1,1,1,1,1,1,1,1,1,1,1,1,0,0,0,0,0,0,0,0,0,1,1,1,1,1,1,1,1,1,1,1,1,1,0,0,0,0,0,0,0,0,0,1,0,0,0,0,0,0,0,0,0,0,0,0,0,0,0,0,0,0,0,0,0,0,13,0,0,0,0,0,0,0,0,0,0,0,0,0,0,0,0,0,0,0,0,0,0,0,0,0,0,0,0,0,0,0,0,0,0,0,0,0,0,0,0,0,0,0,0,0,0,0,0
0.272519,0.169683,1.01281,0,0,0,0,1.91835e-08,-8.14346e-09,1.95477e-08,1381,1368,1369,1380,1382,1392,1393,2961,2962,2973,2974,2975,2985,2986,0,0,0,0,0,0,0,0,0,1368,1369,1380,1382,1392,1393,2961,2962,2973,2974,2975,2985,2986,0,0,0,0,0,0,0,0,0,0.0497099,0.0490692,0.0529924,0.053028,0.0479467,0.0492567,0.113488,0.112685,0.114664,0.099923,0.114244,0.112364,0.112956,0,0,0,0,0,0,0,0,0,0.050011,0.0494923,0.0532727,0.0531248,0.0484606,0.0494225,0.113076,0.112813,0.114728,0.1,0.114662,0.11232,0.112781,0,0,0,0,0,0,0,0,0,1,1,1,1,1,1,1,1,1,1,1,1,1,0,0,0,0,0,0,0,0,0,1,1,1,1,1,1,1,1,1,1,1,1,1,0,0,0,0,0,0,0,0,0,1,0,0,0,0,0,0,0,0,0,0,0,0,0,0,0,0,0,0,0,0,0,0,13,0,0,0,0,0,0,0,0,0,0,0,0,0,0,0,0,0,0,0,0,0,0,0,0,0,0,0,0,0,0,0,0,0,0,0,0,0,0,0,0,0,0,0,0,0,0,0,0
0.306952,0.192508,0.97956,0,0,0,0,2.41947e-08,-1.00706e-08,2.27653e-08,1382,1369,1370,1381,1383,1393,1394,2962,2963,2974,2975,2976,2986,2987,0,0,0,0,0,0,0,0,0,1369,1370,1381,1383,1393,1394,2962,2963,2974,2975,2976,2986,2987,0,0,0,0,0,0,0,0,0,0.04888,0.0486443,0.053028,0.0528573,0.0476995,0.0482881,0.113012,0.1125,0.114566,0.0999436,0.114171,0.112175,0.11245,0,0,0,0,0,0,0,0,0,0.0492576,0.0489207,0.0531248,0.0528117,0.0480193,0.0485608,0.112706,0.112534,0.114652,0.1,0.114502,0.112108,0.112362,0,0,0,0,0,0,0,0,0,1,1,1,1,1,1,1,1,1,1,1,1,1,0,0,0,0,0,0,0,0,0,1,1,1,1,1,1,1,1,1,1,1,1,1,0,0,0,0,0,0,0,0,0,1,0,0,0,0,0,0,0,0,0,0,0,0,0,0,0,0,0,0,0,0,0,0,13,0,0,0,0,0,0,0,0,0,0,0,0,0,0,0,0,0,0,0,0,0,0,0,0,0,0,0,0,0,0,0,0,0,0,0,0,0,0,0,0,0,0,0,0,0,0,0,0
0.339847,0.214149,0.944297,0,0,0,0,2.98357e-08,-1.21946e-08,2.61585e-08,1383,1370,1371,1382,1384,1394,1395,2963,2964,2975,2976,2977,2987,2988,0,0,0,0,0,0,0,0,0,1370,1371,1382,1384,1394,1395,2963,2964,2975,2976,2977,2987,2988,0,0,0,0,0,0,0,0,0,0.0479628,0.0480489,0.0528573,0.052489,0.0472711,0.0472754,0.112505,0.112229,0.114402,0.0999602,0.114005,0.111928,0.111942,0,0,0,0,0,0,0,0,0,0.0483924,0.0482367,0.0528117,0.0523463,0.047485,0.0476148,0.112286,0.112204,0.114491,0.1,0.114264,0.111853,0.11191,0,0,0,0,0,0,0,0,0,1,1,1,1,1,1,1,1,1,1,1,1,1,0,0,0,0,0,0,0,0,0,1,1,1,1,1,1,1,1,1,1,1,1,1,0,0,0,0,0,0,0,0,0,1,0,0,0,0,0,0,0,0,0,0,0,0,0,0,0,0,0,0,0,0,0,0,13,0,0,0,0,0,0,0,0,0,0,0,0,0,0,0,0,0,0,0,0,0,0,0,0,0,0,0,0,0,0,0,0,0,0,0,0,0,0,0,0,0,0,0,0,0,0,0,0
0.371022,0.234568,0.907334,0,0,0,0,3.60839e-08,-1.45329e-08,2.96461e-08,1384,1371,1372,1383,1385,1395,1396,2964,2965,2976,2977,2978,2988,2989,0,0,0,0,0,0,0,0,0,1371,1372,1383,1385,1395,1396,2964,2965,2976,2977,2978,2988,2989,0,0,0,0,0,0,0,0,0,0.0469785,0.0473081,0.052489,0.0519679,0.0467038,0.0462389,0.111979,0.111888,0.114165,0.0999726,0.113767,0.111634,0.111438,0,0,0,0,0,0,0,0,0,0.0474349,0.0474442,0.0523463,0.051766,0.046859,0.0466163,0.111829,0.111827,0.114253,0.1,0.113969,0.111558,0.11144,0,0,0,0,0,0,0,0,0,1,1,1,1,1,1,1,1,1,1,1,1,1,0,0,0,0,0,0,0,0,0,1,1,1,1,1,1,1,1,1,1,1,1,1,0,0,0,0,0,0,0,0,0,1,0,0,0,0,0,0,0,0,0,0,0,0,0,0,0,0,0,0,0,0,0,0,13,0,0,0,0,0,0,0,0,0,0,0,0,0,0,0,0,0,0,0,0,0,0,0,0,0,0,0,0,0,0,0,0,0,0,0,0,0,0,0,0,0,0,0,0,0,0,0,0
0.400344,0.253732,0.868946,0,0,0,0,4.29098e-08,-1.71081e-08,3.31524e-08,1385,1372,1373,1384,1386,1396,1397,2965,2966,2977,2978,2979,2989,2990,0,0,0,0,0,0,0,0,0,1372,1373,1384,1386,1396,1397,2965,2966,2977,2978,2979,2989,2990,0,0,0,0,0,0,0,0,0,0.0459543,0.046437,0.0519679,0.0513959,0.0460289,0.0452325,0.11145,0.111488,0.113872,0.0999816,0.113507,0.111303,0.110963,0,0,0,0,0,0,0,0,0,0.0464194,0.0465454,0.051766,0.0511619,0.0461517,0.0456312,0.111353,0.111405,0.113958,0.1,0.113665,0.111228,0.110984,0,0,0,0,0,0,0,0,0,1,1,1,1,1,1,1,1,1,1,1,1,1,0,0,0,0,0,0,0,0,0,1,1,1,1,1,1,1,1,1,1,1,1,1,0,0,0,0,0,0,0,0,0,1,0,0,0,0,0,0,0,0,0,0,0,0,0,0,0,0,0,0,0,0,0,0,13,0,0,0,0,0,0,0,0,0,0,0,0,0,0,0,0,0,0,0,0,0,0,0,0,0,0,0,0,0,0,0,0,0,0,0,0,0,0,0,0,0,0,0,0,0,0,0,0
0.427746,0.271655,0.82933,0,0,0,0,5.02889e-08,-1.99518e-08,3.66078e-08,1386,1373,1374,1385,1387,1397,1398,2966,2967,2978,2979,2980,2990,2991,0,0,0,0,0,0,0,0,0,1373,1374,1385,1387,1397,1398,2966,2967,2978,2979,2980,2990,2991,0,0,0,0,0,0,0,0,0,0.044958,0.0454774,0.0513959,0.0510373,0.0452782,0.0444092,0.110949,0.111053,0.113569,0.0999881,0.113354,0.110949,0.110585,0,0,0,0,0,0,0,0,0,0.0454214,0.0455768,0.0511619,0.0507862,0.0453854,0.0448227,0.110892,0.110958,0.113654,0.1,0.113478,0.110875,0.110616,0,0,0,0,0,0,0,0,0,1,1,1,1,1,1,1,1,1,1,1,1,1,0,0,0,0,0,0,0,0,0,1,1,1,1,1,1,1,1,1,1,1,1,1,0,0,0,0,0,0,0,0,0,1,0,0,0,0,0,0,0,0,0,0,0,0,0,0,0,0,0,0,0,0,0,0,13,0,0,0,0,0,0,0,0,0,0,0,0,0,0,0,0,0,0,0,0,0,0,0,0,0,0,0,0,0,0,0,0,0,0,0,0,0,0,0,0,0,0,0,0,0,0,0,0
0.453269,0.288469,0.788456,0,0,0,0,5.82375e-08,-2.31259e-08,3.99448e-08,1387,82,83,1374,1375,1386,1398,1675,1676,2967,2968,2979,2980,2991,0,0,0,0,0,0,0,0,0,82,83,1374,1375,1386,1398,1675,1676,2967,2968,2979,2980,2991,0,0,0,0,0,0,0,0,0,0.0441255,0.051583,0.0442205,0.0445657,0.0510373,0.0445517,0.110467,0.113643,0.11058,0.11064,0.113385,0.0999935,0.110619,0,0,0,0,0,0,0,0,0,0.0445612,0.0513149,0.0446795,0.0446692,0.0507862,0.0446562,0.110498,0.113744,0.110555,0.110545,0.113466,0.1,0.110544,0,0,0,0,0,0,0,0,0,1,1,1,1,1,1,1,1,1,1,1,1,1,0,0,0,0,0,0,0,0,0,1,1,1,1,1,1,1,1,1,1,1,1,1,0,0,0,0,0,0,0,0,0,1,0,0,0,0,0,0,0,0,0,0,0,0,0,0,0,0,0,0,0,0,0,0,13,0,0,0,0,0,0,0,0,0,0,0,0,0,0,0,0,0,0,0,0,0,0,0,0,0,0,0,0,0,0,0,0,0,0,0,0,0,0,0,0,0,0,0,0,0,0,0,0
0.083617,0.093575,1.12839,0,0,0,0,3.53995e-09,-2.89105e-09,6.30537e-09,1388,59,60,1376,1377,1389,1399,1652,1653,2969,2970,2981,2982,2992,0,0,0,0,0,0,0,0,0,59,60,1376,1377,1389,1399,1652,1653,2969,2970,2981,2982,2992,0,0,0,0,0,0,0,0,0,0.0458787,0.0415383,0.0537392,0.0480121,0.0507486,0.0529983,0.113304,0.111424,0.115167,0.111778,0.0990775,0.112831,0.114593,0,0,0,0,0,0,0,0,0,0.0487211,0.0443387,0.0521799,0.0499191,0.0521466,0.0515554,0.112619,0.110625,0.114166,0.113031,0.1,0.114142,0.113858,0,0,0,0,0,0,0,0,0,1,1,1,1,1,1,1,1,1,1,1,1,1,0,0,0,0,0,0,0,0,0,1,1,1,1,1,1,1,1,1,1,1,1,1,0,0,0,0,0,0,0,0,0,1,0,0,0,0,0,0,0,0,0,0,0,0,0,0,0,0,0,0,0,0,0,0,13,0,0,0,0,0,0,0,0,0,0,0,0,0,0,0,0,0,0,0,0,0,0,0,0,0,0,0,0,0,0,0,0,0,0,0,0,0,0,0,0,0,0,0,0,0,0,0,0
0.122365,0.11946,1.10829,0,0,0,0,5.44914e-09,-4.19071e-09,7.31756e-09,1389,1377,1378,1388,1390,1399,1400,2970,2971,2981,2982,2983,2992,2993,0,0,0,0,0,0,0,0,0,1377,1378,1388,1390,1399,1400,2970,2971,2981,2982,2983,2992,2993,0,0,0,0,0,0,0,0,0,0.0524244,0.0478673,0.0507486,0.0515313,0.0466268,0.0520006,0.114988,0.111993,0.11415,0.0997307,0.113438,0.112359,0.114475,0,0,0,0,0,0,0,0,0,0.0518101,0.0494118,0.0521466,0.0523778,0.0484732,0.0512796,0.113978,0.112779,0.114149,0.1,0.114267,0.112323,0.113714,0,0,0,0,0,0,0,0,0,1,1,1,1,1,1,1,1,1,1,1,1,1,0,0,0,0,0,0,0,0,0,1,1,1,1,1,1,1,1,1,1,1,1,1,0,0,0,0,0,0,0,0,0,1,0,0,0,0,0,0,0,0,0,0,0,0,0,0,0,0,0,0,0,0,0,0,13,0,0,0,0,0,0,0,0,0,0,0,0,0,0,0,0,0,0,0,0,0,0,0,0,0,0,0,0,0,0,0,0,0,0,0,0,0,0,0,0,0,0,0,0,0,0,0,0
0.160457,0.144913,1.0847,0,0,0,0,7.89722e-09,-5.72809e-09,8.63401e-09,1390,1378,1379,1389,1391,1400,1401,2971,2972,2982,2983,2984,2993,2994,0,0,0,0,0,0,0,0,0,1378,1379,1389,1391,1400,1401,2971,2972,2982,2983,2984,2993,2994,0,0,0,0,0,0,0,0,0,0.0516111,0.0479186,0.0515313,0.0520902,0.0463874,0.0513098,0.114502,0.112046,0.114419,0.0997565,0.113678,0.112111,0.11401,0,0,0,0,0,0,0,0,0,0.0513714,0.0491115,0.0523778,0.0525984,0.0479788,0.0507949,0.113756,0.11263,0.114266,0.1,0.114385,0.112088,0.113467,0,0,0,0,0,0,0,0,0,1,1,1,1,1,1,1,1,1,1,1,1,1,0,0,0,0,0,0,0,0,0,1,1,1,1,1,1,1,1,1,1,1,1,1,0,0,0,0,0,0,0,0,0,1,0,0,0,0,0,0,0,0,0,0,0,0,0,0,0,0,0,0,0,0,0,0,13,0,0,0,0,0,0,0,0,0,0,0,0,0,0,0,0,0,0,0,0,0,0,0,0,0,0,0,0,0,0,0,0,0,0,0,0,0,0,0,0,0,0,0,0,0,0,0,0
0.197613,0.169599,1.0578,0,0,0,0,1.09377e-08,-7.49926e-09,1.03029e-08,1391,1379,1380,1390,1392,1401,1402,2972,2973,2983,2984,2985,2994,2995,0,0,0,0,0,0,0,0,0,1379,1380,1390,1392,1401,1402,2972,2973,2983,2984,2985,2994,2995,0,0,0,0,0,0,0,0,0,0.050919,0.0479678,0.0520902,0.0523955,0.0464798,0.0505804,0.114131,0.112118,0.114444,0.0998307,0.113827,0.111922,0.113566,0,0,0,0,0,0,0,0,0,0.0508318,0.0488167,0.0525984,0.0527112,0.0476473,0.0501767,0.113484,0.112486,0.11438,0.1,0.114445,0.111932,0.113157,0,0,0,0,0,0,0,0,0,1,1,1,1,1,1,1,1,1,1,1,1,1,0,0,0,0,0,0,0,0,0,1,1,1,1,1,1,1,1,1,1,1,1,1,0,0,0,0,0,0,0,0,0,1,0,0,0,0,0,0,0,0,0,0,0,0,0,0,0,0,0,0,0,0,0,0,13,0,0,0,0,0,0,0,0,0,0,0,0,0,0,0,0,0,0,0,0,0,0,0,0,0,0,0,0,0,0,0,0,0,0,0,0,0,0,0,0,0,0,0,0,0,0,0,0
0.23371,0.193303,1.02813,0,0,0,0,1.45631e-08,-9.47415e-09,1.23336e-08,1392,1380,1381,1391,1393,1402,1403,2973,2974,2984,2985,2986,2995,2996,0,0,0,0,0,0,0,0,0,1380,1381,1391,1393,1402,1403,2973,2974,2984,2985,2986,2995,2996,0,0,0,0,0,0,0,0,0,0.0501601,0.0479467,0.0523955,0.0525925,0.0467037,0.0495893,0.113686,0.112137,0.114407,0.0998571,0.113938,0.111841,0.113027,0,0,0,0,0,0,0,0,0,0.0501824,0.0484606,0.0527112,0.0526755,0.0473308,0.049442,0.113161,0.112313,0.114438,0.1,0.114428,0.111782,0.112794,0,0,0,0,0,0,0,0,0,1,1,1,1,1,1,1,1,1,1,1,1,1,0,0,0,0,0,0,0,0,0,1,1,1,1,1,1,1,1,1,1,1,1,1,0,0,0,0,0,0,0,0,0,1,0,0,0,0,0,0,0,0,0,0,0,0,0,0,0,0,0,0,0,0,0,0,13,0,0,0,0,0,0,0,0,0,0,0,0,0,0,0,0,0,0,0,0,0,0,0,0,0,0,0,0,0,0,0,0,0,0,0,0,0,0,0,0,0,0,0,0,0,0,0,0
0.268731,0.21583,0.996006,0,0,0,0,1.87909e-08,-1.16467e-08,1.47128e-08,1393,1381,1382,1392,1394,1403,1404,2974,2975,2985,2986,2987,2996,2997,0,0,0,0,0,0,0,0,0,1381,1382,1392,1394,1403,1404,2974,2975,2985,2986,2987,2996,2997,0,0,0,0,0,0,0,0,0,0.0492567,0.0476995,0.0525925,0.0525738,0.0466023,0.048562,0.11317,0.112046,0.114354,0.0998912,0.113958,0.111695,0.112503,0,0,0,0,0,0,0,0,0,0.0494225,0.0480193,0.0526755,0.0524798,0.0469696,0.0486039,0.112787,0.112101,0.11442,0.1,0.114329,0.111611,0.112387,0,0,0,0,0,0,0,0,0,1,1,1,1,1,1,1,1,1,1,1,1,1,0,0,0,0,0,0,0,0,0,1,1,1,1,1,1,1,1,1,1,1,1,1,0,0,0,0,0,0,0,0,0,1,0,0,0,0,0,0,0,0,0,0,0,0,0,0,0,0,0,0,0,0,0,0,13,0,0,0,0,0,0,0,0,0,0,0,0,0,0,0,0,0,0,0,0,0,0,0,0,0,0,0,0,0,0,0,0,0,0,0,0,0,0,0,0,0,0,0,0,0,0,0,0
0.302442,0.237173,0.961771,0,0,0,0,2.36257e-08,-1.4023e-08,1.73681e-08,1394,1382,1383,1393,1395,1404,1405,2975,2976,2986,2987,2988,2997,2998,0,0,0,0,0,0,0,0,0,1382,1383,1393,1395,1404,1405,2975,2976,2986,2987,2988,2997,2998,0,0,0,0,0,0,0,0,0,0.0482881,0.0472711,0.0525738,0.0523398,0.0462955,0.0475168,0.112635,0.111862,0.114249,0.0999201,0.113873,0.111495,0.111991,0,0,0,0,0,0,0,0,0,0.0485608,0.047485,0.0524798,0.0521325,0.0465397,0.0476806,0.112368,0.111847,0.11432,0.1,0.114153,0.11141,0.111944,0,0,0,0,0,0,0,0,0,1,1,1,1,1,1,1,1,1,1,1,1,1,0,0,0,0,0,0,0,0,0,1,1,1,1,1,1,1,1,1,1,1,1,1,0,0,0,0,0,0,0,0,0,1,0,0,0,0,0,0,0,0,0,0,0,0,0,0,0,0,0,0,0,0,0,0,13,0,0,0,0,0,0,0,0,0,0,0,0,0,0,0,0,0,0,0,0,0,0,0,0,0,0,0,0,0,0,0,0,0,0,0,0,0,0,0,0,0,0,0,0,0,0,0,0
0.334619,0.257313,0.925737,0,0,0,0,2.90574e-08,-1.66124e-08,2.02203e-08,1395,1383,1384,1394,1396,1405,1406,2976,2977,2987,2988,2989,2998,2999,0,0,0,0,0,0,0,0,0,1383,1384,1394,1396,1405,1406,2976,2977,2987,2988,2989,2998,2999,0,0,0,0,0,0,0,0,0,0.0472754,0.0467038,0.0523398,0.0519358,0.0458529,0.0464607,0.112096,0.11161,0.114073,0.0999427,0.113704,0.111255,0.111488,0,0,0,0,0,0,0,0,0,0.0476148,0.046859,0.0521325,0.0516652,0.0460336,0.0467017,0.111915,0.111552,0.114143,0.1,0.113917,0.111175,0.111482,0,0,0,0,0,0,0,0,0,1,1,1,1,1,1,1,1,1,1,1,1,1,0,0,0,0,0,0,0,0,0,1,1,1,1,1,1,1,1,1,1,1,1,1,0,0,0,0,0,0,0,0,0,1,0,0,0,0,0,0,0,0,0,0,0,0,0,0,0,0,0,0,0,0,0,0,13,0,0,0,0,0,0,0,0,0,0,0,0,0,0,0,0,0,0,0,0,0,0,0,0,0,0,0,0,0,0,0,0,0,0,0,0,0,0,0,0,0,0,0,0,0,0,0,0
0.365093,0.276231,0.888176,0,0,0,0,3.5069e-08,-1.94303e-08,2.31936e-08,1396,1384,1385,1395,1397,1406,1407,2977,2978,2988,2989,2990,2999,3000,0,0,0,0,0,0,0,0,0,1384,1385,1395,1397,1406,1407,2977,2978,2988,2989,2990,2999,3000,0,0,0,0,0,0,0,0,0,0.0462389,0.0460289,0.0519358,0.0514505,0.0453106,0.0454316,0.111562,0.111306,0.113836,0.0999596,0.113495,0.110985,0.11101,0,0,0,0,0,0,0,0,0,0.0466163,0.0461517,0.0516652,0.0511507,0.0454553,0.0457235,0.111445,0.111222,0.113906,0.1,0.113659,0.110908,0.111029,0,0,0,0,0,0,0,0,0,1,1,1,1,1,1,1,1,1,1,1,1,1,0,0,0,0,0,0,0,0,0,1,1,1,1,1,1,1,1,1,1,1,1,1,0,0,0,0,0,0,0,0,0,1,0,0,0,0,0,0,0,0,0,0,0,0,0,0,0,0,0,0,0,0,0,0,13,0,0,0,0,0,0,0,0,0,0,0,0,0,0,0,0,0,0,0,0,0,0,0,0,0,0,0,0,0,0,0,0,0,0,0,0,0,0,0,0,0,0,0,0,0,0,0,0
0.393758,0.293936,0.849292,0,0,0,0,4.16457e-08,-2.25017e-08,2.62159e-08,1397,1385,1386,1396,1398,1407,1408,2978,2979,2989,2990,2991,3000,3001,0,0,0,0,0,0,0,0,0,1385,1386,1396,1398,1407,1408,2978,2979,2989,2990,2991,3000,3001,0,0,0,0,0,0,0,0,0,0.0452325,0.0452782,0.0514505,0.0510588,0.0446981,0.0445357,0.111059,0.110968,0.113577,0.099972,0.113331,0.110694,0.110607,0,0,0,0,0,0,0,0,0,0.0456312,0.0453854,0.0511507,0.0507488,0.0448219,0.0448665,0.110989,0.11087,0.113648,0.1,0.113458,0.11062,0.110638,0,0,0,0,0,0,0,0,0,1,1,1,1,1,1,1,1,1,1,1,1,1,0,0,0,0,0,0,0,0,0,1,1,1,1,1,1,1,1,1,1,1,1,1,0,0,0,0,0,0,0,0,0,1,0,0,0,0,0,0,0,0,0,0,0,0,0,0,0,0,0,0,0,0,0,0,13,0,0,0,0,0,0,0,0,0,0,0,0,0,0,0,0,0,0,0,0,0,0,0,0,0,0,0,0,0,0,0,0,0,0,0,0,0,0,0,0,0,0,0,0,0,0,0,0
0.420566,0.310551,0.809139,0,0,0,0,4.8788e-08,-2.58785e-08,2.92039e-08,1398,81,82,1386,1387,1397,1408,1674,1675,2979,2980,2990,2991,3001,0,0,0,0,0,0,0,0,0,81,82,1386,1387,1397,1408,1674,1675,2979,2980,2990,2991,3001,0,0,0,0,0,0,0,0,0,0.0439563,0.0510722,0.0444092,0.0445517,0.0510588,0.0440521,0.110362,0.113356,0.110654,0.110639,0.113376,0.0999817,0.110401,0,0,0,0,0,0,0,0,0,0.0443291,0.0507521,0.0448227,0.0446562,0.0507488,0.044166,0.110396,0.113461,0.110621,0.110539,0.113447,0.1,0.110325,0,0,0,0,0,0,0,0,0,1,1,1,1,1,1,1,1,1,1,1,1,1,0,0,0,0,0,0,0,0,0,1,1,1,1,1,1,1,1,1,1,1,1,1,0,0,0,0,0,0,0,0,0,1,0,0,0,0,0,0,0,0,0,0,0,0,0,0,0,0,0,0,0,0,0,0,13,0,0,0,0,0,0,0,0,0,0,0,0,0,0,0,0,0,0,0,0,0,0,0,0,0,0,0,0,0,0,0,0,0,0,0,0,0,0,0,0,0,0,0,0,0,0,0,0
0.0838493,0.144861,1.11503,0,0,0,0,3.5163e-09,-5.01399e-09,3.51228e-09,1399,60,61,1388,1389,1400,1409,1653,1654,2981,2982,2992,2993,3002,0,0,0,0,0,0,0,0,0,60,61,1388,1389,1400,1409,1653,1654,2981,2982,2992,2993,3002,0,0,0,0,0,0,0,0,0,0.0452536,0.0407218,0.0529983,0.0466268,0.0501534,0.0517652,0.112923,0.11092,0.114816,0.111208,0.0991908,0.112476,0.11388,0,0,0,0,0,0,0,0,0,0.0480955,0.0430924,0.0515554,0.0484732,0.051321,0.0506778,0.112298,0.110057,0.11385,0.112329,0.1,0.113723,0.113419,0,0,0,0,0,0,0,0,0,1,1,1,1,1,1,1,1,1,1,1,1,1,0,0,0,0,0,0,0,0,0,1,1,1,1,1,1,1,1,1,1,1,1,1,0,0,0,0,0,0,0,0,0,1,0,0,0,0,0,0,0,0,0,0,0,0,0,0,0,0,0,0,0,0,0,0,13,0,0,0,0,0,0,0,0,0,0,0,0,0,0,0,0,0,0,0,0,0,0,0,0,0,0,0,0,0,0,0,0,0,0,0,0,0,0,0,0,0,0,0,0,0,0,0,0
0.121814,0.169175,1.09306,0,0,0,0,5.41308e-09,-6.70783e-09,3.94446e-09,1400,1389,1390,1399,1401,1409,1410,2982,2983,2992,2993,2994,3002,3003,0,0,0,0,0,0,0,0,0,1389,1390,1399,1401,1409,1410,2982,2983,2992,2993,2994,3002,3003,0,0,0,0,0,0,0,0,0,0.0520006,0.0463874,0.0501534,0.0509757,0.0451094,0.0513063,0.114695,0.111321,0.113821,0.099736,0.113052,0.111672,0.113965,0,0,0,0,0,0,0,0,0,0.0512796,0.0479788,0.051321,0.0516042,0.0470251,0.0504076,0.11371,0.112089,0.11373,0.1,0.113871,0.111634,0.113282,0,0,0,0,0,0,0,0,0,1,1,1,1,1,1,1,1,1,1,1,1,1,0,0,0,0,0,0,0,0,0,1,1,1,1,1,1,1,1,1,1,1,1,1,0,0,0,0,0,0,0,0,0,1,0,0,0,0,0,0,0,0,0,0,0,0,0,0,0,0,0,0,0,0,0,0,13,0,0,0,0,0,0,0,0,0,0,0,0,0,0,0,0,0,0,0,0,0,0,0,0,0,0,0,0,0,0,0,0,0,0,0,0,0,0,0,0,0,0,0,0,0,0,0,0
0.158909,0.193326,1.06777,0,0,0,0,7.83176e-09,-8.68929e-09,4.65079e-09,1401,1390,1391,1400,1402,1410,1411,2983,2984,2993,2994,2995,3003,3004,0,0,0,0,0,0,0,0,0,1390,1391,1400,1402,1410,1411,2983,2984,2993,2994,2995,3003,3004,0,0,0,0,0,0,0,0,0,0.0513098,0.0464798,0.0509757,0.0513849,0.044842,0.0509162,0.114267,0.111389,0.114065,0.0997508,0.11321,0.11139,0.113605,0,0,0,0,0,0,0,0,0,0.0507949,0.0476473,0.0516042,0.0518262,0.0465422,0.0499103,0.113467,0.111929,0.113873,0.1,0.113987,0.11141,0.113032,0,0,0,0,0,0,0,0,0,1,1,1,1,1,1,1,1,1,1,1,1,1,0,0,0,0,0,0,0,0,0,1,1,1,1,1,1,1,1,1,1,1,1,1,0,0,0,0,0,0,0,0,0,1,0,0,0,0,0,0,0,0,0,0,0,0,0,0,0,0,0,0,0,0,0,0,13,0,0,0,0,0,0,0,0,0,0,0,0,0,0,0,0,0,0,0,0,0,0,0,0,0,0,0,0,0,0,0,0,0,0,0,0,0,0,0,0,0,0,0,0,0,0,0,0
0.194943,0.216702,1.03957,0,0,0,0,1.07819e-08,-1.09185e-08,5.71795e-09,1402,1391,1392,1401,1403,1411,1412,2984,2985,2994,2995,2996,3004,3005,0,0,0,0,0,0,0,0,0,1391,1392,1401,1403,1411,1412,2984,2985,2994,2995,2996,3004,3005,0,0,0,0,0,0,0,0,0,0.0505804,0.0467037,0.0513849,0.0518198,0.0454515,0.0498261,0.113847,0.111524,0.113981,0.0997715,0.11345,0.111341,0.113017,0,0,0,0,0,0,0,0,0,0.0501767,0.0473308,0.0518262,0.0519174,0.0461885,0.0492556,0.113159,0.111778,0.113985,0.1,0.114037,0.111247,0.112709,0,0,0,0,0,0,0,0,0,1,1,1,1,1,1,1,1,1,1,1,1,1,0,0,0,0,0,0,0,0,0,1,1,1,1,1,1,1,1,1,1,1,1,1,0,0,0,0,0,0,0,0,0,1,0,0,0,0,0,0,0,0,0,0,0,0,0,0,0,0,0,0,0,0,0,0,13,0,0,0,0,0,0,0,0,0,0,0,0,0,0,0,0,0,0,0,0,0,0,0,0,0,0,0,0,0,0,0,0,0,0,0,0,0,0,0,0,0,0,0,0,0,0,0,0
0.230275,0.238838,1.0088,0,0,0,0,1.42866e-08,-1.33575e-08,7.21975e-09,1403,1392,1393,1402,1404,1412,1413,2985,2986,2995,2996,2997,3005,3006,0,0,0,0,0,0,0,0,0,1392,1393,1402,1404,1412,1413,2985,2986,2995,2996,2997,3005,3006,0,0,0,0,0,0,0,0,0,0.0495893,0.0466023,0.0518198,0.0519947,0.0454456,0.0487476,0.113281,0.111513,0.113986,0.0998224,0.113586,0.111201,0.112492,0,0,0,0,0,0,0,0,0,0.049442,0.0469696,0.0519174,0.0518532,0.0458529,0.0484771,0.112798,0.111606,0.114032,0.1,0.114007,0.111092,0.11233,0,0,0,0,0,0,0,0,0,1,1,1,1,1,1,1,1,1,1,1,1,1,0,0,0,0,0,0,0,0,0,1,1,1,1,1,1,1,1,1,1,1,1,1,0,0,0,0,0,0,0,0,0,1,0,0,0,0,0,0,0,0,0,0,0,0,0,0,0,0,0,0,0,0,0,0,13,0,0,0,0,0,0,0,0,0,0,0,0,0,0,0,0,0,0,0,0,0,0,0,0,0,0,0,0,0,0,0,0,0,0,0,0,0,0,0,0,0,0,0,0,0,0,0,0
0.264571,0.259798,0.975813,0,0,0,0,1.83634e-08,-1.60082e-08,9.08527e-09,1404,1393,1394,1403,1405,1413,1414,2986,2987,2996,2997,2998,3006,3007,0,0,0,0,0,0,0,0,0,1393,1394,1403,1405,1413,1414,2986,2987,2996,2997,2998,3006,3007,0,0,0,0,0,0,0,0,0,0.048562,0.0462955,0.0519947,0.0519151,0.045205,0.0476805,0.112718,0.111397,0.113953,0.0998672,0.113595,0.11102,0.111987,0,0,0,0,0,0,0,0,0,0.0486039,0.0465397,0.0518532,0.0516355,0.0454849,0.0476012,0.11239,0.111404,0.114,0.1,0.113898,0.110923,0.11191,0,0,0,0,0,0,0,0,0,1,1,1,1,1,1,1,1,1,1,1,1,1,0,0,0,0,0,0,0,0,0,1,1,1,1,1,1,1,1,1,1,1,1,1,0,0,0,0,0,0,0,0,0,1,0,0,0,0,0,0,0,0,0,0,0,0,0,0,0,0,0,0,0,0,0,0,13,0,0,0,0,0,0,0,0,0,0,0,0,0,0,0,0,0,0,0,0,0,0,0,0,0,0,0,0,0,0,0,0,0,0,0,0,0,0,0,0,0,0,0,0,0,0,0,0
0.297539,0.279597,0.940937,0,0,0,0,2.30125e-08,-1.88731e-08,1.12378e-08,1405,1394,1395,1404,1406,1414,1415,2987,2988,2997,2998,2999,3007,3008,0,0,0,0,0,0,0,0,0,1394,1395,1404,1406,1414,1415,2987,2988,2997,2998,2999,3007,3008,0,0,0,0,0,0,0,0,0,0.0475168,0.0458529,0.0519151,0.0516369,0.0448451,0.0466126,0.112167,0.111211,0.113844,0.0999033,0.113503,0.110813,0.111493,0,0,0,0,0,0,0,0,0,0.0476806,0.0460336,0.0516355,0.0512889,0.0450624,0.0466602,0.111948,0.111169,0.11389,0.1,0.113725,0.11073,0.111466,0,0,0,0,0,0,0,0,0,1,1,1,1,1,1,1,1,1,1,1,1,1,0,0,0,0,0,0,0,0,0,1,1,1,1,1,1,1,1,1,1,1,1,1,0,0,0,0,0,0,0,0,0,1,0,0,0,0,0,0,0,0,0,0,0,0,0,0,0,0,0,0,0,0,0,0,13,0,0,0,0,0,0,0,0,0,0,0,0,0,0,0,0,0,0,0,0,0,0,0,0,0,0,0,0,0,0,0,0,0,0,0,0,0,0,0,0,0,0,0,0,0,0,0,0
0.328966,0.298217,0.904441,0,0,0,0,2.82273e-08,-2.19598e-08,1.36042e-08,1406,1395,1396,1405,1407,1415,1416,2988,2989,2998,2999,3000,3008,3009,0,0,0,0,0,0,0,0,0,1395,1396,1405,1407,1415,1416,2988,2989,2998,2999,3000,3008,3009,0,0,0,0,0,0,0,0,0,0.0464607,0.0453106,0.0516369,0.0512429,0.0444,0.045569,0.111629,0.110975,0.113668,0.0999305,0.11335,0.110585,0.11102,0,0,0,0,0,0,0,0,0,0.0467017,0.0454553,0.0512889,0.0508699,0.0445793,0.0457055,0.111486,0.110903,0.113716,0.1,0.113516,0.110511,0.111024,0,0,0,0,0,0,0,0,0,1,1,1,1,1,1,1,1,1,1,1,1,1,0,0,0,0,0,0,0,0,0,1,1,1,1,1,1,1,1,1,1,1,1,1,0,0,0,0,0,0,0,0,0,1,0,0,0,0,0,0,0,0,0,0,0,0,0,0,0,0,0,0,0,0,0,0,13,0,0,0,0,0,0,0,0,0,0,0,0,0,0,0,0,0,0,0,0,0,0,0,0,0,0,0,0,0,0,0,0,0,0,0,0,0,0,0,0,0,0,0,0,0,0,0,0
0.358709,0.315665,0.866536,0,0,0,0,3.40012e-08,-2.52858e-08,1.61128e-08,1407,1396,1397,1406,1408,1416,1417,2989,2990,2999,3000,3001,3009,3010,0,0,0,0,0,0,0,0,0,1396,1397,1406,1408,1416,1417,2989,2990,2999,3000,3001,3009,3010,0,0,0,0,0,0,0,0,0,0.0454316,0.0446981,0.0512429,0.0508628,0.0438887,0.044629,0.11112,0.110705,0.113454,0.0999506,0.113199,0.11034,0.110605,0,0,0,0,0,0,0,0,0,0.0457235,0.0448219,0.0508699,0.0504877,0.044041,0.0448351,0.111033,0.110615,0.113507,0.1,0.113327,0.11027,0.110627,0,0,0,0,0,0,0,0,0,1,1,1,1,1,1,1,1,1,1,1,1,1,0,0,0,0,0,0,0,0,0,1,1,1,1,1,1,1,1,1,1,1,1,1,0,0,0,0,0,0,0,0,0,1,0,0,0,0,0,0,0,0,0,0,0,0,0,0,0,0,0,0,0,0,0,0,13,0,0,0,0,0,0,0,0,0,0,0,0,0,0,0,0,0,0,0,0,0,0,0,0,0,0,0,0,0,0,0,0,0,0,0,0,0,0,0,0,0,0,0,0,0,0,0,0
0.386673,0.332024,0.827326,0,0,0,0,4.03345e-08,-2.88905e-08,1.8682e-08,1408,80,81,1397,1398,1407,1417,1673,1674,2990,2991,3000,3001,3010,0,0,0,0,0,0,0,0,0,80,81,1397,1398,1407,1417,1673,1674,2990,2991,3000,3001,3010,0,0,0,0,0,0,0,0,0,0.0439113,0.0506784,0.0445357,0.0440521,0.0508628,0.04333,0.110306,0.113132,0.110687,0.110417,0.11326,0.099966,0.110087,0,0,0,0,0,0,0,0,0,0.0441858,0.0503024,0.0448665,0.044166,0.0504877,0.0434638,0.110334,0.113236,0.110642,0.11032,0.113317,0.1,0.110014,0,0,0,0,0,0,0,0,0,1,1,1,1,1,1,1,1,1,1,1,1,1,0,0,0,0,0,0,0,0,0,1,1,1,1,1,1,1,1,1,1,1,1,1,0,0,0,0,0,0,0,0,0,1,0,0,0,0,0,0,0,0,0,0,0,0,0,0,0,0,0,0,0,0,0,0,13,0,0,0,0,0,0,0,0,0,0,0,0,0,0,0,0,0,0,0,0,0,0,0,0,0,0,0,0,0,0,0,0,0,0,0,0,0,0,0,0,0,0,0,0,0,0,0,0
0.0839645,0.193394,1.09703,0,0,0,0,3.50355e-09,-7.82222e-09,-1.98652e-10,1409,61,62,1399,1400,1410,1418,1654,1655,2992,2993,3002,3003,3011,0,0,0,0,0,0,0,0,0,61,62,1399,1400,1410,1418,1654,1655,2992,2993,3002,3003,3011,0,0,0,0,0,0,0,0,0,0.0446658,0.040038,0.0517652,0.0451094,0.0496439,0.0497763,0.11248,0.110412,0.11421,0.110625,0.0993628,0.112224,0.113136,0,0,0,0,0,0,0,0,0,0.0475145,0.04188,0.0506778,0.0470251,0.0504338,0.0496219,0.112005,0.109519,0.11341,0.11164,0.1,0.113279,0.112898,0,0,0,0,0,0,0,0,0,1,1,1,1,1,1,1,1,1,1,1,1,1,0,0,0,0,0,0,0,0,0,1,1,1,1,1,1,1,1,1,1,1,1,1,0,0,0,0,0,0,0,0,0,1,0,0,0,0,0,0,0,0,0,0,0,0,0,0,0,0,0,0,0,0,0,0,13,0,0,0,0,0,0,0,0,0,0,0,0,0,0,0,0,0,0,0,0,0,0,0,0,0,0,0,0,0,0,0,0,0,0,0,0,0,0,0,0,0,0,0,0,0,0,0,0
0.121007,0.216598,1.07349,0,0,0,0,5.38543e-09,-9.99235e-09,-3.47217e-10,1410,1400,1401,1409,1411,1418,1419,2993,2994,3002,3003,3004,3011,3012,0,0,0,0,0,0,0,0,0,1400,1401,1409,1411,1418,1419,2993,2994,3002,3003,3004,3011,3012,0,0,0,0,0,0,0,0,0,0.0513063,0.044842,0.0496439,0.0499593,0.042939,0.0510433,0.114261,0.110634,0.113535,0.0997543,0.112424,0.110976,0.113467,0,0,0,0,0,0,0,0,0,0.0504076,0.0465422,0.0504338,0.0507136,0.045572,0.0493282,0.113276,0.111412,0.113286,0.1,0.113422,0.11096,0.112752,0,0,0,0,0,0,0,0,0,1,1,1,1,1,1,1,1,1,1,1,1,1,0,0,0,0,0,0,0,0,0,1,1,1,1,1,1,1,1,1,1,1,1,1,0,0,0,0,0,0,0,0,0,1,0,0,0,0,0,0,0,0,0,0,0,0,0,0,0,0,0,0,0,0,0,0,13,0,0,0,0,0,0,0,0,0,0,0,0,0,0,0,0,0,0,0,0,0,0,0,0,0,0,0,0,0,0,0,0,0,0,0,0,0,0,0,0,0,0,0,0,0,0,0,0
0.156488,0.239757,1.04702,0,0,0,0,7.74002e-09,-1.24886e-08,-2.65151e-10,1411,1401,1402,1410,1412,1419,1420,2994,2995,3003,3004,3005,3012,3013,0,0,0,0,0,0,0,0,0,1401,1402,1410,1412,1419,1420,2994,2995,3003,3004,3005,3012,3013,0,0,0,0,0,0,0,0,0,0.0509162,0.0454515,0.0499593,0.0507478,0.0443613,0.0498876,0.113952,0.110906,0.113461,0.099671,0.112806,0.11085,0.112898,0,0,0,0,0,0,0,0,0,0.0499103,0.0461885,0.0507136,0.050911,0.045097,0.0488147,0.113029,0.111246,0.113425,0.1,0.113524,0.110745,0.1125,0,0,0,0,0,0,0,0,0,1,1,1,1,1,1,1,1,1,1,1,1,1,0,0,0,0,0,0,0,0,0,1,1,1,1,1,1,1,1,1,1,1,1,1,0,0,0,0,0,0,0,0,0,1,0,0,0,0,0,0,0,0,0,0,0,0,0,0,0,0,0,0,0,0,0,0,13,0,0,0,0,0,0,0,0,0,0,0,0,0,0,0,0,0,0,0,0,0,0,0,0,0,0,0,0,0,0,0,0,0,0,0,0,0,0,0,0,0,0,0,0,0,0,0,0
0.19189,0.261429,1.01782,0,0,0,0,1.05983e-08,-1.5202e-08,3.50002e-10,1412,1402,1403,1411,1413,1420,1421,2995,2996,3004,3005,3006,3013,3014,0,0,0,0,0,0,0,0,0,1402,1403,1411,1413,1420,1421,2995,2996,3004,3005,3006,3013,3014,0,0,0,0,0,0,0,0,0,0.0498261,0.0454456,0.0507478,0.0511544,0.0443061,0.0488052,0.113319,0.110946,0.1135,0.0997314,0.113077,0.110736,0.112388,0,0,0,0,0,0,0,0,0,0.0492556,0.0458529,0.050911,0.0509748,0.0447294,0.0481405,0.112708,0.11109,0.113524,0.1,0.113559,0.110579,0.112173,0,0,0,0,0,0,0,0,0,1,1,1,1,1,1,1,1,1,1,1,1,1,0,0,0,0,0,0,0,0,0,1,1,1,1,1,1,1,1,1,1,1,1,1,0,0,0,0,0,0,0,0,0,1,0,0,0,0,0,0,0,0,0,0,0,0,0,0,0,0,0,0,0,0,0,0,13,0,0,0,0,0,0,0,0,0,0,0,0,0,0,0,0,0,0,0,0,0,0,0,0,0,0,0,0,0,0,0,0,0,0,0,0,0,0,0,0,0,0,0,0,0,0,0,0
0.226575,0.281928,0.986304,0,0,0,0,1.3984e-08,-1.81377e-08,1.40229e-09,1413,1403,1404,1412,1414,1421,1422,2996,2997,3005,3006,3007,3014,3015,0,0,0,0,0,0,0,0,0,1403,1404,1412,1414,1421,1422,2996,2997,3005,3006,3007,3014,3015,0,0,0,0,0,0,0,0,0,0.0487476,0.045205,0.0511544,0.0512404,0.0440563,0.0477444,0.112735,0.110873,0.11354,0.0998015,0.11319,0.11053,0.11192,0,0,0,0,0,0,0,0,0,0.0484771,0.0454849,0.0509748,0.0508904,0.0443806,0.0473454,0.11233,0.11092,0.113557,0.1,0.11352,0.110423,0.111794,0,0,0,0,0,0,0,0,0,1,1,1,1,1,1,1,1,1,1,1,1,1,0,0,0,0,0,0,0,0,0,1,1,1,1,1,1,1,1,1,1,1,1,1,0,0,0,0,0,0,0,0,0,1,0,0,0,0,0,0,0,0,0,0,0,0,0,0,0,0,0,0,0,0,0,0,13,0,0,0,0,0,0,0,0,0,0,0,0,0,0,0,0,0,0,0,0,0,0,0,0,0,0,0,0,0,0,0,0,0,0,0,0,0,0,0,0,0,0,0,0,0,0,0,0
0.260142,0.30132,0.952795,0,0,0,0,1.79045e-08,-2.12926e-08,2.81502e-09,1414,1404,1405,1413,1415,1422,1423,2997,2998,3006,3007,3008,3015,3016,0,0,0,0,0,0,0,0,0,1404,1405,1413,1415,1422,1423,2997,2998,3006,3007,3008,3015,3016,0,0,0,0,0,0,0,0,0,0.0476805,0.0448451,0.0512404,0.0510967,0.0437345,0.0466807,0.11218,0.110736,0.1135,0.0998538,0.113179,0.110338,0.111447,0,0,0,0,0,0,0,0,0,0.0476012,0.0450624,0.0508904,0.0506715,0.0440078,0.0464681,0.111911,0.110726,0.113515,0.1,0.113413,0.110256,0.111381,0,0,0,0,0,0,0,0,0,1,1,1,1,1,1,1,1,1,1,1,1,1,0,0,0,0,0,0,0,0,0,1,1,1,1,1,1,1,1,1,1,1,1,1,0,0,0,0,0,0,0,0,0,1,0,0,0,0,0,0,0,0,0,0,0,0,0,0,0,0,0,0,0,0,0,0,13,0,0,0,0,0,0,0,0,0,0,0,0,0,0,0,0,0,0,0,0,0,0,0,0,0,0,0,0,0,0,0,0,0,0,0,0,0,0,0,0,0,0,0,0,0,0,0,0
0.292333,0.319594,0.917573,0,0,0,0,2.2363e-08,-2.46667e-08,4.52107e-09,1415,1405,1406,1414,1416,1423,1424,2998,2999,3007,3008,3009,3016,3017,0,0,0,0,0,0,0,0,0,1405,1406,1414,1416,1423,1424,2998,2999,3007,3008,3009,3016,3017,0,0,0,0,0,0,0,0,0,0.0466126,0.0444,0.0510967,0.0508077,0.0433593,0.0456361,0.111645,0.110554,0.113385,0.0998942,0.11309,0.110138,0.110988,0,0,0,0,0,0,0,0,0,0.0466602,0.0445793,0.0506715,0.0503616,0.0435921,0.0455608,0.111468,0.110507,0.113406,0.1,0.11326,0.110072,0.110961,0,0,0,0,0,0,0,0,0,1,1,1,1,1,1,1,1,1,1,1,1,1,0,0,0,0,0,0,0,0,0,1,1,1,1,1,1,1,1,1,1,1,1,1,0,0,0,0,0,0,0,0,0,1,0,0,0,0,0,0,0,0,0,0,0,0,0,0,0,0,0,0,0,0,0,0,13,0,0,0,0,0,0,0,0,0,0,0,0,0,0,0,0,0,0,0,0,0,0,0,0,0,0,0,0,0,0,0,0,0,0,0,0,0,0,0,0,0,0,0,0,0,0,0,0
0.322978,0.336746,0.880856,0,0,0,0,2.73616e-08,-2.8269e-08,6.45342e-09,1416,1406,1407,1415,1417,1424,1425,2999,3000,3008,3009,3010,3017,3018,0,0,0,0,0,0,0,0,0,1406,1407,1415,1417,1424,1425,2999,3000,3008,3009,3010,3017,3018,0,0,0,0,0,0,0,0,0,0.045569,0.0438887,0.0508077,0.0504797,0.0429306,0.0446786,0.111138,0.110337,0.113221,0.0999238,0.112974,0.109929,0.110577,0,0,0,0,0,0,0,0,0,0.0457055,0.044041,0.0503616,0.05004,0.0431283,0.0447121,0.111026,0.110265,0.113253,0.1,0.113103,0.109867,0.110574,0,0,0,0,0,0,0,0,0,1,1,1,1,1,1,1,1,1,1,1,1,1,0,0,0,0,0,0,0,0,0,1,1,1,1,1,1,1,1,1,1,1,1,1,0,0,0,0,0,0,0,0,0,1,0,0,0,0,0,0,0,0,0,0,0,0,0,0,0,0,0,0,0,0,0,0,13,0,0,0,0,0,0,0,0,0,0,0,0,0,0,0,0,0,0,0,0,0,0,0,0,0,0,0,0,0,0,0,0,0,0,0,0,0,0,0,0,0,0,0,0,0,0,0,0
0.351948,0.352832,0.842775,0,0,0,0,3.29046e-08,-3.21277e-08,8.5352e-09,1417,79,80,1407,1408,1416,1425,1672,1673,3000,3001,3009,3010,3018,0,0,0,0,0,0,0,0,0,79,80,1407,1408,1416,1425,1672,1673,3000,3001,3009,3010,3018,0,0,0,0,0,0,0,0,0,0.043899,0.0502476,0.044629,0.04333,0.0504797,0.0424518,0.110259,0.112889,0.110692,0.110093,0.113054,0.0999463,0.109712,0,0,0,0,0,0,0,0,0,0.0440339,0.0498163,0.0448351,0.0434638,0.05004,0.042619,0.110269,0.112994,0.110629,0.110009,0.113094,0.1,0.109645,0,0,0,0,0,0,0,0,0,1,1,1,1,1,1,1,1,1,1,1,1,1,0,0,0,0,0,0,0,0,0,1,1,1,1,1,1,1,1,1,1,1,1,1,0,0,0,0,0,0,0,0,0,1,0,0,0,0,0,0,0,0,0,0,0,0,0,0,0,0,0,0,0,0,0,0,13,0,0,0,0,0,0,0,0,0,0,0,0,0,0,0,0,0,0,0,0,0,0,0,0,0,0,0,0,0,0,0,0,0,0,0,0,0,0,0,0,0,0,0,0,0,0,0,0
0.0839492,0.238207,1.07536,0,0,0,0,3.51466e-09,-1.14245e-08,-4.60248e-09,1418,62,63,1409,1410,1419,1426,1655,1656,3002,3003,3011,3012,3019,0,0,0,0,0,0,0,0,0,62,63,1409,1410,1419,1426,1655,1656,3002,3003,3011,3012,3019,0,0,0,0,0,0,0,0,0,0.0436516,0.038594,0.0497763,0.042939,0.0486835,0.0508884,0.112,0.109792,0.113428,0.109946,0.100066,0.111792,0.113724,0,0,0,0,0,0,0,0,0,0.0469194,0.0407012,0.0496219,0.045572,0.0495037,0.0518177,0.111709,0.109007,0.112889,0.110966,0.1,0.112821,0.11385,0,0,0,0,0,0,0,0,0,1,1,1,1,1,1,1,1,1,1,1,1,1,0,0,0,0,0,0,0,0,0,1,1,1,1,1,1,1,1,1,1,1,1,1,0,0,0,0,0,0,0,0,0,1,0,0,0,0,0,0,0,0,0,0,0,0,0,0,0,0,0,0,0,0,0,0,13,0,0,0,0,0,0,0,0,0,0,0,0,0,0,0,0,0,0,0,0,0,0,0,0,0,0,0,0,0,0,0,0,0,0,0,0,0,0,0,0,0,0,0,0,0,0,0,0
0.118384,0.262179,1.05067,0,0,0,0,5.32653e-09,-1.41737e-08,-5.62328e-09,1419,1410,1411,1418,1420,1426,1427,3003,3004,3011,3012,3013,3019,3020,0,0,0,0,0,0,0,0,0,1410,1411,1418,1420,1426,1427,3003,3004,3011,3012,3013,3019,3020,0,0,0,0,0,0,0,0,0,0.0510433,0.0443613,0.0486835,0.0496737,0.039469,0.0500051,0.113897,0.110273,0.113092,0.0993511,0.11209,0.109175,0.112567,0,0,0,0,0,0,0,0,0,0.0493282,0.045097,0.0495037,0.0497503,0.040356,0.0481037,0.112745,0.110748,0.112827,0.1,0.112945,0.108849,0.112162,0,0,0,0,0,0,0,0,0,1,1,1,1,1,1,1,1,1,1,1,1,1,0,0,0,0,0,0,0,0,0,1,1,1,1,1,1,1,1,1,1,1,1,1,0,0,0,0,0,0,0,0,0,1,0,0,0,0,0,0,0,0,0,0,0,0,0,0,0,0,0,0,0,0,0,0,13,0,0,0,0,0,0,0,0,0,0,0,0,0,0,0,0,0,0,0,0,0,0,0,0,0,0,0,0,0,0,0,0,0,0,0,0,0,0,0,0,0,0,0,0,0,0,0,0
0.153791,0.283431,1.02306,0,0,0,0,7.63559e-09,-1.7185e-08,-5.8668e-09,1420,1411,1412,1419,1421,1427,1428,3004,3005,3012,3013,3014,3020,3021,0,0,0,0,0,0,0,0,0,1411,1412,1419,1421,1427,1428,3004,3005,3012,3013,3014,3020,3021,0,0,0,0,0,0,0,0,0,0.0498876,0.0443061,0.0496737,0.0501498,0.043185,0.0488031,0.113259,0.110389,0.11296,0.0996405,0.112494,0.110174,0.112262,0,0,0,0,0,0,0,0,0,0.0488147,0.0447294,0.0497503,0.0499095,0.0436457,0.0475723,0.112495,0.11058,0.112948,0.1,0.113026,0.110095,0.111907,0,0,0,0,0,0,0,0,0,1,1,1,1,1,1,1,1,1,1,1,1,1,0,0,0,0,0,0,0,0,0,1,1,1,1,1,1,1,1,1,1,1,1,1,0,0,0,0,0,0,0,0,0,1,0,0,0,0,0,0,0,0,0,0,0,0,0,0,0,0,0,0,0,0,0,0,13,0,0,0,0,0,0,0,0,0,0,0,0,0,0,0,0,0,0,0,0,0,0,0,0,0,0,0,0,0,0,0,0,0,0,0,0,0,0,0,0,0,0,0,0,0,0,0,0
0.188754,0.303447,0.993194,0,0,0,0,1.04046e-08,-2.04021e-08,-5.62323e-09,1421,1412,1413,1420,1422,1428,1429,3005,3006,3013,3014,3015,3021,3022,0,0,0,0,0,0,0,0,0,1412,1413,1420,1422,1428,1429,3005,3006,3013,3014,3015,3021,3022,0,0,0,0,0,0,0,0,0,0.0488052,0.0440563,0.0501498,0.0503571,0.0428419,0.0477292,0.112659,0.110314,0.113074,0.099711,0.112677,0.110041,0.111793,0,0,0,0,0,0,0,0,0,0.0481405,0.0443806,0.0499095,0.0499445,0.0432701,0.0468911,0.11217,0.110422,0.113027,0.1,0.113046,0.10993,0.111584,0,0,0,0,0,0,0,0,0,1,1,1,1,1,1,1,1,1,1,1,1,1,0,0,0,0,0,0,0,0,0,1,1,1,1,1,1,1,1,1,1,1,1,1,0,0,0,0,0,0,0,0,0,1,0,0,0,0,0,0,0,0,0,0,0,0,0,0,0,0,0,0,0,0,0,0,13,0,0,0,0,0,0,0,0,0,0,0,0,0,0,0,0,0,0,0,0,0,0,0,0,0,0,0,0,0,0,0,0,0,0,0,0,0,0,0,0,0,0,0,0,0,0,0,0
0.222756,0.322384,0.96124,0,0,0,0,1.36637e-08,-2.38502e-08,-4.96487e-09,1422,1413,1414,1421,1423,1429,1430,3006,3007,3014,3015,3016,3022,3023,0,0,0,0,0,0,0,0,0,1413,1414,1421,1423,1429,1430,3006,3007,3014,3015,3016,3022,3023,0,0,0,0,0,0,0,0,0,0.0477444,0.0437345,0.0503571,0.0503358,0.0425468,0.0466656,0.112126,0.110211,0.113067,0.0997956,0.112747,0.109845,0.111354,0,0,0,0,0,0,0,0,0,0.0473454,0.0440078,0.0499445,0.049851,0.0429137,0.0461057,0.111792,0.110254,0.113045,0.1,0.113003,0.109774,0.111217,0,0,0,0,0,0,0,0,0,1,1,1,1,1,1,1,1,1,1,1,1,1,0,0,0,0,0,0,0,0,0,1,1,1,1,1,1,1,1,1,1,1,1,1,0,0,0,0,0,0,0,0,0,1,0,0,0,0,0,0,0,0,0,0,0,0,0,0,0,0,0,0,0,0,0,0,13,0,0,0,0,0,0,0,0,0,0,0,0,0,0,0,0,0,0,0,0,0,0,0,0,0,0,0,0,0,0,0,0,0,0,0,0,0,0,0,0,0,0,0,0,0,0,0,0
0.255533,0.340271,0.927484,0,0,0,0,1.74216e-08,-2.75198e-08,-3.95157e-09,1423,1414,1415,1422,1424,1430,1431,3007,3008,3015,3016,3017,3023,3024,0,0,0,0,0,0,0,0,0,1414,1415,1422,1424,1430,1431,3007,3008,3015,3016,3017,3023,3024,0,0,0,0,0,0,0,0,0,0.0466807,0.0433593,0.0503358,0.0501608,0.0422251,0.0456262,0.111606,0.110072,0.113006,0.0998512,0.112727,0.109668,0.110915,0,0,0,0,0,0,0,0,0,0.0464681,0.0435921,0.049851,0.0496577,0.0425395,0.0452719,0.11138,0.110069,0.112999,0.1,0.11291,0.109612,0.110833,0,0,0,0,0,0,0,0,0,1,1,1,1,1,1,1,1,1,1,1,1,1,0,0,0,0,0,0,0,0,0,1,1,1,1,1,1,1,1,1,1,1,1,1,0,0,0,0,0,0,0,0,0,1,0,0,0,0,0,0,0,0,0,0,0,0,0,0,0,0,0,0,0,0,0,0,13,0,0,0,0,0,0,0,0,0,0,0,0,0,0,0,0,0,0,0,0,0,0,0,0,0,0,0,0,0,0,0,0,0,0,0,0,0,0,0,0,0,0,0,0,0,0,0,0
0.286902,0.357097,0.892143,0,0,0,0,2.169e-08,-3.14126e-08,-2.64129e-09,1424,1415,1416,1423,1425,1431,1432,3008,3009,3016,3017,3018,3024,3025,0,0,0,0,0,0,0,0,0,1415,1416,1423,1425,1431,1432,3008,3009,3016,3017,3018,3024,3025,0,0,0,0,0,0,0,0,0,0.0456361,0.0429306,0.0501608,0.0499164,0.0418667,0.0446708,0.111111,0.109902,0.112894,0.0998925,0.112662,0.109486,0.110518,0,0,0,0,0,0,0,0,0,0.0455608,0.0431283,0.0496577,0.0494251,0.0421308,0.0444773,0.110961,0.109864,0.112905,0.1,0.112798,0.109435,0.110472,0,0,0,0,0,0,0,0,0,1,1,1,1,1,1,1,1,1,1,1,1,1,0,0,0,0,0,0,0,0,0,1,1,1,1,1,1,1,1,1,1,1,1,1,0,0,0,0,0,0,0,0,0,1,0,0,0,0,0,0,0,0,0,0,0,0,0,0,0,0,0,0,0,0,0,0,13,0,0,0,0,0,0,0,0,0,0,0,0,0,0,0,0,0,0,0,0,0,0,0,0,0,0,0,0,0,0,0,0,0,0,0,0,0,0,0,0,0,0,0,0,0,0,0,0
0.316718,0.372898,0.85536,0,0,0,0,2.64791e-08,-3.55459e-08,-1.10298e-09,1425,78,79,1416,1417,1424,1432,1671,1672,3009,3010,3017,3018,3025,0,0,0,0,0,0,0,0,0,78,79,1416,1417,1424,1432,1671,1672,3009,3010,3017,3018,3025,0,0,0,0,0,0,0,0,0,0.043881,0.0497138,0.0446786,0.0424518,0.0499164,0.0414632,0.110205,0.112598,0.110666,0.109701,0.112766,0.0999231,0.1093,0,0,0,0,0,0,0,0,0,0.0438301,0.0492377,0.0447121,0.042619,0.0494251,0.0416804,0.110182,0.112708,0.110575,0.109641,0.112792,0.1,0.109243,0,0,0,0,0,0,0,0,0,1,1,1,1,1,1,1,1,1,1,1,1,1,0,0,0,0,0,0,0,0,0,1,1,1,1,1,1,1,1,1,1,1,1,1,0,0,0,0,0,0,0,0,0,1,0,0,0,0,0,0,0,0,0,0,0,0,0,0,0,0,0,0,0,0,0,0,13,0,0,0,0,0,0,0,0,0,0,0,0,0,0,0,0,0,0,0,0,0,0,0,0,0,0,0,0,0,0,0,0,0,0,0,0,0,0,0,0,0,0,0,0,0,0,0,0
0.084387,0.28221,1.0498,0,0,0,0,3.51036e-09,-1.59849e-08,-9.88141e-09,1426,63,64,1418,1419,1427,1433,1656,1657,3011,3012,3019,3020,3026,0,0,0,0,0,0,0,0,0,63,64,1418,1419,1427,1433,1656,1657,3011,3012,3019,3020,3026,0,0,0,0,0,0,0,0,0,0.0427037,0.0358722,0.0508884,0.039469,0.0465141,0.0513646,0.111193,0.108246,0.114077,0.10818,0.0999154,0.110587,0.114036,0,0,0,0,0,0,0,0,0,0.0446583,0.0361866,0.0518177,0.040356,0.0464287,0.0534308,0.110604,0.107116,0.114143,0.108558,0.1,0.111283,0.11485,0,0,0,0,0,0,0,0,0,1,1,1,1,1,1,1,1,1,1,1,1,1,0,0,0,0,0,0,0,0,0,1,1,1,1,1,1,1,1,1,1,1,1,1,0,0,0,0,0,0,0,0,0,1,0,0,0,0,0,0,0,0,0,0,0,0,0,0,0,0,0,0,0,0,0,0,13,0,0,0,0,0,0,0,0,0,0,0,0,0,0,0,0,0,0,0,0,0,0,0,0,0,0,0,0,0,0,0,0,0,0,0,0,0,0,0,0,0,0,0,0,0,0,0,0
0.116291,0.304795,1.02459,0,0,0,0,5.3008e-09,-1.92975e-08,-1.14611e-08,1427,1419,1420,1426,1428,1433,1434,3012,3013,3019,3020,3021,3026,3027,0,0,0,0,0,0,0,0,0,1419,1420,1426,1428,1433,1434,3012,3013,3019,3020,3021,3026,3027,0,0,0,0,0,0,0,0,0,0.0500051,0.043185,0.0465141,0.0490704,0.0382165,0.049137,0.112943,0.109688,0.111844,0.0992178,0.111755,0.108806,0.112049,0,0,0,0,0,0,0,0,0,0.0481037,0.0436457,0.0464287,0.0487404,0.0392104,0.0467751,0.112155,0.110098,0.111473,0.1,0.112452,0.108368,0.111534,0,0,0,0,0,0,0,0,0,1,1,1,1,1,1,1,1,1,1,1,1,1,0,0,0,0,0,0,0,0,0,1,1,1,1,1,1,1,1,1,1,1,1,1,0,0,0,0,0,0,0,0,0,1,0,0,0,0,0,0,0,0,0,0,0,0,0,0,0,0,0,0,0,0,0,0,13,0,0,0,0,0,0,0,0,0,0,0,0,0,0,0,0,0,0,0,0,0,0,0,0,0,0,0,0,0,0,0,0,0,0,0,0,0,0,0,0,0,0,0,0,0,0,0,0
0.151437,0.324245,0.996406,0,0,0,0,7.5416e-09,-2.28074e-08,-1.19676e-08,1428,1420,1421,1427,1429,1434,1435,3013,3014,3020,3021,3022,3027,3028,0,0,0,0,0,0,0,0,0,1420,1421,1427,1429,1434,1435,3013,3014,3020,3021,3022,3027,3028,0,0,0,0,0,0,0,0,0,0.0488031,0.0428419,0.0490704,0.0492595,0.0415635,0.0477388,0.112549,0.109729,0.112484,0.0996408,0.112078,0.109489,0.11171,0,0,0,0,0,0,0,0,0,0.0475723,0.0432701,0.0487404,0.0488591,0.0421941,0.046232,0.111901,0.109931,0.112456,0.1,0.112512,0.109462,0.11128,0,0,0,0,0,0,0,0,0,1,1,1,1,1,1,1,1,1,1,1,1,1,0,0,0,0,0,0,0,0,0,1,1,1,1,1,1,1,1,1,1,1,1,1,0,0,0,0,0,0,0,0,0,1,0,0,0,0,0,0,0,0,0,0,0,0,0,0,0,0,0,0,0,0,0,0,13,0,0,0,0,0,0,0,0,0,0,0,0,0,0,0,0,0,0,0,0,0,0,0,0,0,0,0,0,0,0,0,0,0,0,0,0,0,0,0,0,0,0,0,0,0,0,0,0
0.185712,0.34271,0.966227,0,0,0,0,1.02057e-08,-2.6533e-08,-1.20535e-08,1429,1421,1422,1428,1430,1435,1436,3014,3015,3021,3022,3023,3028,3029,0,0,0,0,0,0,0,0,0,1421,1422,1428,1430,1435,1436,3014,3015,3021,3022,3023,3028,3029,0,0,0,0,0,0,0,0,0,0.0477292,0.0425468,0.0492595,0.0493534,0.0412922,0.0465907,0.112007,0.109648,0.112569,0.0997216,0.112211,0.109376,0.111221,0,0,0,0,0,0,0,0,0,0.0468911,0.0429137,0.0488591,0.0488734,0.041814,0.0455629,0.11158,0.109774,0.112514,0.1,0.112522,0.1093,0.11097,0,0,0,0,0,0,0,0,0,1,1,1,1,1,1,1,1,1,1,1,1,1,0,0,0,0,0,0,0,0,0,1,1,1,1,1,1,1,1,1,1,1,1,1,0,0,0,0,0,0,0,0,0,1,0,0,0,0,0,0,0,0,0,0,0,0,0,0,0,0,0,0,0,0,0,0,13,0,0,0,0,0,0,0,0,0,0,0,0,0,0,0,0,0,0,0,0,0,0,0,0,0,0,0,0,0,0,0,0,0,0,0,0,0,0,0,0,0,0,0,0,0,0,0,0
0.21889,0.360171,0.934131,0,0,0,0,1.33278e-08,-3.04929e-08,-1.17417e-08,1430,1422,1423,1429,1431,1436,1437,3015,3016,3022,3023,3024,3029,3030,0,0,0,0,0,0,0,0,0,1422,1423,1429,1431,1436,1437,3015,3016,3022,3023,3024,3029,3030,0,0,0,0,0,0,0,0,0,0.0466656,0.0422251,0.0493534,0.0493033,0.0410317,0.0455371,0.111516,0.109551,0.112539,0.0998057,0.112268,0.109196,0.110802,0,0,0,0,0,0,0,0,0,0.0461057,0.0425395,0.0488734,0.0487934,0.0414543,0.0448271,0.111214,0.109611,0.112521,0.1,0.112485,0.109147,0.110634,0,0,0,0,0,0,0,0,0,1,1,1,1,1,1,1,1,1,1,1,1,1,0,0,0,0,0,0,0,0,0,1,1,1,1,1,1,1,1,1,1,1,1,1,0,0,0,0,0,0,0,0,0,1,0,0,0,0,0,0,0,0,0,0,0,0,0,0,0,0,0,0,0,0,0,0,13,0,0,0,0,0,0,0,0,0,0,0,0,0,0,0,0,0,0,0,0,0,0,0,0,0,0,0,0,0,0,0,0,0,0,0,0,0,0,0,0,0,0,0,0,0,0,0,0
0.250799,0.376644,0.900349,0,0,0,0,1.69225e-08,-3.46784e-08,-1.10801e-08,1431,1423,1424,1430,1432,1437,1438,3016,3017,3023,3024,3025,3030,3031,0,0,0,0,0,0,0,0,0,1423,1424,1430,1432,1437,1438,3016,3017,3023,3024,3025,3030,3031,0,0,0,0,0,0,0,0,0,0.0456262,0.0418667,0.0493033,0.0491707,0.0407315,0.0445938,0.111037,0.109422,0.112482,0.0998583,0.112266,0.109033,0.110424,0,0,0,0,0,0,0,0,0,0.0452719,0.0421308,0.0487934,0.0486638,0.0410809,0.0441165,0.110831,0.109433,0.112483,0.1,0.112425,0.108989,0.110314,0,0,0,0,0,0,0,0,0,1,1,1,1,1,1,1,1,1,1,1,1,1,0,0,0,0,0,0,0,0,0,1,1,1,1,1,1,1,1,1,1,1,1,1,0,0,0,0,0,0,0,0,0,1,0,0,0,0,0,0,0,0,0,0,0,0,0,0,0,0,0,0,0,0,0,0,13,0,0,0,0,0,0,0,0,0,0,0,0,0,0,0,0,0,0,0,0,0,0,0,0,0,0,0,0,0,0,0,0,0,0,0,0,0,0,0,0,0,0,0,0,0,0,0,0
0.28129,0.392149,0.865027,0,0,0,0,2.10064e-08,-3.90982e-08,-1.01265e-08,1432,77,78,1424,1425,1431,1438,1670,1671,3017,3018,3024,3025,3031,0,0,0,0,0,0,0,0,0,77,78,1424,1425,1431,1438,1670,1671,3017,3018,3024,3025,3031,0,0,0,0,0,0,0,0,0,0.0438343,0.0490485,0.0446708,0.0414632,0.0491707,0.0403939,0.110135,0.112246,0.110606,0.109263,0.112402,0.0998978,0.10887,0,0,0,0,0,0,0,0,0,0.0435502,0.0485545,0.0444773,0.0416804,0.0486638,0.0406768,0.110061,0.112374,0.110471,0.10924,0.112421,0.1,0.10882,0,0,0,0,0,0,0,0,0,1,1,1,1,1,1,1,1,1,1,1,1,1,0,0,0,0,0,0,0,0,0,1,1,1,1,1,1,1,1,1,1,1,1,1,0,0,0,0,0,0,0,0,0,1,0,0,0,0,0,0,0,0,0,0,0,0,0,0,0,0,0,0,0,0,0,0,13,0,0,0,0,0,0,0,0,0,0,0,0,0,0,0,0,0,0,0,0,0,0,0,0,0,0,0,0,0,0,0,0,0,0,0,0,0,0,0,0,0,0,0,0,0,0,0,0
0.0837734,0.324475,1.02062,0,0,0,0,3.52128e-09,-2.16954e-08,-1.5964e-08,1433,64,65,1426,1427,1434,1439,1657,1658,3019,3020,3026,3027,3032,0,0,0,0,0,0,0,0,0,64,65,1426,1427,1434,1439,1657,1658,3019,3020,3026,3027,3032,0,0,0,0,0,0,0,0,0,0.0420852,0.0342919,0.0513646,0.0382165,0.0448164,0.0486975,0.110768,0.107687,0.114395,0.107908,0.100584,0.110176,0.112867,0,0,0,0,0,0,0,0,0,0.0441932,0.0353084,0.0534308,0.0392104,0.0457165,0.0512774,0.110397,0.106793,0.114813,0.108105,0.1,0.110967,0.113746,0,0,0,0,0,0,0,0,0,1,1,1,1,1,1,1,1,1,1,1,1,1,0,0,0,0,0,0,0,0,0,1,1,1,1,1,1,1,1,1,1,1,1,1,0,0,0,0,0,0,0,0,0,1,0,0,0,0,0,0,0,0,0,0,0,0,0,0,0,0,0,0,0,0,0,0,13,0,0,0,0,0,0,0,0,0,0,0,0,0,0,0,0,0,0,0,0,0,0,0,0,0,0,0,0,0,0,0,0,0,0,0,0,0,0,0,0,0,0,0,0,0,0,0,0
0.115178,0.344551,0.995734,0,0,0,0,5.27214e-09,-2.54023e-08,-1.76735e-08,1434,1427,1428,1433,1435,1439,1440,3020,3021,3026,3027,3028,3032,3033,0,0,0,0,0,0,0,0,0,1427,1428,1433,1435,1439,1440,3020,3021,3026,3027,3028,3032,3033,0,0,0,0,0,0,0,0,0,0.049137,0.0415635,0.0448164,0.0476861,0.0373851,0.0475261,0.112342,0.10903,0.11135,0.0993692,0.111201,0.108411,0.111313,0,0,0,0,0,0,0,0,0,0.0467751,0.0421941,0.0457165,0.0477069,0.03808,0.0453774,0.111527,0.109465,0.111132,0.1,0.111957,0.107904,0.110889,0,0,0,0,0,0,0,0,0,1,1,1,1,1,1,1,1,1,1,1,1,1,0,0,0,0,0,0,0,0,0,1,1,1,1,1,1,1,1,1,1,1,1,1,0,0,0,0,0,0,0,0,0,1,0,0,0,0,0,0,0,0,0,0,0,0,0,0,0,0,0,0,0,0,0,0,13,0,0,0,0,0,0,0,0,0,0,0,0,0,0,0,0,0,0,0,0,0,0,0,0,0,0,0,0,0,0,0,0,0,0,0,0,0,0,0,0,0,0,0,0,0,0,0,0
0.149376,0.362273,0.96762,0,0,0,0,7.43436e-09,-2.93643e-08,-1.8435e-08,1435,1428,1429,1434,1436,1440,1441,3021,3022,3027,3028,3029,3033,3034,0,0,0,0,0,0,0,0,0,1428,1429,1434,1436,1440,1441,3021,3022,3027,3028,3029,3033,3034,0,0,0,0,0,0,0,0,0,0.0477388,0.0412922,0.0476861,0.0480472,0.0402107,0.0463697,0.111929,0.109084,0.111852,0.09971,0.111563,0.108943,0.11106,0,0,0,0,0,0,0,0,0,0.046232,0.041814,0.0477069,0.0477938,0.040748,0.044841,0.111274,0.109301,0.111961,0.1,0.112,0.10885,0.110645,0,0,0,0,0,0,0,0,0,1,1,1,1,1,1,1,1,1,1,1,1,1,0,0,0,0,0,0,0,0,0,1,1,1,1,1,1,1,1,1,1,1,1,1,0,0,0,0,0,0,0,0,0,1,0,0,0,0,0,0,0,0,0,0,0,0,0,0,0,0,0,0,0,0,0,0,13,0,0,0,0,0,0,0,0,0,0,0,0,0,0,0,0,0,0,0,0,0,0,0,0,0,0,0,0,0,0,0,0,0,0,0,0,0,0,0,0,0,0,0,0,0,0,0,0
0.182717,0.379249,0.937476,0,0,0,0,9.98903e-09,-3.35751e-08,-1.88111e-08,1436,1429,1430,1435,1437,1441,1442,3022,3023,3028,3029,3030,3034,3035,0,0,0,0,0,0,0,0,0,1429,1430,1435,1437,1441,1442,3022,3023,3028,3029,3030,3034,3035,0,0,0,0,0,0,0,0,0,0.0465907,0.0410317,0.0480472,0.048207,0.0398644,0.0453307,0.111385,0.109012,0.111986,0.0997605,0.111709,0.10878,0.11063,0,0,0,0,0,0,0,0,0,0.0455629,0.0414543,0.0477938,0.0478103,0.0403646,0.0442229,0.110966,0.109148,0.112002,0.1,0.112011,0.108691,0.110366,0,0,0,0,0,0,0,0,0,1,1,1,1,1,1,1,1,1,1,1,1,1,0,0,0,0,0,0,0,0,0,1,1,1,1,1,1,1,1,1,1,1,1,1,0,0,0,0,0,0,0,0,0,1,0,0,0,0,0,0,0,0,0,0,0,0,0,0,0,0,0,0,0,0,0,0,13,0,0,0,0,0,0,0,0,0,0,0,0,0,0,0,0,0,0,0,0,0,0,0,0,0,0,0,0,0,0,0,0,0,0,0,0,0,0,0,0,0,0,0,0,0,0,0,0
0.214969,0.395329,0.905457,0,0,0,0,1.29759e-08,-3.80368e-08,-1.88025e-08,1437,1430,1431,1436,1438,1442,1443,3023,3024,3029,3030,3031,3035,3036,0,0,0,0,0,0,0,0,0,1430,1431,1436,1438,1442,1443,3023,3024,3029,3030,3031,3035,3036,0,0,0,0,0,0,0,0,0,0.0455371,0.0407315,0.048207,0.0482327,0.0395791,0.0444235,0.110923,0.10892,0.111985,0.0998279,0.111789,0.108595,0.110289,0,0,0,0,0,0,0,0,0,0.0448271,0.0410809,0.0478103,0.0477848,0.0400032,0.0436225,0.11063,0.108989,0.11201,0.1,0.112001,0.108542,0.110097,0,0,0,0,0,0,0,0,0,1,1,1,1,1,1,1,1,1,1,1,1,1,0,0,0,0,0,0,0,0,0,1,1,1,1,1,1,1,1,1,1,1,1,1,0,0,0,0,0,0,0,0,0,1,0,0,0,0,0,0,0,0,0,0,0,0,0,0,0,0,0,0,0,0,0,0,13,0,0,0,0,0,0,0,0,0,0,0,0,0,0,0,0,0,0,0,0,0,0,0,0,0,0,0,0,0,0,0,0,0,0,0,0,0,0,0,0,0,0,0,0,0,0,0,0
0.245955,0.410526,0.871763,0,0,0,0,1.64131e-08,-4.27408e-08,-1.84569e-08,1438,76,77,1431,1432,1437,1443,1669,1670,3024,3025,3030,3031,3036,0,0,0,0,0,0,0,0,0,76,77,1431,1432,1437,1443,1669,1670,3024,3025,3030,3031,3036,0,0,0,0,0,0,0,0,0,0.0437409,0.0482395,0.0445938,0.0403939,0.0482327,0.0392777,0.110043,0.111833,0.110509,0.108797,0.111969,0.0998732,0.108441,0,0,0,0,0,0,0,0,0,0.0431853,0.0477773,0.0441165,0.0406768,0.0477848,0.0396296,0.109904,0.111999,0.110311,0.108819,0.111999,0.1,0.108389,0,0,0,0,0,0,0,0,0,1,1,1,1,1,1,1,1,1,1,1,1,1,0,0,0,0,0,0,0,0,0,1,1,1,1,1,1,1,1,1,1,1,1,1,0,0,0,0,0,0,0,0,0,1,0,0,0,0,0,0,0,0,0,0,0,0,0,0,0,0,0,0,0,0,0,0,13,0,0,0,0,0,0,0,0,0,0,0,0,0,0,0,0,0,0,0,0,0,0,0,0,0,0,0,0,0,0,0,0,0,0,0,0,0,0,0,0,0,0,0,0,0,0,0,0
0.0829582,0.3628,0.990586,0,0,0,0,3.51451e-09,-2.81818e-08,-2.22899e-08,1439,65,66,1433,1434,1440,1444,1658,1659,3026,3027,3032,3033,3037,0,0,0,0,0,0,0,0,0,65,66,1433,1434,1440,1444,1658,1659,3026,3027,3032,3033,3037,0,0,0,0,0,0,0,0,0,0.0420774,0.0334393,0.0486975,0.0373851,0.0439195,0.0466933,0.110541,0.107202,0.113315,0.107668,0.100573,0.10987,0.111811,0,0,0,0,0,0,0,0,0,0.0436945,0.0344957,0.0512774,0.03808,0.0449804,0.0491192,0.110177,0.106502,0.113711,0.10767,0.1,0.110643,0.112675,0,0,0,0,0,0,0,0,0,1,1,1,1,1,1,1,1,1,1,1,1,1,0,0,0,0,0,0,0,0,0,1,1,1,1,1,1,1,1,1,1,1,1,1,0,0,0,0,0,0,0,0,0,1,0,0,0,0,0,0,0,0,0,0,0,0,0,0,0,0,0,0,0,0,0,0,13,0,0,0,0,0,0,0,0,0,0,0,0,0,0,0,0,0,0,0,0,0,0,0,0,0,0,0,0,0,0,0,0,0,0,0,0,0,0,0,0,0,0,0,0,0,0,0,0
0.113953,0.381183,0.965479,0,0,0,0,5.22195e-09,-3.23628e-08,-2.41657e-08,1440,1434,1435,1439,1441,1444,1445,3027,3028,3032,3033,3034,3037,3038,0,0,0,0,0,0,0,0,0,1434,1435,1439,1441,1444,1445,3027,3028,3032,3033,3034,3037,3038,0,0,0,0,0,0,0,0,0,0.0475261,0.0402107,0.0439195,0.0464454,0.0364493,0.0458397,0.111589,0.108545,0.110884,0.0995063,0.110731,0.107961,0.110567,0,0,0,0,0,0,0,0,0,0.0453774,0.040748,0.0449804,0.0466774,0.0369689,0.0439491,0.110882,0.108853,0.110785,0.1,0.111472,0.107459,0.110246,0,0,0,0,0,0,0,0,0,1,1,1,1,1,1,1,1,1,1,1,1,1,0,0,0,0,0,0,0,0,0,1,1,1,1,1,1,1,1,1,1,1,1,1,0,0,0,0,0,0,0,0,0,1,0,0,0,0,0,0,0,0,0,0,0,0,0,0,0,0,0,0,0,0,0,0,13,0,0,0,0,0,0,0,0,0,0,0,0,0,0,0,0,0,0,0,0,0,0,0,0,0,0,0,0,0,0,0,0,0,0,0,0,0,0,0,0,0,0,0,0,0,0,0,0
0.147258,0.397465,0.9375,0,0,0,0,7.30332e-09,-3.67784e-08,-2.51536e-08,1441,1435,1436,1440,1442,1445,1446,3028,3029,3033,3034,3035,3038,3039,0,0,0,0,0,0,0,0,0,1435,1436,1440,1442,1445,1446,3028,3029,3033,3034,3035,3038,3039,0,0,0,0,0,0,0,0,0,0.0463697,0.0398644,0.0464454,0.046857,0.0388763,0.0449191,0.111244,0.108521,0.111296,0.0997679,0.111072,0.108394,0.110394,0,0,0,0,0,0,0,0,0,0.044841,0.0403646,0.0466774,0.0467574,0.0393102,0.0434626,0.110638,0.108692,0.111475,0.1,0.111511,0.108259,0.11003,0,0,0,0,0,0,0,0,0,1,1,1,1,1,1,1,1,1,1,1,1,1,0,0,0,0,0,0,0,0,0,1,1,1,1,1,1,1,1,1,1,1,1,1,0,0,0,0,0,0,0,0,0,1,0,0,0,0,0,0,0,0,0,0,0,0,0,0,0,0,0,0,0,0,0,0,13,0,0,0,0,0,0,0,0,0,0,0,0,0,0,0,0,0,0,0,0,0,0,0,0,0,0,0,0,0,0,0,0,0,0,0,0,0,0,0,0,0,0,0,0,0,0,0,0
0.179666,0.413109,0.907491,0,0,0,0,9.75312e-09,-4.14703e-08,-2.57798e-08,1442,1436,1437,1441,1443,1446,1447,3029,3030,3034,3035,3036,3039,3040,0,0,0,0,0,0,0,0,0,1436,1437,1441,1443,1446,1447,3029,3030,3034,3035,3036,3039,3040,0,0,0,0,0,0,0,0,0,0.0453307,0.0395791,0.046857,0.0471017,0.0384749,0.0441112,0.110757,0.108425,0.111435,0.0998006,0.111239,0.108211,0.110085,0,0,0,0,0,0,0,0,0,0.0442229,0.0400032,0.0467574,0.0468248,0.0389216,0.0429951,0.11036,0.108542,0.111513,0.1,0.111545,0.108102,0.109824,0,0,0,0,0,0,0,0,0,1,1,1,1,1,1,1,1,1,1,1,1,1,0,0,0,0,0,0,0,0,0,1,1,1,1,1,1,1,1,1,1,1,1,1,0,0,0,0,0,0,0,0,0,1,0,0,0,0,0,0,0,0,0,0,0,0,0,0,0,0,0,0,0,0,0,0,13,0,0,0,0,0,0,0,0,0,0,0,0,0,0,0,0,0,0,0,0,0,0,0,0,0,0,0,0,0,0,0,0,0,0,0,0,0,0,0,0,0,0,0,0,0,0,0,0
0.210975,0.427975,0.875595,0,0,0,0,1.26107e-08,-4.64382e-08,-2.60438e-08,1443,75,76,1437,1438,1442,1447,1668,1669,3030,3031,3035,3036,3040,0,0,0,0,0,0,0,0,0,75,76,1437,1438,1442,1447,1668,1669,3030,3031,3035,3036,3040,0,0,0,0,0,0,0,0,0,0.0435779,0.0472886,0.0444235,0.0392777,0.0471017,0.0381578,0.109922,0.111366,0.110372,0.108322,0.111476,0.0998544,0.108031,0,0,0,0,0,0,0,0,0,0.0427404,0.0469321,0.0436225,0.0396296,0.0468248,0.0385563,0.109712,0.111598,0.110093,0.108389,0.111545,0.1,0.107956,0,0,0,0,0,0,0,0,0,1,1,1,1,1,1,1,1,1,1,1,1,1,0,0,0,0,0,0,0,0,0,1,1,1,1,1,1,1,1,1,1,1,1,1,0,0,0,0,0,0,0,0,0,1,0,0,0,0,0,0,0,0,0,0,0,0,0,0,0,0,0,0,0,0,0,0,13,0,0,0,0,0,0,0,0,0,0,0,0,0,0,0,0,0,0,0,0,0,0,0,0,0,0,0,0,0,0,0,0,0,0,0,0,0,0,0,0,0,0,0,0,0,0,0,0
0.0820313,0.397796,0.959688,0,0,0,0,3.50527e-09,-3.54486e-08,-2.8788e-08,1444,66,67,1439,1440,1445,1448,1659,1660,3032,3033,3037,3038,3041,0,0,0,0,0,0,0,0,0,66,67,1439,1440,1445,1448,1659,1660,3032,3033,3037,3038,3041,0,0,0,0,0,0,0,0,0,0.041861,0.032828,0.0466933,0.0364493,0.0431995,0.0448861,0.110276,0.106828,0.112242,0.107366,0.100528,0.109626,0.110883,0,0,0,0,0,0,0,0,0,0.0431885,0.0337608,0.0491192,0.0369689,0.0442497,0.0469901,0.109956,0.106245,0.112643,0.107253,0.1,0.110325,0.111654,0,0,0,0,0,0,0,0,0,1,1,1,1,1,1,1,1,1,1,1,1,1,0,0,0,0,0,0,0,0,0,1,1,1,1,1,1,1,1,1,1,1,1,1,0,0,0,0,0,0,0,0,0,1,0,0,0,0,0,0,0,0,0,0,0,0,0,0,0,0,0,0,0,0,0,0,13,0,0,0,0,0,0,0,0,0,0,0,0,0,0,0,0,0,0,0,0,0,0,0,0,0,0,0,0,0,0,0,0,0,0,0,0,0,0,0,0,0,0,0,0,0,0,0,0
0.112614,0.414825,0.934372,0,0,0,0,5.15854e-09,-4.01021e-08,-3.0818e-08,1445,1440,1441,1444,1446,1448,1449,3033,3034,3037,3038,3039,3041,3042,0,0,0,0,0,0,0,0,0,1440,1441,1444,1446,1448,1449,3033,3034,3037,3038,3039,3041,3042,0,0,0,0,0,0,0,0,0,0.0458397,0.0388763,0.0431995,0.0453535,0.0354853,0.0442145,0.110826,0.108067,0.110479,0.0996124,0.110332,0.107495,0.109872,0,0,0,0,0,0,0,0,0,0.0439491,0.0393102,0.0442497,0.0456959,0.0358755,0.0425503,0.11024,0.108262,0.110445,0.1,0.111018,0.107032,0.109633,0,0,0,0,0,0,0,0,0,1,1,1,1,1,1,1,1,1,1,1,1,1,0,0,0,0,0,0,0,0,0,1,1,1,1,1,1,1,1,1,1,1,1,1,0,0,0,0,0,0,0,0,0,1,0,0,0,0,0,0,0,0,0,0,0,0,0,0,0,0,0,0,0,0,0,0,13,0,0,0,0,0,0,0,0,0,0,0,0,0,0,0,0,0,0,0,0,0,0,0,0,0,0,0,0,0,0,0,0,0,0,0,0,0,0,0,0,0,0,0,0,0,0,0,0
0.145068,0.429911,0.906513,0,0,0,0,7.15658e-09,-4.49772e-08,-3.20082e-08,1446,1441,1442,1445,1447,1449,1450,3034,3035,3038,3039,3040,3042,3043,0,0,0,0,0,0,0,0,0,1441,1442,1445,1447,1449,1450,3034,3035,3038,3039,3040,3042,3043,0,0,0,0,0,0,0,0,0,0.0449191,0.0384749,0.0453535,0.0458078,0.0375244,0.0435914,0.110555,0.107986,0.110809,0.0998167,0.110653,0.107842,0.109812,0,0,0,0,0,0,0,0,0,0.0434626,0.0389216,0.0456959,0.045829,0.0378761,0.0422364,0.110024,0.108104,0.111021,0.1,0.111081,0.107688,0.109497,0,0,0,0,0,0,0,0,0,1,1,1,1,1,1,1,1,1,1,1,1,1,0,0,0,0,0,0,0,0,0,1,1,1,1,1,1,1,1,1,1,1,1,1,0,0,0,0,0,0,0,0,0,1,0,0,0,0,0,0,0,0,0,0,0,0,0,0,0,0,0,0,0,0,0,0,13,0,0,0,0,0,0,0,0,0,0,0,0,0,0,0,0,0,0,0,0,0,0,0,0,0,0,0,0,0,0,0,0,0,0,0,0,0,0,0,0,0,0,0,0,0,0,0,0
0.176568,0.444442,0.876597,0,0,0,0,9.50223e-09,-5.01646e-08,-3.28645e-08,1447,74,75,1442,1443,1446,1450,1667,1668,3035,3036,3039,3040,3043,0,0,0,0,0,0,0,0,0,74,75,1442,1443,1446,1450,1667,1668,3035,3036,3039,3040,3043,0,0,0,0,0,0,0,0,0,0.0433198,0.0462251,0.0441112,0.0381578,0.0458078,0.0370772,0.109756,0.110863,0.11018,0.107863,0.110964,0.0998393,0.107659,0,0,0,0,0,0,0,0,0,0.0422344,0.0460587,0.0429951,0.0385563,0.045829,0.0374754,0.109496,0.111189,0.109819,0.107957,0.111082,0.1,0.107531,0,0,0,0,0,0,0,0,0,1,1,1,1,1,1,1,1,1,1,1,1,1,0,0,0,0,0,0,0,0,0,1,1,1,1,1,1,1,1,1,1,1,1,1,0,0,0,0,0,0,0,0,0,1,0,0,0,0,0,0,0,0,0,0,0,0,0,0,0,0,0,0,0,0,0,0,13,0,0,0,0,0,0,0,0,0,0,0,0,0,0,0,0,0,0,0,0,0,0,0,0,0,0,0,0,0,0,0,0,0,0,0,0,0,0,0,0,0,0,0,0,0,0,0,0
0.0810439,0.429832,0.928264,0,0,0,0,3.48828e-09,-4.34202e-08,-3.53705e-08,1448,67,68,1444,1445,1449,1451,1660,1661,3037,3038,3041,3042,3044,0,0,0,0,0,0,0,0,0,67,68,1444,1445,1449,1451,1660,1661,3037,3038,3041,3042,3044,0,0,0,0,0,0,0,0,0,0.0415918,0.0323557,0.0448861,0.0354853,0.0425927,0.043194,0.110005,0.106514,0.111276,0.107029,0.100462,0.109417,0.110042,0,0,0,0,0,0,0,0,0,0.0427204,0.0331229,0.0469901,0.0358755,0.0435792,0.0449458,0.109754,0.106027,0.111626,0.106854,0.1,0.110038,0.110709,0,0,0,0,0,0,0,0,0,1,1,1,1,1,1,1,1,1,1,1,1,1,0,0,0,0,0,0,0,0,0,1,1,1,1,1,1,1,1,1,1,1,1,1,0,0,0,0,0,0,0,0,0,1,0,0,0,0,0,0,0,0,0,0,0,0,0,0,0,0,0,0,0,0,0,0,13,0,0,0,0,0,0,0,0,0,0,0,0,0,0,0,0,0,0,0,0,0,0,0,0,0,0,0,0,0,0,0,0,0,0,0,0,0,0,0,0,0,0,0,0,0,0,0,0
0.111236,0.445703,0.902755,0,0,0,0,5.08247e-09,-4.85439e-08,-3.75293e-08,1449,1445,1446,1448,1450,1451,1452,3038,3039,3041,3042,3043,3044,3045,0,0,0,0,0,0,0,0,0,1445,1446,1448,1450,1451,1452,3038,3039,3041,3042,3043,3044,3045,0,0,0,0,0,0,0,0,0,0.0442145,0.0375244,0.0425927,0.0444691,0.0345002,0.0428057,0.110107,0.107581,0.110122,0.0996968,0.110022,0.107032,0.109297,0,0,0,0,0,0,0,0,0,0.0425503,0.0378761,0.0435792,0.0448604,0.0347853,0.0413398,0.109627,0.10769,0.110138,0.1,0.110637,0.106618,0.109116,0,0,0,0,0,0,0,0,0,1,1,1,1,1,1,1,1,1,1,1,1,1,0,0,0,0,0,0,0,0,0,1,1,1,1,1,1,1,1,1,1,1,1,1,0,0,0,0,0,0,0,0,0,1,0,0,0,0,0,0,0,0,0,0,0,0,0,0,0,0,0,0,0,0,0,0,13,0,0,0,0,0,0,0,0,0,0,0,0,0,0,0,0,0,0,0,0,0,0,0,0,0,0,0,0,0,0,0,0,0,0,0,0,0,0,0,0,0,0,0,0,0,0,0,0
0.142883,0.459841,0.874897,0,0,0,0,6.99474e-09,-5.39049e-08,-3.89162e-08,1450,73,74,1446,1447,1449,1452,1666,1667,3039,3040,3042,3043,3045,0,0,0,0,0,0,0,0,0,73,74,1446,1447,1449,1452,1666,1667,3039,3040,3042,3043,3045,0,0,0,0,0,0,0,0,0,0.0429526,0.0451177,0.0435914,0.0370772,0.0444691,0.0361172,0.109562,0.110375,0.109946,0.107452,0.110421,0.0998589,0.107289,0,0,0,0,0,0,0,0,0,0.0417048,0.0452168,0.0422364,0.0374754,0.0448604,0.036421,0.10927,0.110801,0.109491,0.107533,0.11064,0.1,0.107127,0,0,0,0,0,0,0,0,0,1,1,1,1,1,1,1,1,1,1,1,1,1,0,0,0,0,0,0,0,0,0,1,1,1,1,1,1,1,1,1,1,1,1,1,0,0,0,0,0,0,0,0,0,1,0,0,0,0,0,0,0,0,0,0,0,0,0,0,0,0,0,0,0,0,0,0,13,0,0,0,0,0,0,0,0,0,0,0,0,0,0,0,0,0,0,0,0,0,0,0,0,0,0,0,0,0,0,0,0,0,0,0,0,0,0,0,0,0,0,0,0,0,0,0,0
0.0800826,0.45918,0.896585,0,0,0,0,3.4612e-09,-5.20132e-08,-4.1951e-08,1451,68,69,1448,1449,1452,1453,1661,1662,3041,3042,3044,3045,3046,0,0,0,0,0,0,0,0,0,68,69,1448,1449,1452,1453,1661,1662,3041,3042,3044,3045,3046,0,0,0,0,0,0,0,0,0,0.0414134,0.0320259,0.043194,0.0345002,0.0422223,0.0417309,0.109791,0.10626,0.110394,0.106675,0.100396,0.109302,0.10935,0,0,0,0,0,0,0,0,0,0.0423838,0.032618,0.0449458,0.0347853,0.043111,0.0431627,0.109611,0.10586,0.110682,0.106467,0.1,0.109842,0.109912,0,0,0,0,0,0,0,0,0,1,1,1,1,1,1,1,1,1,1,1,1,1,0,0,0,0,0,0,0,0,0,1,1,1,1,1,1,1,1,1,1,1,1,1,0,0,0,0,0,0,0,0,0,1,0,0,0,0,0,0,0,0,0,0,0,0,0,0,0,0,0,0,0,0,0,0,13,0,0,0,0,0,0,0,0,0,0,0,0,0,0,0,0,0,0,0,0,0,0,0,0,0,0,0,0,0,0,0,0,0,0,0,0,0,0,0,0,0,0,0,0,0,0,0,0
0.109966,0.474119,0.870768,0,0,0,0,4.99361e-09,-5.76342e-08,-4.42332e-08,1452,72,73,1449,1450,1451,1453,1665,1666,3042,3043,3044,3045,3046,0,0,0,0,0,0,0,0,0,72,73,1449,1450,1451,1453,1665,1666,3042,3043,3044,3045,3046,0,0,0,0,0,0,0,0,0,0.0425042,0.0441297,0.0428057,0.0361172,0.0422223,0.0334233,0.109225,0.109923,0.109501,0.107068,0.109877,0.0997669,0.106561,0,0,0,0,0,0,0,0,0,0.0412203,0.0445107,0.0413398,0.036421,0.043111,0.0336398,0.109066,0.11048,0.10911,0.107129,0.109923,0.1,0.106195,0,0,0,0,0,0,0,0,0,1,1,1,1,1,1,1,1,1,1,1,1,1,0,0,0,0,0,0,0,0,0,1,1,1,1,1,1,1,1,1,1,1,1,1,0,0,0,0,0,0,0,0,0,1,0,0,0,0,0,0,0,0,0,0,0,0,0,0,0,0,0,0,0,0,0,0,13,0,0,0,0,0,0,0,0,0,0,0,0,0,0,0,0,0,0,0,0,0,0,0,0,0,0,0,0,0,0,0,0,0,0,0,0,0,0,0,0,0,0,0,0,0,0,0,0
0.079367,0.486141,0.864742,0,0,0,0,3.44408e-09,-6.11695e-08,-4.84721e-08,1453,69,70,71,72,1451,1452,1662,1663,1664,1665,3044,3045,3046,0,0,0,0,0,0,0,0,0,69,70,71,72,1451,1452,1662,1663,1664,1665,3044,3045,3046,0,0,0,0,0,0,0,0,0,0.0416305,0.0325539,0.0427708,0.0427787,0.0417309,0.0334233,0.109771,0.106312,0.109766,0.109559,0.109656,0.106289,0.100351,0,0,0,0,0,0,0,0,0,0.042454,0.0329686,0.043918,0.043525,0.0431627,0.0336398,0.109645,0.105988,0.110245,0.110034,0.109888,0.10607,0.1,0,0,0,0,0,0,0,0,0,1,1,1,1,1,1,1,1,1,1,1,1,1,0,0,0,0,0,0,0,0,0,1,1,1,1,1,1,1,1,1,1,1,1,1,0,0,0,0,0,0,0,0,0,1,0,0,0,0,0,0,0,0,0,0,0,0,0,0,0,0,0,0,0,0,0,0,13,0,0,0,0,0,0,0,0,0,0,0,0,0,0,0,0,0,0,0,0,0,0,0,0,0,0,0,0,0,0,0,0,0,0,0,0,0,0,0,0,0,0,0,0,0,0,0,0
-0.135397,-0.68845,0.447545,0,0,0,0,-8.74457e-09,2.11203e-07,-1.07788e-07,1454,119,1455,1462,1463,1712,3047,3048,3055,3056,0,0,0,0,0,0,0,0,0,0,0,0,0,119,1455,1462,1463,1712,3047,3048,3055,3056,0,0,0,0,0,0,0,0,0,0,0,0,0,0.0339208,0.0411986,0.0345642,0.04671,0.106467,0.0999525,0.109142,0.106539,0.111415,0,0,0,0,0,0,0,0,0,0,0,0,0,0.0344332,0.0413144,0.0350896,0.0465953,0.106385,0.1,0.10909,0.106624,0.111443,0,0,0,0,0,0,0,0,0,0,0,0,0,1,1,1,1,1,1,1,1,1,0,0,0,0,0,0,0,0,0,0,0,0,0,1,1,1,1,1,1,1,1,1,0,0,0,0,0,0,0,0,0,0,0,0,0,1,0,0,0,0,0,0,0,0,0,0,0,0,0,0,0,0,0,0,0,0,0,0,9,0,0,0,0,0,0,0,0,0,0,0,0,0,0,0,0,0,0,0,0,0,0,0,0,0,0,0,0,0,0,0,0,0,0,0,0,0,0,0,0,0,0,0,0,0,0,0,0
-0.115924,-0.682812,0.483411,0,0,0,0,-6.11335e-09,1.98457e-07,-1.0656e-07,1455,119,120,1454,1456,1463,1464,1712,1713,3047,3048,3049,3056,3057,0,0,0,0,0,0,0,0,0,119,120,1454,1456,1463,1464,1712,1713,3047,3048,3049,3056,3057,0,0,0,0,0,0,0,0,0,0.0458937,0.0354896,0.0411986,0.040644,0.0340024,0.0460881,0.111143,0.10706,0.10911,0.10023,0.108901,0.10655,0.111317,0,0,0,0,0,0,0,0,0,0.0462644,0.036585,0.0413144,0.0406658,0.0350388,0.0465895,0.111302,0.107156,0.109093,0.1,0.108822,0.106606,0.111441,0,0,0,0,0,0,0,0,0,1,1,1,1,1,1,1,1,1,1,1,1,1,0,0,0,0,0,0,0,0,0,1,1,1,1,1,1,1,1,1,1,1,1,1,0,0,0,0,0,0,0,0,0,1,0,0,0,0,0,0,0,0,0,0,0,0,0,0,0,0,0,0,0,0,0,0,13,0,0,0,0,0,0,0,0,0,0,0,0,0,0,0,0,0,0,0,0,0,0,0,0,0,0,0,0,0,0,0,0,0,0,0,0,0,0,0,0,0,0,0,0,0,0,0,0
-0.0937381,-0.676432,0.516863,0,0,0,0,-3.68639e-09,1.86522e-07,-1.05179e-07,1456,120,121,1455,1457,1464,1465,1713,1714,3048,3049,3050,3057,3058,0,0,0,0,0,0,0,0,0,120,121,1455,1457,1464,1465,1713,1714,3048,3049,3050,3057,3058,0,0,0,0,0,0,0,0,0,0.0445424,0.0368787,0.040644,0.0403093,0.0357036,0.045809,0.110476,0.107595,0.109027,0.100126,0.10862,0.107288,0.111003,0,0,0,0,0,0,0,0,0,0.0443728,0.0378097,0.0406658,0.0401865,0.0366949,0.0456616,0.110439,0.107897,0.108854,0.1,0.108667,0.107358,0.110971,0,0,0,0,0,0,0,0,0,1,1,1,1,1,1,1,1,1,1,1,1,1,0,0,0,0,0,0,0,0,0,1,1,1,1,1,1,1,1,1,1,1,1,1,0,0,0,0,0,0,0,0,0,1,0,0,0,0,0,0,0,0,0,0,0,0,0,0,0,0,0,0,0,0,0,0,13,0,0,0,0,0,0,0,0,0,0,0,0,0,0,0,0,0,0,0,0,0,0,0,0,0,0,0,0,0,0,0,0,0,0,0,0,0,0,0,0,0,0,0,0,0,0,0,0
-0.0708841,-0.66866,0.549145,0,0,0,0,-1.74455e-09,1.74811e-07,-1.03087e-07,1457,121,122,1456,1458,1465,1466,1714,1715,3049,3050,3051,3058,3059,0,0,0,0,0,0,0,0,0,121,122,1456,1458,1465,1466,1714,1715,3049,3050,3051,3058,3059,0,0,0,0,0,0,0,0,0,0.0449882,0.0366797,0.0403093,0.0395185,0.0359695,0.0456471,0.110623,0.107411,0.108713,0.0999145,0.10828,0.107139,0.110842,0,0,0,0,0,0,0,0,0,0.0445009,0.0368559,0.0401865,0.0393125,0.0361211,0.0452017,0.110498,0.107507,0.108675,0.1,0.108304,0.107118,0.110783,0,0,0,0,0,0,0,0,0,1,1,1,1,1,1,1,1,1,1,1,1,1,0,0,0,0,0,0,0,0,0,1,1,1,1,1,1,1,1,1,1,1,1,1,0,0,0,0,0,0,0,0,0,1,0,0,0,0,0,0,0,0,0,0,0,0,0,0,0,0,0,0,0,0,0,0,13,0,0,0,0,0,0,0,0,0,0,0,0,0,0,0,0,0,0,0,0,0,0,0,0,0,0,0,0,0,0,0,0,0,0,0,0,0,0,0,0,0,0,0,0,0,0,0,0
-0.0479659,-0.659399,0.579978,0,0,0,0,-2.32665e-10,1.63418e-07,-1.00202e-07,1458,122,123,1457,1459,1466,1467,1715,1716,3050,3051,3052,3059,3060,0,0,0,0,0,0,0,0,0,122,123,1457,1459,1466,1467,1715,1716,3050,3051,3052,3059,3060,0,0,0,0,0,0,0,0,0,0.0448202,0.0358461,0.0395185,0.0385483,0.0362567,0.0454949,0.11054,0.107139,0.108304,0.100027,0.107954,0.107286,0.11085,0,0,0,0,0,0,0,0,0,0.0446141,0.0359776,0.0393125,0.0384192,0.0364382,0.0452374,0.11055,0.107156,0.108313,0.1,0.107942,0.107331,0.110801,0,0,0,0,0,0,0,0,0,1,1,1,1,1,1,1,1,1,1,1,1,1,0,0,0,0,0,0,0,0,0,1,1,1,1,1,1,1,1,1,1,1,1,1,0,0,0,0,0,0,0,0,0,1,0,0,0,0,0,0,0,0,0,0,0,0,0,0,0,0,0,0,0,0,0,0,13,0,0,0,0,0,0,0,0,0,0,0,0,0,0,0,0,0,0,0,0,0,0,0,0,0,0,0,0,0,0,0,0,0,0,0,0,0,0,0,0,0,0,0,0,0,0,0,0
-0.0260584,-0.648712,0.609841,0,0,0,0,9.72817e-10,1.52141e-07,-9.65716e-08,1459,123,124,1458,1460,1467,1468,1716,1717,3051,3052,3053,3060,3061,0,0,0,0,0,0,0,0,0,123,124,1458,1460,1467,1468,1716,1717,3051,3052,3053,3060,3061,0,0,0,0,0,0,0,0,0,0.0449127,0.0350743,0.0385483,0.0376584,0.0352965,0.0454533,0.11055,0.106845,0.107959,0.100025,0.107622,0.106957,0.110831,0,0,0,0,0,0,0,0,0,0.0447528,0.0352055,0.0384192,0.0375553,0.0354535,0.045299,0.110613,0.106852,0.10795,0.1,0.107598,0.106943,0.110831,0,0,0,0,0,0,0,0,0,1,1,1,1,1,1,1,1,1,1,1,1,1,0,0,0,0,0,0,0,0,0,1,1,1,1,1,1,1,1,1,1,1,1,1,0,0,0,0,0,0,0,0,0,1,0,0,0,0,0,0,0,0,0,0,0,0,0,0,0,0,0,0,0,0,0,0,13,0,0,0,0,0,0,0,0,0,0,0,0,0,0,0,0,0,0,0,0,0,0,0,0,0,0,0,0,0,0,0,0,0,0,0,0,0,0,0,0,0,0,0,0,0,0,0,0
-0.00524391,-0.636623,0.638803,0,0,0,0,1.94286e-09,1.41016e-07,-9.22686e-08,1460,124,125,1459,1461,1468,1469,1717,1718,3052,3053,3054,3061,3062,0,0,0,0,0,0,0,0,0,124,125,1459,1461,1468,1469,1717,1718,3052,3053,3054,3061,3062,0,0,0,0,0,0,0,0,0,0.0451211,0.0344649,0.0376584,0.0370015,0.0343472,0.0455741,0.110624,0.106614,0.107611,0.100033,0.107399,0.106615,0.110894,0,0,0,0,0,0,0,0,0,0.0450106,0.0346006,0.0375553,0.0368934,0.0344771,0.0455258,0.110731,0.106615,0.107607,0.1,0.107338,0.106569,0.110936,0,0,0,0,0,0,0,0,0,1,1,1,1,1,1,1,1,1,1,1,1,1,0,0,0,0,0,0,0,0,0,1,1,1,1,1,1,1,1,1,1,1,1,1,0,0,0,0,0,0,0,0,0,1,0,0,0,0,0,0,0,0,0,0,0,0,0,0,0,0,0,0,0,0,0,0,13,0,0,0,0,0,0,0,0,0,0,0,0,0,0,0,0,0,0,0,0,0,0,0,0,0,0,0,0,0,0,0,0,0,0,0,0,0,0,0,0,0,0,0,0,0,0,0,0
0.0144253,-0.623125,0.667088,0,0,0,0,2.76715e-09,1.30031e-07,-8.7351e-08,1461,93,94,125,126,1460,1469,1686,1687,1718,1719,3053,3054,3062,0,0,0,0,0,0,0,0,0,93,94,125,126,1460,1469,1686,1687,1718,1719,3053,3054,3062,0,0,0,0,0,0,0,0,0,0.0384588,0.0465344,0.0457103,0.0343431,0.0370015,0.0332701,0.108014,0.111329,0.110885,0.106569,0.107374,0.100046,0.106237,0,0,0,0,0,0,0,0,0,0.0383369,0.0465729,0.0456713,0.0345303,0.0368934,0.0334462,0.1079,0.111419,0.111034,0.106585,0.107347,0.1,0.106185,0,0,0,0,0,0,0,0,0,1,1,1,1,1,1,1,1,1,1,1,1,1,0,0,0,0,0,0,0,0,0,1,1,1,1,1,1,1,1,1,1,1,1,1,0,0,0,0,0,0,0,0,0,1,0,0,0,0,0,0,0,0,0,0,0,0,0,0,0,0,0,0,0,0,0,0,13,0,0,0,0,0,0,0,0,0,0,0,0,0,0,0,0,0,0,0,0,0,0,0,0,0,0,0,0,0,0,0,0,0,0,0,0,0,0,0,0,0,0,0,0,0,0,0,0
-0.168249,-0.679436,0.453389,0,0,0,0,-1.30727e-08,2.03155e-07,-1.02663e-07,1462,1454,1463,1470,1471,3047,3055,3056,3063,3064,0,0,0,0,0,0,0,0,0,0,0,0,0,1454,1463,1470,1471,3047,3055,3056,3063,3064,0,0,0,0,0,0,0,0,0,0,0,0,0,0.0345642,0.0422621,0.0352261,0.0471165,0.106675,0.100006,0.109524,0.106834,0.111633,0,0,0,0,0,0,0,0,0,0,0,0,0,0.0350896,0.0424472,0.0358642,0.0469247,0.106623,0.1,0.109573,0.10691,0.111596,0,0,0,0,0,0,0,0,0,0,0,0,0,1,1,1,1,1,1,1,1,1,0,0,0,0,0,0,0,0,0,0,0,0,0,1,1,1,1,1,1,1,1,1,0,0,0,0,0,0,0,0,0,0,0,0,0,1,0,0,0,0,0,0,0,0,0,0,0,0,0,0,0,0,0,0,0,0,0,0,9,0,0,0,0,0,0,0,0,0,0,0,0,0,0,0,0,0,0,0,0,0,0,0,0,0,0,0,0,0,0,0,0,0,0,0,0,0,0,0,0,0,0,0,0,0,0,0,0
-0.148178,-0.674503,0.490253,0,0,0,0,-9.79525e-09,1.91228e-07,-1.02173e-07,1463,1454,1455,1462,1464,1471,1472,3047,3048,3055,3056,3057,3064,3065,0,0,0,0,0,0,0,0,0,1454,1455,1462,1464,1471,1472,3047,3048,3055,3056,3057,3064,3065,0,0,0,0,0,0,0,0,0,0.04671,0.0340024,0.0422621,0.0414963,0.0349289,0.046985,0.111478,0.106594,0.109516,0.100071,0.109278,0.106792,0.111587,0,0,0,0,0,0,0,0,0,0.0465953,0.0350388,0.0424472,0.0416361,0.0358399,0.0469725,0.111454,0.106605,0.109578,0.1,0.109226,0.106902,0.111619,0,0,0,0,0,0,0,0,0,1,1,1,1,1,1,1,1,1,1,1,1,1,0,0,0,0,0,0,0,0,0,1,1,1,1,1,1,1,1,1,1,1,1,1,0,0,0,0,0,0,0,0,0,1,0,0,0,0,0,0,0,0,0,0,0,0,0,0,0,0,0,0,0,0,0,0,13,0,0,0,0,0,0,0,0,0,0,0,0,0,0,0,0,0,0,0,0,0,0,0,0,0,0,0,0,0,0,0,0,0,0,0,0,0,0,0,0,0,0,0,0,0,0,0,0
-0.127333,-0.668018,0.525543,0,0,0,0,-6.82809e-09,1.79441e-07,-1.00916e-07,1464,1455,1456,1463,1465,1472,1473,3048,3049,3056,3057,3058,3065,3066,0,0,0,0,0,0,0,0,0,1455,1456,1463,1465,1472,1473,3048,3049,3056,3057,3058,3065,3066,0,0,0,0,0,0,0,0,0,0.0460881,0.0357036,0.0414963,0.0406183,0.0347698,0.0464636,0.111347,0.107181,0.109317,0.100233,0.108787,0.106844,0.11138,0,0,0,0,0,0,0,0,0,0.0465895,0.0366949,0.0416361,0.0407134,0.0357739,0.0469205,0.111452,0.10721,0.109229,0.1,0.108838,0.106878,0.111596,0,0,0,0,0,0,0,0,0,1,1,1,1,1,1,1,1,1,1,1,1,1,0,0,0,0,0,0,0,0,0,1,1,1,1,1,1,1,1,1,1,1,1,1,0,0,0,0,0,0,0,0,0,1,0,0,0,0,0,0,0,0,0,0,0,0,0,0,0,0,0,0,0,0,0,0,13,0,0,0,0,0,0,0,0,0,0,0,0,0,0,0,0,0,0,0,0,0,0,0,0,0,0,0,0,0,0,0,0,0,0,0,0,0,0,0,0,0,0,0,0,0,0,0,0
-0.104718,-0.660823,0.558507,0,0,0,0,-4.38514e-09,1.68416e-07,-9.93328e-08,1465,1456,1457,1464,1466,1473,1474,3049,3050,3057,3058,3059,3066,3067,0,0,0,0,0,0,0,0,0,1456,1457,1464,1466,1473,1474,3049,3050,3057,3058,3059,3066,3067,0,0,0,0,0,0,0,0,0,0.045809,0.0359695,0.0406183,0.0399799,0.0355132,0.0468754,0.111013,0.107039,0.108919,0.0999313,0.108402,0.107018,0.111468,0,0,0,0,0,0,0,0,0,0.0456616,0.0361211,0.0407134,0.0399323,0.0356675,0.0467853,0.111053,0.107008,0.10884,0.1,0.10852,0.10684,0.111533,0,0,0,0,0,0,0,0,0,1,1,1,1,1,1,1,1,1,1,1,1,1,0,0,0,0,0,0,0,0,0,1,1,1,1,1,1,1,1,1,1,1,1,1,0,0,0,0,0,0,0,0,0,1,0,0,0,0,0,0,0,0,0,0,0,0,0,0,0,0,0,0,0,0,0,0,13,0,0,0,0,0,0,0,0,0,0,0,0,0,0,0,0,0,0,0,0,0,0,0,0,0,0,0,0,0,0,0,0,0,0,0,0,0,0,0,0,0,0,0,0,0,0,0,0
-0.081967,-0.65203,0.590184,0,0,0,0,-2.47639e-09,1.57566e-07,-9.6951e-08,1466,1457,1458,1465,1467,1474,1475,3050,3051,3058,3059,3060,3067,3068,0,0,0,0,0,0,0,0,0,1457,1458,1465,1467,1474,1475,3050,3051,3058,3059,3060,3067,3068,0,0,0,0,0,0,0,0,0,0.0456471,0.0362567,0.0399799,0.0393485,0.0360974,0.0464263,0.110842,0.107252,0.108507,0.099969,0.108236,0.107291,0.111255,0,0,0,0,0,0,0,0,0,0.0452017,0.0364382,0.0399323,0.0393292,0.0363803,0.0459718,0.110816,0.107328,0.108547,0.1,0.108312,0.107195,0.111136,0,0,0,0,0,0,0,0,0,1,1,1,1,1,1,1,1,1,1,1,1,1,0,0,0,0,0,0,0,0,0,1,1,1,1,1,1,1,1,1,1,1,1,1,0,0,0,0,0,0,0,0,0,1,0,0,0,0,0,0,0,0,0,0,0,0,0,0,0,0,0,0,0,0,0,0,13,0,0,0,0,0,0,0,0,0,0,0,0,0,0,0,0,0,0,0,0,0,0,0,0,0,0,0,0,0,0,0,0,0,0,0,0,0,0,0,0,0,0,0,0,0,0,0,0
-0.0590177,-0.641975,0.620525,0,0,0,0,-9.95185e-10,1.46953e-07,-9.39214e-08,1467,1458,1459,1466,1468,1475,1476,3051,3052,3059,3060,3061,3068,3069,0,0,0,0,0,0,0,0,0,1458,1459,1466,1468,1475,1476,3051,3052,3059,3060,3061,3068,3069,0,0,0,0,0,0,0,0,0,0.0454949,0.0352965,0.0393485,0.038449,0.036091,0.0462451,0.110835,0.106922,0.108254,0.100038,0.107929,0.107274,0.111205,0,0,0,0,0,0,0,0,0,0.0452374,0.0354535,0.0393292,0.0384746,0.0362898,0.0459754,0.110833,0.106941,0.10832,0.1,0.107964,0.107257,0.11114,0,0,0,0,0,0,0,0,0,1,1,1,1,1,1,1,1,1,1,1,1,1,0,0,0,0,0,0,0,0,0,1,1,1,1,1,1,1,1,1,1,1,1,1,0,0,0,0,0,0,0,0,0,1,0,0,0,0,0,0,0,0,0,0,0,0,0,0,0,0,0,0,0,0,0,0,13,0,0,0,0,0,0,0,0,0,0,0,0,0,0,0,0,0,0,0,0,0,0,0,0,0,0,0,0,0,0,0,0,0,0,0,0,0,0,0,0,0,0,0,0,0,0,0,0
-0.0371354,-0.630455,0.649966,0,0,0,0,1.87174e-10,1.36386e-07,-9.01594e-08,1468,1459,1460,1467,1469,1476,1477,3052,3053,3060,3061,3062,3069,3070,0,0,0,0,0,0,0,0,0,1459,1460,1467,1469,1476,1477,3052,3053,3060,3061,3062,3069,3070,0,0,0,0,0,0,0,0,0,0.0454533,0.0343472,0.038449,0.0377964,0.0351695,0.046158,0.110794,0.10657,0.107922,0.10004,0.107707,0.106932,0.111181,0,0,0,0,0,0,0,0,0,0.045299,0.0344771,0.0384746,0.0378069,0.0352865,0.0460768,0.110862,0.106567,0.107973,0.1,0.107696,0.106866,0.111188,0,0,0,0,0,0,0,0,0,1,1,1,1,1,1,1,1,1,1,1,1,1,0,0,0,0,0,0,0,0,0,1,1,1,1,1,1,1,1,1,1,1,1,1,0,0,0,0,0,0,0,0,0,1,0,0,0,0,0,0,0,0,0,0,0,0,0,0,0,0,0,0,0,0,0,0,13,0,0,0,0,0,0,0,0,0,0,0,0,0,0,0,0,0,0,0,0,0,0,0,0,0,0,0,0,0,0,0,0,0,0,0,0,0,0,0,0,0,0,0,0,0,0,0,0
-0.0162481,-0.617456,0.678659,0,0,0,0,1.16905e-09,1.25886e-07,-8.57235e-08,1469,94,95,1460,1461,1468,1477,1687,1688,3053,3054,3061,3062,3070,0,0,0,0,0,0,0,0,0,94,95,1460,1461,1468,1477,1687,1688,3053,3054,3061,3062,3070,0,0,0,0,0,0,0,0,0,0.0381908,0.0466027,0.0455741,0.0332701,0.0377964,0.0340866,0.107921,0.111375,0.110836,0.106185,0.107677,0.100054,0.106556,0,0,0,0,0,0,0,0,0,0.0382002,0.0466279,0.0455258,0.0334462,0.0378069,0.0342572,0.107847,0.111445,0.110967,0.106184,0.107705,0.1,0.106476,0,0,0,0,0,0,0,0,0,1,1,1,1,1,1,1,1,1,1,1,1,1,0,0,0,0,0,0,0,0,0,1,1,1,1,1,1,1,1,1,1,1,1,1,0,0,0,0,0,0,0,0,0,1,0,0,0,0,0,0,0,0,0,0,0,0,0,0,0,0,0,0,0,0,0,0,13,0,0,0,0,0,0,0,0,0,0,0,0,0,0,0,0,0,0,0,0,0,0,0,0,0,0,0,0,0,0,0,0,0,0,0,0,0,0,0,0,0,0,0,0,0,0,0,0
-0.201489,-0.668765,0.45809,0,0,0,0,-1.78682e-08,1.94307e-07,-9.62441e-08,1470,1462,1471,1478,1479,3055,3063,3064,3071,3072,0,0,0,0,0,0,0,0,0,0,0,0,0,1462,1471,1478,1479,3055,3063,3064,3071,3072,0,0,0,0,0,0,0,0,0,0,0,0,0,0.0352261,0.0434081,0.0359601,0.0473333,0.106927,0.100033,0.110007,0.107142,0.111757,0,0,0,0,0,0,0,0,0,0,0,0,0,0.0358642,0.043544,0.0366776,0.0472077,0.106909,0.1,0.110052,0.107216,0.111728,0,0,0,0,0,0,0,0,0,0,0,0,0,1,1,1,1,1,1,1,1,1,0,0,0,0,0,0,0,0,0,0,0,0,0,1,1,1,1,1,1,1,1,1,0,0,0,0,0,0,0,0,0,0,0,0,0,1,0,0,0,0,0,0,0,0,0,0,0,0,0,0,0,0,0,0,0,0,0,0,9,0,0,0,0,0,0,0,0,0,0,0,0,0,0,0,0,0,0,0,0,0,0,0,0,0,0,0,0,0,0,0,0,0,0,0,0,0,0,0,0,0,0,0,0,0,0,0,0
-0.181082,-0.664378,0.496151,0,0,0,0,-1.38621e-08,1.83099e-07,-9.64005e-08,1471,1462,1463,1470,1472,1479,1480,3055,3056,3063,3064,3065,3072,3073,0,0,0,0,0,0,0,0,0,1462,1463,1470,1472,1479,1480,3055,3056,3063,3064,3065,3072,3073,0,0,0,0,0,0,0,0,0,0.0471165,0.0349289,0.0434081,0.0427196,0.0358722,0.0474285,0.111702,0.106845,0.110019,0.100054,0.109705,0.107126,0.111791,0,0,0,0,0,0,0,0,0,0.0469247,0.0358399,0.043544,0.0427871,0.0366871,0.0473175,0.111607,0.106901,0.110057,0.1,0.109721,0.107221,0.111781,0,0,0,0,0,0,0,0,0,1,1,1,1,1,1,1,1,1,1,1,1,1,0,0,0,0,0,0,0,0,0,1,1,1,1,1,1,1,1,1,1,1,1,1,0,0,0,0,0,0,0,0,0,1,0,0,0,0,0,0,0,0,0,0,0,0,0,0,0,0,0,0,0,0,0,0,13,0,0,0,0,0,0,0,0,0,0,0,0,0,0,0,0,0,0,0,0,0,0,0,0,0,0,0,0,0,0,0,0,0,0,0,0,0,0,0,0,0,0,0,0,0,0,0,0
-0.159943,-0.658372,0.532785,0,0,0,0,-1.02693e-08,1.71895e-07,-9.57415e-08,1472,1463,1464,1471,1473,1480,1481,3056,3057,3064,3065,3066,3073,3074,0,0,0,0,0,0,0,0,0,1463,1464,1471,1473,1480,1481,3056,3057,3064,3065,3066,3073,3074,0,0,0,0,0,0,0,0,0,0.046985,0.0347698,0.0427196,0.0419505,0.0357821,0.0472302,0.111659,0.106869,0.109751,0.100072,0.109343,0.107124,0.111673,0,0,0,0,0,0,0,0,0,0.0469725,0.0357739,0.0427871,0.0419,0.0366468,0.0473127,0.11163,0.106877,0.109725,0.1,0.109339,0.107207,0.111779,0,0,0,0,0,0,0,0,0,1,1,1,1,1,1,1,1,1,1,1,1,1,0,0,0,0,0,0,0,0,0,1,1,1,1,1,1,1,1,1,1,1,1,1,0,0,0,0,0,0,0,0,0,1,0,0,0,0,0,0,0,0,0,0,0,0,0,0,0,0,0,0,0,0,0,0,13,0,0,0,0,0,0,0,0,0,0,0,0,0,0,0,0,0,0,0,0,0,0,0,0,0,0,0,0,0,0,0,0,0,0,0,0,0,0,0,0,0,0,0,0,0,0,0,0
-0.137656,-0.651128,0.567579,0,0,0,0,-7.33731e-09,1.61114e-07,-9.44718e-08,1473,1464,1465,1472,1474,1481,1482,3057,3058,3065,3066,3067,3074,3075,0,0,0,0,0,0,0,0,0,1464,1465,1472,1474,1481,1482,3057,3058,3065,3066,3067,3074,3075,0,0,0,0,0,0,0,0,0,0.0464636,0.0355132,0.0419505,0.0406115,0.036048,0.0472229,0.11146,0.106961,0.10943,0.10005,0.108774,0.107238,0.111652,0,0,0,0,0,0,0,0,0,0.0469205,0.0356675,0.0419,0.0409156,0.0365594,0.0472124,0.111606,0.106838,0.109342,0.1,0.108923,0.107175,0.111732,0,0,0,0,0,0,0,0,0,1,1,1,1,1,1,1,1,1,1,1,1,1,0,0,0,0,0,0,0,0,0,1,1,1,1,1,1,1,1,1,1,1,1,1,0,0,0,0,0,0,0,0,0,1,0,0,0,0,0,0,0,0,0,0,0,0,0,0,0,0,0,0,0,0,0,0,13,0,0,0,0,0,0,0,0,0,0,0,0,0,0,0,0,0,0,0,0,0,0,0,0,0,0,0,0,0,0,0,0,0,0,0,0,0,0,0,0,0,0,0,0,0,0,0,0
-0.115286,-0.642608,0.600386,0,0,0,0,-4.98379e-09,1.50713e-07,-9.25314e-08,1474,1465,1466,1473,1475,1482,1483,3058,3059,3066,3067,3068,3075,3076,0,0,0,0,0,0,0,0,0,1465,1466,1473,1475,1482,1483,3058,3059,3066,3067,3068,3075,3076,0,0,0,0,0,0,0,0,0,0.0468754,0.0360974,0.0406115,0.0396774,0.0360519,0.0471752,0.111479,0.107192,0.10885,0.100074,0.108375,0.107264,0.111645,0,0,0,0,0,0,0,0,0,0.0467853,0.0363803,0.0409156,0.0400089,0.0364264,0.0470404,0.111543,0.107117,0.108925,0.1,0.108556,0.107125,0.111652,0,0,0,0,0,0,0,0,0,1,1,1,1,1,1,1,1,1,1,1,1,1,0,0,0,0,0,0,0,0,0,1,1,1,1,1,1,1,1,1,1,1,1,1,0,0,0,0,0,0,0,0,0,1,0,0,0,0,0,0,0,0,0,0,0,0,0,0,0,0,0,0,0,0,0,0,13,0,0,0,0,0,0,0,0,0,0,0,0,0,0,0,0,0,0,0,0,0,0,0,0,0,0,0,0,0,0,0,0,0,0,0,0,0,0,0,0,0,0,0,0,0,0,0,0
-0.0923027,-0.633116,0.631304,0,0,0,0,-3.1256e-09,1.40753e-07,-9.00673e-08,1475,1466,1467,1474,1476,1483,1484,3059,3060,3067,3068,3069,3076,3077,0,0,0,0,0,0,0,0,0,1466,1467,1474,1476,1483,1484,3059,3060,3067,3068,3069,3076,3077,0,0,0,0,0,0,0,0,0,0.0464263,0.036091,0.0396774,0.0390004,0.0364559,0.0470981,0.111238,0.107231,0.108454,0.100029,0.108131,0.107431,0.11155,0,0,0,0,0,0,0,0,0,0.0459718,0.0362898,0.0400089,0.039316,0.0367174,0.0466477,0.11117,0.107255,0.108575,0.1,0.108307,0.107304,0.111457,0,0,0,0,0,0,0,0,0,1,1,1,1,1,1,1,1,1,1,1,1,1,0,0,0,0,0,0,0,0,0,1,1,1,1,1,1,1,1,1,1,1,1,1,0,0,0,0,0,0,0,0,0,1,0,0,0,0,0,0,0,0,0,0,0,0,0,0,0,0,0,0,0,0,0,0,13,0,0,0,0,0,0,0,0,0,0,0,0,0,0,0,0,0,0,0,0,0,0,0,0,0,0,0,0,0,0,0,0,0,0,0,0,0,0,0,0,0,0,0,0,0,0,0,0
-0.0695049,-0.622307,0.661044,0,0,0,0,-1.65891e-09,1.30908e-07,-8.69374e-08,1476,1467,1468,1475,1477,1484,1485,3060,3061,3068,3069,3070,3077,3078,0,0,0,0,0,0,0,0,0,1467,1468,1475,1477,1484,1485,3060,3061,3068,3069,3070,3077,3078,0,0,0,0,0,0,0,0,0,0.0462451,0.0351695,0.0390004,0.0384067,0.0360867,0.0468812,0.111168,0.106894,0.108123,0.100037,0.107952,0.107233,0.111533,0,0,0,0,0,0,0,0,0,0.0459754,0.0352865,0.039316,0.0386047,0.0360993,0.046816,0.111173,0.106864,0.108315,0.1,0.108016,0.107052,0.111531,0,0,0,0,0,0,0,0,0,1,1,1,1,1,1,1,1,1,1,1,1,1,0,0,0,0,0,0,0,0,0,1,1,1,1,1,1,1,1,1,1,1,1,1,0,0,0,0,0,0,0,0,0,1,0,0,0,0,0,0,0,0,0,0,0,0,0,0,0,0,0,0,0,0,0,0,13,0,0,0,0,0,0,0,0,0,0,0,0,0,0,0,0,0,0,0,0,0,0,0,0,0,0,0,0,0,0,0,0,0,0,0,0,0,0,0,0,0,0,0,0,0,0,0,0
-0.0475062,-0.609972,0.690009,0,0,0,0,-4.64779e-10,1.21047e-07,-8.30842e-08,1477,95,96,1468,1469,1476,1485,1688,1689,3061,3062,3069,3070,3078,0,0,0,0,0,0,0,0,0,95,96,1468,1469,1476,1485,1688,1689,3061,3062,3069,3070,3078,0,0,0,0,0,0,0,0,0,0.0383729,0.04711,0.046158,0.0340866,0.0384067,0.0351072,0.108016,0.111633,0.111116,0.106516,0.107897,0.100069,0.106956,0,0,0,0,0,0,0,0,0,0.0385641,0.0471293,0.0460768,0.0342572,0.0386047,0.035245,0.107996,0.111679,0.111221,0.106475,0.108025,0.1,0.106837,0,0,0,0,0,0,0,0,0,1,1,1,1,1,1,1,1,1,1,1,1,1,0,0,0,0,0,0,0,0,0,1,1,1,1,1,1,1,1,1,1,1,1,1,0,0,0,0,0,0,0,0,0,1,0,0,0,0,0,0,0,0,0,0,0,0,0,0,0,0,0,0,0,0,0,0,13,0,0,0,0,0,0,0,0,0,0,0,0,0,0,0,0,0,0,0,0,0,0,0,0,0,0,0,0,0,0,0,0,0,0,0,0,0,0,0,0,0,0,0,0,0,0,0,0
-0.235129,-0.656446,0.46121,0,0,0,0,-2.32646e-08,1.84873e-07,-8.85905e-08,1478,1470,1479,1486,1487,3063,3071,3072,3079,3080,0,0,0,0,0,0,0,0,0,0,0,0,0,1470,1479,1486,1487,3063,3071,3072,3079,3080,0,0,0,0,0,0,0,0,0,0,0,0,0,0.0359601,0.0445305,0.0367185,0.0474495,0.107195,0.100055,0.110495,0.107449,0.111838,0,0,0,0,0,0,0,0,0,0,0,0,0,0.0366776,0.044598,0.0374666,0.0474072,0.107215,0.1,0.110522,0.107519,0.111821,0,0,0,0,0,0,0,0,0,0,0,0,0,1,1,1,1,1,1,1,1,1,0,0,0,0,0,0,0,0,0,0,0,0,0,1,1,1,1,1,1,1,1,1,0,0,0,0,0,0,0,0,0,0,0,0,0,1,0,0,0,0,0,0,0,0,0,0,0,0,0,0,0,0,0,0,0,0,0,0,9,0,0,0,0,0,0,0,0,0,0,0,0,0,0,0,0,0,0,0,0,0,0,0,0,0,0,0,0,0,0,0,0,0,0,0,0,0,0,0,0,0,0,0,0,0,0,0,0
-0.214659,-0.652548,0.500564,0,0,0,0,-1.8465e-08,1.74305e-07,-8.93505e-08,1479,1470,1471,1478,1480,1487,1488,3063,3064,3071,3072,3073,3080,3081,0,0,0,0,0,0,0,0,0,1470,1471,1478,1480,1487,1488,3063,3064,3071,3072,3073,3080,3081,0,0,0,0,0,0,0,0,0,0.0473333,0.0358722,0.0445305,0.0438769,0.0367549,0.0476755,0.11182,0.107171,0.110519,0.100043,0.110184,0.107451,0.111913,0,0,0,0,0,0,0,0,0,0.0472077,0.0366871,0.044598,0.0439055,0.037514,0.0475835,0.111738,0.10722,0.110528,0.1,0.110213,0.107539,0.111905,0,0,0,0,0,0,0,0,0,1,1,1,1,1,1,1,1,1,1,1,1,1,0,0,0,0,0,0,0,0,0,1,1,1,1,1,1,1,1,1,1,1,1,1,0,0,0,0,0,0,0,0,0,1,0,0,0,0,0,0,0,0,0,0,0,0,0,0,0,0,0,0,0,0,0,0,13,0,0,0,0,0,0,0,0,0,0,0,0,0,0,0,0,0,0,0,0,0,0,0,0,0,0,0,0,0,0,0,0,0,0,0,0,0,0,0,0,0,0,0,0,0,0,0,0
-0.193371,-0.646968,0.538522,0,0,0,0,-1.41887e-08,1.63699e-07,-8.92875e-08,1480,1471,1472,1479,1481,1488,1489,3064,3065,3072,3073,3074,3081,3082,0,0,0,0,0,0,0,0,0,1471,1472,1479,1481,1488,1489,3064,3065,3072,3073,3074,3081,3082,0,0,0,0,0,0,0,0,0,0.0474285,0.0357821,0.0438769,0.0431167,0.0367281,0.0476871,0.111868,0.107156,0.110231,0.100049,0.109823,0.107459,0.111891,0,0,0,0,0,0,0,0,0,0.0473175,0.0366468,0.0439055,0.0430627,0.0375063,0.0476328,0.111791,0.107205,0.110217,0.1,0.109842,0.107537,0.111929,0,0,0,0,0,0,0,0,0,1,1,1,1,1,1,1,1,1,1,1,1,1,0,0,0,0,0,0,0,0,0,1,1,1,1,1,1,1,1,1,1,1,1,1,0,0,0,0,0,0,0,0,0,1,0,0,0,0,0,0,0,0,0,0,0,0,0,0,0,0,0,0,0,0,0,0,13,0,0,0,0,0,0,0,0,0,0,0,0,0,0,0,0,0,0,0,0,0,0,0,0,0,0,0,0,0,0,0,0,0,0,0,0,0,0,0,0,0,0,0,0,0,0,0,0
-0.171164,-0.639977,0.574813,0,0,0,0,-1.06628e-08,1.53371e-07,-8.85315e-08,1481,1472,1473,1480,1482,1489,1490,3065,3066,3073,3074,3075,3082,3083,0,0,0,0,0,0,0,0,0,1472,1473,1480,1482,1489,1490,3065,3066,3073,3074,3075,3082,3083,0,0,0,0,0,0,0,0,0,0.0472302,0.036048,0.0431167,0.0420405,0.0368191,0.0476776,0.111757,0.107234,0.109895,0.100032,0.109333,0.107502,0.11186,0,0,0,0,0,0,0,0,0,0.0473127,0.0365594,0.0430627,0.0421067,0.0374458,0.0475766,0.111789,0.107173,0.109845,0.1,0.109428,0.107515,0.111903,0,0,0,0,0,0,0,0,0,1,1,1,1,1,1,1,1,1,1,1,1,1,0,0,0,0,0,0,0,0,0,1,1,1,1,1,1,1,1,1,1,1,1,1,0,0,0,0,0,0,0,0,0,1,0,0,0,0,0,0,0,0,0,0,0,0,0,0,0,0,0,0,0,0,0,0,13,0,0,0,0,0,0,0,0,0,0,0,0,0,0,0,0,0,0,0,0,0,0,0,0,0,0,0,0,0,0,0,0,0,0,0,0,0,0,0,0,0,0,0,0,0,0,0,0
-0.148486,-0.631683,0.609227,0,0,0,0,-7.82467e-09,1.43368e-07,-8.71098e-08,1482,1473,1474,1481,1483,1490,1491,3066,3067,3074,3075,3076,3083,3084,0,0,0,0,0,0,0,0,0,1473,1474,1481,1483,1490,1491,3066,3067,3074,3075,3076,3083,3084,0,0,0,0,0,0,0,0,0,0.0472229,0.0360519,0.0420405,0.0408759,0.0368342,0.0476338,0.111706,0.107245,0.109407,0.100022,0.108847,0.107518,0.11182,0,0,0,0,0,0,0,0,0,0.0472124,0.0364264,0.0421067,0.041077,0.037335,0.0474399,0.111742,0.107123,0.10943,0.1,0.108991,0.107473,0.111839,0,0,0,0,0,0,0,0,0,1,1,1,1,1,1,1,1,1,1,1,1,1,0,0,0,0,0,0,0,0,0,1,1,1,1,1,1,1,1,1,1,1,1,1,0,0,0,0,0,0,0,0,0,1,0,0,0,0,0,0,0,0,0,0,0,0,0,0,0,0,0,0,0,0,0,0,13,0,0,0,0,0,0,0,0,0,0,0,0,0,0,0,0,0,0,0,0,0,0,0,0,0,0,0,0,0,0,0,0,0,0,0,0,0,0,0,0,0,0,0,0,0,0,0,0
-0.125516,-0.622261,0.6417,0,0,0,0,-5.55727e-09,1.33732e-07,-8.5079e-08,1483,1474,1475,1482,1484,1491,1492,3067,3068,3075,3076,3077,3084,3085,0,0,0,0,0,0,0,0,0,1474,1475,1482,1484,1491,1492,3067,3068,3075,3076,3077,3084,3085,0,0,0,0,0,0,0,0,0,0.0471752,0.0364559,0.0408759,0.0397301,0.0367909,0.0475442,0.111668,0.107375,0.108899,0.100035,0.108346,0.107514,0.11177,0,0,0,0,0,0,0,0,0,0.0470404,0.0367174,0.041077,0.0400293,0.0371757,0.0472585,0.111662,0.107256,0.108993,0.1,0.108556,0.107412,0.111754,0,0,0,0,0,0,0,0,0,1,1,1,1,1,1,1,1,1,1,1,1,1,0,0,0,0,0,0,0,0,0,1,1,1,1,1,1,1,1,1,1,1,1,1,0,0,0,0,0,0,0,0,0,1,0,0,0,0,0,0,0,0,0,0,0,0,0,0,0,0,0,0,0,0,0,0,13,0,0,0,0,0,0,0,0,0,0,0,0,0,0,0,0,0,0,0,0,0,0,0,0,0,0,0,0,0,0,0,0,0,0,0,0,0,0,0,0,0,0,0,0,0,0,0,0
-0.102232,-0.611985,0.672208,0,0,0,0,-3.73692e-09,1.24496e-07,-8.25533e-08,1484,1475,1476,1483,1485,1492,1493,3068,3069,3076,3077,3078,3085,3086,0,0,0,0,0,0,0,0,0,1475,1476,1483,1485,1492,1493,3068,3069,3076,3077,3078,3085,3086,0,0,0,0,0,0,0,0,0,0.0470981,0.0360867,0.0397301,0.0387974,0.0368563,0.047659,0.111521,0.107208,0.108369,0.0999243,0.108057,0.10749,0.111764,0,0,0,0,0,0,0,0,0,0.0466477,0.0360993,0.0400293,0.0392172,0.0369674,0.0470938,0.111483,0.107034,0.108557,0.1,0.108234,0.107333,0.111677,0,0,0,0,0,0,0,0,0,1,1,1,1,1,1,1,1,1,1,1,1,1,0,0,0,0,0,0,0,0,0,1,1,1,1,1,1,1,1,1,1,1,1,1,0,0,0,0,0,0,0,0,0,1,0,0,0,0,0,0,0,0,0,0,0,0,0,0,0,0,0,0,0,0,0,0,13,0,0,0,0,0,0,0,0,0,0,0,0,0,0,0,0,0,0,0,0,0,0,0,0,0,0,0,0,0,0,0,0,0,0,0,0,0,0,0,0,0,0,0,0,0,0,0,0
-0.0793349,-0.600382,0.701299,0,0,0,0,-2.26242e-09,1.15411e-07,-7.93547e-08,1485,96,97,1476,1477,1484,1493,1689,1690,3069,3070,3077,3078,3086,0,0,0,0,0,0,0,0,0,96,97,1476,1477,1484,1493,1689,1690,3069,3070,3077,3078,3086,0,0,0,0,0,0,0,0,0,0.0386565,0.0477302,0.0468812,0.0351072,0.0387974,0.0363668,0.108151,0.111962,0.111471,0.106948,0.107991,0.100096,0.107353,0,0,0,0,0,0,0,0,0,0.0390594,0.047808,0.046816,0.035245,0.0392172,0.0364346,0.108199,0.112,0.111565,0.106836,0.108249,0.1,0.107161,0,0,0,0,0,0,0,0,0,1,1,1,1,1,1,1,1,1,1,1,1,1,0,0,0,0,0,0,0,0,0,1,1,1,1,1,1,1,1,1,1,1,1,1,0,0,0,0,0,0,0,0,0,1,0,0,0,0,0,0,0,0,0,0,0,0,0,0,0,0,0,0,0,0,0,0,13,0,0,0,0,0,0,0,0,0,0,0,0,0,0,0,0,0,0,0,0,0,0,0,0,0,0,0,0,0,0,0,0,0,0,0,0,0,0,0,0,0,0,0,0,0,0,0,0
-0.269062,-0.64248,0.462521,0,0,0,0,-2.93671e-08,1.75018e-07,-7.97466e-08,1486,1478,1487,1494,1495,3071,3079,3080,3087,3088,0,0,0,0,0,0,0,0,0,0,0,0,0,1478,1487,1494,1495,3071,3079,3080,3087,3088,0,0,0,0,0,0,0,0,0,0,0,0,0,0.0367185,0.0456031,0.0374704,0.0474435,0.107473,0.100066,0.110972,0.107734,0.11186,0,0,0,0,0,0,0,0,0,0,0,0,0,0.0374666,0.0455961,0.0381893,0.0474861,0.107518,0.1,0.110976,0.107801,0.111857,0,0,0,0,0,0,0,0,0,0,0,0,0,1,1,1,1,1,1,1,1,1,0,0,0,0,0,0,0,0,0,0,0,0,0,1,1,1,1,1,1,1,1,1,0,0,0,0,0,0,0,0,0,0,0,0,0,1,0,0,0,0,0,0,0,0,0,0,0,0,0,0,0,0,0,0,0,0,0,0,9,0,0,0,0,0,0,0,0,0,0,0,0,0,0,0,0,0,0,0,0,0,0,0,0,0,0,0,0,0,0,0,0,0,0,0,0,0,0,0,0,0,0,0,0,0,0,0,0
-0.248737,-0.639033,0.503198,0,0,0,0,-2.37512e-08,1.65024e-07,-8.10689e-08,1487,1478,1479,1486,1488,1495,1496,3071,3072,3079,3080,3081,3088,3089,0,0,0,0,0,0,0,0,0,1478,1479,1486,1488,1495,1496,3071,3072,3079,3080,3081,3088,3089,0,0,0,0,0,0,0,0,0,0.0474495,0.0367549,0.0456031,0.0450128,0.0375567,0.0477629,0.111889,0.107489,0.110998,0.100042,0.110674,0.107756,0.111972,0,0,0,0,0,0,0,0,0,0.0474072,0.037514,0.0455961,0.0449803,0.0382794,0.0477356,0.111831,0.107538,0.110982,0.1,0.110695,0.107838,0.111976,0,0,0,0,0,0,0,0,0,1,1,1,1,1,1,1,1,1,1,1,1,1,0,0,0,0,0,0,0,0,0,1,1,1,1,1,1,1,1,1,1,1,1,1,0,0,0,0,0,0,0,0,0,1,0,0,0,0,0,0,0,0,0,0,0,0,0,0,0,0,0,0,0,0,0,0,13,0,0,0,0,0,0,0,0,0,0,0,0,0,0,0,0,0,0,0,0,0,0,0,0,0,0,0,0,0,0,0,0,0,0,0,0,0,0,0,0,0,0,0,0,0,0,0,0
-0.22745,-0.63387,0.542522,0,0,0,0,-1.87307e-08,1.54981e-07,-8.16048e-08,1488,1479,1480,1487,1489,1496,1497,3072,3073,3080,3081,3082,3089,3090,0,0,0,0,0,0,0,0,0,1479,1480,1487,1489,1496,1497,3072,3073,3080,3081,3082,3089,3090,0,0,0,0,0,0,0,0,0,0.0476755,0.0367281,0.0450128,0.0442803,0.0375909,0.0479079,0.111986,0.107491,0.110719,0.100036,0.110316,0.10778,0.112008,0,0,0,0,0,0,0,0,0,0.0475835,0.0375063,0.0449803,0.0441922,0.0383109,0.0478455,0.111915,0.107536,0.110701,0.1,0.110341,0.107852,0.112029,0,0,0,0,0,0,0,0,0,1,1,1,1,1,1,1,1,1,1,1,1,1,0,0,0,0,0,0,0,0,0,1,1,1,1,1,1,1,1,1,1,1,1,1,0,0,0,0,0,0,0,0,0,1,0,0,0,0,0,0,0,0,0,0,0,0,0,0,0,0,0,0,0,0,0,0,13,0,0,0,0,0,0,0,0,0,0,0,0,0,0,0,0,0,0,0,0,0,0,0,0,0,0,0,0,0,0,0,0,0,0,0,0,0,0,0,0,0,0,0,0,0,0,0,0
-0.20526,-0.627191,0.580255,0,0,0,0,-1.45391e-08,1.45158e-07,-8.14234e-08,1489,1480,1481,1488,1490,1497,1498,3073,3074,3081,3082,3083,3090,3091,0,0,0,0,0,0,0,0,0,1480,1481,1488,1490,1497,1498,3073,3074,3081,3082,3083,3090,3091,0,0,0,0,0,0,0,0,0,0.0476871,0.0368191,0.0442803,0.0433438,0.0376392,0.0479612,0.111973,0.107518,0.11038,0.10002,0.109875,0.107803,0.112001,0,0,0,0,0,0,0,0,0,0.0476328,0.0374458,0.0441922,0.0432741,0.038285,0.0478411,0.111939,0.107513,0.110345,0.1,0.109935,0.107843,0.112028,0,0,0,0,0,0,0,0,0,1,1,1,1,1,1,1,1,1,1,1,1,1,0,0,0,0,0,0,0,0,0,1,1,1,1,1,1,1,1,1,1,1,1,1,0,0,0,0,0,0,0,0,0,1,0,0,0,0,0,0,0,0,0,0,0,0,0,0,0,0,0,0,0,0,0,0,13,0,0,0,0,0,0,0,0,0,0,0,0,0,0,0,0,0,0,0,0,0,0,0,0,0,0,0,0,0,0,0,0,0,0,0,0,0,0,0,0,0,0,0,0,0,0,0,0
-0.182412,-0.619147,0.616198,0,0,0,0,-1.11258e-08,1.35618e-07,-8.05653e-08,1490,1481,1482,1489,1491,1498,1499,3074,3075,3082,3083,3084,3091,3092,0,0,0,0,0,0,0,0,0,1481,1482,1489,1491,1498,1499,3074,3075,3082,3083,3084,3091,3092,0,0,0,0,0,0,0,0,0,0.0476776,0.0368342,0.0433438,0.0422804,0.0376452,0.0479557,0.111932,0.107523,0.109945,0.100009,0.109397,0.107812,0.111974,0,0,0,0,0,0,0,0,0,0.0475766,0.037335,0.0432741,0.0422678,0.0382039,0.0477494,0.111913,0.107471,0.109938,0.1,0.109497,0.107812,0.111985,0,0,0,0,0,0,0,0,0,1,1,1,1,1,1,1,1,1,1,1,1,1,0,0,0,0,0,0,0,0,0,1,1,1,1,1,1,1,1,1,1,1,1,1,0,0,0,0,0,0,0,0,0,1,0,0,0,0,0,0,0,0,0,0,0,0,0,0,0,0,0,0,0,0,0,0,13,0,0,0,0,0,0,0,0,0,0,0,0,0,0,0,0,0,0,0,0,0,0,0,0,0,0,0,0,0,0,0,0,0,0,0,0,0,0,0,0,0,0,0,0,0,0,0,0
-0.159105,-0.60992,0.650246,0,0,0,0,-8.36998e-09,1.26398e-07,-7.90882e-08,1491,1482,1483,1490,1492,1499,1500,3075,3076,3083,3084,3085,3092,3093,0,0,0,0,0,0,0,0,0,1482,1483,1490,1492,1499,1500,3075,3076,3083,3084,3085,3092,3093,0,0,0,0,0,0,0,0,0,0.0476338,0.0367909,0.0422804,0.0411554,0.0376088,0.0479263,0.111871,0.107517,0.109455,0.0999917,0.108914,0.107797,0.111934,0,0,0,0,0,0,0,0,0,0.0474399,0.0371757,0.0422678,0.0412282,0.0380704,0.0476057,0.111849,0.10741,0.1095,0.1,0.109055,0.10776,0.111917,0,0,0,0,0,0,0,0,0,1,1,1,1,1,1,1,1,1,1,1,1,1,0,0,0,0,0,0,0,0,0,1,1,1,1,1,1,1,1,1,1,1,1,1,0,0,0,0,0,0,0,0,0,1,0,0,0,0,0,0,0,0,0,0,0,0,0,0,0,0,0,0,0,0,0,0,13,0,0,0,0,0,0,0,0,0,0,0,0,0,0,0,0,0,0,0,0,0,0,0,0,0,0,0,0,0,0,0,0,0,0,0,0,0,0,0,0,0,0,0,0,0,0,0,0
-0.135466,-0.59969,0.682345,0,0,0,0,-6.15046e-09,1.17521e-07,-7.70509e-08,1492,1483,1484,1491,1493,1500,1501,3076,3077,3084,3085,3086,3093,3094,0,0,0,0,0,0,0,0,0,1483,1484,1491,1493,1500,1501,3076,3077,3084,3085,3086,3093,3094,0,0,0,0,0,0,0,0,0,0.0475442,0.0368563,0.0411554,0.0399711,0.0375761,0.0480002,0.111791,0.107491,0.10894,0.0999672,0.108437,0.107772,0.111947,0,0,0,0,0,0,0,0,0,0.0472585,0.0369674,0.0412282,0.0402545,0.0378862,0.0474627,0.111763,0.107331,0.109056,0.1,0.108649,0.107689,0.11185,0,0,0,0,0,0,0,0,0,1,1,1,1,1,1,1,1,1,1,1,1,1,0,0,0,0,0,0,0,0,0,1,1,1,1,1,1,1,1,1,1,1,1,1,0,0,0,0,0,0,0,0,0,1,0,0,0,0,0,0,0,0,0,0,0,0,0,0,0,0,0,0,0,0,0,0,13,0,0,0,0,0,0,0,0,0,0,0,0,0,0,0,0,0,0,0,0,0,0,0,0,0,0,0,0,0,0,0,0,0,0,0,0,0,0,0,0,0,0,0,0,0,0,0,0
-0.111815,-0.588527,0.712572,0,0,0,0,-4.33231e-09,1.08936e-07,-7.44723e-08,1493,97,98,1484,1485,1492,1501,1690,1691,3077,3078,3085,3086,3094,0,0,0,0,0,0,0,0,0,97,98,1484,1485,1492,1501,1690,1691,3077,3078,3085,3086,3094,0,0,0,0,0,0,0,0,0,0.0390415,0.0482073,0.047659,0.0363668,0.0399711,0.0374318,0.108242,0.111973,0.111735,0.1074,0.108393,0.0999236,0.10768,0,0,0,0,0,0,0,0,0,0.0395982,0.0474151,0.0470938,0.0364346,0.0402545,0.0376493,0.108395,0.111828,0.111686,0.107171,0.108649,0.1,0.107598,0,0,0,0,0,0,0,0,0,1,1,1,1,1,1,1,1,1,1,1,1,1,0,0,0,0,0,0,0,0,0,1,1,1,1,1,1,1,1,1,1,1,1,1,0,0,0,0,0,0,0,0,0,1,0,0,0,0,0,0,0,0,0,0,0,0,0,0,0,0,0,0,0,0,0,0,13,0,0,0,0,0,0,0,0,0,0,0,0,0,0,0,0,0,0,0,0,0,0,0,0,0,0,0,0,0,0,0,0,0,0,0,0,0,0,0,0,0,0,0,0,0,0,0,0
-0.303124,-0.626879,0.461859,0,0,0,0,-3.62279e-08,1.64922e-07,-6.97532e-08,1494,1486,1495,1502,1503,3079,3087,3088,3095,3096,0,0,0,0,0,0,0,0,0,0,0,0,0,1486,1495,1502,1503,3079,3087,3088,3095,3096,0,0,0,0,0,0,0,0,0,0,0,0,0,0.0374704,0.0466183,0.0382007,0.0472731,0.107748,0.100064,0.111433,0.107974,0.111809,0,0,0,0,0,0,0,0,0,0,0,0,0,0.0381893,0.0465246,0.0388102,0.0474088,0.107801,0.1,0.111405,0.108047,0.11182,0,0,0,0,0,0,0,0,0,0,0,0,0,1,1,1,1,1,1,1,1,1,0,0,0,0,0,0,0,0,0,0,0,0,0,1,1,1,1,1,1,1,1,1,0,0,0,0,0,0,0,0,0,0,0,0,0,1,0,0,0,0,0,0,0,0,0,0,0,0,0,0,0,0,0,0,0,0,0,0,9,0,0,0,0,0,0,0,0,0,0,0,0,0,0,0,0,0,0,0,0,0,0,0,0,0,0,0,0,0,0,0,0,0,0,0,0,0,0,0,0,0,0,0,0,0,0,0,0
-0.283092,-0.623871,0.503846,0,0,0,0,-2.98466e-08,1.55445e-07,-7.16114e-08,1495,1486,1487,1494,1496,1503,1504,3079,3080,3087,3088,3089,3096,3097,0,0,0,0,0,0,0,0,0,1486,1487,1494,1496,1503,1504,3079,3080,3087,3088,3089,3096,3097,0,0,0,0,0,0,0,0,0,0.0474435,0.0375567,0.0466183,0.046102,0.0382499,0.0476926,0.111896,0.107786,0.111445,0.100042,0.11116,0.108026,0.111964,0,0,0,0,0,0,0,0,0,0.0474861,0.0382794,0.0465246,0.0459982,0.038949,0.047744,0.111866,0.107837,0.111412,0.1,0.111161,0.108104,0.111979,0,0,0,0,0,0,0,0,0,1,1,1,1,1,1,1,1,1,1,1,1,1,0,0,0,0,0,0,0,0,0,1,1,1,1,1,1,1,1,1,1,1,1,1,0,0,0,0,0,0,0,0,0,1,0,0,0,0,0,0,0,0,0,0,0,0,0,0,0,0,0,0,0,0,0,0,13,0,0,0,0,0,0,0,0,0,0,0,0,0,0,0,0,0,0,0,0,0,0,0,0,0,0,0,0,0,0,0,0,0,0,0,0,0,0,0,0,0,0,0,0,0,0,0,0
-0.261964,-0.619112,0.544545,0,0,0,0,-2.40419e-08,1.45904e-07,-7.27369e-08,1496,1487,1488,1495,1497,1504,1505,3080,3081,3088,3089,3090,3097,3098,0,0,0,0,0,0,0,0,0,1487,1488,1495,1497,1504,1505,3080,3081,3088,3089,3090,3097,3098,0,0,0,0,0,0,0,0,0,0.0477629,0.0375909,0.046102,0.0454153,0.038346,0.0479359,0.112035,0.107806,0.111198,0.100032,0.110814,0.108073,0.112042,0,0,0,0,0,0,0,0,0,0.0477356,0.0383109,0.0459982,0.0452756,0.0390288,0.0479232,0.111985,0.107851,0.111167,0.1,0.11083,0.108137,0.112065,0,0,0,0,0,0,0,0,0,1,1,1,1,1,1,1,1,1,1,1,1,1,0,0,0,0,0,0,0,0,0,1,1,1,1,1,1,1,1,1,1,1,1,1,0,0,0,0,0,0,0,0,0,1,0,0,0,0,0,0,0,0,0,0,0,0,0,0,0,0,0,0,0,0,0,0,13,0,0,0,0,0,0,0,0,0,0,0,0,0,0,0,0,0,0,0,0,0,0,0,0,0,0,0,0,0,0,0,0,0,0,0,0,0,0,0,0,0,0,0,0,0,0,0,0
-0.239856,-0.612771,0.583706,0,0,0,0,-1.91138e-08,1.36578e-07,-7.31562e-08,1497,1488,1489,1496,1498,1505,1506,3081,3082,3089,3090,3091,3098,3099,0,0,0,0,0,0,0,0,0,1488,1489,1496,1498,1505,1506,3081,3082,3089,3090,3091,3098,3099,0,0,0,0,0,0,0,0,0,0.0479079,0.0376392,0.0454153,0.0445666,0.0384155,0.0480595,0.112084,0.107823,0.110873,0.100016,0.110399,0.108103,0.112066,0,0,0,0,0,0,0,0,0,0.0478455,0.038285,0.0452756,0.0444061,0.039047,0.0479788,0.112038,0.107841,0.110835,0.1,0.110437,0.108146,0.112092,0,0,0,0,0,0,0,0,0,1,1,1,1,1,1,1,1,1,1,1,1,1,0,0,0,0,0,0,0,0,0,1,1,1,1,1,1,1,1,1,1,1,1,1,0,0,0,0,0,0,0,0,0,1,0,0,0,0,0,0,0,0,0,0,0,0,0,0,0,0,0,0,0,0,0,0,13,0,0,0,0,0,0,0,0,0,0,0,0,0,0,0,0,0,0,0,0,0,0,0,0,0,0,0,0,0,0,0,0,0,0,0,0,0,0,0,0,0,0,0,0,0,0,0,0
-0.216949,-0.605007,0.621138,0,0,0,0,-1.5039e-08,1.27526e-07,-7.29025e-08,1498,1489,1490,1497,1499,1506,1507,3082,3083,3090,3091,3092,3099,3100,0,0,0,0,0,0,0,0,0,1489,1490,1497,1499,1506,1507,3082,3083,3090,3091,3092,3099,3100,0,0,0,0,0,0,0,0,0,0.0479612,0.0376452,0.0445666,0.0435931,0.0384377,0.0481068,0.112076,0.107826,0.110467,0.0999995,0.109942,0.108113,0.112058,0,0,0,0,0,0,0,0,0,0.0478411,0.0382039,0.0444061,0.0434341,0.0390048,0.0479414,0.112037,0.10781,0.110441,0.1,0.110005,0.10813,0.112075,0,0,0,0,0,0,0,0,0,1,1,1,1,1,1,1,1,1,1,1,1,1,0,0,0,0,0,0,0,0,0,1,1,1,1,1,1,1,1,1,1,1,1,1,0,0,0,0,0,0,0,0,0,1,0,0,0,0,0,0,0,0,0,0,0,0,0,0,0,0,0,0,0,0,0,0,13,0,0,0,0,0,0,0,0,0,0,0,0,0,0,0,0,0,0,0,0,0,0,0,0,0,0,0,0,0,0,0,0,0,0,0,0,0,0,0,0,0,0,0,0,0,0,0,0
-0.193435,-0.595993,0.656722,0,0,0,0,-1.17076e-08,1.18768e-07,-7.20199e-08,1499,1490,1491,1498,1500,1507,1508,3083,3084,3091,3092,3093,3100,3101,0,0,0,0,0,0,0,0,0,1490,1491,1498,1500,1507,1508,3083,3084,3091,3092,3093,3100,3101,0,0,0,0,0,0,0,0,0,0.0479557,0.0376088,0.0435931,0.0425445,0.0384133,0.0481234,0.112036,0.10781,0.110003,0.0999808,0.109469,0.1081,0.112038,0,0,0,0,0,0,0,0,0,0.0477494,0.0380704,0.0434341,0.0424146,0.0389054,0.0478479,0.111994,0.107758,0.110008,0.1,0.109561,0.108092,0.112031,0,0,0,0,0,0,0,0,0,1,1,1,1,1,1,1,1,1,1,1,1,1,0,0,0,0,0,0,0,0,0,1,1,1,1,1,1,1,1,1,1,1,1,1,0,0,0,0,0,0,0,0,0,1,0,0,0,0,0,0,0,0,0,0,0,0,0,0,0,0,0,0,0,0,0,0,13,0,0,0,0,0,0,0,0,0,0,0,0,0,0,0,0,0,0,0,0,0,0,0,0,0,0,0,0,0,0,0,0,0,0,0,0,0,0,0,0,0,0,0,0,0,0,0,0
-0.169479,-0.585899,0.6904,0,0,0,0,-8.99593e-09,1.10309e-07,-7.05548e-08,1500,1491,1492,1499,1501,1508,1509,3084,3085,3092,3093,3094,3101,3102,0,0,0,0,0,0,0,0,0,1491,1492,1499,1501,1508,1509,3084,3085,3092,3093,3094,3101,3102,0,0,0,0,0,0,0,0,0,0.0479263,0.0375761,0.0425445,0.0414687,0.0383602,0.048193,0.111973,0.107793,0.109505,0.0999517,0.109017,0.108066,0.11204,0,0,0,0,0,0,0,0,0,0.0476057,0.0378862,0.0424146,0.0414381,0.0387519,0.0477462,0.111926,0.107687,0.109563,0.1,0.109144,0.108031,0.111984,0,0,0,0,0,0,0,0,0,1,1,1,1,1,1,1,1,1,1,1,1,1,0,0,0,0,0,0,0,0,0,1,1,1,1,1,1,1,1,1,1,1,1,1,0,0,0,0,0,0,0,0,0,1,0,0,0,0,0,0,0,0,0,0,0,0,0,0,0,0,0,0,0,0,0,0,13,0,0,0,0,0,0,0,0,0,0,0,0,0,0,0,0,0,0,0,0,0,0,0,0,0,0,0,0,0,0,0,0,0,0,0,0,0,0,0,0,0,0,0,0,0,0,0,0
-0.145287,-0.57482,0.722207,0,0,0,0,-6.77117e-09,1.02116e-07,-6.8529e-08,1501,98,99,1492,1493,1500,1509,1691,1692,3085,3086,3093,3094,3102,0,0,0,0,0,0,0,0,0,98,99,1492,1493,1500,1509,1691,1692,3085,3086,3093,3094,3102,0,0,0,0,0,0,0,0,0,0.0405585,0.0483889,0.0480002,0.0374318,0.0414687,0.038237,0.108665,0.112094,0.11195,0.107744,0.108996,0.099925,0.107992,0,0,0,0,0,0,0,0,0,0.0406732,0.0477072,0.0474627,0.0376493,0.0414381,0.0385448,0.108823,0.111966,0.111859,0.107595,0.109145,0.1,0.10795,0,0,0,0,0,0,0,0,0,1,1,1,1,1,1,1,1,1,1,1,1,1,0,0,0,0,0,0,0,0,0,1,1,1,1,1,1,1,1,1,1,1,1,1,0,0,0,0,0,0,0,0,0,1,0,0,0,0,0,0,0,0,0,0,0,0,0,0,0,0,0,0,0,0,0,0,13,0,0,0,0,0,0,0,0,0,0,0,0,0,0,0,0,0,0,0,0,0,0,0,0,0,0,0,0,0,0,0,0,0,0,0,0,0,0,0,0,0,0,0,0,0,0,0,0
-0.337122,-0.609681,0.459091,0,0,0,0,-4.3807e-08,1.54795e-07,-5.86449e-08,1502,1494,1503,1510,1511,3087,3095,3096,3103,3104,0,0,0,0,0,0,0,0,0,0,0,0,0,1494,1503,1510,1511,3087,3095,3096,3103,3104,0,0,0,0,0,0,0,0,0,0,0,0,0,0.0382007,0.0475896,0.0389141,0.0468783,0.108015,0.100054,0.111878,0.108135,0.111663,0,0,0,0,0,0,0,0,0,0,0,0,0,0.0388102,0.0473742,0.039282,0.0471359,0.108047,0.1,0.111804,0.108236,0.11169,0,0,0,0,0,0,0,0,0,0,0,0,0,1,1,1,1,1,1,1,1,1,0,0,0,0,0,0,0,0,0,0,0,0,0,1,1,1,1,1,1,1,1,1,0,0,0,0,0,0,0,0,0,0,0,0,0,1,0,0,0,0,0,0,0,0,0,0,0,0,0,0,0,0,0,0,0,0,0,0,9,0,0,0,0,0,0,0,0,0,0,0,0,0,0,0,0,0,0,0,0,0,0,0,0,0,0,0,0,0,0,0,0,0,0,0,0,0,0,0,0,0,0,0,0,0,0,0,0
-0.317453,-0.607134,0.502351,0,0,0,0,-3.68669e-08,1.45784e-07,-6.10536e-08,1503,1494,1495,1502,1504,1511,1512,3087,3088,3095,3096,3097,3104,3105,0,0,0,0,0,0,0,0,0,1494,1495,1502,1504,1511,1512,3087,3088,3095,3096,3097,3104,3105,0,0,0,0,0,0,0,0,0,0.0472731,0.0382499,0.0475896,0.0471237,0.0387676,0.0474577,0.11182,0.108047,0.111851,0.100045,0.111628,0.108249,0.111885,0,0,0,0,0,0,0,0,0,0.0474088,0.038949,0.0473742,0.0469478,0.039481,0.0475798,0.111828,0.108104,0.111812,0.1,0.111603,0.108318,0.1119,0,0,0,0,0,0,0,0,0,1,1,1,1,1,1,1,1,1,1,1,1,1,0,0,0,0,0,0,0,0,0,1,1,1,1,1,1,1,1,1,1,1,1,1,0,0,0,0,0,0,0,0,0,1,0,0,0,0,0,0,0,0,0,0,0,0,0,0,0,0,0,0,0,0,0,0,13,0,0,0,0,0,0,0,0,0,0,0,0,0,0,0,0,0,0,0,0,0,0,0,0,0,0,0,0,0,0,0,0,0,0,0,0,0,0,0,0,0,0,0,0,0,0,0,0
-0.296649,-0.602763,0.544408,0,0,0,0,-3.02616e-08,1.36649e-07,-6.27619e-08,1504,1495,1496,1503,1505,1512,1513,3088,3089,3096,3097,3098,3105,3106,0,0,0,0,0,0,0,0,0,1495,1496,1503,1505,1512,1513,3088,3089,3096,3097,3098,3105,3106,0,0,0,0,0,0,0,0,0,0.0476926,0.038346,0.0471237,0.0464896,0.038956,0.0477868,0.112009,0.10809,0.111653,0.100032,0.111298,0.108324,0.111998,0,0,0,0,0,0,0,0,0,0.047744,0.0390288,0.0469478,0.0462999,0.0396245,0.0478413,0.111987,0.108137,0.111611,0.1,0.111301,0.108378,0.112025,0,0,0,0,0,0,0,0,0,1,1,1,1,1,1,1,1,1,1,1,1,1,0,0,0,0,0,0,0,0,0,1,1,1,1,1,1,1,1,1,1,1,1,1,0,0,0,0,0,0,0,0,0,1,0,0,0,0,0,0,0,0,0,0,0,0,0,0,0,0,0,0,0,0,0,0,13,0,0,0,0,0,0,0,0,0,0,0,0,0,0,0,0,0,0,0,0,0,0,0,0,0,0,0,0,0,0,0,0,0,0,0,0,0,0,0,0,0,0,0,0,0,0,0,0
-0.274753,-0.596761,0.584976,0,0,0,0,-2.45282e-08,1.27771e-07,-6.37833e-08,1505,1496,1497,1504,1506,1513,1514,3089,3090,3097,3098,3099,3106,3107,0,0,0,0,0,0,0,0,0,1496,1497,1504,1506,1513,1514,3089,3090,3097,3098,3099,3106,3107,0,0,0,0,0,0,0,0,0,0.0479359,0.0384155,0.0464896,0.0457108,0.0390905,0.0479798,0.112107,0.108116,0.111352,0.100015,0.110906,0.108374,0.112053,0,0,0,0,0,0,0,0,0,0.0479232,0.039047,0.0462999,0.0454892,0.0397017,0.0479667,0.112073,0.108145,0.111307,0.1,0.110928,0.108411,0.112085,0,0,0,0,0,0,0,0,0,1,1,1,1,1,1,1,1,1,1,1,1,1,0,0,0,0,0,0,0,0,0,1,1,1,1,1,1,1,1,1,1,1,1,1,0,0,0,0,0,0,0,0,0,1,0,0,0,0,0,0,0,0,0,0,0,0,0,0,0,0,0,0,0,0,0,0,13,0,0,0,0,0,0,0,0,0,0,0,0,0,0,0,0,0,0,0,0,0,0,0,0,0,0,0,0,0,0,0,0,0,0,0,0,0,0,0,0,0,0,0,0,0,0,0,0
-0.251921,-0.589291,0.623866,0,0,0,0,-1.97078e-08,1.19195e-07,-6.41487e-08,1506,1497,1498,1505,1507,1514,1515,3090,3091,3098,3099,3100,3107,3108,0,0,0,0,0,0,0,0,0,1497,1498,1505,1507,1514,1515,3090,3091,3098,3099,3100,3107,3108,0,0,0,0,0,0,0,0,0,0.0480595,0.0384377,0.0457108,0.0448135,0.039159,0.0480862,0.112136,0.108125,0.110972,0.0999974,0.110469,0.108399,0.112071,0,0,0,0,0,0,0,0,0,0.0479788,0.0390048,0.0454892,0.0445631,0.0397119,0.0479942,0.1121,0.108129,0.110933,0.1,0.110508,0.108416,0.112099,0,0,0,0,0,0,0,0,0,1,1,1,1,1,1,1,1,1,1,1,1,1,0,0,0,0,0,0,0,0,0,1,1,1,1,1,1,1,1,1,1,1,1,1,0,0,0,0,0,0,0,0,0,1,0,0,0,0,0,0,0,0,0,0,0,0,0,0,0,0,0,0,0,0,0,0,13,0,0,0,0,0,0,0,0,0,0,0,0,0,0,0,0,0,0,0,0,0,0,0,0,0,0,0,0,0,0,0,0,0,0,0,0,0,0,0,0,0,0,0,0,0,0,0,0
-0.228337,-0.580515,0.660947,0,0,0,0,-1.57097e-08,1.10915e-07,-6.38921e-08,1507,1498,1499,1506,1508,1515,1516,3091,3092,3099,3100,3101,3108,3109,0,0,0,0,0,0,0,0,0,1498,1499,1506,1508,1515,1516,3091,3092,3099,3100,3101,3108,3109,0,0,0,0,0,0,0,0,0,0.0481068,0.0384133,0.0448135,0.0438402,0.039169,0.0481549,0.112122,0.108115,0.110532,0.0999768,0.110013,0.108398,0.112074,0,0,0,0,0,0,0,0,0,0.0479414,0.0389054,0.0445631,0.0435774,0.0396584,0.0479645,0.112083,0.10809,0.110512,0.1,0.110069,0.108395,0.112086,0,0,0,0,0,0,0,0,0,1,1,1,1,1,1,1,1,1,1,1,1,1,0,0,0,0,0,0,0,0,0,1,1,1,1,1,1,1,1,1,1,1,1,1,0,0,0,0,0,0,0,0,0,1,0,0,0,0,0,0,0,0,0,0,0,0,0,0,0,0,0,0,0,0,0,0,13,0,0,0,0,0,0,0,0,0,0,0,0,0,0,0,0,0,0,0,0,0,0,0,0,0,0,0,0,0,0,0,0,0,0,0,0,0,0,0,0,0,0,0,0,0,0,0,0
-0.204178,-0.570593,0.696159,0,0,0,0,-1.24152e-08,1.02918e-07,-6.30463e-08,1508,1499,1500,1507,1509,1516,1517,3092,3093,3100,3101,3102,3109,3110,0,0,0,0,0,0,0,0,0,1499,1500,1507,1509,1516,1517,3092,3093,3100,3101,3102,3109,3110,0,0,0,0,0,0,0,0,0,0.0481234,0.0383602,0.0438402,0.0428538,0.0391324,0.0482512,0.112085,0.10809,0.110056,0.0999504,0.109573,0.108372,0.11209,0,0,0,0,0,0,0,0,0,0.0478479,0.0387519,0.0435774,0.0426172,0.0395457,0.0479242,0.112039,0.108029,0.110072,0.1,0.109649,0.108351,0.112067,0,0,0,0,0,0,0,0,0,1,1,1,1,1,1,1,1,1,1,1,1,1,0,0,0,0,0,0,0,0,0,1,1,1,1,1,1,1,1,1,1,1,1,1,0,0,0,0,0,0,0,0,0,1,0,0,0,0,0,0,0,0,0,0,0,0,0,0,0,0,0,0,0,0,0,0,13,0,0,0,0,0,0,0,0,0,0,0,0,0,0,0,0,0,0,0,0,0,0,0,0,0,0,0,0,0,0,0,0,0,0,0,0,0,0,0,0,0,0,0,0,0,0,0,0
-0.179612,-0.559641,0.72952,0,0,0,0,-9.69255e-09,9.51669e-08,-6.16335e-08,1509,99,100,1500,1501,1508,1517,1692,1693,3093,3094,3101,3102,3110,0,0,0,0,0,0,0,0,0,99,100,1500,1501,1508,1517,1692,1693,3093,3094,3101,3102,3110,0,0,0,0,0,0,0,0,0,0.0419747,0.048444,0.048193,0.038237,0.0428538,0.0390384,0.109224,0.112137,0.112061,0.108052,0.109572,0.0999162,0.10831,0,0,0,0,0,0,0,0,0,0.0418122,0.0479262,0.0477462,0.0385448,0.0426172,0.0393754,0.109303,0.112069,0.111992,0.107947,0.109651,0.1,0.108283,0,0,0,0,0,0,0,0,0,1,1,1,1,1,1,1,1,1,1,1,1,1,0,0,0,0,0,0,0,0,0,1,1,1,1,1,1,1,1,1,1,1,1,1,0,0,0,0,0,0,0,0,0,1,0,0,0,0,0,0,0,0,0,0,0,0,0,0,0,0,0,0,0,0,0,0,13,0,0,0,0,0,0,0,0,0,0,0,0,0,0,0,0,0,0,0,0,0,0,0,0,0,0,0,0,0,0,0,0,0,0,0,0,0,0,0,0,0,0,0,0,0,0,0,0
-0.37088,-0.590964,0.454153,0,0,0,0,-5.18534e-08,1.44886e-07,-4.65686e-08,1510,1502,1511,1518,3095,3103,3104,3111,0,0,0,0,0,0,0,0,0,0,0,0,0,0,0,1502,1511,1518,3095,3103,3104,3111,0,0,0,0,0,0,0,0,0,0,0,0,0,0,0,0.0389141,0.0485428,0.0462594,0.108261,0.100009,0.112272,0.111301,0,0,0,0,0,0,0,0,0,0,0,0,0,0,0,0.039282,0.0481494,0.0466192,0.108237,0.1,0.112173,0.111447,0,0,0,0,0,0,0,0,0,0,0,0,0,0,0,1,1,1,1,1,1,1,0,0,0,0,0,0,0,0,0,0,0,0,0,0,0,1,1,1,1,1,1,1,0,0,0,0,0,0,0,0,0,0,0,0,0,0,0,1,0,0,0,0,0,0,0,0,0,0,0,0,0,0,0,0,0,0,0,0,0,0,7,0,0,0,0,0,0,0,0,0,0,0,0,0,0,0,0,0,0,0,0,0,0,0,0,0,0,0,0,0,0,0,0,0,0,0,0,0,0,0,0,0,0,0,0,0,0,0,0
-0.351488,-0.588954,0.498608,0,0,0,0,-4.49576e-08,1.36293e-07,-4.95265e-08,1511,1502,1503,1510,1512,1518,1519,3095,3096,3103,3104,3105,3111,3112,0,0,0,0,0,0,0,0,0,1502,1503,1510,1512,1518,1519,3095,3096,3103,3104,3105,3111,3112,0,0,0,0,0,0,0,0,0,0.0468783,0.0387676,0.0485428,0.0480491,0.0389421,0.0470663,0.111645,0.108238,0.112232,0.100047,0.112054,0.108411,0.111716,0,0,0,0,0,0,0,0,0,0.0471359,0.039481,0.0481494,0.0478229,0.0397971,0.0472134,0.111697,0.108318,0.112183,0.1,0.112017,0.108446,0.111726,0,0,0,0,0,0,0,0,0,1,1,1,1,1,1,1,1,1,1,1,1,1,0,0,0,0,0,0,0,0,0,1,1,1,1,1,1,1,1,1,1,1,1,1,0,0,0,0,0,0,0,0,0,1,0,0,0,0,0,0,0,0,0,0,0,0,0,0,0,0,0,0,0,0,0,0,13,0,0,0,0,0,0,0,0,0,0,0,0,0,0,0,0,0,0,0,0,0,0,0,0,0,0,0,0,0,0,0,0,0,0,0,0,0,0,0,0,0,0,0,0,0,0,0,0
-0.331197,-0.584927,0.541976,0,0,0,0,-3.75308e-08,1.27407e-07,-5.18076e-08,1512,1503,1504,1511,1513,1519,1520,3096,3097,3104,3105,3106,3112,3113,0,0,0,0,0,0,0,0,0,1503,1504,1511,1513,1519,1520,3096,3097,3104,3105,3106,3112,3113,0,0,0,0,0,0,0,0,0,0.0474577,0.038956,0.0480491,0.0474736,0.0393594,0.0474581,0.111903,0.10832,0.112075,0.100035,0.111751,0.108513,0.111868,0,0,0,0,0,0,0,0,0,0.0475798,0.0396245,0.0478229,0.0472531,0.0400418,0.0475754,0.111907,0.108378,0.112026,0.1,0.111747,0.108548,0.111897,0,0,0,0,0,0,0,0,0,1,1,1,1,1,1,1,1,1,1,1,1,1,0,0,0,0,0,0,0,0,0,1,1,1,1,1,1,1,1,1,1,1,1,1,0,0,0,0,0,0,0,0,0,1,0,0,0,0,0,0,0,0,0,0,0,0,0,0,0,0,0,0,0,0,0,0,13,0,0,0,0,0,0,0,0,0,0,0,0,0,0,0,0,0,0,0,0,0,0,0,0,0,0,0,0,0,0,0,0,0,0,0,0,0,0,0,0,0,0,0,0,0,0,0,0
-0.309684,-0.579247,0.583913,0,0,0,0,-3.09141e-08,1.18893e-07,-5.34057e-08,1513,1504,1505,1512,1514,1520,1521,3097,3098,3105,3106,3107,3113,3114,0,0,0,0,0,0,0,0,0,1504,1505,1512,1514,1520,1521,3097,3098,3105,3106,3107,3113,3114,0,0,0,0,0,0,0,0,0,0.0477868,0.0390905,0.0474736,0.0467643,0.0396115,0.0477194,0.112047,0.108375,0.111805,0.100018,0.111385,0.108595,0.111956,0,0,0,0,0,0,0,0,0,0.0478413,0.0397017,0.0472531,0.0465087,0.040207,0.0477825,0.112032,0.10841,0.111755,0.1,0.111399,0.108617,0.111997,0,0,0,0,0,0,0,0,0,1,1,1,1,1,1,1,1,1,1,1,1,1,0,0,0,0,0,0,0,0,0,1,1,1,1,1,1,1,1,1,1,1,1,1,0,0,0,0,0,0,0,0,0,1,0,0,0,0,0,0,0,0,0,0,0,0,0,0,0,0,0,0,0,0,0,0,13,0,0,0,0,0,0,0,0,0,0,0,0,0,0,0,0,0,0,0,0,0,0,0,0,0,0,0,0,0,0,0,0,0,0,0,0,0,0,0,0,0,0,0,0,0,0,0,0
-0.287087,-0.572067,0.624221,0,0,0,0,-2.52623e-08,1.10751e-07,-5.43758e-08,1514,1505,1506,1513,1515,1521,1522,3098,3099,3106,3107,3108,3114,3115,0,0,0,0,0,0,0,0,0,1505,1506,1513,1515,1521,1522,3098,3099,3106,3107,3108,3114,3115,0,0,0,0,0,0,0,0,0,0.0479798,0.039159,0.0467643,0.0459386,0.0397611,0.0478934,0.112114,0.108403,0.111452,0.1,0.110971,0.108646,0.112006,0,0,0,0,0,0,0,0,0,0.0479667,0.0397119,0.0465087,0.0456397,0.0402926,0.0478871,0.112092,0.108415,0.111405,0.1,0.110997,0.108654,0.112047,0,0,0,0,0,0,0,0,0,1,1,1,1,1,1,1,1,1,1,1,1,1,0,0,0,0,0,0,0,0,0,1,1,1,1,1,1,1,1,1,1,1,1,1,0,0,0,0,0,0,0,0,0,1,0,0,0,0,0,0,0,0,0,0,0,0,0,0,0,0,0,0,0,0,0,0,13,0,0,0,0,0,0,0,0,0,0,0,0,0,0,0,0,0,0,0,0,0,0,0,0,0,0,0,0,0,0,0,0,0,0,0,0,0,0,0,0,0,0,0,0,0,0,0,0
-0.263589,-0.563539,0.662763,0,0,0,0,-2.05079e-08,1.0294e-07,-5.47497e-08,1515,1506,1507,1514,1516,1522,1523,3099,3100,3107,3108,3109,3115,3116,0,0,0,0,0,0,0,0,0,1506,1507,1514,1516,1522,1523,3099,3100,3107,3108,3109,3115,3116,0,0,0,0,0,0,0,0,0,0.0480862,0.039169,0.0459386,0.0450377,0.0398326,0.0480293,0.112131,0.108406,0.111037,0.0999794,0.110535,0.108668,0.112043,0,0,0,0,0,0,0,0,0,0.0479942,0.0396584,0.0456397,0.0447028,0.0403045,0.0479378,0.112106,0.108394,0.111002,0.1,0.110571,0.10866,0.112072,0,0,0,0,0,0,0,0,0,1,1,1,1,1,1,1,1,1,1,1,1,1,0,0,0,0,0,0,0,0,0,1,1,1,1,1,1,1,1,1,1,1,1,1,0,0,0,0,0,0,0,0,0,1,0,0,0,0,0,0,0,0,0,0,0,0,0,0,0,0,0,0,0,0,0,0,13,0,0,0,0,0,0,0,0,0,0,0,0,0,0,0,0,0,0,0,0,0,0,0,0,0,0,0,0,0,0,0,0,0,0,0,0,0,0,0,0,0,0,0,0,0,0,0,0
-0.239374,-0.55381,0.699469,0,0,0,0,-1.65386e-08,9.54176e-08,-5.45478e-08,1516,1507,1508,1515,1517,1523,1524,3100,3101,3108,3109,3110,3116,3117,0,0,0,0,0,0,0,0,0,1507,1508,1515,1517,1523,1524,3100,3101,3108,3109,3110,3116,3117,0,0,0,0,0,0,0,0,0,0.0481549,0.0391324,0.0450377,0.0441284,0.0398424,0.0481854,0.112122,0.10839,0.110585,0.0999544,0.110112,0.108662,0.11209,0,0,0,0,0,0,0,0,0,0.0479645,0.0395457,0.0447028,0.0437806,0.0402492,0.0479834,0.112093,0.108349,0.110575,0.1,0.110159,0.108638,0.112094,0,0,0,0,0,0,0,0,0,1,1,1,1,1,1,1,1,1,1,1,1,1,0,0,0,0,0,0,0,0,0,1,1,1,1,1,1,1,1,1,1,1,1,1,0,0,0,0,0,0,0,0,0,1,0,0,0,0,0,0,0,0,0,0,0,0,0,0,0,0,0,0,0,0,0,0,13,0,0,0,0,0,0,0,0,0,0,0,0,0,0,0,0,0,0,0,0,0,0,0,0,0,0,0,0,0,0,0,0,0,0,0,0,0,0,0,0,0,0,0,0,0,0,0,0
-0.214595,-0.543002,0.734348,0,0,0,0,-1.32259e-08,8.81368e-08,-5.37843e-08,1517,100,101,1508,1509,1516,1524,1693,1694,3101,3102,3109,3110,3117,0,0,0,0,0,0,0,0,0,100,101,1508,1509,1516,1524,1693,1694,3101,3102,3109,3110,3117,0,0,0,0,0,0,0,0,0,0.0433012,0.0484114,0.0482512,0.0390384,0.0441284,0.0397924,0.109756,0.112161,0.112119,0.108359,0.110127,0.0999236,0.108622,0,0,0,0,0,0,0,0,0,0.0429757,0.0480597,0.0479242,0.0393754,0.0437806,0.0401287,0.109805,0.112132,0.112074,0.108281,0.110162,0.1,0.10859,0,0,0,0,0,0,0,0,0,1,1,1,1,1,1,1,1,1,1,1,1,1,0,0,0,0,0,0,0,0,0,1,1,1,1,1,1,1,1,1,1,1,1,1,0,0,0,0,0,0,0,0,0,1,0,0,0,0,0,0,0,0,0,0,0,0,0,0,0,0,0,0,0,0,0,0,13,0,0,0,0,0,0,0,0,0,0,0,0,0,0,0,0,0,0,0,0,0,0,0,0,0,0,0,0,0,0,0,0,0,0,0,0,0,0,0,0,0,0,0,0,0,0,0,0
-0.384686,-0.569469,0.492718,0,0,0,0,-5.45076e-08,1.26921e-07,-3.762e-08,1518,1510,1511,1519,1525,1526,3103,3104,3111,3112,3118,3119,0,0,0,0,0,0,0,0,0,0,0,1510,1511,1519,1525,1526,3103,3104,3111,3112,3118,3119,0,0,0,0,0,0,0,0,0,0,0,0.0462594,0.0389421,0.0486759,0.0388802,0.0462396,0.111497,0.108347,0.100134,0.112368,0.108369,0.111362,0,0,0,0,0,0,0,0,0,0,0,0.0466192,0.0397971,0.0486248,0.0396978,0.0466341,0.111453,0.108447,0.1,0.112402,0.108406,0.111453,0,0,0,0,0,0,0,0,0,0,0,1,1,1,1,1,1,1,1,1,1,1,0,0,0,0,0,0,0,0,0,0,0,1,1,1,1,1,1,1,1,1,1,1,0,0,0,0,0,0,0,0,0,0,0,1,0,0,0,0,0,0,0,0,0,0,0,0,0,0,0,0,0,0,0,0,0,0,11,0,0,0,0,0,0,0,0,0,0,0,0,0,0,0,0,0,0,0,0,0,0,0,0,0,0,0,0,0,0,0,0,0,0,0,0,0,0,0,0,0,0,0,0,0,0,0,0
-0.365238,-0.565759,0.537185,0,0,0,0,-4.60088e-08,1.18324e-07,-4.01524e-08,1519,1511,1512,1518,1520,1526,1527,3104,3105,3111,3112,3113,3119,3120,0,0,0,0,0,0,0,0,0,1511,1512,1518,1520,1526,1527,3104,3105,3111,3112,3113,3119,3120,0,0,0,0,0,0,0,0,0,0.0470663,0.0393594,0.0486759,0.0483115,0.0395424,0.0468748,0.111724,0.108475,0.112515,0.100046,0.11214,0.108572,0.111607,0,0,0,0,0,0,0,0,0,0.0472134,0.0400418,0.0486248,0.0481236,0.0401627,0.0471063,0.111732,0.108548,0.112412,0.1,0.112161,0.108597,0.111675,0,0,0,0,0,0,0,0,0,1,1,1,1,1,1,1,1,1,1,1,1,1,0,0,0,0,0,0,0,0,0,1,1,1,1,1,1,1,1,1,1,1,1,1,0,0,0,0,0,0,0,0,0,1,0,0,0,0,0,0,0,0,0,0,0,0,0,0,0,0,0,0,0,0,0,0,13,0,0,0,0,0,0,0,0,0,0,0,0,0,0,0,0,0,0,0,0,0,0,0,0,0,0,0,0,0,0,0,0,0,0,0,0,0,0,0,0,0,0,0,0,0,0,0,0
-0.344326,-0.560361,0.580401,0,0,0,0,-3.83856e-08,1.10103e-07,-4.21936e-08,1520,1512,1513,1519,1521,1527,1528,3105,3106,3112,3113,3114,3120,3121,0,0,0,0,0,0,0,0,0,1512,1513,1519,1521,1527,1528,3105,3106,3112,3113,3114,3120,3121,0,0,0,0,0,0,0,0,0,0.0474581,0.0396115,0.0483115,0.0477061,0.0399213,0.04725,0.111906,0.108579,0.112229,0.100026,0.111823,0.108724,0.111756,0,0,0,0,0,0,0,0,0,0.0475754,0.040207,0.0481236,0.0474484,0.0404844,0.0474026,0.111903,0.108617,0.11217,0.1,0.11184,0.108731,0.111815,0,0,0,0,0,0,0,0,0,1,1,1,1,1,1,1,1,1,1,1,1,1,0,0,0,0,0,0,0,0,0,1,1,1,1,1,1,1,1,1,1,1,1,1,0,0,0,0,0,0,0,0,0,1,0,0,0,0,0,0,0,0,0,0,0,0,0,0,0,0,0,0,0,0,0,0,13,0,0,0,0,0,0,0,0,0,0,0,0,0,0,0,0,0,0,0,0,0,0,0,0,0,0,0,0,0,0,0,0,0,0,0,0,0,0,0,0,0,0,0,0,0,0,0,0
-0.322155,-0.55345,0.622072,0,0,0,0,-3.18113e-08,1.0234e-07,-4.37035e-08,1521,1513,1514,1520,1522,1528,1529,3106,3107,3113,3114,3115,3121,3122,0,0,0,0,0,0,0,0,0,1513,1514,1520,1522,1528,1529,3106,3107,3113,3114,3115,3121,3122,0,0,0,0,0,0,0,0,0,0.0477194,0.0397611,0.0477061,0.0469612,0.0401868,0.0475123,0.112008,0.10864,0.111899,0.100006,0.111442,0.108824,0.111853,0,0,0,0,0,0,0,0,0,0.0477825,0.0402926,0.0474484,0.0466466,0.0406917,0.0475959,0.112002,0.108654,0.111847,0.1,0.111463,0.108819,0.111907,0,0,0,0,0,0,0,0,0,1,1,1,1,1,1,1,1,1,1,1,1,1,0,0,0,0,0,0,0,0,0,1,1,1,1,1,1,1,1,1,1,1,1,1,0,0,0,0,0,0,0,0,0,1,0,0,0,0,0,0,0,0,0,0,0,0,0,0,0,0,0,0,0,0,0,0,13,0,0,0,0,0,0,0,0,0,0,0,0,0,0,0,0,0,0,0,0,0,0,0,0,0,0,0,0,0,0,0,0,0,0,0,0,0,0,0,0,0,0,0,0,0,0,0,0
-0.298921,-0.545159,0.662032,0,0,0,0,-2.6215e-08,9.49603e-08,-4.46778e-08,1522,1514,1515,1521,1523,1529,1530,3107,3108,3114,3115,3116,3122,3123,0,0,0,0,0,0,0,0,0,1514,1515,1521,1523,1529,1530,3107,3108,3114,3115,3116,3122,3123,0,0,0,0,0,0,0,0,0,0.0478934,0.0398326,0.0469612,0.046138,0.0403557,0.0477404,0.112061,0.108668,0.111511,0.0999857,0.111031,0.108886,0.111936,0,0,0,0,0,0,0,0,0,0.0478871,0.0403045,0.0466466,0.0457749,0.0408046,0.0477482,0.112053,0.108659,0.11147,0.1,0.11106,0.108867,0.11198,0,0,0,0,0,0,0,0,0,1,1,1,1,1,1,1,1,1,1,1,1,1,0,0,0,0,0,0,0,0,0,1,1,1,1,1,1,1,1,1,1,1,1,1,0,0,0,0,0,0,0,0,0,1,0,0,0,0,0,0,0,0,0,0,0,0,0,0,0,0,0,0,0,0,0,0,13,0,0,0,0,0,0,0,0,0,0,0,0,0,0,0,0,0,0,0,0,0,0,0,0,0,0,0,0,0,0,0,0,0,0,0,0,0,0,0,0,0,0,0,0,0,0,0,0
-0.274815,-0.535623,0.700199,0,0,0,0,-2.14833e-08,8.78979e-08,-4.51147e-08,1523,1515,1516,1522,1524,1530,1531,3108,3109,3115,3116,3117,3123,3124,0,0,0,0,0,0,0,0,0,1515,1516,1522,1524,1530,1531,3108,3109,3115,3116,3117,3123,3124,0,0,0,0,0,0,0,0,0,0.0480293,0.0398424,0.046138,0.0453094,0.0404451,0.0480013,0.112088,0.108671,0.111087,0.0999628,0.110633,0.108913,0.112037,0,0,0,0,0,0,0,0,0,0.0479378,0.0402492,0.0457749,0.0449162,0.040837,0.0479153,0.112078,0.108637,0.111065,0.1,0.110668,0.108882,0.112061,0,0,0,0,0,0,0,0,0,1,1,1,1,1,1,1,1,1,1,1,1,1,0,0,0,0,0,0,0,0,0,1,1,1,1,1,1,1,1,1,1,1,1,1,0,0,0,0,0,0,0,0,0,1,0,0,0,0,0,0,0,0,0,0,0,0,0,0,0,0,0,0,0,0,0,0,13,0,0,0,0,0,0,0,0,0,0,0,0,0,0,0,0,0,0,0,0,0,0,0,0,0,0,0,0,0,0,0,0,0,0,0,0,0,0,0,0,0,0,0,0,0,0,0,0
-0.249992,-0.524958,0.736572,0,0,0,0,-1.749e-08,8.10884e-08,-4.50136e-08,1524,101,102,1516,1517,1523,1531,1694,1695,3109,3110,3116,3117,3124,0,0,0,0,0,0,0,0,0,101,102,1516,1517,1523,1531,1694,1695,3109,3110,3116,3117,3124,0,0,0,0,0,0,0,0,0,0.0445406,0.0483229,0.0481854,0.0397924,0.0453094,0.0404591,0.110286,0.112161,0.112119,0.108656,0.110659,0.0999353,0.108904,0,0,0,0,0,0,0,0,0,0.0441531,0.0481098,0.0479834,0.0401287,0.0449162,0.0407911,0.110325,0.112154,0.1121,0.108588,0.110672,0.1,0.108864,0,0,0,0,0,0,0,0,0,1,1,1,1,1,1,1,1,1,1,1,1,1,0,0,0,0,0,0,0,0,0,1,1,1,1,1,1,1,1,1,1,1,1,1,0,0,0,0,0,0,0,0,0,1,0,0,0,0,0,0,0,0,0,0,0,0,0,0,0,0,0,0,0,0,0,0,13,0,0,0,0,0,0,0,0,0,0,0,0,0,0,0,0,0,0,0,0,0,0,0,0,0,0,0,0,0,0,0,0,0,0,0,0,0,0,0,0,0,0,0,0,0,0,0,0
-0.416708,-0.549258,0.483896,0,0,0,0,-6.52982e-08,1.17419e-07,-2.55662e-08,1525,1518,1526,1532,1533,3111,3118,3119,3125,3126,0,0,0,0,0,0,0,0,0,0,0,0,0,1518,1526,1532,1533,3111,3118,3119,3125,3126,0,0,0,0,0,0,0,0,0,0,0,0,0,0.0388802,0.0495783,0.0381737,0.0457385,0.108324,0.10006,0.11279,0.107996,0.111131,0,0,0,0,0,0,0,0,0,0,0,0,0,0.0396978,0.0493237,0.03878,0.0460101,0.108407,0.1,0.112742,0.108035,0.111163,0,0,0,0,0,0,0,0,0,0,0,0,0,1,1,1,1,1,1,1,1,1,0,0,0,0,0,0,0,0,0,0,0,0,0,1,1,1,1,1,1,1,1,1,0,0,0,0,0,0,0,0,0,0,0,0,0,1,0,0,0,0,0,0,0,0,0,0,0,0,0,0,0,0,0,0,0,0,0,0,9,0,0,0,0,0,0,0,0,0,0,0,0,0,0,0,0,0,0,0,0,0,0,0,0,0,0,0,0,0,0,0,0,0,0,0,0,0,0,0,0,0,0,0,0,0,0,0,0
-0.398394,-0.545511,0.529815,0,0,0,0,-5.56995e-08,1.09492e-07,-2.80278e-08,1526,1518,1519,1525,1527,1533,1534,3111,3112,3118,3119,3120,3126,3127,0,0,0,0,0,0,0,0,0,1518,1519,1525,1527,1533,1534,3111,3112,3118,3119,3120,3126,3127,0,0,0,0,0,0,0,0,0,0.0462396,0.0395424,0.0495783,0.049102,0.0390991,0.0461652,0.111472,0.10856,0.11283,0.100048,0.112525,0.108369,0.111291,0,0,0,0,0,0,0,0,0,0.0466341,0.0401627,0.0493237,0.0488802,0.0397479,0.0464797,0.111459,0.108598,0.112753,0.1,0.112526,0.108427,0.111381,0,0,0,0,0,0,0,0,0,1,1,1,1,1,1,1,1,1,1,1,1,1,0,0,0,0,0,0,0,0,0,1,1,1,1,1,1,1,1,1,1,1,1,1,0,0,0,0,0,0,0,0,0,1,0,0,0,0,0,0,0,0,0,0,0,0,0,0,0,0,0,0,0,0,0,0,13,0,0,0,0,0,0,0,0,0,0,0,0,0,0,0,0,0,0,0,0,0,0,0,0,0,0,0,0,0,0,0,0,0,0,0,0,0,0,0,0,0,0,0,0,0,0,0,0
-0.378307,-0.540311,0.574318,0,0,0,0,-4.69819e-08,1.01569e-07,-3.03418e-08,1527,1519,1520,1526,1528,1534,1535,3112,3113,3119,3120,3121,3127,3128,0,0,0,0,0,0,0,0,0,1519,1520,1526,1528,1534,1535,3112,3113,3119,3120,3121,3127,3128,0,0,0,0,0,0,0,0,0,0.0468748,0.0399213,0.049102,0.0485426,0.0398246,0.0465859,0.111672,0.108708,0.1126,0.100031,0.112223,0.108673,0.111464,0,0,0,0,0,0,0,0,0,0.0471063,0.0404844,0.0488802,0.048279,0.0403718,0.0468199,0.11168,0.108732,0.112536,0.1,0.112236,0.108684,0.11154,0,0,0,0,0,0,0,0,0,1,1,1,1,1,1,1,1,1,1,1,1,1,0,0,0,0,0,0,0,0,0,1,1,1,1,1,1,1,1,1,1,1,1,1,0,0,0,0,0,0,0,0,0,1,0,0,0,0,0,0,0,0,0,0,0,0,0,0,0,0,0,0,0,0,0,0,13,0,0,0,0,0,0,0,0,0,0,0,0,0,0,0,0,0,0,0,0,0,0,0,0,0,0,0,0,0,0,0,0,0,0,0,0,0,0,0,0,0,0,0,0,0,0,0,0
-0.356779,-0.533615,0.617308,0,0,0,0,-3.94193e-08,9.41208e-08,-3.22895e-08,1528,1520,1521,1527,1529,1535,1536,3113,3114,3120,3121,3122,3128,3129,0,0,0,0,0,0,0,0,0,1520,1521,1527,1529,1535,1536,3113,3114,3120,3121,3122,3128,3129,0,0,0,0,0,0,0,0,0,0.04725,0.0401868,0.0485426,0.0478729,0.0403093,0.0469231,0.111812,0.108811,0.112298,0.100012,0.111872,0.108872,0.1116,0,0,0,0,0,0,0,0,0,0.0474026,0.0406917,0.048279,0.047557,0.0407922,0.0470905,0.11182,0.108819,0.112245,0.1,0.111892,0.10886,0.111668,0,0,0,0,0,0,0,0,0,1,1,1,1,1,1,1,1,1,1,1,1,1,0,0,0,0,0,0,0,0,0,1,1,1,1,1,1,1,1,1,1,1,1,1,0,0,0,0,0,0,0,0,0,1,0,0,0,0,0,0,0,0,0,0,0,0,0,0,0,0,0,0,0,0,0,0,13,0,0,0,0,0,0,0,0,0,0,0,0,0,0,0,0,0,0,0,0,0,0,0,0,0,0,0,0,0,0,0,0,0,0,0,0,0,0,0,0,0,0,0,0,0,0,0,0
-0.334015,-0.525527,0.658638,0,0,0,0,-3.29135e-08,8.71159e-08,-3.38019e-08,1529,1521,1522,1528,1530,1536,1537,3114,3115,3121,3122,3123,3129,3130,0,0,0,0,0,0,0,0,0,1521,1522,1528,1530,1536,1537,3114,3115,3121,3122,3123,3129,3130,0,0,0,0,0,0,0,0,0,0.0475123,0.0403557,0.0478729,0.047139,0.0406481,0.0472624,0.111904,0.108877,0.111943,0.0999933,0.111497,0.109007,0.11174,0,0,0,0,0,0,0,0,0,0.0475959,0.0408046,0.047557,0.0467719,0.0410745,0.0473637,0.111912,0.108867,0.1119,0.1,0.111523,0.108979,0.111797,0,0,0,0,0,0,0,0,0,1,1,1,1,1,1,1,1,1,1,1,1,1,0,0,0,0,0,0,0,0,0,1,1,1,1,1,1,1,1,1,1,1,1,1,0,0,0,0,0,0,0,0,0,1,0,0,0,0,0,0,0,0,0,0,0,0,0,0,0,0,0,0,0,0,0,0,13,0,0,0,0,0,0,0,0,0,0,0,0,0,0,0,0,0,0,0,0,0,0,0,0,0,0,0,0,0,0,0,0,0,0,0,0,0,0,0,0,0,0,0,0,0,0,0,0
-0.310213,-0.516156,0.698232,0,0,0,0,-2.73439e-08,8.04713e-08,-3.48415e-08,1530,1522,1523,1529,1531,1537,1538,3115,3116,3122,3123,3124,3130,3131,0,0,0,0,0,0,0,0,0,1522,1523,1529,1531,1537,1538,3115,3116,3122,3123,3124,3130,3131,0,0,0,0,0,0,0,0,0,0.0477404,0.0404451,0.047139,0.0464183,0.0408803,0.0476866,0.111979,0.108913,0.111556,0.0999726,0.111138,0.109096,0.111923,0,0,0,0,0,0,0,0,0,0.0477482,0.040837,0.0467719,0.0460121,0.0412541,0.0477093,0.111985,0.108882,0.111529,0.1,0.11117,0.109056,0.111962,0,0,0,0,0,0,0,0,0,1,1,1,1,1,1,1,1,1,1,1,1,1,0,0,0,0,0,0,0,0,0,1,1,1,1,1,1,1,1,1,1,1,1,1,0,0,0,0,0,0,0,0,0,1,0,0,0,0,0,0,0,0,0,0,0,0,0,0,0,0,0,0,0,0,0,0,13,0,0,0,0,0,0,0,0,0,0,0,0,0,0,0,0,0,0,0,0,0,0,0,0,0,0,0,0,0,0,0,0,0,0,0,0,0,0,0,0,0,0,0,0,0,0,0,0
-0.285518,-0.505604,0.736094,0,0,0,0,-2.25863e-08,7.41046e-08,-3.53866e-08,1531,102,103,1523,1524,1530,1538,1695,1696,3116,3117,3123,3124,3131,0,0,0,0,0,0,0,0,0,102,103,1523,1524,1530,1538,1695,1696,3116,3117,3123,3124,3131,0,0,0,0,0,0,0,0,0,0.0457585,0.0481846,0.0480013,0.0404591,0.0464183,0.0410112,0.110826,0.112138,0.112065,0.108924,0.111174,0.0999486,0.109139,0,0,0,0,0,0,0,0,0,0.0453438,0.0480996,0.0479153,0.0407911,0.0460121,0.0413357,0.110863,0.112148,0.112066,0.108863,0.111175,0.1,0.109092,0,0,0,0,0,0,0,0,0,1,1,1,1,1,1,1,1,1,1,1,1,1,0,0,0,0,0,0,0,0,0,1,1,1,1,1,1,1,1,1,1,1,1,1,0,0,0,0,0,0,0,0,0,1,0,0,0,0,0,0,0,0,0,0,0,0,0,0,0,0,0,0,0,0,0,0,13,0,0,0,0,0,0,0,0,0,0,0,0,0,0,0,0,0,0,0,0,0,0,0,0,0,0,0,0,0,0,0,0,0,0,0,0,0,0,0,0,0,0,0,0,0,0,0,0
-0.446884,-0.528424,0.473287,0,0,0,0,-7.65471e-08,1.08808e-07,-1.3029e-08,1532,1525,1533,1539,1540,3118,3125,3126,3132,3133,0,0,0,0,0,0,0,0,0,0,0,0,0,1525,1533,1539,1540,3118,3125,3126,3132,3133,0,0,0,0,0,0,0,0,0,0,0,0,0,0.0381737,0.0498949,0.0374003,0.0456749,0.107971,0.100047,0.112953,0.107559,0.111128,0,0,0,0,0,0,0,0,0,0,0,0,0,0.03878,0.0495928,0.0377452,0.0459777,0.108037,0.1,0.112875,0.107627,0.111147,0,0,0,0,0,0,0,0,0,0,0,0,0,1,1,1,1,1,1,1,1,1,0,0,0,0,0,0,0,0,0,0,0,0,0,1,1,1,1,1,1,1,1,1,0,0,0,0,0,0,0,0,0,0,0,0,0,1,0,0,0,0,0,0,0,0,0,0,0,0,0,0,0,0,0,0,0,0,0,0,9,0,0,0,0,0,0,0,0,0,0,0,0,0,0,0,0,0,0,0,0,0,0,0,0,0,0,0,0,0,0,0,0,0,0,0,0,0,0,0,0,0,0,0,0,0,0,0,0
-0.429978,-0.524623,0.520076,0,0,0,0,-6.62249e-08,1.01126e-07,-1.56447e-08,1533,1525,1526,1532,1534,1540,1541,3118,3119,3125,3126,3127,3133,3134,0,0,0,0,0,0,0,0,0,1525,1526,1532,1534,1540,1541,3118,3119,3125,3126,3127,3133,3134,0,0,0,0,0,0,0,0,0,0.0457385,0.0390991,0.0498949,0.0496634,0.0381987,0.0457121,0.111124,0.108394,0.112929,0.100042,0.112811,0.108012,0.111109,0,0,0,0,0,0,0,0,0,0.0460101,0.0397479,0.0495928,0.0493648,0.0388318,0.0459968,0.111168,0.108428,0.112887,0.1,0.112763,0.108057,0.111157,0,0,0,0,0,0,0,0,0,1,1,1,1,1,1,1,1,1,1,1,1,1,0,0,0,0,0,0,0,0,0,1,1,1,1,1,1,1,1,1,1,1,1,1,0,0,0,0,0,0,0,0,0,1,0,0,0,0,0,0,0,0,0,0,0,0,0,0,0,0,0,0,0,0,0,0,13,0,0,0,0,0,0,0,0,0,0,0,0,0,0,0,0,0,0,0,0,0,0,0,0,0,0,0,0,0,0,0,0,0,0,0,0,0,0,0,0,0,0,0,0,0,0,0,0
-0.411103,-0.519419,0.565717,0,0,0,0,-5.66107e-08,9.34682e-08,-1.80785e-08,1534,1526,1527,1533,1535,1541,1542,3119,3120,3126,3127,3128,3134,3135,0,0,0,0,0,0,0,0,0,1526,1527,1533,1535,1541,1542,3119,3120,3126,3127,3128,3134,3135,0,0,0,0,0,0,0,0,0,0.0461652,0.0398246,0.0496634,0.0491884,0.0391695,0.0458553,0.111359,0.108674,0.112829,0.100033,0.112543,0.1084,0.111148,0,0,0,0,0,0,0,0,0,0.0464797,0.0403718,0.0493648,0.0489043,0.0397285,0.0461341,0.111385,0.108686,0.112774,0.1,0.112539,0.10842,0.111221,0,0,0,0,0,0,0,0,0,1,1,1,1,1,1,1,1,1,1,1,1,1,0,0,0,0,0,0,0,0,0,1,1,1,1,1,1,1,1,1,1,1,1,1,0,0,0,0,0,0,0,0,0,1,0,0,0,0,0,0,0,0,0,0,0,0,0,0,0,0,0,0,0,0,0,0,13,0,0,0,0,0,0,0,0,0,0,0,0,0,0,0,0,0,0,0,0,0,0,0,0,0,0,0,0,0,0,0,0,0,0,0,0,0,0,0,0,0,0,0,0,0,0,0,0
-0.390515,-0.512833,0.609902,0,0,0,0,-4.80811e-08,8.62694e-08,-2.03421e-08,1535,1527,1528,1534,1536,1542,1543,3120,3121,3127,3128,3129,3135,3136,0,0,0,0,0,0,0,0,0,1527,1528,1534,1536,1542,1543,3120,3121,3127,3128,3129,3135,3136,0,0,0,0,0,0,0,0,0,0.0465859,0.0403093,0.0491884,0.0486169,0.0399443,0.0461192,0.111522,0.108861,0.1126,0.100017,0.112234,0.108716,0.111249,0,0,0,0,0,0,0,0,0,0.0468199,0.0407922,0.0489043,0.0483029,0.040418,0.0463511,0.111544,0.108861,0.112549,0.1,0.112249,0.108704,0.111322,0,0,0,0,0,0,0,0,0,1,1,1,1,1,1,1,1,1,1,1,1,1,0,0,0,0,0,0,0,0,0,1,1,1,1,1,1,1,1,1,1,1,1,1,0,0,0,0,0,0,0,0,0,1,0,0,0,0,0,0,0,0,0,0,0,0,0,0,0,0,0,0,0,0,0,0,13,0,0,0,0,0,0,0,0,0,0,0,0,0,0,0,0,0,0,0,0,0,0,0,0,0,0,0,0,0,0,0,0,0,0,0,0,0,0,0,0,0,0,0,0,0,0,0,0
-0.368485,-0.504876,0.652504,0,0,0,0,-4.06403e-08,7.95658e-08,-2.22978e-08,1536,1528,1529,1535,1537,1543,1544,3121,3122,3128,3129,3130,3136,3137,0,0,0,0,0,0,0,0,0,1528,1529,1535,1537,1543,1544,3121,3122,3128,3129,3130,3136,3137,0,0,0,0,0,0,0,0,0,0.0469231,0.0406481,0.0486169,0.0480034,0.0405448,0.0465309,0.11165,0.108995,0.112299,0.100001,0.111911,0.108962,0.111424,0,0,0,0,0,0,0,0,0,0.0470905,0.0410745,0.0483029,0.0476455,0.0409538,0.0467116,0.111671,0.10898,0.112257,0.1,0.111935,0.108928,0.11149,0,0,0,0,0,0,0,0,0,1,1,1,1,1,1,1,1,1,1,1,1,1,0,0,0,0,0,0,0,0,0,1,1,1,1,1,1,1,1,1,1,1,1,1,0,0,0,0,0,0,0,0,0,1,0,0,0,0,0,0,0,0,0,0,0,0,0,0,0,0,0,0,0,0,0,0,13,0,0,0,0,0,0,0,0,0,0,0,0,0,0,0,0,0,0,0,0,0,0,0,0,0,0,0,0,0,0,0,0,0,0,0,0,0,0,0,0,0,0,0,0,0,0,0,0
-0.345229,-0.495606,0.693462,0,0,0,0,-3.41843e-08,7.32729e-08,-2.38688e-08,1537,1529,1530,1536,1538,1544,1545,3122,3123,3129,3130,3131,3137,3138,0,0,0,0,0,0,0,0,0,1529,1530,1536,1538,1544,1545,3122,3123,3129,3130,3131,3137,3138,0,0,0,0,0,0,0,0,0,0.0472624,0.0408803,0.0480034,0.0474485,0.0410345,0.0472089,0.11178,0.10909,0.11197,0.0999826,0.111623,0.10916,0.11173,0,0,0,0,0,0,0,0,0,0.0473637,0.0412541,0.0476455,0.0470485,0.0413892,0.0473297,0.111801,0.109057,0.111942,0.1,0.111653,0.109113,0.111781,0,0,0,0,0,0,0,0,0,1,1,1,1,1,1,1,1,1,1,1,1,1,0,0,0,0,0,0,0,0,0,1,1,1,1,1,1,1,1,1,1,1,1,1,0,0,0,0,0,0,0,0,0,1,0,0,0,0,0,0,0,0,0,0,0,0,0,0,0,0,0,0,0,0,0,0,13,0,0,0,0,0,0,0,0,0,0,0,0,0,0,0,0,0,0,0,0,0,0,0,0,0,0,0,0,0,0,0,0,0,0,0,0,0,0,0,0,0,0,0,0,0,0,0,0
-0.32088,-0.485094,0.732806,0,0,0,0,-2.85943e-08,6.72916e-08,-2.50077e-08,1538,103,104,1530,1531,1537,1545,1696,1697,3123,3124,3130,3131,3138,0,0,0,0,0,0,0,0,0,103,104,1530,1531,1537,1545,1696,1697,3123,3124,3130,3131,3138,0,0,0,0,0,0,0,0,0,0.0469843,0.0480552,0.0476866,0.0410112,0.0474485,0.0414132,0.111391,0.112118,0.111949,0.109148,0.111664,0.0999619,0.10931,0,0,0,0,0,0,0,0,0,0.0465631,0.0480907,0.0477093,0.0413357,0.0470485,0.0417251,0.111426,0.112143,0.111965,0.109092,0.111659,0.1,0.109256,0,0,0,0,0,0,0,0,0,1,1,1,1,1,1,1,1,1,1,1,1,1,0,0,0,0,0,0,0,0,0,1,1,1,1,1,1,1,1,1,1,1,1,1,0,0,0,0,0,0,0,0,0,1,0,0,0,0,0,0,0,0,0,0,0,0,0,0,0,0,0,0,0,0,0,0,13,0,0,0,0,0,0,0,0,0,0,0,0,0,0,0,0,0,0,0,0,0,0,0,0,0,0,0,0,0,0,0,0,0,0,0,0,0,0,0,0,0,0,0,0,0,0,0,0
-0.475288,-0.506624,0.462481,0,0,0,0,-8.78947e-08,1.00744e-07,-2.83277e-10,1539,1532,1540,1546,3125,3132,3133,3139,0,0,0,0,0,0,0,0,0,0,0,0,0,0,0,1532,1540,1546,3125,3132,3133,3139,0,0,0,0,0,0,0,0,0,0,0,0,0,0,0,0.0374003,0.0493407,0.0458763,0.10764,0.100012,0.112646,0.11114,0,0,0,0,0,0,0,0,0,0,0,0,0,0,0,0.0377452,0.0489434,0.0462291,0.107628,0.1,0.112559,0.111262,0,0,0,0,0,0,0,0,0,0,0,0,0,0,0,1,1,1,1,1,1,1,0,0,0,0,0,0,0,0,0,0,0,0,0,0,0,1,1,1,1,1,1,1,0,0,0,0,0,0,0,0,0,0,0,0,0,0,0,1,0,0,0,0,0,0,0,0,0,0,0,0,0,0,0,0,0,0,0,0,0,0,7,0,0,0,0,0,0,0,0,0,0,0,0,0,0,0,0,0,0,0,0,0,0,0,0,0,0,0,0,0,0,0,0,0,0,0,0,0,0,0,0,0,0,0,0,0,0,0,0
-0.459593,-0.503123,0.509128,0,0,0,0,-7.73784e-08,9.33675e-08,-3.08776e-09,1540,1532,1533,1539,1541,1546,1547,3125,3126,3132,3133,3134,3139,3140,0,0,0,0,0,0,0,0,0,1532,1533,1539,1541,1546,1547,3125,3126,3132,3133,3134,3139,3140,0,0,0,0,0,0,0,0,0,0.0456749,0.0381987,0.0493407,0.0495094,0.0380562,0.0457908,0.111081,0.108005,0.112598,0.100039,0.112739,0.108018,0.111155,0,0,0,0,0,0,0,0,0,0.0459777,0.0388318,0.0489434,0.0492053,0.0387619,0.0460394,0.111152,0.108059,0.112572,0.1,0.112686,0.108029,0.111175,0,0,0,0,0,0,0,0,0,1,1,1,1,1,1,1,1,1,1,1,1,1,0,0,0,0,0,0,0,0,0,1,1,1,1,1,1,1,1,1,1,1,1,1,0,0,0,0,0,0,0,0,0,1,0,0,0,0,0,0,0,0,0,0,0,0,0,0,0,0,0,0,0,0,0,0,13,0,0,0,0,0,0,0,0,0,0,0,0,0,0,0,0,0,0,0,0,0,0,0,0,0,0,0,0,0,0,0,0,0,0,0,0,0,0,0,0,0,0,0,0,0,0,0,0
-0.442133,-0.497969,0.555168,0,0,0,0,-6.70705e-08,8.5923e-08,-5.67932e-09,1541,1533,1534,1540,1542,1547,1548,3126,3127,3133,3134,3135,3140,3141,0,0,0,0,0,0,0,0,0,1533,1534,1540,1542,1547,1548,3126,3127,3133,3134,3135,3140,3141,0,0,0,0,0,0,0,0,0,0.0457121,0.0391695,0.0495094,0.0493622,0.0385899,0.0454947,0.111114,0.108402,0.112735,0.100031,0.112638,0.108179,0.111002,0,0,0,0,0,0,0,0,0,0.0459968,0.0397285,0.0492053,0.0490639,0.0391552,0.0457706,0.11116,0.108422,0.112698,0.1,0.112617,0.108188,0.111052,0,0,0,0,0,0,0,0,0,1,1,1,1,1,1,1,1,1,1,1,1,1,0,0,0,0,0,0,0,0,0,1,1,1,1,1,1,1,1,1,1,1,1,1,0,0,0,0,0,0,0,0,0,1,0,0,0,0,0,0,0,0,0,0,0,0,0,0,0,0,0,0,0,0,0,0,13,0,0,0,0,0,0,0,0,0,0,0,0,0,0,0,0,0,0,0,0,0,0,0,0,0,0,0,0,0,0,0,0,0,0,0,0,0,0,0,0,0,0,0,0,0,0,0,0
-0.422794,-0.491438,0.600113,0,0,0,0,-5.76883e-08,7.89399e-08,-8.1406e-09,1542,1534,1535,1541,1543,1548,1549,3127,3128,3134,3135,3136,3141,3142,0,0,0,0,0,0,0,0,0,1534,1535,1541,1543,1548,1549,3127,3128,3134,3135,3136,3141,3142,0,0,0,0,0,0,0,0,0,0.0458553,0.0399443,0.0493622,0.0489994,0.0391869,0.0453227,0.111189,0.108708,0.112669,0.10002,0.112429,0.108406,0.110906,0,0,0,0,0,0,0,0,0,0.0461341,0.040418,0.0490639,0.0486888,0.0396624,0.045591,0.111224,0.108706,0.112628,0.1,0.112435,0.108394,0.110971,0,0,0,0,0,0,0,0,0,1,1,1,1,1,1,1,1,1,1,1,1,1,0,0,0,0,0,0,0,0,0,1,1,1,1,1,1,1,1,1,1,1,1,1,0,0,0,0,0,0,0,0,0,1,0,0,0,0,0,0,0,0,0,0,0,0,0,0,0,0,0,0,0,0,0,0,13,0,0,0,0,0,0,0,0,0,0,0,0,0,0,0,0,0,0,0,0,0,0,0,0,0,0,0,0,0,0,0,0,0,0,0,0,0,0,0,0,0,0,0,0,0,0,0,0
-0.401821,-0.483548,0.643688,0,0,0,0,-4.93554e-08,7.24791e-08,-1.04145e-08,1543,1535,1536,1542,1544,1549,1550,3128,3129,3135,3136,3137,3142,3143,0,0,0,0,0,0,0,0,0,1535,1536,1542,1544,1549,1550,3128,3129,3135,3136,3137,3142,3143,0,0,0,0,0,0,0,0,0,0.0461192,0.0405448,0.0489994,0.0485873,0.0398241,0.0454747,0.111292,0.108948,0.112481,0.100007,0.112201,0.108662,0.110961,0,0,0,0,0,0,0,0,0,0.0463511,0.0409538,0.0486888,0.0482465,0.0402253,0.0457113,0.111324,0.10893,0.112445,0.1,0.112222,0.108626,0.111026,0,0,0,0,0,0,0,0,0,1,1,1,1,1,1,1,1,1,1,1,1,1,0,0,0,0,0,0,0,0,0,1,1,1,1,1,1,1,1,1,1,1,1,1,0,0,0,0,0,0,0,0,0,1,0,0,0,0,0,0,0,0,0,0,0,0,0,0,0,0,0,0,0,0,0,0,13,0,0,0,0,0,0,0,0,0,0,0,0,0,0,0,0,0,0,0,0,0,0,0,0,0,0,0,0,0,0,0,0,0,0,0,0,0,0,0,0,0,0,0,0,0,0,0,0
-0.379449,-0.474291,0.685813,0,0,0,0,-4.20204e-08,6.64636e-08,-1.24004e-08,1544,1536,1537,1543,1545,1550,1551,3129,3130,3136,3137,3138,3143,3144,0,0,0,0,0,0,0,0,0,1536,1537,1543,1545,1550,1551,3129,3130,3136,3137,3138,3143,3144,0,0,0,0,0,0,0,0,0,0.0465309,0.0410345,0.0485873,0.0483355,0.0405642,0.0463945,0.111461,0.109149,0.112255,0.0999914,0.112053,0.10896,0.111379,0,0,0,0,0,0,0,0,0,0.0467116,0.0413892,0.0482465,0.0479557,0.0409016,0.0465953,0.111492,0.109114,0.112231,0.1,0.112083,0.108907,0.111435,0,0,0,0,0,0,0,0,0,1,1,1,1,1,1,1,1,1,1,1,1,1,0,0,0,0,0,0,0,0,0,1,1,1,1,1,1,1,1,1,1,1,1,1,0,0,0,0,0,0,0,0,0,1,0,0,0,0,0,0,0,0,0,0,0,0,0,0,0,0,0,0,0,0,0,0,13,0,0,0,0,0,0,0,0,0,0,0,0,0,0,0,0,0,0,0,0,0,0,0,0,0,0,0,0,0,0,0,0,0,0,0,0,0,0,0,0,0,0,0,0,0,0,0,0
-0.355768,-0.463665,0.726588,0,0,0,0,-3.55694e-08,6.07756e-08,-1.40251e-08,1545,104,105,1537,1538,1544,1551,1697,1698,3130,3131,3137,3138,3144,0,0,0,0,0,0,0,0,0,104,105,1537,1538,1544,1551,1697,1698,3130,3131,3137,3138,3144,0,0,0,0,0,0,0,0,0,0.0482901,0.0480868,0.0472089,0.0414132,0.0483355,0.0414681,0.112012,0.11217,0.111755,0.109312,0.112095,0.0999744,0.109333,0,0,0,0,0,0,0,0,0,0.0478796,0.0482297,0.0473297,0.0417251,0.0479557,0.0417627,0.112046,0.112208,0.111783,0.109257,0.112091,0.1,0.109271,0,0,0,0,0,0,0,0,0,1,1,1,1,1,1,1,1,1,1,1,1,1,0,0,0,0,0,0,0,0,0,1,1,1,1,1,1,1,1,1,1,1,1,1,0,0,0,0,0,0,0,0,0,1,0,0,0,0,0,0,0,0,0,0,0,0,0,0,0,0,0,0,0,0,0,0,13,0,0,0,0,0,0,0,0,0,0,0,0,0,0,0,0,0,0,0,0,0,0,0,0,0,0,0,0,0,0,0,0,0,0,0,0,0,0,0,0,0,0,0,0,0,0,0,0
-0.487807,-0.480214,0.497841,0,0,0,0,-8.93858e-08,8.57213e-08,9.70229e-09,1546,1539,1540,1547,1552,1553,3132,3133,3139,3140,3145,3146,0,0,0,0,0,0,0,0,0,0,0,1539,1540,1547,1552,1553,3132,3133,3139,3140,3145,3146,0,0,0,0,0,0,0,0,0,0,0,0.0458763,0.0380562,0.0489632,0.0390881,0.045381,0.111294,0.107963,0.100094,0.112485,0.108393,0.110987,0,0,0,0,0,0,0,0,0,0,0,0.0462291,0.0387619,0.0488359,0.0396981,0.0458197,0.111265,0.108031,0.1,0.112508,0.108406,0.111073,0,0,0,0,0,0,0,0,0,0,0,1,1,1,1,1,1,1,1,1,1,1,0,0,0,0,0,0,0,0,0,0,0,1,1,1,1,1,1,1,1,1,1,1,0,0,0,0,0,0,0,0,0,0,0,1,0,0,0,0,0,0,0,0,0,0,0,0,0,0,0,0,0,0,0,0,0,0,11,0,0,0,0,0,0,0,0,0,0,0,0,0,0,0,0,0,0,0,0,0,0,0,0,0,0,0,0,0,0,0,0,0,0,0,0,0,0,0,0,0,0,0,0,0,0,0,0
-0.471414,-0.47558,0.543746,0,0,0,0,-7.83071e-08,7.87189e-08,6.81155e-09,1547,1540,1541,1546,1548,1553,1554,3133,3134,3139,3140,3141,3146,3147,0,0,0,0,0,0,0,0,0,1540,1541,1546,1548,1553,1554,3133,3134,3139,3140,3141,3146,3147,0,0,0,0,0,0,0,0,0,0.0457908,0.0385899,0.0489632,0.0490144,0.0391735,0.0453914,0.111135,0.108153,0.112596,0.100036,0.112474,0.108387,0.110963,0,0,0,0,0,0,0,0,0,0.0460394,0.0391552,0.0488359,0.0487652,0.0396715,0.0457186,0.111178,0.10819,0.11252,0.1,0.112473,0.108396,0.111027,0,0,0,0,0,0,0,0,0,1,1,1,1,1,1,1,1,1,1,1,1,1,0,0,0,0,0,0,0,0,0,1,1,1,1,1,1,1,1,1,1,1,1,1,0,0,0,0,0,0,0,0,0,1,0,0,0,0,0,0,0,0,0,0,0,0,0,0,0,0,0,0,0,0,0,0,13,0,0,0,0,0,0,0,0,0,0,0,0,0,0,0,0,0,0,0,0,0,0,0,0,0,0,0,0,0,0,0,0,0,0,0,0,0,0,0,0,0,0,0,0,0,0,0,0
-0.453196,-0.469436,0.588832,0,0,0,0,-6.80676e-08,7.2084e-08,4.0939e-09,1548,1541,1542,1547,1549,1554,1555,3134,3135,3140,3141,3142,3147,3148,0,0,0,0,0,0,0,0,0,1541,1542,1547,1549,1554,1555,3134,3135,3140,3141,3142,3147,3148,0,0,0,0,0,0,0,0,0,0.0454947,0.0391869,0.0490144,0.0487949,0.039165,0.0450684,0.111013,0.108393,0.112521,0.100024,0.112344,0.10839,0.110807,0,0,0,0,0,0,0,0,0,0.0457706,0.0396624,0.0487652,0.048503,0.0396212,0.0453627,0.111055,0.108396,0.112485,0.1,0.112347,0.108377,0.110866,0,0,0,0,0,0,0,0,0,1,1,1,1,1,1,1,1,1,1,1,1,1,0,0,0,0,0,0,0,0,0,1,1,1,1,1,1,1,1,1,1,1,1,1,0,0,0,0,0,0,0,0,0,1,0,0,0,0,0,0,0,0,0,0,0,0,0,0,0,0,0,0,0,0,0,0,13,0,0,0,0,0,0,0,0,0,0,0,0,0,0,0,0,0,0,0,0,0,0,0,0,0,0,0,0,0,0,0,0,0,0,0,0,0,0,0,0,0,0,0,0,0,0,0,0
-0.433372,-0.461841,0.632767,0,0,0,0,-5.88908e-08,6.59399e-08,1.5393e-09,1549,1542,1543,1548,1550,1555,1556,3135,3136,3141,3142,3143,3148,3149,0,0,0,0,0,0,0,0,0,1542,1543,1548,1550,1555,1556,3135,3136,3141,3142,3143,3148,3149,0,0,0,0,0,0,0,0,0,0.0453227,0.0398241,0.0487949,0.0485207,0.0391518,0.0445894,0.110931,0.108645,0.112383,0.100011,0.112184,0.108383,0.110583,0,0,0,0,0,0,0,0,0,0.045591,0.0402253,0.048503,0.0482009,0.0395493,0.0448629,0.110973,0.108628,0.112357,0.1,0.112201,0.108349,0.11064,0,0,0,0,0,0,0,0,0,1,1,1,1,1,1,1,1,1,1,1,1,1,0,0,0,0,0,0,0,0,0,1,1,1,1,1,1,1,1,1,1,1,1,1,0,0,0,0,0,0,0,0,0,1,0,0,0,0,0,0,0,0,0,0,0,0,0,0,0,0,0,0,0,0,0,0,13,0,0,0,0,0,0,0,0,0,0,0,0,0,0,0,0,0,0,0,0,0,0,0,0,0,0,0,0,0,0,0,0,0,0,0,0,0,0,0,0,0,0,0,0,0,0,0,0
-0.412195,-0.452708,0.675456,0,0,0,0,-5.0752e-08,6.02165e-08,-7.64412e-10,1550,1543,1544,1549,1551,1556,1557,3136,3137,3142,3143,3144,3149,3150,0,0,0,0,0,0,0,0,0,1543,1544,1549,1551,1556,1557,3136,3137,3142,3143,3144,3149,3150,0,0,0,0,0,0,0,0,0,0.0454747,0.0405642,0.0485207,0.0487072,0.0392237,0.0460228,0.11099,0.108945,0.112226,0.0999995,0.112246,0.108408,0.111228,0,0,0,0,0,0,0,0,0,0.0457113,0.0409016,0.0482009,0.0483555,0.0395614,0.0462698,0.111028,0.10891,0.112211,0.1,0.112275,0.108355,0.111284,0,0,0,0,0,0,0,0,0,1,1,1,1,1,1,1,1,1,1,1,1,1,0,0,0,0,0,0,0,0,0,1,1,1,1,1,1,1,1,1,1,1,1,1,0,0,0,0,0,0,0,0,0,1,0,0,0,0,0,0,0,0,0,0,0,0,0,0,0,0,0,0,0,0,0,0,13,0,0,0,0,0,0,0,0,0,0,0,0,0,0,0,0,0,0,0,0,0,0,0,0,0,0,0,0,0,0,0,0,0,0,0,0,0,0,0,0,0,0,0,0,0,0,0,0
-0.38974,-0.441783,0.717275,0,0,0,0,-4.35098e-08,5.47347e-08,-2.67451e-09,1551,105,106,1544,1545,1550,1557,1698,1699,3137,3138,3143,3144,3150,0,0,0,0,0,0,0,0,0,105,106,1544,1545,1550,1557,1698,1699,3137,3138,3143,3144,3150,0,0,0,0,0,0,0,0,0,0.0498241,0.0477215,0.0463945,0.0414681,0.0487072,0.0392453,0.112761,0.11202,0.111401,0.109328,0.112286,0.0999866,0.108411,0,0,0,0,0,0,0,0,0,0.049441,0.047929,0.0465953,0.0417627,0.0483555,0.039541,0.1128,0.112064,0.111436,0.109274,0.112285,0.1,0.108348,0,0,0,0,0,0,0,0,0,1,1,1,1,1,1,1,1,1,1,1,1,1,0,0,0,0,0,0,0,0,0,1,1,1,1,1,1,1,1,1,1,1,1,1,0,0,0,0,0,0,0,0,0,1,0,0,0,0,0,0,0,0,0,0,0,0,0,0,0,0,0,0,0,0,0,0,13,0,0,0,0,0,0,0,0,0,0,0,0,0,0,0,0,0,0,0,0,0,0,0,0,0,0,0,0,0,0,0,0,0,0,0,0,0,0,0,0,0,0,0,0,0,0,0,0
-0.515354,-0.455937,0.484436,0,0,0,0,-1.02719e-07,7.75814e-08,2.21226e-08,1552,1546,1553,1558,1559,3139,3145,3146,3151,3152,0,0,0,0,0,0,0,0,0,0,0,0,0,1546,1553,1558,1559,3139,3145,3146,3151,3152,0,0,0,0,0,0,0,0,0,0,0,0,0,0.0390881,0.0493456,0.0399372,0.0447006,0.108356,0.100033,0.112657,0.108593,0.110686,0,0,0,0,0,0,0,0,0,0,0,0,0,0.0396981,0.0490302,0.0402657,0.0450218,0.108408,0.1,0.112602,0.108638,0.110707,0,0,0,0,0,0,0,0,0,0,0,0,0,1,1,1,1,1,1,1,1,1,0,0,0,0,0,0,0,0,0,0,0,0,0,1,1,1,1,1,1,1,1,1,0,0,0,0,0,0,0,0,0,0,0,0,0,1,0,0,0,0,0,0,0,0,0,0,0,0,0,0,0,0,0,0,0,0,0,0,9,0,0,0,0,0,0,0,0,0,0,0,0,0,0,0,0,0,0,0,0,0,0,0,0,0,0,0,0,0,0,0,0,0,0,0,0,0,0,0,0,0,0,0,0,0,0,0,0
-0.49974,-0.451681,0.531052,0,0,0,0,-9.06215e-08,7.16402e-08,1.94394e-08,1553,1546,1547,1552,1554,1559,1560,3139,3140,3145,3146,3147,3152,3153,0,0,0,0,0,0,0,0,0,1546,1547,1552,1554,1559,1560,3139,3140,3145,3146,3147,3152,3153,0,0,0,0,0,0,0,0,0,0.045381,0.0391735,0.0493456,0.0490974,0.0399078,0.0448311,0.111067,0.108391,0.112647,0.100037,0.112522,0.108664,0.110723,0,0,0,0,0,0,0,0,0,0.0458197,0.0396715,0.0490302,0.0488358,0.040424,0.0452067,0.111075,0.108398,0.112615,0.1,0.112508,0.108705,0.110792,0,0,0,0,0,0,0,0,0,1,1,1,1,1,1,1,1,1,1,1,1,1,0,0,0,0,0,0,0,0,0,1,1,1,1,1,1,1,1,1,1,1,1,1,0,0,0,0,0,0,0,0,0,1,0,0,0,0,0,0,0,0,0,0,0,0,0,0,0,0,0,0,0,0,0,0,13,0,0,0,0,0,0,0,0,0,0,0,0,0,0,0,0,0,0,0,0,0,0,0,0,0,0,0,0,0,0,0,0,0,0,0,0,0,0,0,0,0,0,0,0,0,0,0,0
-0.48222,-0.446165,0.576585,0,0,0,0,-7.93029e-08,6.5447e-08,1.64818e-08,1554,1547,1548,1553,1555,1560,1561,3140,3141,3146,3147,3148,3153,3154,0,0,0,0,0,0,0,0,0,1547,1548,1553,1555,1560,1561,3140,3141,3146,3147,3148,3153,3154,0,0,0,0,0,0,0,0,0,0.0453914,0.039165,0.0490974,0.048711,0.0399758,0.0448528,0.110992,0.108383,0.112548,0.100026,0.112315,0.108707,0.110724,0,0,0,0,0,0,0,0,0,0.0457186,0.0396212,0.0488358,0.0484346,0.0404184,0.0451849,0.111029,0.108379,0.11252,0.1,0.112314,0.108704,0.110784,0,0,0,0,0,0,0,0,0,1,1,1,1,1,1,1,1,1,1,1,1,1,0,0,0,0,0,0,0,0,0,1,1,1,1,1,1,1,1,1,1,1,1,1,0,0,0,0,0,0,0,0,0,1,0,0,0,0,0,0,0,0,0,0,0,0,0,0,0,0,0,0,0,0,0,0,13,0,0,0,0,0,0,0,0,0,0,0,0,0,0,0,0,0,0,0,0,0,0,0,0,0,0,0,0,0,0,0,0,0,0,0,0,0,0,0,0,0,0,0,0,0,0,0,0
-0.463072,-0.439288,0.620843,0,0,0,0,-6.91255e-08,5.97333e-08,1.35296e-08,1555,1548,1549,1554,1556,1561,1562,3141,3142,3147,3148,3149,3154,3155,0,0,0,0,0,0,0,0,0,1548,1549,1554,1556,1561,1562,3141,3142,3147,3148,3149,3154,3155,0,0,0,0,0,0,0,0,0,0.0450684,0.0391518,0.048711,0.0481133,0.0397823,0.0446298,0.110822,0.10837,0.112342,0.100015,0.112009,0.108633,0.110617,0,0,0,0,0,0,0,0,0,0.0453627,0.0395493,0.0484346,0.0478172,0.0401743,0.0449317,0.110867,0.108351,0.112325,0.1,0.112019,0.108604,0.11067,0,0,0,0,0,0,0,0,0,1,1,1,1,1,1,1,1,1,1,1,1,1,0,0,0,0,0,0,0,0,0,1,1,1,1,1,1,1,1,1,1,1,1,1,0,0,0,0,0,0,0,0,0,1,0,0,0,0,0,0,0,0,0,0,0,0,0,0,0,0,0,0,0,0,0,0,13,0,0,0,0,0,0,0,0,0,0,0,0,0,0,0,0,0,0,0,0,0,0,0,0,0,0,0,0,0,0,0,0,0,0,0,0,0,0,0,0,0,0,0,0,0,0,0,0
-0.44263,-0.430989,0.6636,0,0,0,0,-6.00758e-08,5.44894e-08,1.07331e-08,1556,1549,1550,1555,1557,1562,1563,3142,3143,3148,3149,3150,3155,3156,0,0,0,0,0,0,0,0,0,1549,1550,1555,1557,1562,1563,3142,3143,3148,3149,3150,3155,3156,0,0,0,0,0,0,0,0,0,0.0445894,0.0392237,0.0481133,0.0496383,0.039128,0.0459413,0.110593,0.108392,0.112035,0.100006,0.112715,0.108368,0.111215,0,0,0,0,0,0,0,0,0,0.0448629,0.0395614,0.0478172,0.0493144,0.0394717,0.0462245,0.110641,0.108357,0.112029,0.1,0.11274,0.108318,0.111262,0,0,0,0,0,0,0,0,0,1,1,1,1,1,1,1,1,1,1,1,1,1,0,0,0,0,0,0,0,0,0,1,1,1,1,1,1,1,1,1,1,1,1,1,0,0,0,0,0,0,0,0,0,1,0,0,0,0,0,0,0,0,0,0,0,0,0,0,0,0,0,0,0,0,0,0,13,0,0,0,0,0,0,0,0,0,0,0,0,0,0,0,0,0,0,0,0,0,0,0,0,0,0,0,0,0,0,0,0,0,0,0,0,0,0,0,0,0,0,0,0,0,0,0,0
-0.420698,-0.42007,0.706771,0,0,0,0,-5.18758e-08,4.92474e-08,8.38977e-09,1557,106,107,1550,1551,1556,1563,1699,1700,3143,3144,3149,3150,3156,0,0,0,0,0,0,0,0,0,106,107,1550,1551,1556,1563,1699,1700,3143,3144,3149,3150,3156,0,0,0,0,0,0,0,0,0,0.0504626,0.047227,0.0460228,0.0392453,0.0496383,0.0387896,0.113094,0.111816,0.111239,0.108403,0.112741,0.0999962,0.108228,0,0,0,0,0,0,0,0,0,0.0501124,0.0474936,0.0462698,0.039541,0.0493144,0.0390836,0.113131,0.111857,0.111285,0.10835,0.112751,0.1,0.108163,0,0,0,0,0,0,0,0,0,1,1,1,1,1,1,1,1,1,1,1,1,1,0,0,0,0,0,0,0,0,0,1,1,1,1,1,1,1,1,1,1,1,1,1,0,0,0,0,0,0,0,0,0,1,0,0,0,0,0,0,0,0,0,0,0,0,0,0,0,0,0,0,0,0,0,0,13,0,0,0,0,0,0,0,0,0,0,0,0,0,0,0,0,0,0,0,0,0,0,0,0,0,0,0,0,0,0,0,0,0,0,0,0,0,0,0,0,0,0,0,0,0,0,0,0
-0.541895,-0.430471,0.468878,0,0,0,0,-1.16773e-07,7.07289e-08,3.51933e-08,1558,1552,1559,1564,3145,3151,3152,3157,0,0,0,0,0,0,0,0,0,0,0,0,0,0,0,1552,1559,1564,3145,3151,3152,3157,0,0,0,0,0,0,0,0,0,0,0,0,0,0,0,0.0399372,0.0496928,0.0437029,0.108636,0.100016,0.112814,0.110171,0,0,0,0,0,0,0,0,0,0,0,0,0,0,0,0.0402657,0.0493228,0.0440279,0.10864,0.1,0.112745,0.11026,0,0,0,0,0,0,0,0,0,0,0,0,0,0,0,1,1,1,1,1,1,1,0,0,0,0,0,0,0,0,0,0,0,0,0,0,0,1,1,1,1,1,1,1,0,0,0,0,0,0,0,0,0,0,0,0,0,0,0,1,0,0,0,0,0,0,0,0,0,0,0,0,0,0,0,0,0,0,0,0,0,0,7,0,0,0,0,0,0,0,0,0,0,0,0,0,0,0,0,0,0,0,0,0,0,0,0,0,0,0,0,0,0,0,0,0,0,0,0,0,0,0,0,0,0,0,0,0,0,0,0
-0.527058,-0.426694,0.516154,0,0,0,0,-1.03824e-07,6.48819e-08,3.2176e-08,1559,1552,1553,1558,1560,1564,1565,3145,3146,3151,3152,3153,3157,3158,0,0,0,0,0,0,0,0,0,1552,1553,1558,1560,1564,1565,3145,3146,3151,3152,3153,3157,3158,0,0,0,0,0,0,0,0,0,0.0447006,0.0399078,0.0496928,0.0495128,0.0401707,0.0439734,0.110648,0.108701,0.112759,0.100031,0.112733,0.108796,0.110357,0,0,0,0,0,0,0,0,0,0.0450218,0.040424,0.0493228,0.0491997,0.0406943,0.0443019,0.110709,0.108707,0.112758,0.1,0.112685,0.108817,0.110383,0,0,0,0,0,0,0,0,0,1,1,1,1,1,1,1,1,1,1,1,1,1,0,0,0,0,0,0,0,0,0,1,1,1,1,1,1,1,1,1,1,1,1,1,0,0,0,0,0,0,0,0,0,1,0,0,0,0,0,0,0,0,0,0,0,0,0,0,0,0,0,0,0,0,0,0,13,0,0,0,0,0,0,0,0,0,0,0,0,0,0,0,0,0,0,0,0,0,0,0,0,0,0,0,0,0,0,0,0,0,0,0,0,0,0,0,0,0,0,0,0,0,0,0,0
-0.510376,-0.421538,0.562486,0,0,0,0,-9.15791e-08,5.90986e-08,2.90976e-08,1560,1553,1554,1559,1561,1565,1566,3146,3147,3152,3153,3154,3158,3159,0,0,0,0,0,0,0,0,0,1553,1554,1559,1561,1565,1566,3146,3147,3152,3153,3154,3158,3159,0,0,0,0,0,0,0,0,0,0.0448311,0.0399758,0.0495128,0.0491736,0.0404985,0.0441143,0.110754,0.108716,0.112706,0.100027,0.112546,0.108923,0.11041,0,0,0,0,0,0,0,0,0,0.0452067,0.0404184,0.0491997,0.0488973,0.0409504,0.0444719,0.110793,0.108706,0.112697,0.1,0.112538,0.108925,0.110461,0,0,0,0,0,0,0,0,0,1,1,1,1,1,1,1,1,1,1,1,1,1,0,0,0,0,0,0,0,0,0,1,1,1,1,1,1,1,1,1,1,1,1,1,0,0,0,0,0,0,0,0,0,1,0,0,0,0,0,0,0,0,0,0,0,0,0,0,0,0,0,0,0,0,0,0,13,0,0,0,0,0,0,0,0,0,0,0,0,0,0,0,0,0,0,0,0,0,0,0,0,0,0,0,0,0,0,0,0,0,0,0,0,0,0,0,0,0,0,0,0,0,0,0,0
-0.491828,-0.415206,0.607585,0,0,0,0,-8.03153e-08,5.37114e-08,2.58171e-08,1561,1554,1555,1560,1562,1566,1567,3147,3148,3153,3154,3155,3159,3160,0,0,0,0,0,0,0,0,0,1554,1555,1560,1562,1566,1567,3147,3148,3153,3154,3155,3159,3160,0,0,0,0,0,0,0,0,0,0.0448528,0.0397823,0.0491736,0.0487047,0.040657,0.0442557,0.110739,0.108629,0.112558,0.100018,0.112302,0.108987,0.110467,0,0,0,0,0,0,0,0,0,0.0451849,0.0401743,0.0488973,0.0484245,0.0410403,0.0445972,0.110784,0.108607,0.11255,0.1,0.11231,0.108963,0.110518,0,0,0,0,0,0,0,0,0,1,1,1,1,1,1,1,1,1,1,1,1,1,0,0,0,0,0,0,0,0,0,1,1,1,1,1,1,1,1,1,1,1,1,1,0,0,0,0,0,0,0,0,0,1,0,0,0,0,0,0,0,0,0,0,0,0,0,0,0,0,0,0,0,0,0,0,13,0,0,0,0,0,0,0,0,0,0,0,0,0,0,0,0,0,0,0,0,0,0,0,0,0,0,0,0,0,0,0,0,0,0,0,0,0,0,0,0,0,0,0,0,0,0,0,0
-0.471588,-0.407752,0.651253,0,0,0,0,-7.01161e-08,4.88693e-08,2.2458e-08,1562,1555,1556,1561,1563,1567,1568,3148,3149,3154,3155,3156,3160,3161,0,0,0,0,0,0,0,0,0,1555,1556,1561,1563,1567,1568,3148,3149,3154,3155,3156,3160,3161,0,0,0,0,0,0,0,0,0,0.0446298,0.039128,0.0487047,0.0493569,0.0405403,0.0446213,0.110619,0.108356,0.112318,0.100009,0.112598,0.10894,0.110636,0,0,0,0,0,0,0,0,0,0.0449317,0.0394717,0.0484245,0.0490611,0.0408812,0.0449472,0.11067,0.108321,0.11232,0.1,0.112617,0.108898,0.110677,0,0,0,0,0,0,0,0,0,1,1,1,1,1,1,1,1,1,1,1,1,1,0,0,0,0,0,0,0,0,0,1,1,1,1,1,1,1,1,1,1,1,1,1,0,0,0,0,0,0,0,0,0,1,0,0,0,0,0,0,0,0,0,0,0,0,0,0,0,0,0,0,0,0,0,0,13,0,0,0,0,0,0,0,0,0,0,0,0,0,0,0,0,0,0,0,0,0,0,0,0,0,0,0,0,0,0,0,0,0,0,0,0,0,0,0,0,0,0,0,0,0,0,0,0
-0.45009,-0.39789,0.694574,0,0,0,0,-6.093e-08,4.41494e-08,1.94845e-08,1563,107,108,1556,1557,1562,1568,1700,1701,3149,3150,3155,3156,3161,0,0,0,0,0,0,0,0,0,107,108,1556,1557,1562,1568,1700,1701,3149,3150,3155,3156,3161,0,0,0,0,0,0,0,0,0,0.0507118,0.0464889,0.0459413,0.0387896,0.0493569,0.0393346,0.113236,0.111501,0.111207,0.108216,0.11261,0.100002,0.108445,0,0,0,0,0,0,0,0,0,0.0503938,0.0468073,0.0462245,0.0390836,0.0490611,0.0396241,0.113271,0.111533,0.111263,0.108165,0.112628,0.1,0.108381,0,0,0,0,0,0,0,0,0,1,1,1,1,1,1,1,1,1,1,1,1,1,0,0,0,0,0,0,0,0,0,1,1,1,1,1,1,1,1,1,1,1,1,1,0,0,0,0,0,0,0,0,0,1,0,0,0,0,0,0,0,0,0,0,0,0,0,0,0,0,0,0,0,0,0,0,13,0,0,0,0,0,0,0,0,0,0,0,0,0,0,0,0,0,0,0,0,0,0,0,0,0,0,0,0,0,0,0,0,0,0,0,0,0,0,0,0,0,0,0,0,0,0,0,0
-0.552902,-0.401017,0.49923,0,0,0,0,-1.17861e-07,5.89239e-08,4.50239e-08,1564,1558,1559,1565,1569,1570,3151,3152,3157,3158,3162,3163,0,0,0,0,0,0,0,0,0,0,0,1558,1559,1565,1569,1570,3151,3152,3157,3158,3162,3163,0,0,0,0,0,0,0,0,0,0,0,0.0437029,0.0401707,0.0496063,0.0402044,0.0427843,0.110285,0.108799,0.100058,0.11278,0.108722,0.109853,0,0,0,0,0,0,0,0,0,0,0,0.0440279,0.0406943,0.0494104,0.0405479,0.0432607,0.110261,0.108819,0.1,0.112788,0.108756,0.109922,0,0,0,0,0,0,0,0,0,0,0,1,1,1,1,1,1,1,1,1,1,1,0,0,0,0,0,0,0,0,0,0,0,1,1,1,1,1,1,1,1,1,1,1,0,0,0,0,0,0,0,0,0,0,0,1,0,0,0,0,0,0,0,0,0,0,0,0,0,0,0,0,0,0,0,0,0,0,11,0,0,0,0,0,0,0,0,0,0,0,0,0,0,0,0,0,0,0,0,0,0,0,0,0,0,0,0,0,0,0,0,0,0,0,0,0,0,0,0,0,0,0,0,0,0,0,0
-0.537313,-0.39614,0.54607,0,0,0,0,-1.04806e-07,5.32966e-08,4.16732e-08,1565,1559,1560,1564,1566,1570,1571,3152,3153,3157,3158,3159,3163,3164,0,0,0,0,0,0,0,0,0,1559,1560,1564,1566,1570,1571,3152,3153,3157,3158,3159,3163,3164,0,0,0,0,0,0,0,0,0,0.0439734,0.0404985,0.0496063,0.0495278,0.0406029,0.0430914,0.110339,0.108924,0.112837,0.100029,0.11272,0.108942,0.109969,0,0,0,0,0,0,0,0,0,0.0443019,0.0409504,0.0494104,0.0492721,0.0410043,0.0434763,0.110384,0.108927,0.112801,0.1,0.11272,0.108947,0.110017,0,0,0,0,0,0,0,0,0,1,1,1,1,1,1,1,1,1,1,1,1,1,0,0,0,0,0,0,0,0,0,1,1,1,1,1,1,1,1,1,1,1,1,1,0,0,0,0,0,0,0,0,0,1,0,0,0,0,0,0,0,0,0,0,0,0,0,0,0,0,0,0,0,0,0,0,13,0,0,0,0,0,0,0,0,0,0,0,0,0,0,0,0,0,0,0,0,0,0,0,0,0,0,0,0,0,0,0,0,0,0,0,0,0,0,0,0,0,0,0,0,0,0,0,0
-0.519703,-0.390069,0.591961,0,0,0,0,-9.25597e-08,4.81207e-08,3.82211e-08,1566,1560,1561,1565,1567,1571,1572,3153,3154,3158,3159,3160,3164,3165,0,0,0,0,0,0,0,0,0,1560,1561,1565,1567,1571,1572,3153,3154,3158,3159,3160,3164,3165,0,0,0,0,0,0,0,0,0,0.0441143,0.040657,0.0495278,0.0493446,0.0409751,0.0433208,0.110419,0.108987,0.112739,0.100021,0.112617,0.109108,0.110066,0,0,0,0,0,0,0,0,0,0.0444719,0.0410403,0.0492721,0.0490809,0.0413425,0.0436936,0.110461,0.108966,0.112733,0.1,0.112627,0.10909,0.110114,0,0,0,0,0,0,0,0,0,1,1,1,1,1,1,1,1,1,1,1,1,1,0,0,0,0,0,0,0,0,0,1,1,1,1,1,1,1,1,1,1,1,1,1,0,0,0,0,0,0,0,0,0,1,0,0,0,0,0,0,0,0,0,0,0,0,0,0,0,0,0,0,0,0,0,0,13,0,0,0,0,0,0,0,0,0,0,0,0,0,0,0,0,0,0,0,0,0,0,0,0,0,0,0,0,0,0,0,0,0,0,0,0,0,0,0,0,0,0,0,0,0,0,0,0
-0.500147,-0.382931,0.636699,0,0,0,0,-8.12764e-08,4.3489e-08,3.45803e-08,1567,1561,1562,1566,1568,1572,1573,3154,3155,3159,3160,3161,3165,3166,0,0,0,0,0,0,0,0,0,1561,1562,1566,1568,1572,1573,3154,3155,3159,3160,3161,3165,3166,0,0,0,0,0,0,0,0,0,0.0442557,0.0405403,0.0493446,0.0494588,0.0412665,0.0437873,0.110471,0.108938,0.11263,0.100012,0.112658,0.109232,0.110275,0,0,0,0,0,0,0,0,0,0.0445972,0.0408812,0.0490809,0.0491843,0.0415894,0.0441517,0.110518,0.108901,0.112639,0.1,0.112677,0.109196,0.110318,0,0,0,0,0,0,0,0,0,1,1,1,1,1,1,1,1,1,1,1,1,1,0,0,0,0,0,0,0,0,0,1,1,1,1,1,1,1,1,1,1,1,1,1,0,0,0,0,0,0,0,0,0,1,0,0,0,0,0,0,0,0,0,0,0,0,0,0,0,0,0,0,0,0,0,0,13,0,0,0,0,0,0,0,0,0,0,0,0,0,0,0,0,0,0,0,0,0,0,0,0,0,0,0,0,0,0,0,0,0,0,0,0,0,0,0,0,0,0,0,0,0,0,0,0
-0.478582,-0.374741,0.680449,0,0,0,0,-7.08584e-08,3.93407e-08,3.0769e-08,1568,108,109,1562,1563,1567,1573,1701,1702,3155,3156,3160,3161,3166,0,0,0,0,0,0,0,0,0,108,109,1562,1563,1567,1573,1701,1702,3155,3156,3160,3161,3166,0,0,0,0,0,0,0,0,0,0.0507496,0.0453874,0.0446213,0.0393346,0.0494588,0.0415858,0.11327,0.111019,0.110621,0.10843,0.112664,0.100006,0.109375,0,0,0,0,0,0,0,0,0,0.0504588,0.0457516,0.0449472,0.0396241,0.0491843,0.0418735,0.113303,0.111043,0.110677,0.108384,0.112688,0.1,0.109317,0,0,0,0,0,0,0,0,0,1,1,1,1,1,1,1,1,1,1,1,1,1,0,0,0,0,0,0,0,0,0,1,1,1,1,1,1,1,1,1,1,1,1,1,0,0,0,0,0,0,0,0,0,1,0,0,0,0,0,0,0,0,0,0,0,0,0,0,0,0,0,0,0,0,0,0,13,0,0,0,0,0,0,0,0,0,0,0,0,0,0,0,0,0,0,0,0,0,0,0,0,0,0,0,0,0,0,0,0,0,0,0,0,0,0,0,0,0,0,0,0,0,0,0,0
-0.577038,-0.375187,0.480079,0,0,0,0,-1.32752e-07,5.29606e-08,5.65703e-08,1569,1564,1570,1574,3157,3162,3163,3167,0,0,0,0,0,0,0,0,0,0,0,0,0,0,0,1564,1570,1574,3157,3162,3163,3167,0,0,0,0,0,0,0,0,0,0,0,0,0,0,0,0.0402044,0.0497814,0.0418424,0.108765,0.100011,0.112835,0.109365,0,0,0,0,0,0,0,0,0,0,0,0,0,0,0,0.0405479,0.049391,0.0421672,0.108758,0.1,0.112779,0.109447,0,0,0,0,0,0,0,0,0,0,0,0,0,0,0,1,1,1,1,1,1,1,0,0,0,0,0,0,0,0,0,0,0,0,0,0,0,1,1,1,1,1,1,1,0,0,0,0,0,0,0,0,0,0,0,0,0,0,0,1,0,0,0,0,0,0,0,0,0,0,0,0,0,0,0,0,0,0,0,0,0,0,7,0,0,0,0,0,0,0,0,0,0,0,0,0,0,0,0,0,0,0,0,0,0,0,0,0,0,0,0,0,0,0,0,0,0,0,0,0,0,0,0,0,0,0,0,0,0,0,0
-0.562614,-0.370391,0.527483,0,0,0,0,-1.18879e-07,4.81267e-08,5.37696e-08,1570,1564,1565,1569,1571,1574,1575,3157,3158,3162,3163,3164,3167,3168,0,0,0,0,0,0,0,0,0,1564,1565,1569,1571,1574,1575,3157,3158,3162,3163,3164,3167,3168,0,0,0,0,0,0,0,0,0,0.0427843,0.0406029,0.0497814,0.0496385,0.0402475,0.0420011,0.109908,0.108956,0.112785,0.100029,0.112779,0.108813,0.109498,0,0,0,0,0,0,0,0,0,0.0432607,0.0410043,0.049391,0.0493726,0.0407202,0.0423833,0.109922,0.10895,0.112793,0.1,0.11277,0.108829,0.10954,0,0,0,0,0,0,0,0,0,1,1,1,1,1,1,1,1,1,1,1,1,1,0,0,0,0,0,0,0,0,0,1,1,1,1,1,1,1,1,1,1,1,1,1,0,0,0,0,0,0,0,0,0,1,0,0,0,0,0,0,0,0,0,0,0,0,0,0,0,0,0,0,0,0,0,0,13,0,0,0,0,0,0,0,0,0,0,0,0,0,0,0,0,0,0,0,0,0,0,0,0,0,0,0,0,0,0,0,0,0,0,0,0,0,0,0,0,0,0,0,0,0,0,0,0
-0.546163,-0.364492,0.573944,0,0,0,0,-1.05689e-07,4.31251e-08,5.03524e-08,1571,1565,1566,1570,1572,1575,1576,3158,3159,3163,3164,3165,3168,3169,0,0,0,0,0,0,0,0,0,1565,1566,1570,1572,1575,1576,3158,3159,3163,3164,3165,3168,3169,0,0,0,0,0,0,0,0,0,0.0430914,0.0409751,0.0496385,0.0495719,0.0408503,0.0422177,0.109985,0.109113,0.112778,0.100022,0.112733,0.109052,0.109594,0,0,0,0,0,0,0,0,0,0.0434763,0.0413425,0.0493726,0.0493199,0.0412159,0.0426007,0.110017,0.109093,0.112783,0.1,0.112744,0.109037,0.109635,0,0,0,0,0,0,0,0,0,1,1,1,1,1,1,1,1,1,1,1,1,1,0,0,0,0,0,0,0,0,0,1,1,1,1,1,1,1,1,1,1,1,1,1,0,0,0,0,0,0,0,0,0,1,0,0,0,0,0,0,0,0,0,0,0,0,0,0,0,0,0,0,0,0,0,0,13,0,0,0,0,0,0,0,0,0,0,0,0,0,0,0,0,0,0,0,0,0,0,0,0,0,0,0,0,0,0,0,0,0,0,0,0,0,0,0,0,0,0,0,0,0,0,0,0
-0.527678,-0.357515,0.619408,0,0,0,0,-9.34367e-08,3.86442e-08,4.66188e-08,1572,1566,1567,1571,1573,1576,1577,3159,3160,3164,3165,3166,3169,3170,0,0,0,0,0,0,0,0,0,1566,1567,1571,1573,1576,1577,3159,3160,3164,3165,3166,3169,3170,0,0,0,0,0,0,0,0,0,0.0433208,0.0412665,0.0495719,0.0497373,0.041328,0.0425896,0.110076,0.109235,0.112742,0.100015,0.112799,0.109247,0.10976,0,0,0,0,0,0,0,0,0,0.0436936,0.0415894,0.0493199,0.0494817,0.0416368,0.0429758,0.110113,0.109199,0.112756,0.1,0.112822,0.109216,0.109799,0,0,0,0,0,0,0,0,0,1,1,1,1,1,1,1,1,1,1,1,1,1,0,0,0,0,0,0,0,0,0,1,1,1,1,1,1,1,1,1,1,1,1,1,0,0,0,0,0,0,0,0,0,1,0,0,0,0,0,0,0,0,0,0,0,0,0,0,0,0,0,0,0,0,0,0,13,0,0,0,0,0,0,0,0,0,0,0,0,0,0,0,0,0,0,0,0,0,0,0,0,0,0,0,0,0,0,0,0,0,0,0,0,0,0,0,0,0,0,0,0,0,0,0,0
-0.507155,-0.349407,0.663982,0,0,0,0,-8.20623e-08,3.46626e-08,4.26517e-08,1573,109,110,1567,1568,1572,1577,1702,1703,3160,3161,3165,3166,3170,0,0,0,0,0,0,0,0,0,109,110,1567,1568,1572,1577,1702,1703,3160,3161,3165,3166,3170,0,0,0,0,0,0,0,0,0,0.0508381,0.0434814,0.0437873,0.0415858,0.0497373,0.0418089,0.11332,0.110171,0.110274,0.109366,0.112807,0.100009,0.109454,0,0,0,0,0,0,0,0,0,0.0505664,0.0438801,0.0441517,0.0418735,0.0494817,0.0420771,0.113357,0.110197,0.110317,0.109321,0.112835,0.1,0.109404,0,0,0,0,0,0,0,0,0,1,1,1,1,1,1,1,1,1,1,1,1,1,0,0,0,0,0,0,0,0,0,1,1,1,1,1,1,1,1,1,1,1,1,1,0,0,0,0,0,0,0,0,0,1,0,0,0,0,0,0,0,0,0,0,0,0,0,0,0,0,0,0,0,0,0,0,13,0,0,0,0,0,0,0,0,0,0,0,0,0,0,0,0,0,0,0,0,0,0,0,0,0,0,0,0,0,0,0,0,0,0,0,0,0,0,0,0,0,0,0,0,0,0,0,0
-0.585922,-0.344594,0.507207,0,0,0,0,-1.33294e-07,4.34033e-08,6.54072e-08,1574,1569,1570,1575,1578,1579,3162,3163,3167,3168,3171,3172,0,0,0,0,0,0,0,0,0,0,0,1569,1570,1575,1578,1579,3162,3163,3167,3168,3171,3172,0,0,0,0,0,0,0,0,0,0,0,0.0418424,0.0402475,0.0494351,0.0399059,0.0407942,0.109471,0.108825,0.100043,0.112684,0.108598,0.108997,0,0,0,0,0,0,0,0,0,0,0,0.0421672,0.0407202,0.0492458,0.0402118,0.0412504,0.109446,0.108831,0.1,0.112709,0.108619,0.109057,0,0,0,0,0,0,0,0,0,0,0,1,1,1,1,1,1,1,1,1,1,1,0,0,0,0,0,0,0,0,0,0,0,1,1,1,1,1,1,1,1,1,1,1,0,0,0,0,0,0,0,0,0,0,0,1,0,0,0,0,0,0,0,0,0,0,0,0,0,0,0,0,0,0,0,0,0,0,11,0,0,0,0,0,0,0,0,0,0,0,0,0,0,0,0,0,0,0,0,0,0,0,0,0,0,0,0,0,0,0,0,0,0,0,0,0,0,0,0,0,0,0,0,0,0,0,0
-0.570819,-0.338803,0.553921,0,0,0,0,-1.19466e-07,3.87241e-08,6.19947e-08,1575,1570,1571,1574,1576,1579,1580,3163,3164,3167,3168,3169,3172,3173,0,0,0,0,0,0,0,0,0,1570,1571,1574,1576,1579,1580,3163,3164,3167,3168,3169,3172,3173,0,0,0,0,0,0,0,0,0,0.0420011,0.0408503,0.0494351,0.0494953,0.0404765,0.0410524,0.109517,0.109052,0.112744,0.100024,0.112699,0.108867,0.109096,0,0,0,0,0,0,0,0,0,0.0423833,0.0412159,0.0492458,0.0492711,0.0408114,0.0414514,0.10954,0.10904,0.112722,0.1,0.112721,0.108868,0.109143,0,0,0,0,0,0,0,0,0,1,1,1,1,1,1,1,1,1,1,1,1,1,0,0,0,0,0,0,0,0,0,1,1,1,1,1,1,1,1,1,1,1,1,1,0,0,0,0,0,0,0,0,0,1,0,0,0,0,0,0,0,0,0,0,0,0,0,0,0,0,0,0,0,0,0,0,13,0,0,0,0,0,0,0,0,0,0,0,0,0,0,0,0,0,0,0,0,0,0,0,0,0,0,0,0,0,0,0,0,0,0,0,0,0,0,0,0,0,0,0,0,0,0,0,0
-0.553588,-0.331966,0.599814,0,0,0,0,-1.06343e-07,3.43924e-08,5.82536e-08,1576,1571,1572,1575,1577,1580,1581,3164,3165,3168,3169,3170,3173,3174,0,0,0,0,0,0,0,0,0,1571,1572,1575,1577,1580,1581,3164,3165,3168,3169,3170,3173,3174,0,0,0,0,0,0,0,0,0,0.0422177,0.041328,0.0494953,0.049635,0.0410501,0.0413628,0.109606,0.109251,0.112723,0.100017,0.112756,0.109114,0.109237,0,0,0,0,0,0,0,0,0,0.0426007,0.0416368,0.0492711,0.0494017,0.0413421,0.0417563,0.109634,0.109219,0.112734,0.1,0.112784,0.109091,0.109273,0,0,0,0,0,0,0,0,0,1,1,1,1,1,1,1,1,1,1,1,1,1,0,0,0,0,0,0,0,0,0,1,1,1,1,1,1,1,1,1,1,1,1,1,0,0,0,0,0,0,0,0,0,1,0,0,0,0,0,0,0,0,0,0,0,0,0,0,0,0,0,0,0,0,0,0,13,0,0,0,0,0,0,0,0,0,0,0,0,0,0,0,0,0,0,0,0,0,0,0,0,0,0,0,0,0,0,0,0,0,0,0,0,0,0,0,0,0,0,0,0,0,0,0,0
-0.534303,-0.32401,0.644852,0,0,0,0,-9.40884e-08,3.05574e-08,5.42183e-08,1577,110,111,1572,1573,1576,1581,1703,1704,3165,3166,3169,3170,3174,0,0,0,0,0,0,0,0,0,110,111,1572,1573,1576,1581,1703,1704,3165,3166,3169,3170,3174,0,0,0,0,0,0,0,0,0,0.0501841,0.0419484,0.0425896,0.0418089,0.049635,0.0415879,0.113002,0.109508,0.109764,0.109451,0.112768,0.100012,0.109346,0,0,0,0,0,0,0,0,0,0.0499363,0.0423581,0.0429758,0.0420771,0.0494017,0.0418387,0.113046,0.109531,0.109797,0.109408,0.112797,0.1,0.109303,0,0,0,0,0,0,0,0,0,1,1,1,1,1,1,1,1,1,1,1,1,1,0,0,0,0,0,0,0,0,0,1,1,1,1,1,1,1,1,1,1,1,1,1,0,0,0,0,0,0,0,0,0,1,0,0,0,0,0,0,0,0,0,0,0,0,0,0,0,0,0,0,0,0,0,0,13,0,0,0,0,0,0,0,0,0,0,0,0,0,0,0,0,0,0,0,0,0,0,0,0,0,0,0,0,0,0,0,0,0,0,0,0,0,0,0,0,0,0,0,0,0,0,0,0
-0.607249,-0.319019,0.485217,0,0,0,0,-1.48388e-07,3.84624e-08,7.54225e-08,1578,1574,1579,1582,3167,3171,3172,3175,0,0,0,0,0,0,0,0,0,0,0,0,0,0,0,1574,1579,1582,3167,3171,3172,3175,0,0,0,0,0,0,0,0,0,0,0,0,0,0,0,0.0399059,0.0492957,0.0398127,0.108625,0.100013,0.112598,0.108515,0,0,0,0,0,0,0,0,0,0,0,0,0,0,0,0.0402118,0.0489407,0.0400966,0.108621,0.1,0.112561,0.108576,0,0,0,0,0,0,0,0,0,0,0,0,0,0,0,1,1,1,1,1,1,1,0,0,0,0,0,0,0,0,0,0,0,0,0,0,0,1,1,1,1,1,1,1,0,0,0,0,0,0,0,0,0,0,0,0,0,0,0,1,0,0,0,0,0,0,0,0,0,0,0,0,0,0,0,0,0,0,0,0,0,0,7,0,0,0,0,0,0,0,0,0,0,0,0,0,0,0,0,0,0,0,0,0,0,0,0,0,0,0,0,0,0,0,0,0,0,0,0,0,0,0,0,0,0,0,0,0,0,0,0
-0.593467,-0.313243,0.532193,0,0,0,0,-1.33723e-07,3.47637e-08,7.27491e-08,1579,1574,1575,1578,1580,1582,1583,3167,3168,3171,3172,3173,3175,3176,0,0,0,0,0,0,0,0,0,1574,1575,1578,1580,1582,1583,3167,3168,3171,3172,3173,3175,3176,0,0,0,0,0,0,0,0,0,0.0407942,0.0404765,0.0492957,0.0492683,0.0398205,0.0399165,0.109058,0.108892,0.11255,0.100023,0.112597,0.108611,0.108618,0,0,0,0,0,0,0,0,0,0.0412504,0.0408114,0.0489407,0.0490292,0.0402167,0.0402826,0.109056,0.108871,0.112574,0.1,0.112603,0.108622,0.108653,0,0,0,0,0,0,0,0,0,1,1,1,1,1,1,1,1,1,1,1,1,1,0,0,0,0,0,0,0,0,0,1,1,1,1,1,1,1,1,1,1,1,1,1,0,0,0,0,0,0,0,0,0,1,0,0,0,0,0,0,0,0,0,0,0,0,0,0,0,0,0,0,0,0,0,0,13,0,0,0,0,0,0,0,0,0,0,0,0,0,0,0,0,0,0,0,0,0,0,0,0,0,0,0,0,0,0,0,0,0,0,0,0,0,0,0,0,0,0,0,0,0,0,0,0
-0.577588,-0.306507,0.578344,0,0,0,0,-1.19793e-07,3.06848e-08,6.92436e-08,1580,1575,1576,1579,1581,1583,1584,3168,3169,3172,3173,3174,3176,3177,0,0,0,0,0,0,0,0,0,1575,1576,1579,1581,1583,1584,3168,3169,3172,3173,3174,3176,3177,0,0,0,0,0,0,0,0,0,0.0410524,0.0410501,0.0492683,0.0493729,0.0405328,0.0401577,0.109128,0.109126,0.112596,0.100018,0.112636,0.10889,0.10873,0,0,0,0,0,0,0,0,0,0.0414514,0.0413421,0.0490292,0.0491536,0.0408252,0.0405417,0.109141,0.109094,0.112617,0.1,0.112664,0.108875,0.108762,0,0,0,0,0,0,0,0,0,1,1,1,1,1,1,1,1,1,1,1,1,1,0,0,0,0,0,0,0,0,0,1,1,1,1,1,1,1,1,1,1,1,1,1,0,0,0,0,0,0,0,0,0,1,0,0,0,0,0,0,0,0,0,0,0,0,0,0,0,0,0,0,0,0,0,0,13,0,0,0,0,0,0,0,0,0,0,0,0,0,0,0,0,0,0,0,0,0,0,0,0,0,0,0,0,0,0,0,0,0,0,0,0,0,0,0,0,0,0,0,0,0,0,0,0
-0.559625,-0.298719,0.623669,0,0,0,0,-1.06715e-07,2.69944e-08,6.52572e-08,1581,111,112,1576,1577,1580,1584,1704,1705,3169,3170,3173,3174,3177,0,0,0,0,0,0,0,0,0,111,112,1576,1577,1580,1584,1704,1705,3169,3170,3173,3174,3177,0,0,0,0,0,0,0,0,0,0.049696,0.0405956,0.0413628,0.0415879,0.0493729,0.0411446,0.11277,0.108936,0.109249,0.109345,0.112646,0.100014,0.109145,0,0,0,0,0,0,0,0,0,0.0494687,0.0410016,0.0417563,0.0418387,0.0491536,0.041383,0.112817,0.108954,0.109271,0.109306,0.112676,0.1,0.10911,0,0,0,0,0,0,0,0,0,1,1,1,1,1,1,1,1,1,1,1,1,1,0,0,0,0,0,0,0,0,0,1,1,1,1,1,1,1,1,1,1,1,1,1,0,0,0,0,0,0,0,0,0,1,0,0,0,0,0,0,0,0,0,0,0,0,0,0,0,0,0,0,0,0,0,0,13,0,0,0,0,0,0,0,0,0,0,0,0,0,0,0,0,0,0,0,0,0,0,0,0,0,0,0,0,0,0,0,0,0,0,0,0,0,0,0,0,0,0,0,0,0,0,0,0
-0.61396,-0.287979,0.509227,0,0,0,0,-1.47988e-07,3.10965e-08,8.29274e-08,1582,1578,1579,1583,1585,1586,3171,3172,3175,3176,3178,3179,0,0,0,0,0,0,0,0,0,0,0,1578,1579,1583,1585,1586,3171,3172,3175,3176,3178,3179,0,0,0,0,0,0,0,0,0,0,0,0.0398127,0.0398205,0.0488135,0.039226,0.0387136,0.108601,0.108628,0.100026,0.112381,0.10831,0.108129,0,0,0,0,0,0,0,0,0,0,0,0.0400966,0.0402167,0.0486406,0.0394772,0.0391074,0.108575,0.108624,0.1,0.112416,0.108321,0.108174,0,0,0,0,0,0,0,0,0,0,0,1,1,1,1,1,1,1,1,1,1,1,0,0,0,0,0,0,0,0,0,0,0,1,1,1,1,1,1,1,1,1,1,1,0,0,0,0,0,0,0,0,0,0,0,1,0,0,0,0,0,0,0,0,0,0,0,0,0,0,0,0,0,0,0,0,0,0,11,0,0,0,0,0,0,0,0,0,0,0,0,0,0,0,0,0,0,0,0,0,0,0,0,0,0,0,0,0,0,0,0,0,0,0,0,0,0,0,0,0,0,0,0,0,0,0,0
-0.599522,-0.28132,0.555379,0,0,0,0,-1.33561e-07,2.74235e-08,7.94923e-08,1583,1579,1580,1582,1584,1586,1587,3172,3173,3175,3176,3177,3179,3180,0,0,0,0,0,0,0,0,0,1579,1580,1582,1584,1586,1587,3172,3173,3175,3176,3177,3179,3180,0,0,0,0,0,0,0,0,0,0.0399165,0.0405328,0.0488135,0.0489811,0.0398844,0.038968,0.108646,0.108901,0.112432,0.100019,0.112452,0.108593,0.108236,0,0,0,0,0,0,0,0,0,0.0402826,0.0408252,0.0486406,0.0487834,0.0401485,0.0393401,0.108652,0.108878,0.112429,0.1,0.112484,0.108596,0.108268,0,0,0,0,0,0,0,0,0,1,1,1,1,1,1,1,1,1,1,1,1,1,0,0,0,0,0,0,0,0,0,1,1,1,1,1,1,1,1,1,1,1,1,1,0,0,0,0,0,0,0,0,0,1,0,0,0,0,0,0,0,0,0,0,0,0,0,0,0,0,0,0,0,0,0,0,13,0,0,0,0,0,0,0,0,0,0,0,0,0,0,0,0,0,0,0,0,0,0,0,0,0,0,0,0,0,0,0,0,0,0,0,0,0,0,0,0,0,0,0,0,0,0,0,0
-0.582949,-0.273671,0.600832,0,0,0,0,-1.19757e-07,2.39116e-08,7.56234e-08,1584,112,113,1580,1581,1583,1587,1705,1706,3173,3174,3176,3177,3180,0,0,0,0,0,0,0,0,0,112,113,1580,1581,1583,1587,1705,1706,3173,3174,3176,3177,3180,0,0,0,0,0,0,0,0,0,0.0492293,0.039337,0.0401577,0.0411446,0.0489811,0.0405361,0.112551,0.108413,0.108747,0.109146,0.112473,0.100015,0.108873,0,0,0,0,0,0,0,0,0,0.0490199,0.0397295,0.0405417,0.041383,0.0487834,0.0407599,0.112599,0.108427,0.10876,0.109113,0.112497,0.1,0.10885,0,0,0,0,0,0,0,0,0,1,1,1,1,1,1,1,1,1,1,1,1,1,0,0,0,0,0,0,0,0,0,1,1,1,1,1,1,1,1,1,1,1,1,1,0,0,0,0,0,0,0,0,0,1,0,0,0,0,0,0,0,0,0,0,0,0,0,0,0,0,0,0,0,0,0,0,13,0,0,0,0,0,0,0,0,0,0,0,0,0,0,0,0,0,0,0,0,0,0,0,0,0,0,0,0,0,0,0,0,0,0,0,0,0,0,0,0,0,0,0,0,0,0,0,0
-0.632383,-0.263208,0.485027,0,0,0,0,-1.62747e-07,2.70733e-08,9.13124e-08,1585,1582,1586,1588,3175,3178,3179,3181,0,0,0,0,0,0,0,0,0,0,0,0,0,0,0,1582,1586,1588,3175,3178,3179,3181,0,0,0,0,0,0,0,0,0,0,0,0,0,0,0,0.039226,0.0484333,0.0377045,0.108325,0.100014,0.112192,0.107665,0,0,0,0,0,0,0,0,0,0,0,0,0,0,0,0.0394772,0.0481345,0.0379342,0.108322,0.1,0.112173,0.107707,0,0,0,0,0,0,0,0,0,0,0,0,0,0,0,1,1,1,1,1,1,1,0,0,0,0,0,0,0,0,0,0,0,0,0,0,0,1,1,1,1,1,1,1,0,0,0,0,0,0,0,0,0,0,0,0,0,0,0,1,0,0,0,0,0,0,0,0,0,0,0,0,0,0,0,0,0,0,0,0,0,0,7,0,0,0,0,0,0,0,0,0,0,0,0,0,0,0,0,0,0,0,0,0,0,0,0,0,0,0,0,0,0,0,0,0,0,0,0,0,0,0,0,0,0,0,0,0,0,0,0
-0.619335,-0.256556,0.531192,0,0,0,0,-1.47526e-07,2.44358e-08,8.86924e-08,1586,1582,1583,1585,1587,1588,1589,3175,3176,3178,3179,3180,3181,3182,0,0,0,0,0,0,0,0,0,1582,1583,1585,1587,1588,1589,3175,3176,3178,3179,3180,3181,3182,0,0,0,0,0,0,0,0,0,0.0387136,0.0398844,0.0484333,0.0485182,0.0390392,0.0378306,0.108186,0.108627,0.112148,0.100019,0.112241,0.108259,0.107772,0,0,0,0,0,0,0,0,0,0.0391074,0.0401485,0.0481345,0.0483118,0.0393451,0.038154,0.108172,0.108597,0.112186,0.1,0.112258,0.108269,0.107794,0,0,0,0,0,0,0,0,0,1,1,1,1,1,1,1,1,1,1,1,1,1,0,0,0,0,0,0,0,0,0,1,1,1,1,1,1,1,1,1,1,1,1,1,0,0,0,0,0,0,0,0,0,1,0,0,0,0,0,0,0,0,0,0,0,0,0,0,0,0,0,0,0,0,0,0,13,0,0,0,0,0,0,0,0,0,0,0,0,0,0,0,0,0,0,0,0,0,0,0,0,0,0,0,0,0,0,0,0,0,0,0,0,0,0,0,0,0,0,0,0,0,0,0,0
-0.604184,-0.249012,0.576663,0,0,0,0,-1.33055e-07,2.12207e-08,8.51581e-08,1587,113,114,1583,1584,1586,1589,1706,1707,3176,3177,3179,3180,3182,0,0,0,0,0,0,0,0,0,113,114,1583,1584,1586,1589,1706,1707,3176,3177,3179,3180,3182,0,0,0,0,0,0,0,0,0,0.0487348,0.0381499,0.038968,0.0405361,0.0485182,0.0397878,0.112321,0.10793,0.108269,0.108883,0.112237,0.100015,0.10855,0,0,0,0,0,0,0,0,0,0.0485352,0.038516,0.0393401,0.0407599,0.0483118,0.0400049,0.112365,0.107938,0.108267,0.108852,0.11227,0.1,0.108538,0,0,0,0,0,0,0,0,0,1,1,1,1,1,1,1,1,1,1,1,1,1,0,0,0,0,0,0,0,0,0,1,1,1,1,1,1,1,1,1,1,1,1,1,0,0,0,0,0,0,0,0,0,1,0,0,0,0,0,0,0,0,0,0,0,0,0,0,0,0,0,0,0,0,0,0,13,0,0,0,0,0,0,0,0,0,0,0,0,0,0,0,0,0,0,0,0,0,0,0,0,0,0,0,0,0,0,0,0,0,0,0,0,0,0,0,0,0,0,0,0,0,0,0,0
-0.636993,-0.232337,0.506178,0,0,0,0,-1.61257e-07,2.16255e-08,9.72763e-08,1588,1585,1586,1589,1590,1591,3178,3179,3181,3182,3183,3184,0,0,0,0,0,0,0,0,0,0,0,1585,1586,1589,1590,1591,3178,3179,3181,3182,3183,3184,0,0,0,0,0,0,0,0,0,0,0,0.0377045,0.0390392,0.0479033,0.0382576,0.0366698,0.107733,0.108281,0.100013,0.111952,0.1079,0.10731,0,0,0,0,0,0,0,0,0,0,0,0.0379342,0.0393451,0.0477539,0.0384414,0.0369872,0.107706,0.10827,0.1,0.111991,0.107908,0.10734,0,0,0,0,0,0,0,0,0,0,0,1,1,1,1,1,1,1,1,1,1,1,0,0,0,0,0,0,0,0,0,0,0,1,1,1,1,1,1,1,1,1,1,1,0,0,0,0,0,0,0,0,0,0,0,1,0,0,0,0,0,0,0,0,0,0,0,0,0,0,0,0,0,0,0,0,0,0,11,0,0,0,0,0,0,0,0,0,0,0,0,0,0,0,0,0,0,0,0,0,0,0,0,0,0,0,0,0,0,0,0,0,0,0,0,0,0,0,0,0,0,0,0,0,0,0,0
-0.623302,-0.224867,0.551472,0,0,0,0,-1.46428e-07,1.88345e-08,9.3845e-08,1589,114,115,1586,1587,1588,1591,1707,1708,3179,3180,3181,3182,3184,0,0,0,0,0,0,0,0,0,114,115,1586,1587,1588,1591,1707,1708,3179,3180,3181,3182,3184,0,0,0,0,0,0,0,0,0,0.0481836,0.0370112,0.0378306,0.0397878,0.0479033,0.0389627,0.112065,0.107477,0.107801,0.108565,0.111991,0.100016,0.108176,0,0,0,0,0,0,0,0,0,0.0479986,0.0373529,0.038154,0.0400049,0.0477539,0.0391395,0.112108,0.107482,0.107793,0.10854,0.112004,0.1,0.108187,0,0,0,0,0,0,0,0,0,1,1,1,1,1,1,1,1,1,1,1,1,1,0,0,0,0,0,0,0,0,0,1,1,1,1,1,1,1,1,1,1,1,1,1,0,0,0,0,0,0,0,0,0,1,0,0,0,0,0,0,0,0,0,0,0,0,0,0,0,0,0,0,0,0,0,0,13,0,0,0,0,0,0,0,0,0,0,0,0,0,0,0,0,0,0,0,0,0,0,0,0,0,0,0,0,0,0,0,0,0,0,0,0,0,0,0,0,0,0,0,0,0,0,0,0
-0.652615,-0.208803,0.480377,0,0,0,0,-1.75285e-07,1.85219e-08,1.04134e-07,1590,1588,1591,1592,3181,3183,3184,3185,0,0,0,0,0,0,0,0,0,0,0,0,0,0,0,1588,1591,1592,3181,3183,3184,3185,0,0,0,0,0,0,0,0,0,0,0,0,0,0,0,0.0382576,0.04735,0.0356796,0.107912,0.100015,0.111701,0.106879,0,0,0,0,0,0,0,0,0,0,0,0,0,0,0,0.0384414,0.047127,0.0358439,0.107908,0.1,0.111695,0.106907,0,0,0,0,0,0,0,0,0,0,0,0,0,0,0,1,1,1,1,1,1,1,0,0,0,0,0,0,0,0,0,0,0,0,0,0,0,1,1,1,1,1,1,1,0,0,0,0,0,0,0,0,0,0,0,0,0,0,0,1,0,0,0,0,0,0,0,0,0,0,0,0,0,0,0,0,0,0,0,0,0,0,7,0,0,0,0,0,0,0,0,0,0,0,0,0,0,0,0,0,0,0,0,0,0,0,0,0,0,0,0,0,0,0,0,0,0,0,0,0,0,0,0,0,0,0,0,0,0,0,0
-0.640329,-0.201345,0.525493,0,0,0,0,-1.59806e-07,1.66535e-08,1.0144e-07,1591,115,116,1588,1589,1590,1592,1708,1709,3181,3182,3183,3184,3185,0,0,0,0,0,0,0,0,0,115,116,1588,1589,1590,1592,1708,1709,3181,3182,3183,3184,3185,0,0,0,0,0,0,0,0,0,0.04761,0.0359378,0.0366698,0.0389627,0.04735,0.0380284,0.111806,0.107065,0.107363,0.108225,0.111662,0.100016,0.107776,0,0,0,0,0,0,0,0,0,0.0474123,0.0362422,0.0369872,0.0391395,0.047127,0.0381848,0.111829,0.107057,0.107339,0.108188,0.111708,0.1,0.107808,0,0,0,0,0,0,0,0,0,1,1,1,1,1,1,1,1,1,1,1,1,1,0,0,0,0,0,0,0,0,0,1,1,1,1,1,1,1,1,1,1,1,1,1,0,0,0,0,0,0,0,0,0,1,0,0,0,0,0,0,0,0,0,0,0,0,0,0,0,0,0,0,0,0,0,0,13,0,0,0,0,0,0,0,0,0,0,0,0,0,0,0,0,0,0,0,0,0,0,0,0,0,0,0,0,0,0,0,0,0,0,0,0,0,0,0,0,0,0,0,0,0,0,0,0
-0.655324,-0.178512,0.499036,0,0,0,0,-1.72927e-07,1.48129e-08,1.08373e-07,1592,116,117,1590,1591,1709,1710,3183,3184,3185,0,0,0,0,0,0,0,0,0,0,0,0,0,116,117,1590,1591,1709,1710,3183,3184,3185,0,0,0,0,0,0,0,0,0,0,0,0,0,0.0469793,0.0349316,0.0356796,0.0380284,0.111498,0.106608,0.106938,0.107849,0.100012,0,0,0,0,0,0,0,0,0,0,0,0,0,0.0467908,0.0351927,0.0358439,0.0381848,0.111537,0.106666,0.106906,0.107808,0.1,0,0,0,0,0,0,0,0,0,0,0,0,0,1,1,1,1,1,1,1,1,1,0,0,0,0,0,0,0,0,0,0,0,0,0,1,1,1,1,1,1,1,1,1,0,0,0,0,0,0,0,0,0,0,0,0,0,1,0,0,0,0,0,0,0,0,0,0,0,0,0,0,0,0,0,0,0,0,0,0,9,0,0,0,0,0,0,0,0,0,0,0,0,0,0,0,0,0,0,0,0,0,0,0,0,0,0,0,0,0,0,0,0,0,0,0,0,0,0,0,0,0,0,0,0,0,0,0,0
0.0763324,-0.699341,0.729551,0,0,0,0,-1.82465e-09,1.046e-07,-1.13541e-07,1593,0,8,9,42,93,126,1601,1602,1635,1686,1719,0,0,0,0,0,0,0,0,0,0,0,0,8,9,42,93,126,1601,1602,1635,1686,1719,0,0,0,0,0,0,0,0,0,0,0,0.100056,0.107709,0.106451,0.108724,0.106345,0.10795,0.0417567,0.0390457,0.0445593,0.0384758,0.0426497,0,0,0,0,0,0,0,0,0,0,0,0.1,0.107818,0.106321,0.1089,0.106423,0.107803,0.0423709,0.0379344,0.0453506,0.0378955,0.0423275,0,0,0,0,0,0,0,0,0,0,0,1,1,1,1,1,1,1,1,1,1,1,0,0,0,0,0,0,0,0,0,0,0,1,1,1,1,1,1,1,1,1,1,1,0,0,0,0,0,0,0,0,0,0,0,1,0,0,0,0,0,0,0,0,0,0,0,0,0,0,0,0,0,0,0,0,0,0,11,0,0,0,0,0,0,0,0,0,0,0,0,0,0,0,0,0,0,0,0,0,0,0,0,0,0,0,0,0,0,0,0,0,0,0,0,0,0,0,0,0,0,0,0,0,0,0,0
0.0572589,0.603119,0.882161,0,0,0,0,-2.02627e-09,-5.70835e-08,-8.27944e-08,1594,1,41,70,71,137,138,1634,1663,1664,1730,1731,0,0,0,0,0,0,0,0,0,0,0,1,41,70,71,137,138,1634,1663,1664,1730,1731,0,0,0,0,0,0,0,0,0,0,0,0.100115,0.108375,0.109515,0.106262,0.10844,0.106191,0.0435895,0.0466818,0.0380634,0.0431887,0.0380922,0,0,0,0,0,0,0,0,0,0,0,0.1,0.108228,0.110036,0.105981,0.108512,0.10617,0.0435086,0.0482759,0.0365875,0.0443026,0.0372232,0,0,0,0,0,0,0,0,0,0,0,1,1,1,1,1,1,1,1,1,1,1,0,0,0,0,0,0,0,0,0,0,0,1,1,1,1,1,1,1,1,1,1,1,0,0,0,0,0,0,0,0,0,0,0,1,0,0,0,0,0,0,0,0,0,0,0,0,0,0,0,0,0,0,0,0,0,0,11,0,0,0,0,0,0,0,0,0,0,0,0,0,0,0,0,0,0,0,0,0,0,0,0,0,0,0,0,0,0,0,0,0,0,0,0,0,0,0,0,0,0,0,0,0,0,0,0
0.217766,-0.766319,0.479182,0,0,0,0,-6.66027e-10,1.82777e-07,-1.32441e-07,1595,2,3,1016,1023,1044,1596,2609,2616,2637,0,0,0,0,0,0,0,0,0,0,0,0,0,2,3,1016,1023,1044,1596,2609,2616,2637,0,0,0,0,0,0,0,0,0,0,0,0,0,0.100062,0.108873,0.106068,0.110758,0.107053,0.0452443,0.0374353,0.0499661,0.0409287,0,0,0,0,0,0,0,0,0,0,0,0,0,0.1,0.108864,0.106059,0.110713,0.10719,0.0452807,0.037242,0.0499933,0.0406777,0,0,0,0,0,0,0,0,0,0,0,0,0,1,1,1,1,1,1,1,1,1,0,0,0,0,0,0,0,0,0,0,0,0,0,1,1,1,1,1,1,1,1,1,0,0,0,0,0,0,0,0,0,0,0,0,0,1,0,0,0,0,0,0,0,0,0,0,0,0,0,0,0,0,0,0,0,0,0,0,9,0,0,0,0,0,0,0,0,0,0,0,0,0,0,0,0,0,0,0,0,0,0,0,0,0,0,0,0,0,0,0,0,0,0,0,0,0,0,0,0,0,0,0,0,0,0,0,0
0.19907,-0.760372,0.519951,0,0,0,0,-2.25798e-09,1.70017e-07,-1.31635e-07,1596,2,3,4,1023,1029,1044,1045,1595,1597,2616,2622,2637,2638,0,0,0,0,0,0,0,0,0,2,3,4,1023,1029,1044,1045,1595,1597,2616,2622,2637,2638,0,0,0,0,0,0,0,0,0,0.10891,0.100035,0.108482,0.105999,0.110764,0.108134,0.1072,0.0452443,0.0441354,0.0374597,0.0500028,0.0435966,0.0412049,0,0,0,0,0,0,0,0,0,0.108858,0.1,0.108471,0.106025,0.110721,0.108217,0.107248,0.0452807,0.0442285,0.0371303,0.0500126,0.0435491,0.0408458,0,0,0,0,0,0,0,0,0,1,1,1,1,1,1,1,1,1,1,1,1,1,0,0,0,0,0,0,0,0,0,1,1,1,1,1,1,1,1,1,1,1,1,1,0,0,0,0,0,0,0,0,0,1,0,0,0,0,0,0,0,0,0,0,0,0,0,0,0,0,0,0,0,0,0,0,13,0,0,0,0,0,0,0,0,0,0,0,0,0,0,0,0,0,0,0,0,0,0,0,0,0,0,0,0,0,0,0,0,0,0,0,0,0,0,0,0,0,0,0,0,0,0,0,0
0.17995,-0.752951,0.559032,0,0,0,0,-2.82984e-09,1.57831e-07,-1.29936e-07,1597,3,4,5,1029,1034,1045,1046,1596,1598,2622,2627,2638,2639,0,0,0,0,0,0,0,0,0,3,4,5,1029,1034,1045,1046,1596,1598,2622,2627,2638,2639,0,0,0,0,0,0,0,0,0,0.108481,0.100054,0.108077,0.105965,0.110691,0.107977,0.107316,0.0441354,0.0429798,0.0373882,0.0498038,0.0429199,0.0413452,0,0,0,0,0,0,0,0,0,0.108467,0.1,0.108056,0.105994,0.110717,0.108034,0.107301,0.0442285,0.0430891,0.0370311,0.0500015,0.0430438,0.0409971,0,0,0,0,0,0,0,0,0,1,1,1,1,1,1,1,1,1,1,1,1,1,0,0,0,0,0,0,0,0,0,1,1,1,1,1,1,1,1,1,1,1,1,1,0,0,0,0,0,0,0,0,0,1,0,0,0,0,0,0,0,0,0,0,0,0,0,0,0,0,0,0,0,0,0,0,13,0,0,0,0,0,0,0,0,0,0,0,0,0,0,0,0,0,0,0,0,0,0,0,0,0,0,0,0,0,0,0,0,0,0,0,0,0,0,0,0,0,0,0,0,0,0,0,0
0.159967,-0.744407,0.596112,0,0,0,0,-2.98547e-09,1.46346e-07,-1.2768e-07,1598,4,5,6,1034,1038,1046,1047,1597,1599,2627,2631,2639,2640,0,0,0,0,0,0,0,0,0,4,5,6,1034,1038,1046,1047,1597,1599,2627,2631,2639,2640,0,0,0,0,0,0,0,0,0,0.108065,0.100025,0.107525,0.106007,0.110703,0.107771,0.107471,0.0429798,0.0413905,0.0376432,0.0498702,0.0422084,0.0421503,0,0,0,0,0,0,0,0,0,0.108052,0.1,0.107625,0.105974,0.11072,0.107861,0.107363,0.0430891,0.0418795,0.0369626,0.0500087,0.0425584,0.0411726,0,0,0,0,0,0,0,0,0,1,1,1,1,1,1,1,1,1,1,1,1,1,0,0,0,0,0,0,0,0,0,1,1,1,1,1,1,1,1,1,1,1,1,1,0,0,0,0,0,0,0,0,0,1,0,0,0,0,0,0,0,0,0,0,0,0,0,0,0,0,0,0,0,0,0,0,13,0,0,0,0,0,0,0,0,0,0,0,0,0,0,0,0,0,0,0,0,0,0,0,0,0,0,0,0,0,0,0,0,0,0,0,0,0,0,0,0,0,0,0,0,0,0,0,0
0.140021,-0.734855,0.631099,0,0,0,0,-2.83021e-09,1.35464e-07,-1.24911e-07,1599,5,6,7,1038,1041,1047,1048,1598,1600,2631,2634,2640,2641,0,0,0,0,0,0,0,0,0,5,6,7,1038,1041,1047,1048,1598,1600,2631,2634,2640,2641,0,0,0,0,0,0,0,0,0,0.107531,0.10007,0.107102,0.106048,0.110767,0.107743,0.107989,0.0413905,0.0402779,0.0377248,0.0499955,0.0423657,0.0432202,0,0,0,0,0,0,0,0,0,0.107622,0.1,0.107186,0.105973,0.110775,0.107707,0.108013,0.0418795,0.0406171,0.0369576,0.0501419,0.042123,0.0427014,0,0,0,0,0,0,0,0,0,1,1,1,1,1,1,1,1,1,1,1,1,1,0,0,0,0,0,0,0,0,0,1,1,1,1,1,1,1,1,1,1,1,1,1,0,0,0,0,0,0,0,0,0,1,0,0,0,0,0,0,0,0,0,0,0,0,0,0,0,0,0,0,0,0,0,0,13,0,0,0,0,0,0,0,0,0,0,0,0,0,0,0,0,0,0,0,0,0,0,0,0,0,0,0,0,0,0,0,0,0,0,0,0,0,0,0,0,0,0,0,0,0,0,0,0
0.119418,-0.724429,0.664101,0,0,0,0,-2.50953e-09,1.25209e-07,-1.21715e-07,1600,6,7,8,1041,1043,1048,1049,1599,1601,2634,2636,2641,2642,0,0,0,0,0,0,0,0,0,6,7,8,1041,1043,1048,1049,1599,1601,2634,2636,2641,2642,0,0,0,0,0,0,0,0,0,0.107103,0.0999168,0.107168,0.10611,0.111046,0.107712,0.1081,0.0402779,0.0405358,0.0382294,0.0508738,0.0421399,0.0439298,0,0,0,0,0,0,0,0,0,0.107184,0.1,0.107338,0.106013,0.111012,0.10758,0.108079,0.0406171,0.0410134,0.0370839,0.050718,0.0417289,0.042936,0,0,0,0,0,0,0,0,0,1,1,1,1,1,1,1,1,1,1,1,1,1,0,0,0,0,0,0,0,0,0,1,1,1,1,1,1,1,1,1,1,1,1,1,0,0,0,0,0,0,0,0,0,1,0,0,0,0,0,0,0,0,0,0,0,0,0,0,0,0,0,0,0,0,0,0,13,0,0,0,0,0,0,0,0,0,0,0,0,0,0,0,0,0,0,0,0,0,0,0,0,0,0,0,0,0,0,0,0,0,0,0,0,0,0,0,0,0,0,0,0,0,0,0,0
0.0983727,-0.712756,0.69672,0,0,0,0,-2.13277e-09,1.14971e-07,-1.17948e-07,1601,0,7,8,9,126,1043,1049,1593,1600,1602,1719,2636,2642,0,0,0,0,0,0,0,0,0,0,7,8,9,126,1043,1049,1593,1600,1602,1719,2636,2642,0,0,0,0,0,0,0,0,0,0.107623,0.107202,0.100046,0.111492,0.108499,0.106441,0.107956,0.0417567,0.0405358,0.0518581,0.0447859,0.0390606,0.0428205,0,0,0,0,0,0,0,0,0,0.107828,0.107325,0.1,0.111422,0.10858,0.106334,0.107819,0.0423709,0.0410134,0.0516972,0.0438629,0.0380088,0.0423738,0,0,0,0,0,0,0,0,0,1,1,1,1,1,1,1,1,1,1,1,1,1,0,0,0,0,0,0,0,0,0,1,1,1,1,1,1,1,1,1,1,1,1,1,0,0,0,0,0,0,0,0,0,1,0,0,0,0,0,0,0,0,0,0,0,0,0,0,0,0,0,0,0,0,0,0,13,0,0,0,0,0,0,0,0,0,0,0,0,0,0,0,0,0,0,0,0,0,0,0,0,0,0,0,0,0,0,0,0,0,0,0,0,0,0,0,0,0,0,0,0,0,0,0,0
0.112224,-0.688409,0.740362,0,0,0,0,-2.7077e-09,9.82634e-08,-1.07803e-07,1602,0,8,9,10,42,1043,1071,1593,1601,1603,1635,2636,2664,0,0,0,0,0,0,0,0,0,0,8,9,10,42,1043,1071,1593,1601,1603,1635,2636,2664,0,0,0,0,0,0,0,0,0,0.106459,0.111528,0.0999293,0.106175,0.109328,0.107712,0.108822,0.0390457,0.0518581,0.0383636,0.0468322,0.042118,0.0451495,0,0,0,0,0,0,0,0,0,0.106322,0.111408,0.1,0.106036,0.109546,0.107854,0.108836,0.0379344,0.0516972,0.0371528,0.0470207,0.0425376,0.0451846,0,0,0,0,0,0,0,0,0,1,1,1,1,1,1,1,1,1,1,1,1,1,0,0,0,0,0,0,0,0,0,1,1,1,1,1,1,1,1,1,1,1,1,1,0,0,0,0,0,0,0,0,0,1,0,0,0,0,0,0,0,0,0,0,0,0,0,0,0,0,0,0,0,0,0,0,13,0,0,0,0,0,0,0,0,0,0,0,0,0,0,0,0,0,0,0,0,0,0,0,0,0,0,0,0,0,0,0,0,0,0,0,0,0,0,0,0,0,0,0,0,0,0,0,0
0.147397,-0.676259,0.749687,0,0,0,0,-3.49335e-09,9.16767e-08,-1.01168e-07,1603,9,10,11,1042,1043,1071,1072,1602,1604,2635,2636,2664,2665,0,0,0,0,0,0,0,0,0,9,10,11,1042,1043,1071,1072,1602,1604,2635,2636,2664,2665,0,0,0,0,0,0,0,0,0,0.106132,0.0999542,0.106095,0.107808,0.111244,0.109345,0.108814,0.0383636,0.0380685,0.0423587,0.051289,0.0469195,0.0450621,0,0,0,0,0,0,0,0,0,0.106038,0.1,0.105953,0.107925,0.111187,0.109573,0.108772,0.0371528,0.0368895,0.0427324,0.0511601,0.0471754,0.0450153,0,0,0,0,0,0,0,0,0,1,1,1,1,1,1,1,1,1,1,1,1,1,0,0,0,0,0,0,0,0,0,1,1,1,1,1,1,1,1,1,1,1,1,1,0,0,0,0,0,0,0,0,0,1,0,0,0,0,0,0,0,0,0,0,0,0,0,0,0,0,0,0,0,0,0,0,13,0,0,0,0,0,0,0,0,0,0,0,0,0,0,0,0,0,0,0,0,0,0,0,0,0,0,0,0,0,0,0,0,0,0,0,0,0,0,0,0,0,0,0,0,0,0,0,0
0.182309,-0.662984,0.757046,0,0,0,0,-3.93243e-09,8.49243e-08,-9.36078e-08,1604,10,11,12,1040,1042,1072,1073,1603,1605,2633,2635,2665,2666,0,0,0,0,0,0,0,0,0,10,11,12,1040,1042,1072,1073,1603,1605,2633,2635,2665,2666,0,0,0,0,0,0,0,0,0,0.106016,0.0999471,0.10645,0.108114,0.11106,0.109504,0.109044,0.0380685,0.0391743,0.0431952,0.050927,0.047228,0.0456979,0,0,0,0,0,0,0,0,0,0.105955,0.1,0.106322,0.108206,0.111027,0.109695,0.108987,0.0368895,0.0380497,0.0435136,0.0507737,0.0474832,0.0455873,0,0,0,0,0,0,0,0,0,1,1,1,1,1,1,1,1,1,1,1,1,1,0,0,0,0,0,0,0,0,0,1,1,1,1,1,1,1,1,1,1,1,1,1,0,0,0,0,0,0,0,0,0,1,0,0,0,0,0,0,0,0,0,0,0,0,0,0,0,0,0,0,0,0,0,0,13,0,0,0,0,0,0,0,0,0,0,0,0,0,0,0,0,0,0,0,0,0,0,0,0,0,0,0,0,0,0,0,0,0,0,0,0,0,0,0,0,0,0,0,0,0,0,0,0
0.218132,-0.648134,0.762598,0,0,0,0,-3.81448e-09,7.78027e-08,-8.48371e-08,1605,11,12,13,1037,1040,1073,1074,1604,1606,2630,2633,2666,2667,0,0,0,0,0,0,0,0,0,11,12,13,1037,1040,1073,1074,1604,1606,2630,2633,2666,2667,0,0,0,0,0,0,0,0,0,0.106356,0.0999473,0.106805,0.108485,0.111056,0.10983,0.109295,0.0391743,0.0402424,0.0441917,0.0509708,0.047975,0.0463887,0,0,0,0,0,0,0,0,0,0.106324,0.1,0.106694,0.108557,0.111037,0.109988,0.109231,0.0380497,0.0391865,0.0444689,0.0508014,0.0482259,0.0462336,0,0,0,0,0,0,0,0,0,1,1,1,1,1,1,1,1,1,1,1,1,1,0,0,0,0,0,0,0,0,0,1,1,1,1,1,1,1,1,1,1,1,1,1,0,0,0,0,0,0,0,0,0,1,0,0,0,0,0,0,0,0,0,0,0,0,0,0,0,0,0,0,0,0,0,0,13,0,0,0,0,0,0,0,0,0,0,0,0,0,0,0,0,0,0,0,0,0,0,0,0,0,0,0,0,0,0,0,0,0,0,0,0,0,0,0,0,0,0,0,0,0,0,0,0
0.254695,-0.631701,0.766138,0,0,0,0,-2.94427e-09,7.03857e-08,-7.48402e-08,1606,12,13,14,1033,1037,1074,1075,1605,1607,2626,2630,2667,2668,0,0,0,0,0,0,0,0,0,12,13,14,1033,1037,1074,1075,1605,1607,2626,2630,2667,2668,0,0,0,0,0,0,0,0,0,0.106712,0.0999492,0.107159,0.108893,0.111098,0.110228,0.109536,0.0402424,0.0412784,0.0452676,0.0511212,0.0488853,0.0470602,0,0,0,0,0,0,0,0,0,0.106695,0.1,0.107064,0.108949,0.111093,0.11035,0.109479,0.0391865,0.0402904,0.0455188,0.0509377,0.0491292,0.0468804,0,0,0,0,0,0,0,0,0,1,1,1,1,1,1,1,1,1,1,1,1,1,0,0,0,0,0,0,0,0,0,1,1,1,1,1,1,1,1,1,1,1,1,1,0,0,0,0,0,0,0,0,0,1,0,0,0,0,0,0,0,0,0,0,0,0,0,0,0,0,0,0,0,0,0,0,13,0,0,0,0,0,0,0,0,0,0,0,0,0,0,0,0,0,0,0,0,0,0,0,0,0,0,0,0,0,0,0,0,0,0,0,0,0,0,0,0,0,0,0,0,0,0,0,0
0.291816,-0.613697,0.76748,0,0,0,0,-1.14095e-09,6.27675e-08,-6.36389e-08,1607,13,14,15,1028,1033,1075,1076,1606,1608,2621,2626,2668,2669,0,0,0,0,0,0,0,0,0,13,14,15,1028,1033,1075,1076,1606,1608,2621,2626,2668,2669,0,0,0,0,0,0,0,0,0,0.107075,0.0999541,0.107511,0.109325,0.111139,0.110652,0.109755,0.0412784,0.0422789,0.0463837,0.0512632,0.0498517,0.0476727,0,0,0,0,0,0,0,0,0,0.107065,0.1,0.107429,0.109369,0.111149,0.11074,0.109712,0.0402904,0.0413518,0.0466196,0.0510751,0.0500886,0.0474859,0,0,0,0,0,0,0,0,0,1,1,1,1,1,1,1,1,1,1,1,1,1,0,0,0,0,0,0,0,0,0,1,1,1,1,1,1,1,1,1,1,1,1,1,0,0,0,0,0,0,0,0,0,1,0,0,0,0,0,0,0,0,0,0,0,0,0,0,0,0,0,0,0,0,0,0,13,0,0,0,0,0,0,0,0,0,0,0,0,0,0,0,0,0,0,0,0,0,0,0,0,0,0,0,0,0,0,0,0,0,0,0,0,0,0,0,0,0,0,0,0,0,0,0,0
0.329294,-0.594156,0.766451,0,0,0,0,1.75939e-09,5.50634e-08,-5.12888e-08,1608,14,15,16,1022,1028,1076,1077,1607,1609,2615,2621,2669,2670,0,0,0,0,0,0,0,0,0,14,15,16,1022,1028,1076,1077,1607,1609,2615,2621,2669,2670,0,0,0,0,0,0,0,0,0,0.10744,0.099961,0.107857,0.109771,0.111159,0.111077,0.109945,0.0422789,0.0432339,0.0475157,0.0513478,0.050815,0.048208,0,0,0,0,0,0,0,0,0,0.107429,0.1,0.107782,0.109806,0.111184,0.111137,0.109922,0.0413518,0.0423599,0.0477429,0.0511644,0.0510473,0.0480248,0,0,0,0,0,0,0,0,0,1,1,1,1,1,1,1,1,1,1,1,1,1,0,0,0,0,0,0,0,0,0,1,1,1,1,1,1,1,1,1,1,1,1,1,0,0,0,0,0,0,0,0,0,1,0,0,0,0,0,0,0,0,0,0,0,0,0,0,0,0,0,0,0,0,0,0,13,0,0,0,0,0,0,0,0,0,0,0,0,0,0,0,0,0,0,0,0,0,0,0,0,0,0,0,0,0,0,0,0,0,0,0,0,0,0,0,0,0,0,0,0,0,0,0,0
0.366904,-0.573131,0.762904,0,0,0,0,5.8994e-09,4.74036e-08,-3.78808e-08,1609,15,16,17,1015,1022,1077,1078,1608,1610,2608,2615,2670,2671,0,0,0,0,0,0,0,0,0,15,16,17,1015,1022,1077,1078,1608,1610,2608,2615,2670,2671,0,0,0,0,0,0,0,0,0,0.107799,0.0999693,0.10819,0.110225,0.111151,0.111485,0.110103,0.0432339,0.0441298,0.0486457,0.0513571,0.0517367,0.0486622,0,0,0,0,0,0,0,0,0,0.107782,0.1,0.10812,0.110253,0.111191,0.111524,0.110101,0.0423599,0.043303,0.0488695,0.0511819,0.0519689,0.0484845,0,0,0,0,0,0,0,0,0,1,1,1,1,1,1,1,1,1,1,1,1,1,0,0,0,0,0,0,0,0,0,1,1,1,1,1,1,1,1,1,1,1,1,1,0,0,0,0,0,0,0,0,0,1,0,0,0,0,0,0,0,0,0,0,0,0,0,0,0,0,0,0,0,0,0,0,13,0,0,0,0,0,0,0,0,0,0,0,0,0,0,0,0,0,0,0,0,0,0,0,0,0,0,0,0,0,0,0,0,0,0,0,0,0,0,0,0,0,0,0,0,0,0,0,0
0.404399,-0.550694,0.756728,0,0,0,0,1.13939e-08,3.99265e-08,-2.35421e-08,1610,16,17,18,1008,1015,1078,1079,1609,1611,2601,2608,2671,2672,0,0,0,0,0,0,0,0,0,16,17,18,1008,1015,1078,1079,1609,1611,2601,2608,2671,2672,0,0,0,0,0,0,0,0,0,0.108143,0.0999781,0.108502,0.110682,0.111113,0.111866,0.110234,0.0441298,0.0449513,0.049763,0.051291,0.0525916,0.0490428,0,0,0,0,0,0,0,0,0,0.108119,0.1,0.108435,0.110705,0.111164,0.111891,0.110251,0.043303,0.0441678,0.0499886,0.0511207,0.0528292,0.0488652,0,0,0,0,0,0,0,0,0,1,1,1,1,1,1,1,1,1,1,1,1,1,0,0,0,0,0,0,0,0,0,1,1,1,1,1,1,1,1,1,1,1,1,1,0,0,0,0,0,0,0,0,0,1,0,0,0,0,0,0,0,0,0,0,0,0,0,0,0,0,0,0,0,0,0,0,13,0,0,0,0,0,0,0,0,0,0,0,0,0,0,0,0,0,0,0,0,0,0,0,0,0,0,0,0,0,0,0,0,0,0,0,0,0,0,0,0,0,0,0,0,0,0,0,0
0.441511,-0.526936,0.747847,0,0,0,0,1.83227e-08,3.27716e-08,-8.43393e-09,1611,17,18,19,1001,1008,1079,1080,1610,1612,2594,2601,2672,2673,0,0,0,0,0,0,0,0,0,17,18,19,1001,1008,1079,1080,1610,1612,2594,2601,2672,2673,0,0,0,0,0,0,0,0,0,0.108465,0.0999866,0.108786,0.111144,0.11105,0.112212,0.110345,0.0449513,0.045681,0.050871,0.0511622,0.0533699,0.0493719,0,0,0,0,0,0,0,0,0,0.108433,0.1,0.10872,0.111164,0.111108,0.112232,0.110376,0.0441678,0.0449395,0.0511017,0.0509893,0.0536175,0.0491848,0,0,0,0,0,0,0,0,0,1,1,1,1,1,1,1,1,1,1,1,1,1,0,0,0,0,0,0,0,0,0,1,1,1,1,1,1,1,1,1,1,1,1,1,0,0,0,0,0,0,0,0,0,1,0,0,0,0,0,0,0,0,0,0,0,0,0,0,0,0,0,0,0,0,0,0,13,0,0,0,0,0,0,0,0,0,0,0,0,0,0,0,0,0,0,0,0,0,0,0,0,0,0,0,0,0,0,0,0,0,0,0,0,0,0,0,0,0,0,0,0,0,0,0,0
0.477961,-0.50197,0.736231,0,0,0,0,2.67252e-08,2.60701e-08,7.25175e-09,1612,18,19,20,994,1001,1080,1081,1611,1613,2587,2594,2673,2674,0,0,0,0,0,0,0,0,0,18,19,20,994,1001,1080,1081,1611,1613,2587,2594,2673,2674,0,0,0,0,0,0,0,0,0,0.108757,0.0999943,0.109032,0.111616,0.110974,0.11253,0.110454,0.045681,0.0463008,0.0519909,0.0510018,0.0540842,0.049692,0,0,0,0,0,0,0,0,0,0.108718,0.1,0.108969,0.111636,0.111036,0.11255,0.110494,0.0449395,0.0456021,0.0522276,0.0508171,0.0543445,0.0494847,0,0,0,0,0,0,0,0,0,1,1,1,1,1,1,1,1,1,1,1,1,1,0,0,0,0,0,0,0,0,0,1,1,1,1,1,1,1,1,1,1,1,1,1,0,0,0,0,0,0,0,0,0,1,0,0,0,0,0,0,0,0,0,0,0,0,0,0,0,0,0,0,0,0,0,0,13,0,0,0,0,0,0,0,0,0,0,0,0,0,0,0,0,0,0,0,0,0,0,0,0,0,0,0,0,0,0,0,0,0,0,0,0,0,0,0,0,0,0,0,0,0,0,0,0
0.51346,-0.475932,0.721895,0,0,0,0,3.6598e-08,1.99382e-08,2.32987e-08,1613,19,20,21,988,994,1081,1082,1612,1614,2581,2587,2674,2675,0,0,0,0,0,0,0,0,0,19,20,21,988,994,1081,1082,1612,1614,2581,2587,2674,2675,0,0,0,0,0,0,0,0,0,0.109009,0.100001,0.109233,0.112133,0.110913,0.112846,0.110607,0.0463008,0.0467932,0.0531998,0.0508776,0.0547922,0.0501082,0,0,0,0,0,0,0,0,0,0.108966,0.1,0.109172,0.112154,0.110975,0.112869,0.110649,0.0456021,0.0461386,0.0534424,0.0506718,0.0550652,0.0498732,0,0,0,0,0,0,0,0,0,1,1,1,1,1,1,1,1,1,1,1,1,1,0,0,0,0,0,0,0,0,0,1,1,1,1,1,1,1,1,1,1,1,1,1,0,0,0,0,0,0,0,0,0,1,0,0,0,0,0,0,0,0,0,0,0,0,0,0,0,0,0,0,0,0,0,0,13,0,0,0,0,0,0,0,0,0,0,0,0,0,0,0,0,0,0,0,0,0,0,0,0,0,0,0,0,0,0,0,0,0,0,0,0,0,0,0,0,0,0,0,0,0,0,0,0
0.547728,-0.448978,0.7049,0,0,0,0,4.78956e-08,1.44698e-08,3.94678e-08,1614,20,21,22,982,988,1082,1083,1613,1615,2575,2581,2675,2676,0,0,0,0,0,0,0,0,0,20,21,22,982,988,1082,1083,1613,1615,2575,2581,2675,2676,0,0,0,0,0,0,0,0,0,0.109214,0.100007,0.108325,0.112759,0.110927,0.113233,0.110902,0.0467932,0.0443469,0.054647,0.0509411,0.0556549,0.0508329,0,0,0,0,0,0,0,0,0,0.109169,0.1,0.108274,0.112785,0.110989,0.113257,0.110935,0.0461386,0.0437288,0.0548938,0.0507087,0.0559362,0.0505765,0,0,0,0,0,0,0,0,0,1,1,1,1,1,1,1,1,1,1,1,1,1,0,0,0,0,0,0,0,0,0,1,1,1,1,1,1,1,1,1,1,1,1,1,0,0,0,0,0,0,0,0,0,1,0,0,0,0,0,0,0,0,0,0,0,0,0,0,0,0,0,0,0,0,0,0,13,0,0,0,0,0,0,0,0,0,0,0,0,0,0,0,0,0,0,0,0,0,0,0,0,0,0,0,0,0,0,0,0,0,0,0,0,0,0,0,0,0,0,0,0,0,0,0,0
0.578593,-0.422922,0.686594,0,0,0,0,5.97423e-08,1.00014e-08,5.46315e-08,1615,21,22,23,976,982,1083,1084,1614,1616,2569,2575,2676,2677,0,0,0,0,0,0,0,0,0,21,22,23,976,982,1083,1084,1614,1616,2569,2575,2676,2677,0,0,0,0,0,0,0,0,0,0.108321,0.100012,0.108067,0.112981,0.110807,0.113225,0.11083,0.0443469,0.0436188,0.055155,0.050638,0.0556332,0.0506859,0,0,0,0,0,0,0,0,0,0.108272,0.1,0.108026,0.113009,0.110862,0.113253,0.110862,0.0437288,0.0430419,0.0554006,0.0504001,0.0559217,0.0504032,0,0,0,0,0,0,0,0,0,1,1,1,1,1,1,1,1,1,1,1,1,1,0,0,0,0,0,0,0,0,0,1,1,1,1,1,1,1,1,1,1,1,1,1,0,0,0,0,0,0,0,0,0,1,0,0,0,0,0,0,0,0,0,0,0,0,0,0,0,0,0,0,0,0,0,0,13,0,0,0,0,0,0,0,0,0,0,0,0,0,0,0,0,0,0,0,0,0,0,0,0,0,0,0,0,0,0,0,0,0,0,0,0,0,0,0,0,0,0,0,0,0,0,0,0
0.607315,-0.396893,0.66659,0,0,0,0,7.24075e-08,6.29438e-09,6.92007e-08,1616,22,23,24,971,976,1084,1085,1615,1617,2564,2569,2677,2678,0,0,0,0,0,0,0,0,0,22,23,24,971,976,1084,1085,1615,1617,2564,2569,2677,2678,0,0,0,0,0,0,0,0,0,0.108075,0.100014,0.108087,0.113036,0.110609,0.113185,0.110599,0.0436188,0.043664,0.0552742,0.0501532,0.0555594,0.0501533,0,0,0,0,0,0,0,0,0,0.108023,0.1,0.108058,0.113061,0.110654,0.11322,0.110629,0.0430419,0.0431295,0.0555168,0.0498933,0.0558452,0.0498377,0,0,0,0,0,0,0,0,0,1,1,1,1,1,1,1,1,1,1,1,1,1,0,0,0,0,0,0,0,0,0,1,1,1,1,1,1,1,1,1,1,1,1,1,0,0,0,0,0,0,0,0,0,1,0,0,0,0,0,0,0,0,0,0,0,0,0,0,0,0,0,0,0,0,0,0,13,0,0,0,0,0,0,0,0,0,0,0,0,0,0,0,0,0,0,0,0,0,0,0,0,0,0,0,0,0,0,0,0,0,0,0,0,0,0,0,0,0,0,0,0,0,0,0,0
0.634358,-0.370525,0.644683,0,0,0,0,8.59941e-08,3.2803e-09,8.32891e-08,1617,23,24,25,966,971,1085,1086,1616,1618,2559,2564,2678,2679,0,0,0,0,0,0,0,0,0,23,24,25,966,971,1085,1086,1616,1618,2559,2564,2678,2679,0,0,0,0,0,0,0,0,0,0.108106,0.100016,0.108391,0.112999,0.110307,0.113044,0.110262,0.043664,0.0444808,0.055218,0.0493979,0.0552553,0.0493394,0,0,0,0,0,0,0,0,0,0.108055,0.1,0.108371,0.11303,0.110339,0.113081,0.110286,0.0431295,0.0439942,0.0554469,0.049115,0.0555319,0.0489909,0,0,0,0,0,0,0,0,0,1,1,1,1,1,1,1,1,1,1,1,1,1,0,0,0,0,0,0,0,0,0,1,1,1,1,1,1,1,1,1,1,1,1,1,0,0,0,0,0,0,0,0,0,1,0,0,0,0,0,0,0,0,0,0,0,0,0,0,0,0,0,0,0,0,0,0,13,0,0,0,0,0,0,0,0,0,0,0,0,0,0,0,0,0,0,0,0,0,0,0,0,0,0,0,0,0,0,0,0,0,0,0,0,0,0,0,0,0,0,0,0,0,0,0,0
0.660077,-0.343431,0.620538,0,0,0,0,1.00646e-07,9.25972e-10,9.69733e-08,1618,24,25,26,962,966,1086,1087,1617,1619,2555,2559,2679,2680,0,0,0,0,0,0,0,0,0,24,25,26,962,966,1086,1087,1617,1619,2555,2559,2679,2680,0,0,0,0,0,0,0,0,0,0.108415,0.100015,0.10935,0.113046,0.109846,0.112735,0.109843,0.0444808,0.0470316,0.0552857,0.0482676,0.0545708,0.0483024,0,0,0,0,0,0,0,0,0,0.108369,0.1,0.109349,0.113062,0.109876,0.112773,0.109858,0.0439942,0.0465998,0.0555196,0.0479538,0.0548348,0.0479202,0,0,0,0,0,0,0,0,0,1,1,1,1,1,1,1,1,1,1,1,1,1,0,0,0,0,0,0,0,0,0,1,1,1,1,1,1,1,1,1,1,1,1,1,0,0,0,0,0,0,0,0,0,1,0,0,0,0,0,0,0,0,0,0,0,0,0,0,0,0,0,0,0,0,0,0,13,0,0,0,0,0,0,0,0,0,0,0,0,0,0,0,0,0,0,0,0,0,0,0,0,0,0,0,0,0,0,0,0,0,0,0,0,0,0,0,0,0,0,0,0,0,0,0,0
0.685208,-0.314649,0.593115,0,0,0,0,1.16883e-07,-8.42984e-10,1.10558e-07,1619,25,26,27,959,962,1087,1088,1618,1620,2552,2555,2680,2681,0,0,0,0,0,0,0,0,0,25,26,27,959,962,1087,1088,1618,1620,2552,2555,2680,2681,0,0,0,0,0,0,0,0,0,0.10939,0.100015,0.109208,0.112644,0.109073,0.112061,0.109318,0.0470316,0.0465826,0.0545164,0.0462603,0.0530139,0.046913,0,0,0,0,0,0,0,0,0,0.109346,0.1,0.109204,0.112696,0.109098,0.112084,0.109316,0.0465998,0.0462203,0.0546886,0.0459434,0.0532496,0.0465258,0,0,0,0,0,0,0,0,0,1,1,1,1,1,1,1,1,1,1,1,1,1,0,0,0,0,0,0,0,0,0,1,1,1,1,1,1,1,1,1,1,1,1,1,0,0,0,0,0,0,0,0,0,1,0,0,0,0,0,0,0,0,0,0,0,0,0,0,0,0,0,0,0,0,0,0,13,0,0,0,0,0,0,0,0,0,0,0,0,0,0,0,0,0,0,0,0,0,0,0,0,0,0,0,0,0,0,0,0,0,0,0,0,0,0,0,0,0,0,0,0,0,0,0,0
0.707947,-0.28606,0.564209,0,0,0,0,1.33544e-07,-1.8887e-09,1.22999e-07,1620,26,27,28,957,959,1088,1089,1619,1621,2550,2552,2681,2682,0,0,0,0,0,0,0,0,0,26,27,28,957,959,1088,1089,1619,1621,2550,2552,2681,2682,0,0,0,0,0,0,0,0,0,0.109227,0.100016,0.108979,0.112428,0.10846,0.111472,0.108885,0.0465826,0.0460384,0.0537889,0.0446905,0.0516563,0.0457339,0,0,0,0,0,0,0,0,0,0.109202,0.1,0.108998,0.112421,0.108494,0.111503,0.108878,0.0462203,0.0456781,0.0540575,0.044333,0.0518809,0.0453744,0,0,0,0,0,0,0,0,0,1,1,1,1,1,1,1,1,1,1,1,1,1,0,0,0,0,0,0,0,0,0,1,1,1,1,1,1,1,1,1,1,1,1,1,0,0,0,0,0,0,0,0,0,1,0,0,0,0,0,0,0,0,0,0,0,0,0,0,0,0,0,0,0,0,0,0,13,0,0,0,0,0,0,0,0,0,0,0,0,0,0,0,0,0,0,0,0,0,0,0,0,0,0,0,0,0,0,0,0,0,0,0,0,0,0,0,0,0,0,0,0,0,0,0,0
0.728269,-0.257869,0.534012,0,0,0,0,1.5056e-07,-2.3105e-09,1.34161e-07,1621,27,28,29,957,1089,1090,1620,1622,2550,2682,2683,0,0,0,0,0,0,0,0,0,0,0,27,28,29,957,1089,1090,1620,1622,2550,2682,2683,0,0,0,0,0,0,0,0,0,0,0,0.109019,0.100007,0.108703,0.107947,0.110957,0.108499,0.0460384,0.0451897,0.0431423,0.0504436,0.0446909,0,0,0,0,0,0,0,0,0,0,0,0.108997,0.1,0.108738,0.107977,0.110963,0.108486,0.0456781,0.044985,0.0429109,0.0505866,0.0443237,0,0,0,0,0,0,0,0,0,0,0,1,1,1,1,1,1,1,1,1,1,1,0,0,0,0,0,0,0,0,0,0,0,1,1,1,1,1,1,1,1,1,1,1,0,0,0,0,0,0,0,0,0,0,0,1,0,0,0,0,0,0,0,0,0,0,0,0,0,0,0,0,0,0,0,0,0,0,11,0,0,0,0,0,0,0,0,0,0,0,0,0,0,0,0,0,0,0,0,0,0,0,0,0,0,0,0,0,0,0,0,0,0,0,0,0,0,0,0,0,0,0,0,0,0,0,0
0.746135,-0.230192,0.503079,0,0,0,0,1.67466e-07,-2.07719e-09,1.4403e-07,1622,28,29,1090,1091,1621,2683,2684,0,0,0,0,0,0,0,0,0,0,0,0,0,0,0,28,29,1090,1091,1621,2683,2684,0,0,0,0,0,0,0,0,0,0,0,0,0,0,0,0.108766,0.100014,0.110387,0.108117,0.0451897,0.0490885,0.0435272,0,0,0,0,0,0,0,0,0,0,0,0,0,0,0,0.108738,0.1,0.110436,0.108119,0.044985,0.0492952,0.0433177,0,0,0,0,0,0,0,0,0,0,0,0,0,0,0,1,1,1,1,1,1,1,0,0,0,0,0,0,0,0,0,0,0,0,0,0,0,1,1,1,1,1,1,1,0,0,0,0,0,0,0,0,0,0,0,0,0,0,0,1,0,0,0,0,0,0,0,0,0,0,0,0,0,0,0,0,0,0,0,0,0,0,7,0,0,0,0,0,0,0,0,0,0,0,0,0,0,0,0,0,0,0,0,0,0,0,0,0,0,0,0,0,0,0,0,0,0,0,0,0,0,0,0,0,0,0,0,0,0,0,0
-0.236881,0.759389,0.464954,0,0,0,0,2.16692e-09,-1.812e-07,-1.30492e-07,1623,30,31,279,291,357,1624,1872,1884,1950,0,0,0,0,0,0,0,0,0,0,0,0,0,30,31,279,291,357,1624,1872,1884,1950,0,0,0,0,0,0,0,0,0,0,0,0,0,0.10008,0.110409,0.107257,0.111607,0.107564,0.0491769,0.041014,0.0520328,0.0421824,0,0,0,0,0,0,0,0,0,0,0,0,0,0.1,0.110357,0.10728,0.111593,0.107694,0.0491279,0.0409414,0.0521124,0.0421307,0,0,0,0,0,0,0,0,0,0,0,0,0,1,1,1,1,1,1,1,1,1,0,0,0,0,0,0,0,0,0,0,0,0,0,1,1,1,1,1,1,1,1,1,0,0,0,0,0,0,0,0,0,0,0,0,0,1,0,0,0,0,0,0,0,0,0,0,0,0,0,0,0,0,0,0,0,0,0,0,9,0,0,0,0,0,0,0,0,0,0,0,0,0,0,0,0,0,0,0,0,0,0,0,0,0,0,0,0,0,0,0,0,0,0,0,0,0,0,0,0,0,0,0,0,0,0,0,0
-0.214011,0.75487,0.508254,0,0,0,0,4.1719e-09,-1.6904e-07,-1.30673e-07,1624,30,31,32,291,302,357,358,1623,1625,1884,1895,1950,1951,0,0,0,0,0,0,0,0,0,30,31,32,291,302,357,358,1623,1625,1884,1895,1950,1951,0,0,0,0,0,0,0,0,0,0.110423,0.100046,0.110174,0.107169,0.111664,0.110233,0.107745,0.0491769,0.0485608,0.0409931,0.0521611,0.048806,0.0427921,0,0,0,0,0,0,0,0,0,0.110351,0.1,0.110159,0.107209,0.111654,0.1103,0.107792,0.0491279,0.0486373,0.0407329,0.052254,0.0489925,0.0424063,0,0,0,0,0,0,0,0,0,1,1,1,1,1,1,1,1,1,1,1,1,1,0,0,0,0,0,0,0,0,0,1,1,1,1,1,1,1,1,1,1,1,1,1,0,0,0,0,0,0,0,0,0,1,0,0,0,0,0,0,0,0,0,0,0,0,0,0,0,0,0,0,0,0,0,0,13,0,0,0,0,0,0,0,0,0,0,0,0,0,0,0,0,0,0,0,0,0,0,0,0,0,0,0,0,0,0,0,0,0,0,0,0,0,0,0,0,0,0,0,0,0,0,0,0
-0.190177,0.748514,0.550084,0,0,0,0,5.02671e-09,-1.57329e-07,-1.29959e-07,1625,31,32,33,302,312,358,359,1624,1626,1895,1905,1951,1952,0,0,0,0,0,0,0,0,0,31,32,33,302,312,358,359,1624,1626,1895,1905,1951,1952,0,0,0,0,0,0,0,0,0,0.11016,0.100053,0.109942,0.107147,0.111686,0.110049,0.107897,0.0485608,0.0479432,0.040989,0.0521776,0.048345,0.0430401,0,0,0,0,0,0,0,0,0,0.110154,0.1,0.109898,0.10717,0.111721,0.110097,0.107904,0.0486373,0.0479805,0.0406156,0.052412,0.0484845,0.0427165,0,0,0,0,0,0,0,0,0,1,1,1,1,1,1,1,1,1,1,1,1,1,0,0,0,0,0,0,0,0,0,1,1,1,1,1,1,1,1,1,1,1,1,1,0,0,0,0,0,0,0,0,0,1,0,0,0,0,0,0,0,0,0,0,0,0,0,0,0,0,0,0,0,0,0,0,13,0,0,0,0,0,0,0,0,0,0,0,0,0,0,0,0,0,0,0,0,0,0,0,0,0,0,0,0,0,0,0,0,0,0,0,0,0,0,0,0,0,0,0,0,0,0,0,0
-0.165025,0.740585,0.590122,0,0,0,0,5.20898e-09,-1.46079e-07,-1.2845e-07,1626,32,33,34,312,321,359,360,1625,1627,1905,1914,1952,1953,0,0,0,0,0,0,0,0,0,32,33,34,312,321,359,360,1625,1627,1905,1914,1952,1953,0,0,0,0,0,0,0,0,0,0.109903,0.100016,0.109469,0.107198,0.111754,0.109771,0.108139,0.0479432,0.0467116,0.0413015,0.0523689,0.0474947,0.0441433,0,0,0,0,0,0,0,0,0,0.109894,0.1,0.10958,0.107141,0.111769,0.109894,0.10801,0.0479805,0.0471713,0.0405284,0.0525223,0.0479704,0.0430103,0,0,0,0,0,0,0,0,0,1,1,1,1,1,1,1,1,1,1,1,1,1,0,0,0,0,0,0,0,0,0,1,1,1,1,1,1,1,1,1,1,1,1,1,0,0,0,0,0,0,0,0,0,1,0,0,0,0,0,0,0,0,0,0,0,0,0,0,0,0,0,0,0,0,0,0,13,0,0,0,0,0,0,0,0,0,0,0,0,0,0,0,0,0,0,0,0,0,0,0,0,0,0,0,0,0,0,0,0,0,0,0,0,0,0,0,0,0,0,0,0,0,0,0,0
-0.139587,0.731178,0.628153,0,0,0,0,4.87849e-09,-1.35222e-07,-1.26142e-07,1627,33,34,35,321,329,360,361,1626,1628,1914,1922,1953,1954,0,0,0,0,0,0,0,0,0,33,34,35,321,329,360,361,1626,1628,1914,1922,1953,1954,0,0,0,0,0,0,0,0,0,0.109456,0.100064,0.109087,0.107227,0.111787,0.109708,0.108686,0.0467116,0.0458713,0.0413683,0.052408,0.047555,0.0452912,0,0,0,0,0,0,0,0,0,0.109577,0.1,0.109215,0.107116,0.111786,0.109687,0.108674,0.0471713,0.0462256,0.0404513,0.052562,0.0474401,0.0445068,0,0,0,0,0,0,0,0,0,1,1,1,1,1,1,1,1,1,1,1,1,1,0,0,0,0,0,0,0,0,0,1,1,1,1,1,1,1,1,1,1,1,1,1,0,0,0,0,0,0,0,0,0,1,0,0,0,0,0,0,0,0,0,0,0,0,0,0,0,0,0,0,0,0,0,0,13,0,0,0,0,0,0,0,0,0,0,0,0,0,0,0,0,0,0,0,0,0,0,0,0,0,0,0,0,0,0,0,0,0,0,0,0,0,0,0,0,0,0,0,0,0,0,0,0
-0.113196,0.720456,0.664108,0,0,0,0,4.21631e-09,-1.24838e-07,-1.23146e-07,1628,34,35,36,329,336,361,362,1627,1629,1922,1929,1954,1955,0,0,0,0,0,0,0,0,0,34,35,36,329,336,361,362,1627,1629,1922,1929,1954,1955,0,0,0,0,0,0,0,0,0,0.109091,0.0998874,0.108668,0.107246,0.111809,0.109499,0.108624,0.0458713,0.0449077,0.0417688,0.0526804,0.0468802,0.0455671,0,0,0,0,0,0,0,0,0,0.109213,0.1,0.108924,0.107091,0.111772,0.109353,0.10854,0.0462256,0.0453883,0.0403761,0.0525271,0.0465937,0.0442081,0,0,0,0,0,0,0,0,0,1,1,1,1,1,1,1,1,1,1,1,1,1,0,0,0,0,0,0,0,0,0,1,1,1,1,1,1,1,1,1,1,1,1,1,0,0,0,0,0,0,0,0,0,1,0,0,0,0,0,0,0,0,0,0,0,0,0,0,0,0,0,0,0,0,0,0,13,0,0,0,0,0,0,0,0,0,0,0,0,0,0,0,0,0,0,0,0,0,0,0,0,0,0,0,0,0,0,0,0,0,0,0,0,0,0,0,0,0,0,0,0,0,0,0,0
-0.0869873,0.708457,0.698544,0,0,0,0,3.32723e-09,-1.14634e-07,-1.19439e-07,1629,35,36,37,336,342,362,363,1628,1630,1929,1935,1955,1956,0,0,0,0,0,0,0,0,0,35,36,37,336,342,362,363,1628,1630,1929,1935,1955,1956,0,0,0,0,0,0,0,0,0,0.10876,0.100043,0.108403,0.107336,0.111831,0.109274,0.10868,0.0449077,0.044136,0.0418545,0.0525446,0.0461727,0.0455258,0,0,0,0,0,0,0,0,0,0.108901,0.1,0.108689,0.107143,0.111832,0.109157,0.108674,0.0453883,0.0447091,0.0404315,0.0526473,0.046058,0.0441326,0,0,0,0,0,0,0,0,0,1,1,1,1,1,1,1,1,1,1,1,1,1,0,0,0,0,0,0,0,0,0,1,1,1,1,1,1,1,1,1,1,1,1,1,0,0,0,0,0,0,0,0,0,1,0,0,0,0,0,0,0,0,0,0,0,0,0,0,0,0,0,0,0,0,0,0,13,0,0,0,0,0,0,0,0,0,0,0,0,0,0,0,0,0,0,0,0,0,0,0,0,0,0,0,0,0,0,0,0,0,0,0,0,0,0,0,0,0,0,0,0,0,0,0,0
-0.061057,0.694964,0.731613,0,0,0,0,2.30341e-09,-1.04601e-07,-1.1497e-07,1630,36,37,38,342,347,363,364,1629,1631,1935,1940,1956,1957,0,0,0,0,0,0,0,0,0,36,37,38,342,347,363,364,1629,1631,1935,1940,1956,1957,0,0,0,0,0,0,0,0,0,0.1086,0.100078,0.108079,0.107235,0.111699,0.109041,0.108431,0.044136,0.0433357,0.041458,0.0520968,0.0453235,0.0448431,0,0,0,0,0,0,0,0,0,0.108679,0.1,0.108328,0.10703,0.111881,0.108943,0.108377,0.0447091,0.0437395,0.0397094,0.0527587,0.0454862,0.0433577,0,0,0,0,0,0,0,0,0,1,1,1,1,1,1,1,1,1,1,1,1,1,0,0,0,0,0,0,0,0,0,1,1,1,1,1,1,1,1,1,1,1,1,1,0,0,0,0,0,0,0,0,0,1,0,0,0,0,0,0,0,0,0,0,0,0,0,0,0,0,0,0,0,0,0,0,13,0,0,0,0,0,0,0,0,0,0,0,0,0,0,0,0,0,0,0,0,0,0,0,0,0,0,0,0,0,0,0,0,0,0,0,0,0,0,0,0,0,0,0,0,0,0,0,0
-0.0359039,0.679926,0.763537,0,0,0,0,1.23587e-09,-9.47014e-08,-1.09774e-07,1631,37,38,39,347,351,364,365,1630,1632,1940,1944,1957,1958,0,0,0,0,0,0,0,0,0,37,38,39,347,351,364,365,1630,1632,1940,1944,1957,1958,0,0,0,0,0,0,0,0,0,0.10835,0.100105,0.10772,0.106931,0.111682,0.108761,0.10818,0.0433357,0.042402,0.0404157,0.0521011,0.0444314,0.0440915,0,0,0,0,0,0,0,0,0,0.108319,0.1,0.107956,0.106739,0.111942,0.108727,0.10811,0.0437395,0.0427163,0.0388762,0.0528997,0.0449022,0.0426504,0,0,0,0,0,0,0,0,0,1,1,1,1,1,1,1,1,1,1,1,1,1,0,0,0,0,0,0,0,0,0,1,1,1,1,1,1,1,1,1,1,1,1,1,0,0,0,0,0,0,0,0,0,1,0,0,0,0,0,0,0,0,0,0,0,0,0,0,0,0,0,0,0,0,0,0,13,0,0,0,0,0,0,0,0,0,0,0,0,0,0,0,0,0,0,0,0,0,0,0,0,0,0,0,0,0,0,0,0,0,0,0,0,0,0,0,0,0,0,0,0,0,0,0,0
-0.0118492,0.663384,0.794289,0,0,0,0,1.94873e-10,-8.50126e-08,-1.03924e-07,1632,38,39,40,351,354,365,366,1631,1633,1944,1947,1958,1959,0,0,0,0,0,0,0,0,0,38,39,40,351,354,365,366,1631,1633,1944,1947,1958,1959,0,0,0,0,0,0,0,0,0,0.10803,0.100122,0.107372,0.10666,0.111714,0.10853,0.10801,0.042402,0.0414498,0.0396996,0.0521983,0.0436811,0.0435344,0,0,0,0,0,0,0,0,0,0.107946,0.1,0.107577,0.106493,0.112064,0.108519,0.107902,0.0427163,0.0416512,0.0381653,0.0531816,0.0443349,0.0420972,0,0,0,0,0,0,0,0,0,1,1,1,1,1,1,1,1,1,1,1,1,1,0,0,0,0,0,0,0,0,0,1,1,1,1,1,1,1,1,1,1,1,1,1,0,0,0,0,0,0,0,0,0,1,0,0,0,0,0,0,0,0,0,0,0,0,0,0,0,0,0,0,0,0,0,0,13,0,0,0,0,0,0,0,0,0,0,0,0,0,0,0,0,0,0,0,0,0,0,0,0,0,0,0,0,0,0,0,0,0,0,0,0,0,0,0,0,0,0,0,0,0,0,0,0
0.0112354,0.645506,0.823709,0,0,0,0,-7.4026e-10,-7.56704e-08,-9.75485e-08,1633,39,40,41,354,356,366,367,1632,1634,1947,1949,1959,1960,0,0,0,0,0,0,0,0,0,39,40,41,354,356,366,367,1632,1634,1947,1949,1959,1960,0,0,0,0,0,0,0,0,0,0.107692,0.100134,0.107601,0.106466,0.111961,0.108296,0.108008,0.0414498,0.0420606,0.0391578,0.0527788,0.0429433,0.043426,0,0,0,0,0,0,0,0,0,0.107568,0.1,0.107767,0.106316,0.112393,0.108338,0.10784,0.0416512,0.0421926,0.0376502,0.0539421,0.0438339,0.0419441,0,0,0,0,0,0,0,0,0,1,1,1,1,1,1,1,1,1,1,1,1,1,0,0,0,0,0,0,0,0,0,1,1,1,1,1,1,1,1,1,1,1,1,1,0,0,0,0,0,0,0,0,0,1,0,0,0,0,0,0,0,0,0,0,0,0,0,0,0,0,0,0,0,0,0,0,13,0,0,0,0,0,0,0,0,0,0,0,0,0,0,0,0,0,0,0,0,0,0,0,0,0,0,0,0,0,0,0,0,0,0,0,0,0,0,0,0,0,0,0,0,0,0,0,0
0.0341132,0.625608,0.85286,0,0,0,0,-1.51075e-09,-6.64005e-08,-9.0516e-08,1634,1,40,41,137,138,356,367,1594,1633,1730,1731,1949,1960,0,0,0,0,0,0,0,0,0,1,40,41,137,138,356,367,1594,1633,1730,1731,1949,1960,0,0,0,0,0,0,0,0,0,0.108167,0.107891,0.100159,0.10806,0.112476,0.106406,0.108457,0.0435895,0.0420606,0.0432908,0.0539032,0.038927,0.0433201,0,0,0,0,0,0,0,0,0,0.108239,0.107757,0.1,0.107871,0.112973,0.106302,0.108523,0.0435086,0.0421926,0.0420486,0.0552635,0.0376166,0.0443363,0,0,0,0,0,0,0,0,0,1,1,1,1,1,1,1,1,1,1,1,1,1,0,0,0,0,0,0,0,0,0,1,1,1,1,1,1,1,1,1,1,1,1,1,0,0,0,0,0,0,0,0,0,1,0,0,0,0,0,0,0,0,0,0,0,0,0,0,0,0,0,0,0,0,0,0,13,0,0,0,0,0,0,0,0,0,0,0,0,0,0,0,0,0,0,0,0,0,0,0,0,0,0,0,0,0,0,0,0,0,0,0,0,0,0,0,0,0,0,0,0,0,0,0,0
0.0764219,-0.678194,0.768773,0,0,0,0,-2.01313e-09,9.09883e-08,-1.05351e-07,1635,0,9,42,43,93,956,1071,1593,1602,1636,1686,2549,2664,0,0,0,0,0,0,0,0,0,0,9,42,43,93,956,1071,1593,1602,1636,1686,2549,2664,0,0,0,0,0,0,0,0,0,0.108829,0.109445,0.100085,0.108518,0.1098,0.106306,0.10666,0.0445593,0.0468322,0.0439636,0.0479055,0.0385083,0.0397683,0,0,0,0,0,0,0,0,0,0.108875,0.10954,0.1,0.108775,0.109633,0.106416,0.106454,0.0453506,0.0470207,0.0450163,0.0470649,0.037897,0.0383145,0,0,0,0,0,0,0,0,0,1,1,1,1,1,1,1,1,1,1,1,1,1,0,0,0,0,0,0,0,0,0,1,1,1,1,1,1,1,1,1,1,1,1,1,0,0,0,0,0,0,0,0,0,1,0,0,0,0,0,0,0,0,0,0,0,0,0,0,0,0,0,0,0,0,0,0,13,0,0,0,0,0,0,0,0,0,0,0,0,0,0,0,0,0,0,0,0,0,0,0,0,0,0,0,0,0,0,0,0,0,0,0,0,0,0,0,0,0,0,0,0,0,0,0,0
0.0765838,-0.655924,0.806678,0,0,0,0,-2.15371e-09,7.84809e-08,-9.70356e-08,1636,42,43,44,954,956,1071,1092,1635,1637,2547,2549,2664,2685,0,0,0,0,0,0,0,0,0,42,43,44,954,956,1071,1092,1635,1637,2547,2549,2664,2685,0,0,0,0,0,0,0,0,0,0.108671,0.100113,0.10859,0.106152,0.10956,0.109256,0.106704,0.0439636,0.0441334,0.0381186,0.0473774,0.0462869,0.0399649,0,0,0,0,0,0,0,0,0,0.108752,0.1,0.108939,0.106268,0.10935,0.109357,0.106443,0.0450163,0.045449,0.0374648,0.046336,0.0465216,0.0382488,0,0,0,0,0,0,0,0,0,1,1,1,1,1,1,1,1,1,1,1,1,1,0,0,0,0,0,0,0,0,0,1,1,1,1,1,1,1,1,1,1,1,1,1,0,0,0,0,0,0,0,0,0,1,0,0,0,0,0,0,0,0,0,0,0,0,0,0,0,0,0,0,0,0,0,0,13,0,0,0,0,0,0,0,0,0,0,0,0,0,0,0,0,0,0,0,0,0,0,0,0,0,0,0,0,0,0,0,0,0,0,0,0,0,0,0,0,0,0,0,0,0,0,0,0
0.0768441,-0.632202,0.843893,0,0,0,0,-2.25885e-09,6.68457e-08,-8.85969e-08,1637,43,44,45,951,954,1092,1113,1636,1638,2544,2547,2685,2706,0,0,0,0,0,0,0,0,0,43,44,45,951,954,1092,1113,1636,1638,2544,2547,2685,2706,0,0,0,0,0,0,0,0,0,0.108782,0.10016,0.109319,0.10629,0.109557,0.109283,0.107037,0.0441334,0.0460222,0.0386151,0.0474007,0.0462671,0.0410024,0,0,0,0,0,0,0,0,0,0.108916,0.1,0.109792,0.10641,0.109287,0.109382,0.106716,0.045449,0.0476604,0.0379349,0.04619,0.0465666,0.0390522,0,0,0,0,0,0,0,0,0,1,1,1,1,1,1,1,1,1,1,1,1,1,0,0,0,0,0,0,0,0,0,1,1,1,1,1,1,1,1,1,1,1,1,1,0,0,0,0,0,0,0,0,0,1,0,0,0,0,0,0,0,0,0,0,0,0,0,0,0,0,0,0,0,0,0,0,13,0,0,0,0,0,0,0,0,0,0,0,0,0,0,0,0,0,0,0,0,0,0,0,0,0,0,0,0,0,0,0,0,0,0,0,0,0,0,0,0,0,0,0,0,0,0,0,0
0.0772146,-0.60602,0.88174,0,0,0,0,-2.33877e-09,5.57122e-08,-7.97787e-08,1638,44,45,46,947,951,1113,1135,1637,1639,2540,2544,2706,2728,0,0,0,0,0,0,0,0,0,44,45,46,947,951,1113,1135,1637,1639,2540,2544,2706,2728,0,0,0,0,0,0,0,0,0,0.109559,0.100225,0.110088,0.106463,0.109744,0.10949,0.107424,0.0460222,0.0479507,0.0392116,0.0479121,0.0466994,0.0421662,0,0,0,0,0,0,0,0,0,0.109766,0.1,0.110693,0.106602,0.109398,0.109579,0.107044,0.0476604,0.0499079,0.0385527,0.0464922,0.0470546,0.0400047,0,0,0,0,0,0,0,0,0,1,1,1,1,1,1,1,1,1,1,1,1,1,0,0,0,0,0,0,0,0,0,1,1,1,1,1,1,1,1,1,1,1,1,1,0,0,0,0,0,0,0,0,0,1,0,0,0,0,0,0,0,0,0,0,0,0,0,0,0,0,0,0,0,0,0,0,13,0,0,0,0,0,0,0,0,0,0,0,0,0,0,0,0,0,0,0,0,0,0,0,0,0,0,0,0,0,0,0,0,0,0,0,0,0,0,0,0,0,0,0,0,0,0,0,0
0.0776956,-0.577181,0.920046,0,0,0,0,-2.40047e-09,4.52105e-08,-7.06473e-08,1639,45,46,47,942,947,1135,1157,1638,1640,2535,2540,2728,2750,0,0,0,0,0,0,0,0,0,45,46,47,942,947,1135,1157,1638,1640,2535,2540,2728,2750,0,0,0,0,0,0,0,0,0,0.110385,0.100306,0.110896,0.106661,0.109989,0.109766,0.107846,0.0479507,0.0499252,0.0398912,0.0485684,0.047287,0.0433971,0,0,0,0,0,0,0,0,0,0.110665,0.1,0.111636,0.106832,0.109569,0.109838,0.107415,0.0499079,0.0521734,0.0392723,0.0469482,0.0476946,0.0410588,0,0,0,0,0,0,0,0,0,1,1,1,1,1,1,1,1,1,1,1,1,1,0,0,0,0,0,0,0,0,0,1,1,1,1,1,1,1,1,1,1,1,1,1,0,0,0,0,0,0,0,0,0,1,0,0,0,0,0,0,0,0,0,0,0,0,0,0,0,0,0,0,0,0,0,0,13,0,0,0,0,0,0,0,0,0,0,0,0,0,0,0,0,0,0,0,0,0,0,0,0,0,0,0,0,0,0,0,0,0,0,0,0,0,0,0,0,0,0,0,0,0,0,0,0
0.0782231,-0.545464,0.958599,0,0,0,0,-2.44591e-09,3.54707e-08,-6.12913e-08,1640,46,47,48,936,942,1157,1179,1639,1641,2529,2535,2750,2772,0,0,0,0,0,0,0,0,0,46,47,48,936,942,1157,1179,1639,1641,2529,2535,2750,2772,0,0,0,0,0,0,0,0,0,0.111253,0.100398,0.111728,0.106896,0.110235,0.110082,0.108296,0.0499252,0.0519175,0.0406935,0.0492348,0.0479631,0.0446733,0,0,0,0,0,0,0,0,0,0.111605,0.1,0.112611,0.107093,0.109764,0.110122,0.107821,0.0521734,0.0544371,0.0400696,0.0474573,0.0483876,0.0421884,0,0,0,0,0,0,0,0,0,1,1,1,1,1,1,1,1,1,1,1,1,1,0,0,0,0,0,0,0,0,0,1,1,1,1,1,1,1,1,1,1,1,1,1,0,0,0,0,0,0,0,0,0,1,0,0,0,0,0,0,0,0,0,0,0,0,0,0,0,0,0,0,0,0,0,0,13,0,0,0,0,0,0,0,0,0,0,0,0,0,0,0,0,0,0,0,0,0,0,0,0,0,0,0,0,0,0,0,0,0,0,0,0,0,0,0,0,0,0,0,0,0,0,0,0
0.0787114,-0.510648,0.997108,0,0,0,0,-2.47268e-09,2.66265e-08,-5.1823e-08,1641,47,48,49,929,936,1179,1201,1640,1642,2522,2529,2772,2794,0,0,0,0,0,0,0,0,0,47,48,49,929,936,1179,1201,1640,1642,2522,2529,2772,2794,0,0,0,0,0,0,0,0,0,0.112147,0.100501,0.112566,0.10717,0.110461,0.110426,0.108774,0.0519175,0.0538893,0.0416322,0.049868,0.0487033,0.0459913,0,0,0,0,0,0,0,0,0,0.112577,0.1,0.113608,0.10738,0.109962,0.110412,0.108258,0.0544371,0.0566765,0.0409297,0.0479711,0.0490868,0.043377,0,0,0,0,0,0,0,0,0,1,1,1,1,1,1,1,1,1,1,1,1,1,0,0,0,0,0,0,0,0,0,1,1,1,1,1,1,1,1,1,1,1,1,1,0,0,0,0,0,0,0,0,0,1,0,0,0,0,0,0,0,0,0,0,0,0,0,0,0,0,0,0,0,0,0,0,13,0,0,0,0,0,0,0,0,0,0,0,0,0,0,0,0,0,0,0,0,0,0,0,0,0,0,0,0,0,0,0,0,0,0,0,0,0,0,0,0,0,0,0,0,0,0,0,0
0.0790805,-0.472519,1.03519,0,0,0,0,-2.48025e-09,1.88101e-08,-4.238e-08,1642,48,49,50,921,929,1201,1223,1641,1643,2514,2522,2794,2816,0,0,0,0,0,0,0,0,0,48,49,50,921,929,1201,1223,1641,1643,2514,2522,2794,2816,0,0,0,0,0,0,0,0,0,0.113045,0.100615,0.113393,0.107479,0.110665,0.110787,0.109282,0.0538893,0.055815,0.0426868,0.0504697,0.0494853,0.0473509,0,0,0,0,0,0,0,0,0,0.113572,0.1,0.114614,0.107692,0.110153,0.110699,0.108724,0.0566765,0.0588671,0.0418417,0.048462,0.0497667,0.0446132,0,0,0,0,0,0,0,0,0,1,1,1,1,1,1,1,1,1,1,1,1,1,0,0,0,0,0,0,0,0,0,1,1,1,1,1,1,1,1,1,1,1,1,1,0,0,0,0,0,0,0,0,0,1,0,0,0,0,0,0,0,0,0,0,0,0,0,0,0,0,0,0,0,0,0,0,13,0,0,0,0,0,0,0,0,0,0,0,0,0,0,0,0,0,0,0,0,0,0,0,0,0,0,0,0,0,0,0,0,0,0,0,0,0,0,0,0,0,0,0,0,0,0,0,0
0.0792638,-0.430883,1.07236,0,0,0,0,-2.47222e-09,1.21403e-08,-3.31255e-08,1643,49,50,51,912,921,1223,1244,1642,1644,2505,2514,2816,2837,0,0,0,0,0,0,0,0,0,49,50,51,912,921,1223,1244,1642,1644,2505,2514,2816,2837,0,0,0,0,0,0,0,0,0,0.11393,0.100738,0.114203,0.107808,0.110852,0.111155,0.10982,0.055815,0.0576913,0.0438187,0.0510556,0.0502879,0.0487478,0,0,0,0,0,0,0,0,0,0.114575,0.1,0.115612,0.108025,0.110331,0.110977,0.109215,0.0588671,0.0609825,0.0427973,0.0489144,0.0504144,0.0458902,0,0,0,0,0,0,0,0,0,1,1,1,1,1,1,1,1,1,1,1,1,1,0,0,0,0,0,0,0,0,0,1,1,1,1,1,1,1,1,1,1,1,1,1,0,0,0,0,0,0,0,0,0,1,0,0,0,0,0,0,0,0,0,0,0,0,0,0,0,0,0,0,0,0,0,0,13,0,0,0,0,0,0,0,0,0,0,0,0,0,0,0,0,0,0,0,0,0,0,0,0,0,0,0,0,0,0,0,0,0,0,0,0,0,0,0,0,0,0,0,0,0,0,0,0
0.0792092,-0.385553,1.10805,0,0,0,0,-2.45374e-09,6.7088e-09,-2.42455e-08,1644,50,51,52,902,912,1244,1264,1643,1645,2495,2505,2837,2857,0,0,0,0,0,0,0,0,0,50,51,52,902,912,1244,1264,1643,1645,2495,2505,2837,2857,0,0,0,0,0,0,0,0,0,0.114795,0.100868,0.114994,0.108149,0.111017,0.111524,0.110385,0.0576913,0.0595221,0.0449989,0.0516213,0.0510997,0.0501648,0,0,0,0,0,0,0,0,0,0.115571,0.1,0.116587,0.108379,0.110493,0.111245,0.109735,0.0609825,0.062995,0.0437892,0.0493236,0.0510293,0.0472069,0,0,0,0,0,0,0,0,0,1,1,1,1,1,1,1,1,1,1,1,1,1,0,0,0,0,0,0,0,0,0,1,1,1,1,1,1,1,1,1,1,1,1,1,0,0,0,0,0,0,0,0,0,1,0,0,0,0,0,0,0,0,0,0,0,0,0,0,0,0,0,0,0,0,0,0,13,0,0,0,0,0,0,0,0,0,0,0,0,0,0,0,0,0,0,0,0,0,0,0,0,0,0,0,0,0,0,0,0,0,0,0,0,0,0,0,0,0,0,0,0,0,0,0,0
0.0788672,-0.336371,1.14157,0,0,0,0,-2.42814e-09,2.57029e-09,-1.59469e-08,1645,51,52,53,891,902,1264,1283,1644,1646,2484,2495,2857,2876,0,0,0,0,0,0,0,0,0,51,52,53,891,902,1264,1283,1644,1646,2484,2495,2857,2876,0,0,0,0,0,0,0,0,0,0.11563,0.101002,0.115772,0.108499,0.111148,0.111896,0.110973,0.0595221,0.0612923,0.0462158,0.0521396,0.0519351,0.0515705,0,0,0,0,0,0,0,0,0,0.116543,0.1,0.117519,0.108749,0.110644,0.111512,0.110284,0.062995,0.0648764,0.0448023,0.0497018,0.0516297,0.0485656,0,0,0,0,0,0,0,0,0,1,1,1,1,1,1,1,1,1,1,1,1,1,0,0,0,0,0,0,0,0,0,1,1,1,1,1,1,1,1,1,1,1,1,1,0,0,0,0,0,0,0,0,0,1,0,0,0,0,0,0,0,0,0,0,0,0,0,0,0,0,0,0,0,0,0,0,13,0,0,0,0,0,0,0,0,0,0,0,0,0,0,0,0,0,0,0,0,0,0,0,0,0,0,0,0,0,0,0,0,0,0,0,0,0,0,0,0,0,0,0,0,0,0,0,0
0.0781777,-0.283246,1.17213,0,0,0,0,-2.39615e-09,-2.67641e-10,-8.45722e-09,1646,52,53,54,879,891,1283,1301,1645,1647,2472,2484,2876,2894,0,0,0,0,0,0,0,0,0,52,53,54,879,891,1283,1301,1645,1647,2472,2484,2876,2894,0,0,0,0,0,0,0,0,0,0.116419,0.101139,0.116542,0.108865,0.111249,0.112294,0.111588,0.0612923,0.0629793,0.0474619,0.0526276,0.0528611,0.0529608,0,0,0,0,0,0,0,0,0,0.117473,0.1,0.118389,0.10913,0.110805,0.111802,0.110878,0.0648764,0.0665975,0.0458234,0.0501023,0.0522769,0.0499977,0,0,0,0,0,0,0,0,0,1,1,1,1,1,1,1,1,1,1,1,1,1,0,0,0,0,0,0,0,0,0,1,1,1,1,1,1,1,1,1,1,1,1,1,0,0,0,0,0,0,0,0,0,1,0,0,0,0,0,0,0,0,0,0,0,0,0,0,0,0,0,0,0,0,0,0,13,0,0,0,0,0,0,0,0,0,0,0,0,0,0,0,0,0,0,0,0,0,0,0,0,0,0,0,0,0,0,0,0,0,0,0,0,0,0,0,0,0,0,0,0,0,0,0,0
0.0770942,-0.2262,1.1988,0,0,0,0,-2.35578e-09,-1.85563e-09,-2.0138e-09,1647,53,54,55,866,879,1301,1318,1646,1648,2459,2472,2894,2911,0,0,0,0,0,0,0,0,0,53,54,55,866,879,1301,1318,1646,1648,2459,2472,2894,2911,0,0,0,0,0,0,0,0,0,0.117127,0.101243,0.115188,0.109285,0.111358,0.11277,0.112266,0.0629793,0.0604287,0.0485673,0.0532035,0.0540428,0.0542848,0,0,0,0,0,0,0,0,0,0.118342,0.1,0.117085,0.109471,0.111034,0.112185,0.111527,0.0665975,0.063999,0.0467198,0.0506648,0.0531257,0.0515093,0,0,0,0,0,0,0,0,0,1,1,1,1,1,1,1,1,1,1,1,1,1,0,0,0,0,0,0,0,0,0,1,1,1,1,1,1,1,1,1,1,1,1,1,0,0,0,0,0,0,0,0,0,1,0,0,0,0,0,0,0,0,0,0,0,0,0,0,0,0,0,0,0,0,0,0,13,0,0,0,0,0,0,0,0,0,0,0,0,0,0,0,0,0,0,0,0,0,0,0,0,0,0,0,0,0,0,0,0,0,0,0,0,0,0,0,0,0,0,0,0,0,0,0,0
0.0757157,-0.16938,1.21932,0,0,0,0,-2.32638e-09,-2.21553e-09,2.84289e-09,1648,54,55,56,852,866,1318,1334,1647,1649,2445,2459,2911,2927,0,0,0,0,0,0,0,0,0,54,55,56,852,866,1318,1334,1647,1649,2445,2459,2911,2927,0,0,0,0,0,0,0,0,0,0.115806,0.101288,0.115041,0.109354,0.110637,0.112606,0.112637,0.0604287,0.060353,0.0491509,0.0515687,0.0536291,0.055013,0,0,0,0,0,0,0,0,0,0.117044,0.1,0.117001,0.109622,0.110339,0.111908,0.111895,0.063999,0.0638263,0.0471191,0.0489484,0.0523741,0.0523433,0,0,0,0,0,0,0,0,0,1,1,1,1,1,1,1,1,1,1,1,1,1,0,0,0,0,0,0,0,0,0,1,1,1,1,1,1,1,1,1,1,1,1,1,0,0,0,0,0,0,0,0,0,1,0,0,0,0,0,0,0,0,0,0,0,0,0,0,0,0,0,0,0,0,0,0,13,0,0,0,0,0,0,0,0,0,0,0,0,0,0,0,0,0,0,0,0,0,0,0,0,0,0,0,0,0,0,0,0,0,0,0,0,0,0,0,0,0,0,0,0,0,0,0,0
0.0739754,-0.11095,1.23433,0,0,0,0,-2.31665e-09,-1.71533e-09,6.17854e-09,1649,55,56,57,837,852,1334,1349,1648,1650,2430,2445,2927,2942,0,0,0,0,0,0,0,0,0,55,56,57,837,852,1334,1349,1648,1650,2430,2445,2927,2942,0,0,0,0,0,0,0,0,0,0.115712,0.101395,0.115508,0.109487,0.110335,0.112653,0.112914,0.060353,0.0613814,0.0495756,0.0509706,0.0537363,0.0554591,0,0,0,0,0,0,0,0,0,0.116962,0.1,0.117481,0.109764,0.110136,0.111924,0.112182,0.0638263,0.0647881,0.0474916,0.0484434,0.0523504,0.0529953,0,0,0,0,0,0,0,0,0,1,1,1,1,1,1,1,1,1,1,1,1,1,0,0,0,0,0,0,0,0,0,1,1,1,1,1,1,1,1,1,1,1,1,1,0,0,0,0,0,0,0,0,0,1,0,0,0,0,0,0,0,0,0,0,0,0,0,0,0,0,0,0,0,0,0,0,13,0,0,0,0,0,0,0,0,0,0,0,0,0,0,0,0,0,0,0,0,0,0,0,0,0,0,0,0,0,0,0,0,0,0,0,0,0,0,0,0,0,0,0,0,0,0,0,0
0.0719933,-0.0502731,1.24339,0,0,0,0,-2.31873e-09,-6.55254e-10,7.92591e-09,1650,56,57,58,821,837,1349,1363,1649,1651,2414,2430,2942,2956,0,0,0,0,0,0,0,0,0,56,57,58,821,837,1349,1363,1649,1651,2414,2430,2942,2956,0,0,0,0,0,0,0,0,0,0.116117,0.101515,0.116521,0.109872,0.110175,0.112661,0.1132,0.0613814,0.0633827,0.0502158,0.0504673,0.0538583,0.0558511,0,0,0,0,0,0,0,0,0,0.11744,0.1,0.118468,0.110048,0.110046,0.111963,0.112513,0.0647881,0.0667584,0.0482248,0.0482214,0.0523976,0.0537632,0,0,0,0,0,0,0,0,0,1,1,1,1,1,1,1,1,1,1,1,1,1,0,0,0,0,0,0,0,0,0,1,1,1,1,1,1,1,1,1,1,1,1,1,0,0,0,0,0,0,0,0,0,1,0,0,0,0,0,0,0,0,0,0,0,0,0,0,0,0,0,0,0,0,0,0,13,0,0,0,0,0,0,0,0,0,0,0,0,0,0,0,0,0,0,0,0,0,0,0,0,0,0,0,0,0,0,0,0,0,0,0,0,0,0,0,0,0,0,0,0,0,0,0,0
0.0705033,0.01305,1.2457,0,0,0,0,-2.32487e-09,6.34547e-10,8.01369e-09,1651,57,58,59,804,821,1363,1376,1650,1652,2397,2414,2956,2969,0,0,0,0,0,0,0,0,0,57,58,59,804,821,1363,1376,1650,1652,2397,2414,2956,2969,0,0,0,0,0,0,0,0,0,0.117023,0.101693,0.118428,0.110685,0.110093,0.112559,0.113706,0.0633827,0.0669069,0.0521344,0.049909,0.0536736,0.056813,0,0,0,0,0,0,0,0,0,0.118442,0.1,0.120296,0.110899,0.10994,0.11194,0.113046,0.0667584,0.070352,0.0503504,0.0479592,0.0522901,0.0550495,0,0,0,0,0,0,0,0,0,1,1,1,1,1,1,1,1,1,1,1,1,1,0,0,0,0,0,0,0,0,0,1,1,1,1,1,1,1,1,1,1,1,1,1,0,0,0,0,0,0,0,0,0,1,0,0,0,0,0,0,0,0,0,0,0,0,0,0,0,0,0,0,0,0,0,0,13,0,0,0,0,0,0,0,0,0,0,0,0,0,0,0,0,0,0,0,0,0,0,0,0,0,0,0,0,0,0,0,0,0,0,0,0,0,0,0,0,0,0,0,0,0,0,0,0
0.070268,0.0797173,1.24005,0,0,0,0,-2.31071e-09,1.76341e-09,6.3679e-09,1652,58,59,60,786,804,1376,1388,1651,1653,2379,2397,2969,2981,0,0,0,0,0,0,0,0,0,58,59,60,786,804,1376,1388,1651,1653,2379,2397,2969,2981,0,0,0,0,0,0,0,0,0,0.118696,0.101625,0.117715,0.110704,0.10945,0.111924,0.113304,0.0669069,0.0650424,0.0519942,0.0489812,0.0526968,0.0554917,0,0,0,0,0,0,0,0,0,0.120345,0.1,0.119363,0.110688,0.10958,0.111233,0.112619,0.070352,0.068575,0.0498311,0.0470374,0.0507129,0.0541346,0,0,0,0,0,0,0,0,0,1,1,1,1,1,1,1,1,1,1,1,1,1,0,0,0,0,0,0,0,0,0,1,1,1,1,1,1,1,1,1,1,1,1,1,0,0,0,0,0,0,0,0,0,1,0,0,0,0,0,0,0,0,0,0,0,0,0,0,0,0,0,0,0,0,0,0,13,0,0,0,0,0,0,0,0,0,0,0,0,0,0,0,0,0,0,0,0,0,0,0,0,0,0,0,0,0,0,0,0,0,0,0,0,0,0,0,0,0,0,0,0,0,0,0,0
0.07019,0.143461,1.22712,0,0,0,0,-2.27542e-09,2.3826e-09,3.078e-09,1653,59,60,61,767,786,1388,1399,1652,1654,2360,2379,2981,2992,0,0,0,0,0,0,0,0,0,59,60,61,767,786,1388,1399,1652,1654,2360,2379,2981,2992,0,0,0,0,0,0,0,0,0,0.117581,0.101502,0.116876,0.110813,0.108844,0.111424,0.112923,0.0650424,0.062923,0.0520302,0.0475755,0.0518161,0.0543298,0,0,0,0,0,0,0,0,0,0.119411,0.1,0.118361,0.11054,0.109135,0.110625,0.112298,0.068575,0.0666271,0.0494634,0.0458731,0.0492653,0.0534394,0,0,0,0,0,0,0,0,0,1,1,1,1,1,1,1,1,1,1,1,1,1,0,0,0,0,0,0,0,0,0,1,1,1,1,1,1,1,1,1,1,1,1,1,0,0,0,0,0,0,0,0,0,1,0,0,0,0,0,0,0,0,0,0,0,0,0,0,0,0,0,0,0,0,0,0,13,0,0,0,0,0,0,0,0,0,0,0,0,0,0,0,0,0,0,0,0,0,0,0,0,0,0,0,0,0,0,0,0,0,0,0,0,0,0,0,0,0,0,0,0,0,0,0,0
0.0697121,0.203454,1.20814,0,0,0,0,-2.23357e-09,2.20262e-09,-1.66945e-09,1654,60,61,62,747,767,1399,1409,1653,1655,2340,2360,2992,3002,0,0,0,0,0,0,0,0,0,60,61,62,747,767,1399,1409,1653,1655,2340,2360,2992,3002,0,0,0,0,0,0,0,0,0,0.116499,0.101377,0.115985,0.110904,0.108338,0.11092,0.11248,0.062923,0.0607226,0.0518467,0.046084,0.050861,0.0531577,0,0,0,0,0,0,0,0,0,0.118406,0.1,0.117309,0.110399,0.108694,0.110057,0.112005,0.0666271,0.0645387,0.0491092,0.0446905,0.0478805,0.0527938,0,0,0,0,0,0,0,0,0,1,1,1,1,1,1,1,1,1,1,1,1,1,0,0,0,0,0,0,0,0,0,1,1,1,1,1,1,1,1,1,1,1,1,1,0,0,0,0,0,0,0,0,0,1,0,0,0,0,0,0,0,0,0,0,0,0,0,0,0,0,0,0,0,0,0,0,13,0,0,0,0,0,0,0,0,0,0,0,0,0,0,0,0,0,0,0,0,0,0,0,0,0,0,0,0,0,0,0,0,0,0,0,0,0,0,0,0,0,0,0,0,0,0,0,0
0.06894,0.259304,1.18432,0,0,0,0,-2.19241e-09,1.02204e-09,-7.62837e-09,1655,61,62,63,726,747,1409,1418,1654,1656,2319,2340,3002,3011,0,0,0,0,0,0,0,0,0,61,62,63,726,747,1409,1418,1654,1656,2319,2340,3002,3011,0,0,0,0,0,0,0,0,0,0.115488,0.101235,0.115293,0.110717,0.107901,0.110412,0.112,0.0607226,0.0590395,0.0510419,0.0444969,0.0498159,0.0515182,0,0,0,0,0,0,0,0,0,0.117353,0.1,0.116229,0.110243,0.108266,0.109519,0.111709,0.0645387,0.0623393,0.0487151,0.043518,0.0465333,0.0521327,0,0,0,0,0,0,0,0,0,1,1,1,1,1,1,1,1,1,1,1,1,1,0,0,0,0,0,0,0,0,0,1,1,1,1,1,1,1,1,1,1,1,1,1,0,0,0,0,0,0,0,0,0,1,0,0,0,0,0,0,0,0,0,0,0,0,0,0,0,0,0,0,0,0,0,0,13,0,0,0,0,0,0,0,0,0,0,0,0,0,0,0,0,0,0,0,0,0,0,0,0,0,0,0,0,0,0,0,0,0,0,0,0,0,0,0,0,0,0,0,0,0,0,0,0
0.069706,0.311179,1.15615,0,0,0,0,-2.14843e-09,-1.30691e-09,-1.4512e-08,1656,62,63,64,704,726,1418,1426,1655,1657,2297,2319,3011,3019,0,0,0,0,0,0,0,0,0,62,63,64,704,726,1418,1426,1655,1657,2297,2319,3011,3019,0,0,0,0,0,0,0,0,0,0.114656,0.100894,0.114104,0.1105,0.107541,0.109792,0.111193,0.0590395,0.0567604,0.0505882,0.0437989,0.0479711,0.049971,0,0,0,0,0,0,0,0,0,0.116269,0.1,0.115137,0.110068,0.10786,0.109007,0.110604,0.0623393,0.0600577,0.0482699,0.0423787,0.0452236,0.0496203,0,0,0,0,0,0,0,0,0,1,1,1,1,1,1,1,1,1,1,1,1,1,0,0,0,0,0,0,0,0,0,1,1,1,1,1,1,1,1,1,1,1,1,1,0,0,0,0,0,0,0,0,0,1,0,0,0,0,0,0,0,0,0,0,0,0,0,0,0,0,0,0,0,0,0,0,13,0,0,0,0,0,0,0,0,0,0,0,0,0,0,0,0,0,0,0,0,0,0,0,0,0,0,0,0,0,0,0,0,0,0,0,0,0,0,0,0,0,0,0,0,0,0,0,0
0.0708188,0.358723,1.12516,0,0,0,0,-2.11291e-09,-4.7927e-09,-2.2064e-08,1657,63,64,65,681,704,1426,1433,1656,1658,2274,2297,3019,3026,0,0,0,0,0,0,0,0,0,63,64,65,681,704,1426,1433,1656,1658,2274,2297,3019,3026,0,0,0,0,0,0,0,0,0,0.11344,0.100388,0.113273,0.110448,0.107157,0.108246,0.110768,0.0567604,0.0552916,0.0509392,0.0431514,0.0445813,0.0488086,0,0,0,0,0,0,0,0,0,0.115175,0.1,0.114052,0.109877,0.107479,0.107116,0.110397,0.0600577,0.0577217,0.0477786,0.0412836,0.0402073,0.0491035,0,0,0,0,0,0,0,0,0,1,1,1,1,1,1,1,1,1,1,1,1,1,0,0,0,0,0,0,0,0,0,1,1,1,1,1,1,1,1,1,1,1,1,1,0,0,0,0,0,0,0,0,0,1,0,0,0,0,0,0,0,0,0,0,0,0,0,0,0,0,0,0,0,0,0,0,13,0,0,0,0,0,0,0,0,0,0,0,0,0,0,0,0,0,0,0,0,0,0,0,0,0,0,0,0,0,0,0,0,0,0,0,0,0,0,0,0,0,0,0,0,0,0,0,0
0.0690416,0.403299,1.0925,0,0,0,0,-2.10128e-09,-9.43488e-09,-3.03879e-08,1658,64,65,66,657,681,1433,1439,1657,1659,2250,2274,3026,3032,0,0,0,0,0,0,0,0,0,64,65,66,657,681,1433,1439,1657,1659,2250,2274,3026,3032,0,0,0,0,0,0,0,0,0,0.112783,0.10036,0.112356,0.110167,0.106743,0.107687,0.110541,0.0552916,0.0530271,0.0498112,0.0413699,0.0423606,0.0483458,0,0,0,0,0,0,0,0,0,0.114087,0.1,0.112988,0.109676,0.107127,0.106793,0.110177,0.0577217,0.0553571,0.0472573,0.0402438,0.0392315,0.0485495,0,0,0,0,0,0,0,0,0,1,1,1,1,1,1,1,1,1,1,1,1,1,0,0,0,0,0,0,0,0,0,1,1,1,1,1,1,1,1,1,1,1,1,1,0,0,0,0,0,0,0,0,0,1,0,0,0,0,0,0,0,0,0,0,0,0,0,0,0,0,0,0,0,0,0,0,13,0,0,0,0,0,0,0,0,0,0,0,0,0,0,0,0,0,0,0,0,0,0,0,0,0,0,0,0,0,0,0,0,0,0,0,0,0,0,0,0,0,0,0,0,0,0,0,0
0.0669811,0.444067,1.05865,0,0,0,0,-2.09688e-09,-1.51396e-08,-3.90289e-08,1659,65,66,67,632,657,1439,1444,1658,1660,2225,2250,3032,3037,0,0,0,0,0,0,0,0,0,65,66,67,632,657,1439,1444,1658,1660,2225,2250,3032,3037,0,0,0,0,0,0,0,0,0,0.111908,0.100336,0.111432,0.109891,0.106525,0.107202,0.110276,0.0530271,0.0507234,0.0488001,0.0402466,0.0409499,0.0477787,0,0,0,0,0,0,0,0,0,0.11302,0.1,0.111956,0.109476,0.106805,0.106502,0.109956,0.0553571,0.0529876,0.0467338,0.0392712,0.0383285,0.0479872,0,0,0,0,0,0,0,0,0,1,1,1,1,1,1,1,1,1,1,1,1,1,0,0,0,0,0,0,0,0,0,1,1,1,1,1,1,1,1,1,1,1,1,1,0,0,0,0,0,0,0,0,0,1,0,0,0,0,0,0,0,0,0,0,0,0,0,0,0,0,0,0,0,0,0,0,13,0,0,0,0,0,0,0,0,0,0,0,0,0,0,0,0,0,0,0,0,0,0,0,0,0,0,0,0,0,0,0,0,0,0,0,0,0,0,0,0,0,0,0,0,0,0,0,0
0.0649037,0.481221,1.02418,0,0,0,0,-2.09061e-09,-2.18003e-08,-4.77979e-08,1660,66,67,68,606,632,1444,1448,1659,1661,2199,2225,3037,3041,0,0,0,0,0,0,0,0,0,66,67,68,606,632,1444,1448,1659,1661,2199,2225,3037,3041,0,0,0,0,0,0,0,0,0,0.111025,0.100303,0.110545,0.109657,0.106299,0.106828,0.110005,0.0507234,0.0484867,0.047977,0.0392708,0.039834,0.0472149,0,0,0,0,0,0,0,0,0,0.111986,0.1,0.110968,0.109296,0.106517,0.106245,0.109754,0.0529876,0.0506342,0.0462564,0.0383809,0.037512,0.0474671,0,0,0,0,0,0,0,0,0,1,1,1,1,1,1,1,1,1,1,1,1,1,0,0,0,0,0,0,0,0,0,1,1,1,1,1,1,1,1,1,1,1,1,1,0,0,0,0,0,0,0,0,0,1,0,0,0,0,0,0,0,0,0,0,0,0,0,0,0,0,0,0,0,0,0,0,13,0,0,0,0,0,0,0,0,0,0,0,0,0,0,0,0,0,0,0,0,0,0,0,0,0,0,0,0,0,0,0,0,0,0,0,0,0,0,0,0,0,0,0,0,0,0,0,0
0.0628558,0.515057,0.989511,0,0,0,0,-2.07918e-09,-2.93009e-08,-5.6555e-08,1661,67,68,69,580,606,1448,1451,1660,1662,2173,2199,3041,3044,0,0,0,0,0,0,0,0,0,67,68,69,580,606,1448,1451,1660,1662,2173,2199,3041,3044,0,0,0,0,0,0,0,0,0,0.110173,0.100266,0.109705,0.109496,0.106085,0.106514,0.109791,0.0484867,0.0463197,0.0473876,0.0384073,0.0389035,0.0467995,0,0,0,0,0,0,0,0,0,0.110995,0.1,0.11003,0.109174,0.106269,0.106027,0.109611,0.0506342,0.0483159,0.0459264,0.0375948,0.0368033,0.0470931,0,0,0,0,0,0,0,0,0,1,1,1,1,1,1,1,1,1,1,1,1,1,0,0,0,0,0,0,0,0,0,1,1,1,1,1,1,1,1,1,1,1,1,1,0,0,0,0,0,0,0,0,0,1,0,0,0,0,0,0,0,0,0,0,0,0,0,0,0,0,0,0,0,0,0,0,13,0,0,0,0,0,0,0,0,0,0,0,0,0,0,0,0,0,0,0,0,0,0,0,0,0,0,0,0,0,0,0,0,0,0,0,0,0,0,0,0,0,0,0,0,0,0,0,0
0.060871,0.545857,0.954972,0,0,0,0,-2.061e-09,-3.75186e-08,-6.51856e-08,1662,68,69,70,554,580,1451,1453,1661,1663,2147,2173,3044,3046,0,0,0,0,0,0,0,0,0,68,69,70,554,580,1451,1453,1661,1663,2147,2173,3044,3046,0,0,0,0,0,0,0,0,0,0.109358,0.100228,0.109609,0.109514,0.105916,0.10626,0.109771,0.0463197,0.046038,0.047295,0.0377245,0.0381551,0.046891,0,0,0,0,0,0,0,0,0,0.110054,0.1,0.109859,0.109223,0.106072,0.10586,0.109645,0.0483159,0.0478873,0.0460421,0.036952,0.0362422,0.0471711,0,0,0,0,0,0,0,0,0,1,1,1,1,1,1,1,1,1,1,1,1,1,0,0,0,0,0,0,0,0,0,1,1,1,1,1,1,1,1,1,1,1,1,1,0,0,0,0,0,0,0,0,0,1,0,0,0,0,0,0,0,0,0,0,0,0,0,0,0,0,0,0,0,0,0,0,13,0,0,0,0,0,0,0,0,0,0,0,0,0,0,0,0,0,0,0,0,0,0,0,0,0,0,0,0,0,0,0,0,0,0,0,0,0,0,0,0,0,0,0,0,0,0,0,0
0.0589821,0.575019,0.919399,0,0,0,0,-2.04194e-09,-4.67126e-08,-7.39278e-08,1663,1,69,70,71,138,554,1453,1594,1662,1664,1731,2147,3046,0,0,0,0,0,0,0,0,0,1,69,70,71,138,554,1453,1594,1662,1664,1731,2147,3046,0,0,0,0,0,0,0,0,0,0.109802,0.109272,0.100193,0.110046,0.109805,0.106084,0.106312,0.0466818,0.046038,0.0476821,0.047816,0.0380897,0.0383288,0,0,0,0,0,0,0,0,0,0.110011,0.109883,0.1,0.109949,0.109534,0.106193,0.105988,0.0482759,0.0478873,0.0479483,0.0468485,0.037315,0.0366317,0,0,0,0,0,0,0,0,0,1,1,1,1,1,1,1,1,1,1,1,1,1,0,0,0,0,0,0,0,0,0,1,1,1,1,1,1,1,1,1,1,1,1,1,0,0,0,0,0,0,0,0,0,1,0,0,0,0,0,0,0,0,0,0,0,0,0,0,0,0,0,0,0,0,0,0,13,0,0,0,0,0,0,0,0,0,0,0,0,0,0,0,0,0,0,0,0,0,0,0,0,0,0,0,0,0,0,0,0,0,0,0,0,0,0,0,0,0,0,0,0,0,0,0,0
0.0927425,0.592038,0.890344,0,0,0,0,-2.85443e-09,-5.32413e-08,-7.81415e-08,1664,1,70,71,72,137,431,1453,1594,1663,1665,1730,2024,3046,0,0,0,0,0,0,0,0,0,1,70,71,72,137,431,1453,1594,1663,1665,1730,2024,3046,0,0,0,0,0,0,0,0,0,0.106254,0.10974,0.10031,0.10651,0.112575,0.108321,0.109766,0.0380634,0.0476821,0.0390363,0.0536421,0.0429687,0.0469526,0,0,0,0,0,0,0,0,0,0.105982,0.109956,0.1,0.106185,0.112693,0.108463,0.110245,0.0365875,0.0479483,0.0373786,0.054701,0.0442252,0.0487978,0,0,0,0,0,0,0,0,0,1,1,1,1,1,1,1,1,1,1,1,1,1,0,0,0,0,0,0,0,0,0,1,1,1,1,1,1,1,1,1,1,1,1,1,0,0,0,0,0,0,0,0,0,1,0,0,0,0,0,0,0,0,0,0,0,0,0,0,0,0,0,0,0,0,0,0,13,0,0,0,0,0,0,0,0,0,0,0,0,0,0,0,0,0,0,0,0,0,0,0,0,0,0,0,0,0,0,0,0,0,0,0,0,0,0,0,0,0,0,0,0,0,0,0,0
0.128584,0.578358,0.897558,0,0,0,0,-3.54774e-09,-4.89934e-08,-7.22628e-08,1665,71,72,73,431,441,1452,1453,1664,1666,2024,2034,3045,3046,0,0,0,0,0,0,0,0,0,71,72,73,431,441,1452,1453,1664,1666,2024,2034,3045,3046,0,0,0,0,0,0,0,0,0,0.106237,0.0997966,0.106742,0.111865,0.108251,0.109225,0.109559,0.0390363,0.0403494,0.0529833,0.0434844,0.0467982,0.0476905,0,0,0,0,0,0,0,0,0,0.106084,0.1,0.106577,0.111609,0.108397,0.109066,0.110034,0.0373786,0.0388239,0.0521684,0.0440348,0.0458003,0.0483611,0,0,0,0,0,0,0,0,0,1,1,1,1,1,1,1,1,1,1,1,1,1,0,0,0,0,0,0,0,0,0,1,1,1,1,1,1,1,1,1,1,1,1,1,0,0,0,0,0,0,0,0,0,1,0,0,0,0,0,0,0,0,0,0,0,0,0,0,0,0,0,0,0,0,0,0,13,0,0,0,0,0,0,0,0,0,0,0,0,0,0,0,0,0,0,0,0,0,0,0,0,0,0,0,0,0,0,0,0,0,0,0,0,0,0,0,0,0,0,0,0,0,0,0,0
0.165632,0.563292,0.902903,0,0,0,0,-3.91376e-09,-4.44644e-08,-6.53767e-08,1666,72,73,74,441,451,1450,1452,1665,1667,2034,2044,3043,3045,0,0,0,0,0,0,0,0,0,72,73,74,441,451,1450,1452,1665,1667,2034,2044,3043,3045,0,0,0,0,0,0,0,0,0,0.106467,0.0998787,0.107141,0.111737,0.108624,0.109562,0.109923,0.0403494,0.0414085,0.0527498,0.0443638,0.0474872,0.0488915,0,0,0,0,0,0,0,0,0,0.106579,0.1,0.106984,0.11142,0.108711,0.10927,0.11048,0.0388239,0.0400464,0.0517205,0.0448828,0.0463386,0.0494563,0,0,0,0,0,0,0,0,0,1,1,1,1,1,1,1,1,1,1,1,1,1,0,0,0,0,0,0,0,0,0,1,1,1,1,1,1,1,1,1,1,1,1,1,0,0,0,0,0,0,0,0,0,1,0,0,0,0,0,0,0,0,0,0,0,0,0,0,0,0,0,0,0,0,0,0,13,0,0,0,0,0,0,0,0,0,0,0,0,0,0,0,0,0,0,0,0,0,0,0,0,0,0,0,0,0,0,0,0,0,0,0,0,0,0,0,0,0,0,0,0,0,0,0,0
0.203488,0.546763,0.905789,0,0,0,0,-3.78187e-09,-3.98132e-08,-5.7407e-08,1667,73,74,75,451,461,1447,1450,1666,1668,2044,2054,3040,3043,0,0,0,0,0,0,0,0,0,73,74,75,451,461,1447,1450,1666,1668,2044,2054,3040,3043,0,0,0,0,0,0,0,0,0,0.106873,0.0998581,0.107511,0.111667,0.109027,0.109756,0.110375,0.0414085,0.0424762,0.052708,0.0454448,0.0480806,0.0497145,0,0,0,0,0,0,0,0,0,0.106986,0.1,0.107397,0.1114,0.109091,0.109496,0.110801,0.0400464,0.0412544,0.0516764,0.0458935,0.0469271,0.0502409,0,0,0,0,0,0,0,0,0,1,1,1,1,1,1,1,1,1,1,1,1,1,0,0,0,0,0,0,0,0,0,1,1,1,1,1,1,1,1,1,1,1,1,1,0,0,0,0,0,0,0,0,0,1,0,0,0,0,0,0,0,0,0,0,0,0,0,0,0,0,0,0,0,0,0,0,13,0,0,0,0,0,0,0,0,0,0,0,0,0,0,0,0,0,0,0,0,0,0,0,0,0,0,0,0,0,0,0,0,0,0,0,0,0,0,0,0,0,0,0,0,0,0,0,0
0.242041,0.528934,0.90601,0,0,0,0,-2.97454e-09,-3.50789e-08,-4.83704e-08,1668,74,75,76,461,470,1443,1447,1667,1669,2054,2063,3036,3040,0,0,0,0,0,0,0,0,0,74,75,76,461,470,1443,1447,1667,1669,2054,2063,3036,3040,0,0,0,0,0,0,0,0,0,0.107282,0.0998683,0.107904,0.11163,0.109473,0.109922,0.110863,0.0424762,0.0435474,0.0526813,0.0465975,0.0485491,0.0507274,0,0,0,0,0,0,0,0,0,0.107398,0.1,0.107814,0.111419,0.10951,0.109712,0.111189,0.0412544,0.04244,0.0517233,0.046983,0.0474893,0.0511764,0,0,0,0,0,0,0,0,0,1,1,1,1,1,1,1,1,1,1,1,1,1,0,0,0,0,0,0,0,0,0,1,1,1,1,1,1,1,1,1,1,1,1,1,0,0,0,0,0,0,0,0,0,1,0,0,0,0,0,0,0,0,0,0,0,0,0,0,0,0,0,0,0,0,0,0,13,0,0,0,0,0,0,0,0,0,0,0,0,0,0,0,0,0,0,0,0,0,0,0,0,0,0,0,0,0,0,0,0,0,0,0,0,0,0,0,0,0,0,0,0,0,0,0,0
0.281117,0.509894,0.903373,0,0,0,0,-1.32172e-09,-3.03281e-08,-3.82903e-08,1669,75,76,77,470,479,1438,1443,1668,1670,2063,2072,3031,3036,0,0,0,0,0,0,0,0,0,75,76,77,470,479,1438,1443,1668,1670,2063,2072,3031,3036,0,0,0,0,0,0,0,0,0,0.107724,0.0998816,0.108308,0.111578,0.10993,0.110043,0.111366,0.0435474,0.0446186,0.0525999,0.0477542,0.0489037,0.0517588,0,0,0,0,0,0,0,0,0,0.107814,0.1,0.108228,0.11143,0.109948,0.109904,0.111598,0.04244,0.0435942,0.0517528,0.048103,0.0479837,0.0521467,0,0,0,0,0,0,0,0,0,1,1,1,1,1,1,1,1,1,1,1,1,1,0,0,0,0,0,0,0,0,0,1,1,1,1,1,1,1,1,1,1,1,1,1,0,0,0,0,0,0,0,0,0,1,0,0,0,0,0,0,0,0,0,0,0,0,0,0,0,0,0,0,0,0,0,0,13,0,0,0,0,0,0,0,0,0,0,0,0,0,0,0,0,0,0,0,0,0,0,0,0,0,0,0,0,0,0,0,0,0,0,0,0,0,0,0,0,0,0,0,0,0,0,0,0
0.320516,0.489722,0.897748,0,0,0,0,1.32915e-09,-2.56319e-08,-2.72131e-08,1670,76,77,78,479,488,1432,1438,1669,1671,2072,2081,3025,3031,0,0,0,0,0,0,0,0,0,76,77,78,479,488,1432,1438,1669,1671,2072,2081,3025,3031,0,0,0,0,0,0,0,0,0,0.108176,0.0999008,0.108717,0.111507,0.110382,0.110135,0.111833,0.0446186,0.0456668,0.0524487,0.0488776,0.0491708,0.0527233,0,0,0,0,0,0,0,0,0,0.108227,0.1,0.108636,0.111414,0.110395,0.110061,0.111999,0.0435942,0.0447049,0.051718,0.0492207,0.0483891,0.0530859,0,0,0,0,0,0,0,0,0,1,1,1,1,1,1,1,1,1,1,1,1,1,0,0,0,0,0,0,0,0,0,1,1,1,1,1,1,1,1,1,1,1,1,1,0,0,0,0,0,0,0,0,0,1,0,0,0,0,0,0,0,0,0,0,0,0,0,0,0,0,0,0,0,0,0,0,13,0,0,0,0,0,0,0,0,0,0,0,0,0,0,0,0,0,0,0,0,0,0,0,0,0,0,0,0,0,0,0,0,0,0,0,0,0,0,0,0,0,0,0,0,0,0,0,0
0.359998,0.468484,0.889053,0,0,0,0,5.11272e-09,-2.10692e-08,-1.52114e-08,1671,77,78,79,488,496,1425,1432,1670,1672,2081,2089,3018,3025,0,0,0,0,0,0,0,0,0,77,78,79,488,496,1425,1432,1670,1672,2081,2089,3018,3025,0,0,0,0,0,0,0,0,0,0.108623,0.0999218,0.109117,0.111412,0.110823,0.110205,0.112246,0.0456668,0.0466631,0.0522315,0.0499538,0.0493737,0.0535767,0,0,0,0,0,0,0,0,0,0.108634,0.1,0.109031,0.111364,0.110839,0.110182,0.112374,0.0447049,0.0457562,0.0515997,0.0503133,0.0487001,0.0539495,0,0,0,0,0,0,0,0,0,1,1,1,1,1,1,1,1,1,1,1,1,1,0,0,0,0,0,0,0,0,0,1,1,1,1,1,1,1,1,1,1,1,1,1,0,0,0,0,0,0,0,0,0,1,0,0,0,0,0,0,0,0,0,0,0,0,0,0,0,0,0,0,0,0,0,0,13,0,0,0,0,0,0,0,0,0,0,0,0,0,0,0,0,0,0,0,0,0,0,0,0,0,0,0,0,0,0,0,0,0,0,0,0,0,0,0,0,0,0,0,0,0,0,0,0
0.39929,0.446254,0.877246,0,0,0,0,1.01415e-08,-1.67238e-08,-2.38979e-09,1672,78,79,80,496,504,1417,1425,1671,1673,2089,2097,3010,3018,0,0,0,0,0,0,0,0,0,78,79,80,496,504,1417,1425,1671,1673,2089,2097,3010,3018,0,0,0,0,0,0,0,0,0,0.109051,0.0999425,0.109494,0.111295,0.111251,0.110259,0.112598,0.0466631,0.0475794,0.0519572,0.0509831,0.0495301,0.0543061,0,0,0,0,0,0,0,0,0,0.109028,0.1,0.109402,0.111278,0.111275,0.110269,0.112708,0.0457562,0.0467287,0.0513964,0.0513679,0.0489265,0.0547086,0,0,0,0,0,0,0,0,0,1,1,1,1,1,1,1,1,1,1,1,1,1,0,0,0,0,0,0,0,0,0,1,1,1,1,1,1,1,1,1,1,1,1,1,0,0,0,0,0,0,0,0,0,1,0,0,0,0,0,0,0,0,0,0,0,0,0,0,0,0,0,0,0,0,0,0,13,0,0,0,0,0,0,0,0,0,0,0,0,0,0,0,0,0,0,0,0,0,0,0,0,0,0,0,0,0,0,0,0,0,0,0,0,0,0,0,0,0,0,0,0,0,0,0,0
0.438096,0.423119,0.862326,0,0,0,0,1.65005e-08,-1.26811e-08,1.1114e-08,1673,79,80,81,504,511,1408,1417,1672,1674,2097,2104,3001,3010,0,0,0,0,0,0,0,0,0,79,80,81,504,511,1408,1417,1672,1674,2097,2104,3001,3010,0,0,0,0,0,0,0,0,0,0.109448,0.0999609,0.109835,0.11116,0.111667,0.110306,0.112889,0.0475794,0.0483903,0.0516402,0.0519776,0.0496617,0.0549166,0,0,0,0,0,0,0,0,0,0.109398,0.1,0.10974,0.111163,0.111703,0.110334,0.112994,0.0467287,0.0476001,0.0511224,0.0523852,0.0490953,0.0553514,0,0,0,0,0,0,0,0,0,1,1,1,1,1,1,1,1,1,1,1,1,1,0,0,0,0,0,0,0,0,0,1,1,1,1,1,1,1,1,1,1,1,1,1,0,0,0,0,0,0,0,0,0,1,0,0,0,0,0,0,0,0,0,0,0,0,0,0,0,0,0,0,0,0,0,0,13,0,0,0,0,0,0,0,0,0,0,0,0,0,0,0,0,0,0,0,0,0,0,0,0,0,0,0,0,0,0,0,0,0,0,0,0,0,0,0,0,0,0,0,0,0,0,0,0
0.47611,0.399187,0.84433,0,0,0,0,2.42421e-08,-9.0224e-09,2.51316e-08,1674,80,81,82,511,518,1398,1408,1673,1675,2104,2111,2991,3001,0,0,0,0,0,0,0,0,0,80,81,82,511,518,1398,1408,1673,1675,2104,2111,2991,3001,0,0,0,0,0,0,0,0,0,0.109803,0.0999763,0.110129,0.11102,0.112083,0.110362,0.113132,0.0483903,0.0490719,0.0513092,0.0529618,0.0498072,0.0554323,0,0,0,0,0,0,0,0,0,0.109736,0.1,0.110034,0.111033,0.112129,0.110396,0.113236,0.0476001,0.0483472,0.050812,0.0533831,0.0492546,0.0558916,0,0,0,0,0,0,0,0,0,1,1,1,1,1,1,1,1,1,1,1,1,1,0,0,0,0,0,0,0,0,0,1,1,1,1,1,1,1,1,1,1,1,1,1,0,0,0,0,0,0,0,0,0,1,0,0,0,0,0,0,0,0,0,0,0,0,0,0,0,0,0,0,0,0,0,0,13,0,0,0,0,0,0,0,0,0,0,0,0,0,0,0,0,0,0,0,0,0,0,0,0,0,0,0,0,0,0,0,0,0,0,0,0,0,0,0,0,0,0,0,0,0,0,0,0
0.513019,0.374584,0.823344,0,0,0,0,3.3381e-08,-5.81856e-09,3.94695e-08,1675,81,82,83,518,524,1387,1398,1674,1676,2111,2117,2980,2991,0,0,0,0,0,0,0,0,0,81,82,83,518,524,1387,1398,1674,1676,2111,2117,2980,2991,0,0,0,0,0,0,0,0,0,0.110104,0.0999885,0.110363,0.110899,0.112528,0.110467,0.113356,0.0490719,0.0496025,0.0510282,0.0540115,0.0500637,0.0559208,0,0,0,0,0,0,0,0,0,0.11003,0.1,0.110273,0.110918,0.112584,0.110498,0.113461,0.0483472,0.048946,0.0505362,0.0544338,0.0495124,0.0563912,0,0,0,0,0,0,0,0,0,1,1,1,1,1,1,1,1,1,1,1,1,1,0,0,0,0,0,0,0,0,0,1,1,1,1,1,1,1,1,1,1,1,1,1,0,0,0,0,0,0,0,0,0,1,0,0,0,0,0,0,0,0,0,0,0,0,0,0,0,0,0,0,0,0,0,0,13,0,0,0,0,0,0,0,0,0,0,0,0,0,0,0,0,0,0,0,0,0,0,0,0,0,0,0,0,0,0,0,0,0,0,0,0,0,0,0,0,0,0,0,0,0,0,0,0
0.548523,0.349456,0.7995,0,0,0,0,4.38934e-08,-3.12308e-09,5.39113e-08,1676,82,83,84,524,530,1375,1387,1675,1677,2117,2123,2968,2980,0,0,0,0,0,0,0,0,0,82,83,84,524,530,1375,1387,1675,1677,2117,2123,2968,2980,0,0,0,0,0,0,0,0,0,0.110344,0.0999985,0.109354,0.11086,0.11306,0.11071,0.113643,0.0496025,0.0469997,0.0509453,0.0552539,0.0506205,0.0565521,0,0,0,0,0,0,0,0,0,0.110268,0.1,0.109276,0.110882,0.113125,0.110726,0.113744,0.048946,0.0464011,0.0504508,0.0556633,0.0500771,0.0570166,0,0,0,0,0,0,0,0,0,1,1,1,1,1,1,1,1,1,1,1,1,1,0,0,0,0,0,0,0,0,0,1,1,1,1,1,1,1,1,1,1,1,1,1,0,0,0,0,0,0,0,0,0,1,0,0,0,0,0,0,0,0,0,0,0,0,0,0,0,0,0,0,0,0,0,0,13,0,0,0,0,0,0,0,0,0,0,0,0,0,0,0,0,0,0,0,0,0,0,0,0,0,0,0,0,0,0,0,0,0,0,0,0,0,0,0,0,0,0,0,0,0,0,0,0
0.580377,0.325451,0.774641,0,0,0,0,5.49795e-08,-1.09045e-09,6.74407e-08,1677,83,84,85,530,535,1362,1375,1676,1678,2123,2128,2955,2968,0,0,0,0,0,0,0,0,0,83,84,85,530,535,1362,1375,1676,1678,2123,2128,2955,2968,0,0,0,0,0,0,0,0,0,0.109348,0.100006,0.109062,0.110653,0.113195,0.110601,0.113444,0.0469997,0.0462,0.0504078,0.0555816,0.0503474,0.0561276,0,0,0,0,0,0,0,0,0,0.109273,0.1,0.108997,0.110673,0.113259,0.110615,0.11354,0.0464011,0.0456672,0.0499397,0.0559646,0.0498082,0.0565652,0,0,0,0,0,0,0,0,0,1,1,1,1,1,1,1,1,1,1,1,1,1,0,0,0,0,0,0,0,0,0,1,1,1,1,1,1,1,1,1,1,1,1,1,0,0,0,0,0,0,0,0,0,1,0,0,0,0,0,0,0,0,0,0,0,0,0,0,0,0,0,0,0,0,0,0,13,0,0,0,0,0,0,0,0,0,0,0,0,0,0,0,0,0,0,0,0,0,0,0,0,0,0,0,0,0,0,0,0,0,0,0,0,0,0,0,0,0,0,0,0,0,0,0,0
0.609902,0.301743,0.748171,0,0,0,0,6.68974e-08,4.2355e-10,8.04345e-08,1678,84,85,86,535,540,1348,1362,1677,1679,2128,2133,2941,2955,0,0,0,0,0,0,0,0,0,84,85,86,535,540,1348,1362,1677,1679,2128,2133,2941,2955,0,0,0,0,0,0,0,0,0,0.109067,0.100009,0.109075,0.110407,0.113172,0.110351,0.113281,0.0462,0.0462087,0.0497766,0.0555493,0.0497294,0.0557954,0,0,0,0,0,0,0,0,0,0.108995,0.1,0.109025,0.110419,0.113231,0.110364,0.113374,0.0456672,0.045741,0.0493132,0.0559016,0.0491881,0.0561966,0,0,0,0,0,0,0,0,0,1,1,1,1,1,1,1,1,1,1,1,1,1,0,0,0,0,0,0,0,0,0,1,1,1,1,1,1,1,1,1,1,1,1,1,0,0,0,0,0,0,0,0,0,1,0,0,0,0,0,0,0,0,0,0,0,0,0,0,0,0,0,0,0,0,0,0,13,0,0,0,0,0,0,0,0,0,0,0,0,0,0,0,0,0,0,0,0,0,0,0,0,0,0,0,0,0,0,0,0,0,0,0,0,0,0,0,0,0,0,0,0,0,0,0,0
0.637589,0.277984,0.719812,0,0,0,0,7.97546e-08,1.45866e-09,9.29914e-08,1679,85,86,87,540,544,1333,1348,1678,1680,2133,2137,2926,2941,0,0,0,0,0,0,0,0,0,85,86,87,540,544,1333,1348,1678,1680,2133,2137,2926,2941,0,0,0,0,0,0,0,0,0,0.10909,0.100011,0.109395,0.110073,0.113087,0.11002,0.113042,0.0462087,0.0470294,0.0489208,0.0553804,0.0488924,0.0552859,0,0,0,0,0,0,0,0,0,0.109023,0.1,0.109363,0.110075,0.113142,0.110028,0.113128,0.045741,0.0466252,0.0484558,0.0557026,0.0483484,0.0556481,0,0,0,0,0,0,0,0,0,1,1,1,1,1,1,1,1,1,1,1,1,1,0,0,0,0,0,0,0,0,0,1,1,1,1,1,1,1,1,1,1,1,1,1,0,0,0,0,0,0,0,0,0,1,0,0,0,0,0,0,0,0,0,0,0,0,0,0,0,0,0,0,0,0,0,0,13,0,0,0,0,0,0,0,0,0,0,0,0,0,0,0,0,0,0,0,0,0,0,0,0,0,0,0,0,0,0,0,0,0,0,0,0,0,0,0,0,0,0,0,0,0,0,0,0
0.663814,0.253822,0.68915,0,0,0,0,9.37079e-08,2.03287e-09,1.05192e-07,1680,86,87,88,544,547,1317,1333,1679,1681,2137,2140,2910,2926,0,0,0,0,0,0,0,0,0,86,87,88,544,547,1317,1333,1679,1681,2137,2140,2910,2926,0,0,0,0,0,0,0,0,0,0.109423,0.100011,0.110446,0.109606,0.11312,0.109671,0.112659,0.0470294,0.0496712,0.0477216,0.0554871,0.0479967,0.0544316,0,0,0,0,0,0,0,0,0,0.109362,0.1,0.110431,0.1096,0.113178,0.109672,0.112733,0.0466252,0.049338,0.0472512,0.0557837,0.047444,0.0547535,0,0,0,0,0,0,0,0,0,1,1,1,1,1,1,1,1,1,1,1,1,1,0,0,0,0,0,0,0,0,0,1,1,1,1,1,1,1,1,1,1,1,1,1,0,0,0,0,0,0,0,0,0,1,0,0,0,0,0,0,0,0,0,0,0,0,0,0,0,0,0,0,0,0,0,0,13,0,0,0,0,0,0,0,0,0,0,0,0,0,0,0,0,0,0,0,0,0,0,0,0,0,0,0,0,0,0,0,0,0,0,0,0,0,0,0,0,0,0,0,0,0,0,0,0
0.689324,0.228401,0.654941,0,0,0,0,1.0926e-07,2.17636e-09,1.17313e-07,1681,87,88,89,547,550,1300,1317,1680,1682,2140,2143,2893,2910,0,0,0,0,0,0,0,0,0,87,88,89,547,550,1300,1317,1680,1682,2140,2143,2893,2910,0,0,0,0,0,0,0,0,0,0.110486,0.100011,0.110247,0.108833,0.112688,0.109157,0.111921,0.0496712,0.0491592,0.0457175,0.0545274,0.04662,0.0527339,0,0,0,0,0,0,0,0,0,0.110431,0.1,0.110247,0.108834,0.112741,0.10915,0.111977,0.049338,0.0488768,0.045247,0.0547935,0.0460922,0.0530112,0,0,0,0,0,0,0,0,0,1,1,1,1,1,1,1,1,1,1,1,1,1,0,0,0,0,0,0,0,0,0,1,1,1,1,1,1,1,1,1,1,1,1,1,0,0,0,0,0,0,0,0,0,1,0,0,0,0,0,0,0,0,0,0,0,0,0,0,0,0,0,0,0,0,0,0,13,0,0,0,0,0,0,0,0,0,0,0,0,0,0,0,0,0,0,0,0,0,0,0,0,0,0,0,0,0,0,0,0,0,0,0,0,0,0,0,0,0,0,0,0,0,0,0,0
0.712308,0.203383,0.619409,0,0,0,0,1.25358e-07,1.90316e-09,1.28473e-07,1682,88,89,90,550,552,1282,1300,1681,1683,2143,2145,2875,2893,0,0,0,0,0,0,0,0,0,88,89,90,550,552,1282,1300,1681,1683,2143,2145,2875,2893,0,0,0,0,0,0,0,0,0,0.110294,0.100011,0.109973,0.108234,0.112358,0.108743,0.111281,0.0491592,0.0484881,0.0440688,0.0537807,0.0454819,0.0512333,0,0,0,0,0,0,0,0,0,0.110247,0.1,0.109993,0.108231,0.112401,0.108734,0.111321,0.0488768,0.0482378,0.0436152,0.0540146,0.0449882,0.0514603,0,0,0,0,0,0,0,0,0,1,1,1,1,1,1,1,1,1,1,1,1,1,0,0,0,0,0,0,0,0,0,1,1,1,1,1,1,1,1,1,1,1,1,1,0,0,0,0,0,0,0,0,0,1,0,0,0,0,0,0,0,0,0,0,0,0,0,0,0,0,0,0,0,0,0,0,13,0,0,0,0,0,0,0,0,0,0,0,0,0,0,0,0,0,0,0,0,0,0,0,0,0,0,0,0,0,0,0,0,0,0,0,0,0,0,0,0,0,0,0,0,0,0,0,0
0.732726,0.178916,0.582864,0,0,0,0,1.41828e-07,1.29895e-09,1.38626e-07,1683,89,90,91,552,553,1263,1282,1682,1684,2145,2146,2856,2875,0,0,0,0,0,0,0,0,0,89,90,91,552,553,1263,1282,1682,1684,2145,2146,2856,2875,0,0,0,0,0,0,0,0,0,0.110043,0.100011,0.109634,0.107718,0.112024,0.108386,0.110697,0.0484881,0.0476862,0.0425961,0.0531049,0.0444326,0.0498249,0,0,0,0,0,0,0,0,0,0.109994,0.1,0.109679,0.10771,0.112087,0.108363,0.110712,0.0482378,0.0474368,0.0421615,0.0532867,0.0439866,0.0499884,0,0,0,0,0,0,0,0,0,1,1,1,1,1,1,1,1,1,1,1,1,1,0,0,0,0,0,0,0,0,0,1,1,1,1,1,1,1,1,1,1,1,1,1,0,0,0,0,0,0,0,0,0,1,0,0,0,0,0,0,0,0,0,0,0,0,0,0,0,0,0,0,0,0,0,0,13,0,0,0,0,0,0,0,0,0,0,0,0,0,0,0,0,0,0,0,0,0,0,0,0,0,0,0,0,0,0,0,0,0,0,0,0,0,0,0,0,0,0,0,0,0,0,0,0
0.750558,0.155148,0.545568,0,0,0,0,1.58688e-07,3.99577e-10,1.47821e-07,1684,90,91,92,553,1243,1263,1683,1685,2146,2836,2856,0,0,0,0,0,0,0,0,0,0,0,90,91,92,553,1243,1263,1683,1685,2146,2836,2856,0,0,0,0,0,0,0,0,0,0,0,0.109727,0.099994,0.109236,0.107175,0.108055,0.11015,0.0476862,0.0466662,0.0412387,0.0434975,0.048491,0,0,0,0,0,0,0,0,0,0,0,0.109681,0.1,0.109313,0.107235,0.108015,0.110125,0.0474368,0.0464912,0.0407995,0.0430281,0.0485328,0,0,0,0,0,0,0,0,0,0,0,1,1,1,1,1,1,1,1,1,1,1,0,0,0,0,0,0,0,0,0,0,0,1,1,1,1,1,1,1,1,1,1,1,0,0,0,0,0,0,0,0,0,0,0,1,0,0,0,0,0,0,0,0,0,0,0,0,0,0,0,0,0,0,0,0,0,0,11,0,0,0,0,0,0,0,0,0,0,0,0,0,0,0,0,0,0,0,0,0,0,0,0,0,0,0,0,0,0,0,0,0,0,0,0,0,0,0,0,0,0,0,0,0,0,0,0
0.765853,0.131861,0.508131,0,0,0,0,1.75589e-07,-8.92767e-10,1.55616e-07,1685,91,92,1222,1243,1684,2815,2836,0,0,0,0,0,0,0,0,0,0,0,0,0,0,0,91,92,1222,1243,1684,2815,2836,0,0,0,0,0,0,0,0,0,0,0,0,0,0,0,0.109378,0.100015,0.107642,0.10951,0.0466662,0.042286,0.0469052,0,0,0,0,0,0,0,0,0,0,0,0,0,0,0,0.109316,0.1,0.107681,0.109553,0.0464912,0.0420901,0.0470823,0,0,0,0,0,0,0,0,0,0,0,0,0,0,0,1,1,1,1,1,1,1,0,0,0,0,0,0,0,0,0,0,0,0,0,0,0,1,1,1,1,1,1,1,0,0,0,0,0,0,0,0,0,0,0,0,0,0,0,1,0,0,0,0,0,0,0,0,0,0,0,0,0,0,0,0,0,0,0,0,0,0,7,0,0,0,0,0,0,0,0,0,0,0,0,0,0,0,0,0,0,0,0,0,0,0,0,0,0,0,0,0,0,0,0,0,0,0,0,0,0,0,0,0,0,0,0,0,0,0,0
0.0403312,-0.695819,0.742662,0,0,0,0,-8.88104e-10,1.01731e-07,-1.13245e-07,1686,0,42,93,94,126,956,1461,1593,1635,1687,1719,2549,3054,0,0,0,0,0,0,0,0,0,0,42,93,94,126,956,1461,1593,1635,1687,1719,2549,3054,0,0,0,0,0,0,0,0,0,0.106404,0.109745,0.100067,0.106133,0.111441,0.108854,0.108014,0.0384758,0.0479055,0.0378754,0.0512958,0.0449087,0.0429549,0,0,0,0,0,0,0,0,0,0.106425,0.109636,0.1,0.106135,0.111514,0.10909,0.1079,0.0378955,0.0470649,0.0370193,0.0519715,0.0458522,0.0425966,0,0,0,0,0,0,0,0,0,1,1,1,1,1,1,1,1,1,1,1,1,1,0,0,0,0,0,0,0,0,0,1,1,1,1,1,1,1,1,1,1,1,1,1,0,0,0,0,0,0,0,0,0,1,0,0,0,0,0,0,0,0,0,0,0,0,0,0,0,0,0,0,0,0,0,0,13,0,0,0,0,0,0,0,0,0,0,0,0,0,0,0,0,0,0,0,0,0,0,0,0,0,0,0,0,0,0,0,0,0,0,0,0,0,0,0,0,0,0,0,0,0,0,0,0
0.00499589,-0.690494,0.755216,0,0,0,0,3.69456e-10,9.81887e-08,-1.11833e-07,1687,93,94,95,955,956,1461,1469,1686,1688,2548,2549,3054,3062,0,0,0,0,0,0,0,0,0,93,94,95,955,956,1461,1469,1686,1688,2548,2549,3054,3062,0,0,0,0,0,0,0,0,0,0.106159,0.10007,0.106135,0.10884,0.109526,0.111329,0.107921,0.0378754,0.0378943,0.0448485,0.0473661,0.0510599,0.0426425,0,0,0,0,0,0,0,0,0,0.106136,0.1,0.10606,0.109092,0.109478,0.111419,0.107847,0.0370193,0.0367991,0.0458559,0.0466716,0.0517477,0.0424447,0,0,0,0,0,0,0,0,0,1,1,1,1,1,1,1,1,1,1,1,1,1,0,0,0,0,0,0,0,0,0,1,1,1,1,1,1,1,1,1,1,1,1,1,0,0,0,0,0,0,0,0,0,1,0,0,0,0,0,0,0,0,0,0,0,0,0,0,0,0,0,0,0,0,0,0,13,0,0,0,0,0,0,0,0,0,0,0,0,0,0,0,0,0,0,0,0,0,0,0,0,0,0,0,0,0,0,0,0,0,0,0,0,0,0,0,0,0,0,0,0,0,0,0,0
-0.030098,-0.68318,0.767501,0,0,0,0,1.75133e-09,9.38344e-08,-1.09201e-07,1688,94,95,96,953,955,1469,1477,1687,1689,2546,2548,3062,3070,0,0,0,0,0,0,0,0,0,94,95,96,953,955,1469,1477,1687,1689,2546,2548,3062,3070,0,0,0,0,0,0,0,0,0,0.106111,0.100081,0.1066,0.109163,0.109331,0.111375,0.108016,0.0378943,0.0393283,0.0456732,0.0468692,0.0511542,0.0427936,0,0,0,0,0,0,0,0,0,0.106061,0.1,0.106443,0.109422,0.109368,0.111445,0.107996,0.0367991,0.0379966,0.0467172,0.0463845,0.0518088,0.042849,0,0,0,0,0,0,0,0,0,1,1,1,1,1,1,1,1,1,1,1,1,1,0,0,0,0,0,0,0,0,0,1,1,1,1,1,1,1,1,1,1,1,1,1,0,0,0,0,0,0,0,0,0,1,0,0,0,0,0,0,0,0,0,0,0,0,0,0,0,0,0,0,0,0,0,0,13,0,0,0,0,0,0,0,0,0,0,0,0,0,0,0,0,0,0,0,0,0,0,0,0,0,0,0,0,0,0,0,0,0,0,0,0,0,0,0,0,0,0,0,0,0,0,0,0
-0.0661049,-0.673425,0.779953,0,0,0,0,3.12409e-09,8.85006e-08,-1.05156e-07,1689,95,96,97,950,953,1477,1485,1688,1690,2543,2546,3070,3078,0,0,0,0,0,0,0,0,0,95,96,97,950,953,1477,1485,1688,1690,2543,2546,3070,3078,0,0,0,0,0,0,0,0,0,0.106524,0.100097,0.107087,0.10957,0.109274,0.111633,0.108151,0.0393283,0.0407047,0.0467078,0.0466973,0.0517538,0.0430177,0,0,0,0,0,0,0,0,0,0.106443,0.1,0.106827,0.10983,0.109418,0.111679,0.108199,0.0379966,0.0391688,0.0477619,0.0465127,0.0523659,0.0433994,0,0,0,0,0,0,0,0,0,1,1,1,1,1,1,1,1,1,1,1,1,1,0,0,0,0,0,0,0,0,0,1,1,1,1,1,1,1,1,1,1,1,1,1,0,0,0,0,0,0,0,0,0,1,0,0,0,0,0,0,0,0,0,0,0,0,0,0,0,0,0,0,0,0,0,0,13,0,0,0,0,0,0,0,0,0,0,0,0,0,0,0,0,0,0,0,0,0,0,0,0,0,0,0,0,0,0,0,0,0,0,0,0,0,0,0,0,0,0,0,0,0,0,0,0
-0.102812,-0.661031,0.792436,0,0,0,0,4.34602e-09,8.22139e-08,-9.95951e-08,1690,96,97,98,946,950,1485,1493,1689,1691,2539,2543,3078,3086,0,0,0,0,0,0,0,0,0,96,97,98,946,950,1485,1493,1689,1691,2539,2543,3078,3086,0,0,0,0,0,0,0,0,0,0.106953,0.100145,0.107625,0.110069,0.109282,0.111962,0.108242,0.0407047,0.0425217,0.0478743,0.0466323,0.0525003,0.0433158,0,0,0,0,0,0,0,0,0,0.106828,0.1,0.107306,0.110293,0.109525,0.112,0.108395,0.0391688,0.0408492,0.0489252,0.0467883,0.05312,0.043998,0,0,0,0,0,0,0,0,0,1,1,1,1,1,1,1,1,1,1,1,1,1,0,0,0,0,0,0,0,0,0,1,1,1,1,1,1,1,1,1,1,1,1,1,0,0,0,0,0,0,0,0,0,1,0,0,0,0,0,0,0,0,0,0,0,0,0,0,0,0,0,0,0,0,0,0,13,0,0,0,0,0,0,0,0,0,0,0,0,0,0,0,0,0,0,0,0,0,0,0,0,0,0,0,0,0,0,0,0,0,0,0,0,0,0,0,0,0,0,0,0,0,0,0,0
-0.140585,-0.645657,0.804475,0,0,0,0,5.22202e-09,7.5096e-08,-9.23742e-08,1691,97,98,99,941,946,1493,1501,1690,1692,2534,2539,3086,3094,0,0,0,0,0,0,0,0,0,97,98,99,941,946,1493,1501,1690,1692,2534,2539,3086,3094,0,0,0,0,0,0,0,0,0,0.107397,0.0998479,0.108038,0.110205,0.1094,0.111973,0.108665,0.0425217,0.0440555,0.0489608,0.047223,0.0531067,0.0448173,0,0,0,0,0,0,0,0,0,0.107271,0.1,0.107847,0.110077,0.109768,0.111828,0.108823,0.0408492,0.0425441,0.0484002,0.0476523,0.0526834,0.0451925,0,0,0,0,0,0,0,0,0,1,1,1,1,1,1,1,1,1,1,1,1,1,0,0,0,0,0,0,0,0,0,1,1,1,1,1,1,1,1,1,1,1,1,1,0,0,0,0,0,0,0,0,0,1,0,0,0,0,0,0,0,0,0,0,0,0,0,0,0,0,0,0,0,0,0,0,13,0,0,0,0,0,0,0,0,0,0,0,0,0,0,0,0,0,0,0,0,0,0,0,0,0,0,0,0,0,0,0,0,0,0,0,0,0,0,0,0,0,0,0,0,0,0,0,0
-0.179889,-0.628398,0.814387,0,0,0,0,5.56126e-09,6.76197e-08,-8.38061e-08,1692,98,99,100,935,941,1501,1509,1691,1693,2528,2534,3094,3102,0,0,0,0,0,0,0,0,0,98,99,100,935,941,1501,1509,1691,1693,2528,2534,3094,3102,0,0,0,0,0,0,0,0,0,0.107847,0.0998899,0.108348,0.110564,0.11009,0.112094,0.109224,0.0440555,0.0448784,0.0497784,0.0491021,0.0534234,0.0462258,0,0,0,0,0,0,0,0,0,0.10785,0.1,0.10819,0.110424,0.110422,0.111966,0.109303,0.0425441,0.0434994,0.0492691,0.0493202,0.053008,0.046458,0,0,0,0,0,0,0,0,0,1,1,1,1,1,1,1,1,1,1,1,1,1,0,0,0,0,0,0,0,0,0,1,1,1,1,1,1,1,1,1,1,1,1,1,0,0,0,0,0,0,0,0,0,1,0,0,0,0,0,0,0,0,0,0,0,0,0,0,0,0,0,0,0,0,0,0,13,0,0,0,0,0,0,0,0,0,0,0,0,0,0,0,0,0,0,0,0,0,0,0,0,0,0,0,0,0,0,0,0,0,0,0,0,0,0,0,0,0,0,0,0,0,0,0,0
-0.219912,-0.609409,0.821573,0,0,0,0,5.18231e-09,6.00487e-08,-7.39686e-08,1693,99,100,101,928,935,1509,1517,1692,1694,2521,2528,3102,3110,0,0,0,0,0,0,0,0,0,99,100,101,928,935,1509,1517,1692,1694,2521,2528,3102,3110,0,0,0,0,0,0,0,0,0,0.108193,0.0998847,0.108648,0.110816,0.11066,0.112137,0.109756,0.0448784,0.0456796,0.0504591,0.0502644,0.0536105,0.0475711,0,0,0,0,0,0,0,0,0,0.108193,0.1,0.108511,0.110741,0.110866,0.112069,0.109805,0.0434994,0.0443751,0.0500541,0.0504068,0.0532514,0.0477508,0,0,0,0,0,0,0,0,0,1,1,1,1,1,1,1,1,1,1,1,1,1,0,0,0,0,0,0,0,0,0,1,1,1,1,1,1,1,1,1,1,1,1,1,0,0,0,0,0,0,0,0,0,1,0,0,0,0,0,0,0,0,0,0,0,0,0,0,0,0,0,0,0,0,0,0,13,0,0,0,0,0,0,0,0,0,0,0,0,0,0,0,0,0,0,0,0,0,0,0,0,0,0,0,0,0,0,0,0,0,0,0,0,0,0,0,0,0,0,0,0,0,0,0,0
-0.260423,-0.588757,0.825924,0,0,0,0,3.91576e-09,5.24548e-08,-6.29021e-08,1694,100,101,102,920,928,1517,1524,1693,1695,2513,2521,3110,3117,0,0,0,0,0,0,0,0,0,100,101,102,920,928,1517,1524,1693,1695,2513,2521,3110,3117,0,0,0,0,0,0,0,0,0,0.108528,0.0999038,0.108923,0.111075,0.111144,0.112161,0.110286,0.0456796,0.0463652,0.0511228,0.0512585,0.0537065,0.0488544,0,0,0,0,0,0,0,0,0,0.108513,0.1,0.108804,0.111022,0.111308,0.112132,0.110325,0.0443751,0.0451638,0.0507441,0.0514706,0.0533996,0.049059,0,0,0,0,0,0,0,0,0,1,1,1,1,1,1,1,1,1,1,1,1,1,0,0,0,0,0,0,0,0,0,1,1,1,1,1,1,1,1,1,1,1,1,1,0,0,0,0,0,0,0,0,0,1,0,0,0,0,0,0,0,0,0,0,0,0,0,0,0,0,0,0,0,0,0,0,13,0,0,0,0,0,0,0,0,0,0,0,0,0,0,0,0,0,0,0,0,0,0,0,0,0,0,0,0,0,0,0,0,0,0,0,0,0,0,0,0,0,0,0,0,0,0,0,0
-0.30108,-0.566515,0.827363,0,0,0,0,1.60599e-09,4.49394e-08,-5.06867e-08,1695,101,102,103,911,920,1524,1531,1694,1696,2504,2513,3117,3124,0,0,0,0,0,0,0,0,0,101,102,103,911,920,1524,1531,1694,1696,2504,2513,3117,3124,0,0,0,0,0,0,0,0,0,0.108835,0.0999208,0.109165,0.111301,0.111616,0.112161,0.110826,0.0463652,0.046953,0.0517131,0.0522291,0.0537415,0.0501457,0,0,0,0,0,0,0,0,0,0.108805,0.1,0.109066,0.111269,0.111743,0.112154,0.110863,0.0451638,0.0458583,0.0513456,0.0524982,0.0534553,0.050382,0,0,0,0,0,0,0,0,0,1,1,1,1,1,1,1,1,1,1,1,1,1,0,0,0,0,0,0,0,0,0,1,1,1,1,1,1,1,1,1,1,1,1,1,0,0,0,0,0,0,0,0,0,1,0,0,0,0,0,0,0,0,0,0,0,0,0,0,0,0,0,0,0,0,0,0,13,0,0,0,0,0,0,0,0,0,0,0,0,0,0,0,0,0,0,0,0,0,0,0,0,0,0,0,0,0,0,0,0,0,0,0,0,0,0,0,0,0,0,0,0,0,0,0,0
-0.341585,-0.54282,0.825795,0,0,0,0,-1.87845e-09,3.76271e-08,-3.74515e-08,1696,102,103,104,901,911,1531,1538,1695,1697,2494,2504,3124,3131,0,0,0,0,0,0,0,0,0,102,103,104,901,911,1531,1538,1695,1697,2494,2504,3124,3131,0,0,0,0,0,0,0,0,0,0.109105,0.0999379,0.109377,0.111503,0.112076,0.112138,0.111391,0.046953,0.04745,0.0522436,0.0531924,0.053719,0.0514757,0,0,0,0,0,0,0,0,0,0.109067,0.1,0.109292,0.111494,0.112172,0.112148,0.111426,0.0458583,0.0464507,0.0518907,0.0534938,0.053444,0.0517367,0,0,0,0,0,0,0,0,0,1,1,1,1,1,1,1,1,1,1,1,1,1,0,0,0,0,0,0,0,0,0,1,1,1,1,1,1,1,1,1,1,1,1,1,0,0,0,0,0,0,0,0,0,1,0,0,0,0,0,0,0,0,0,0,0,0,0,0,0,0,0,0,0,0,0,0,13,0,0,0,0,0,0,0,0,0,0,0,0,0,0,0,0,0,0,0,0,0,0,0,0,0,0,0,0,0,0,0,0,0,0,0,0,0,0,0,0,0,0,0,0,0,0,0,0
-0.381655,-0.517833,0.821152,0,0,0,0,-6.63563e-09,3.06479e-08,-2.33566e-08,1697,103,104,105,890,901,1538,1545,1696,1698,2483,2494,3131,3138,0,0,0,0,0,0,0,0,0,103,104,105,890,901,1538,1545,1696,1698,2483,2494,3131,3138,0,0,0,0,0,0,0,0,0,0.10934,0.0999542,0.109554,0.111729,0.112541,0.112118,0.112012,0.04745,0.0478483,0.052821,0.0541803,0.0537005,0.05292,0,0,0,0,0,0,0,0,0,0.109292,0.1,0.109477,0.111741,0.112613,0.112143,0.112046,0.0464507,0.0469307,0.0524831,0.0545026,0.0534341,0.0531995,0,0,0,0,0,0,0,0,0,1,1,1,1,1,1,1,1,1,1,1,1,1,0,0,0,0,0,0,0,0,0,1,1,1,1,1,1,1,1,1,1,1,1,1,0,0,0,0,0,0,0,0,0,1,0,0,0,0,0,0,0,0,0,0,0,0,0,0,0,0,0,0,0,0,0,0,13,0,0,0,0,0,0,0,0,0,0,0,0,0,0,0,0,0,0,0,0,0,0,0,0,0,0,0,0,0,0,0,0,0,0,0,0,0,0,0,0,0,0,0,0,0,0,0,0
-0.421003,-0.49173,0.813415,0,0,0,0,-1.27273e-08,2.41229e-08,-8.59555e-09,1698,104,105,106,878,890,1545,1551,1697,1699,2471,2483,3138,3144,0,0,0,0,0,0,0,0,0,104,105,106,878,890,1545,1551,1697,1699,2471,2483,3138,3144,0,0,0,0,0,0,0,0,0,0.109534,0.0999705,0.108603,0.112084,0.113077,0.11217,0.112761,0.0478483,0.0452961,0.0536595,0.0553337,0.0538502,0.0546379,0,0,0,0,0,0,0,0,0,0.109476,0.1,0.108536,0.112106,0.113131,0.112208,0.1128,0.0469307,0.0444384,0.0533444,0.0556711,0.0535886,0.0549344,0,0,0,0,0,0,0,0,0,1,1,1,1,1,1,1,1,1,1,1,1,1,0,0,0,0,0,0,0,0,0,1,1,1,1,1,1,1,1,1,1,1,1,1,0,0,0,0,0,0,0,0,0,1,0,0,0,0,0,0,0,0,0,0,0,0,0,0,0,0,0,0,0,0,0,0,13,0,0,0,0,0,0,0,0,0,0,0,0,0,0,0,0,0,0,0,0,0,0,0,0,0,0,0,0,0,0,0,0,0,0,0,0,0,0,0,0,0,0,0,0,0,0,0,0
-0.457106,-0.466293,0.803353,0,0,0,0,-1.96704e-08,1.84837e-08,5.77922e-09,1699,105,106,107,865,878,1551,1557,1698,1700,2458,2471,3144,3150,0,0,0,0,0,0,0,0,0,105,106,107,865,878,1551,1557,1698,1700,2458,2471,3144,3150,0,0,0,0,0,0,0,0,0,0.108603,0.0999847,0.108333,0.112035,0.11326,0.11202,0.113094,0.0452961,0.0445176,0.0535793,0.0557057,0.0534887,0.0553782,0,0,0,0,0,0,0,0,0,0.108534,0.1,0.108273,0.112071,0.113309,0.112064,0.113131,0.0444384,0.0437212,0.0532678,0.0560607,0.0532544,0.0556805,0,0,0,0,0,0,0,0,0,1,1,1,1,1,1,1,1,1,1,1,1,1,0,0,0,0,0,0,0,0,0,1,1,1,1,1,1,1,1,1,1,1,1,1,0,0,0,0,0,0,0,0,0,1,0,0,0,0,0,0,0,0,0,0,0,0,0,0,0,0,0,0,0,0,0,0,13,0,0,0,0,0,0,0,0,0,0,0,0,0,0,0,0,0,0,0,0,0,0,0,0,0,0,0,0,0,0,0,0,0,0,0,0,0,0,0,0,0,0,0,0,0,0,0,0
-0.491357,-0.440708,0.790938,0,0,0,0,-2.7643e-08,1.35121e-08,2.01066e-08,1700,106,107,108,851,865,1557,1563,1699,1701,2444,2458,3150,3156,0,0,0,0,0,0,0,0,0,106,107,108,851,865,1557,1563,1699,1701,2444,2458,3150,3156,0,0,0,0,0,0,0,0,0,0.108347,0.099994,0.108357,0.111807,0.113354,0.111816,0.113236,0.0445176,0.0445464,0.0530931,0.0559098,0.0530094,0.0556896,0,0,0,0,0,0,0,0,0,0.108271,0.1,0.108305,0.111852,0.113405,0.111857,0.113271,0.0437212,0.0438095,0.0527632,0.0562696,0.0527707,0.0559931,0,0,0,0,0,0,0,0,0,1,1,1,1,1,1,1,1,1,1,1,1,1,0,0,0,0,0,0,0,0,0,1,1,1,1,1,1,1,1,1,1,1,1,1,0,0,0,0,0,0,0,0,0,1,0,0,0,0,0,0,0,0,0,0,0,0,0,0,0,0,0,0,0,0,0,0,13,0,0,0,0,0,0,0,0,0,0,0,0,0,0,0,0,0,0,0,0,0,0,0,0,0,0,0,0,0,0,0,0,0,0,0,0,0,0,0,0,0,0,0,0,0,0,0,0
-0.524283,-0.414626,0.776108,0,0,0,0,-3.67326e-08,9.16171e-09,3.44794e-08,1701,107,108,109,836,851,1563,1568,1700,1702,2429,2444,3156,3161,0,0,0,0,0,0,0,0,0,107,108,109,836,851,1563,1568,1700,1702,2429,2444,3156,3161,0,0,0,0,0,0,0,0,0,0.108383,0.100001,0.108677,0.111459,0.113309,0.111501,0.11327,0.0445464,0.0453797,0.0523183,0.0558171,0.0522684,0.0557621,0,0,0,0,0,0,0,0,0,0.108302,0.1,0.108634,0.111507,0.113365,0.111533,0.113303,0.0438095,0.0447041,0.0519544,0.056177,0.0520081,0.0560653,0,0,0,0,0,0,0,0,0,1,1,1,1,1,1,1,1,1,1,1,1,1,0,0,0,0,0,0,0,0,0,1,1,1,1,1,1,1,1,1,1,1,1,1,0,0,0,0,0,0,0,0,0,1,0,0,0,0,0,0,0,0,0,0,0,0,0,0,0,0,0,0,0,0,0,0,13,0,0,0,0,0,0,0,0,0,0,0,0,0,0,0,0,0,0,0,0,0,0,0,0,0,0,0,0,0,0,0,0,0,0,0,0,0,0,0,0,0,0,0,0,0,0,0,0
-0.55633,-0.387662,0.758637,0,0,0,0,-4.70732e-08,5.41256e-09,4.89895e-08,1702,108,109,110,820,836,1568,1573,1701,1703,2413,2429,3161,3166,0,0,0,0,0,0,0,0,0,108,109,110,820,836,1568,1573,1701,1703,2413,2429,3161,3166,0,0,0,0,0,0,0,0,0,0.108713,0.100004,0.109685,0.111028,0.11307,0.111019,0.11332,0.0453797,0.0479883,0.0513314,0.055293,0.0511305,0.0558831,0,0,0,0,0,0,0,0,0,0.108631,0.1,0.109654,0.111071,0.113131,0.111043,0.113357,0.0447041,0.0473852,0.0509159,0.0556497,0.0508351,0.0561849,0,0,0,0,0,0,0,0,0,1,1,1,1,1,1,1,1,1,1,1,1,1,0,0,0,0,0,0,0,0,0,1,1,1,1,1,1,1,1,1,1,1,1,1,0,0,0,0,0,0,0,0,0,1,0,0,0,0,0,0,0,0,0,0,0,0,0,0,0,0,0,0,0,0,0,0,13,0,0,0,0,0,0,0,0,0,0,0,0,0,0,0,0,0,0,0,0,0,0,0,0,0,0,0,0,0,0,0,0,0,0,0,0,0,0,0,0,0,0,0,0,0,0,0,0
-0.588486,-0.358845,0.737696,0,0,0,0,-5.90824e-08,2.18653e-09,6.39828e-08,1703,109,110,111,803,820,1573,1577,1702,1704,2396,2413,3166,3170,0,0,0,0,0,0,0,0,0,109,110,111,803,820,1573,1577,1702,1704,2396,2413,3166,3170,0,0,0,0,0,0,0,0,0,0.109734,0.100007,0.109545,0.11044,0.112428,0.110171,0.113002,0.0479883,0.0475869,0.0498855,0.0538288,0.0490856,0.0551853,0,0,0,0,0,0,0,0,0,0.10965,0.1,0.109522,0.110472,0.112484,0.110197,0.113046,0.0473852,0.047046,0.0494533,0.0541771,0.0487556,0.0554848,0,0,0,0,0,0,0,0,0,1,1,1,1,1,1,1,1,1,1,1,1,1,0,0,0,0,0,0,0,0,0,1,1,1,1,1,1,1,1,1,1,1,1,1,0,0,0,0,0,0,0,0,0,1,0,0,0,0,0,0,0,0,0,0,0,0,0,0,0,0,0,0,0,0,0,0,13,0,0,0,0,0,0,0,0,0,0,0,0,0,0,0,0,0,0,0,0,0,0,0,0,0,0,0,0,0,0,0,0,0,0,0,0,0,0,0,0,0,0,0,0,0,0,0,0
-0.618515,-0.330054,0.714593,0,0,0,0,-7.19571e-08,-2.57206e-10,7.8376e-08,1704,110,111,112,785,803,1577,1581,1703,1705,2378,2396,3170,3174,0,0,0,0,0,0,0,0,0,110,111,112,785,803,1577,1581,1703,1705,2378,2396,3170,3174,0,0,0,0,0,0,0,0,0,0.109598,0.10001,0.109345,0.109961,0.111892,0.109508,0.11277,0.0475869,0.0470296,0.0486777,0.0525902,0.0474124,0.0546758,0,0,0,0,0,0,0,0,0,0.109519,0.1,0.109331,0.109984,0.111943,0.109531,0.112817,0.047046,0.046549,0.0482353,0.0529235,0.0470646,0.0549652,0,0,0,0,0,0,0,0,0,1,1,1,1,1,1,1,1,1,1,1,1,1,0,0,0,0,0,0,0,0,0,1,1,1,1,1,1,1,1,1,1,1,1,1,0,0,0,0,0,0,0,0,0,1,0,0,0,0,0,0,0,0,0,0,0,0,0,0,0,0,0,0,0,0,0,0,13,0,0,0,0,0,0,0,0,0,0,0,0,0,0,0,0,0,0,0,0,0,0,0,0,0,0,0,0,0,0,0,0,0,0,0,0,0,0,0,0,0,0,0,0,0,0,0,0
-0.646291,-0.301485,0.689611,0,0,0,0,-8.55116e-08,-1.96716e-09,9.19774e-08,1705,111,112,113,766,785,1581,1584,1704,1706,2359,2378,3174,3177,0,0,0,0,0,0,0,0,0,111,112,113,766,785,1581,1584,1704,1706,2359,2378,3174,3177,0,0,0,0,0,0,0,0,0,0.109401,0.100011,0.10909,0.109531,0.111389,0.108936,0.112551,0.0470296,0.0463233,0.0475613,0.0514158,0.0459148,0.0541939,0,0,0,0,0,0,0,0,0,0.109328,0.1,0.109084,0.109545,0.111436,0.108954,0.112599,0.046549,0.0459017,0.0471165,0.0517262,0.0455574,0.0544666,0,0,0,0,0,0,0,0,0,1,1,1,1,1,1,1,1,1,1,1,1,1,0,0,0,0,0,0,0,0,0,1,1,1,1,1,1,1,1,1,1,1,1,1,0,0,0,0,0,0,0,0,0,1,0,0,0,0,0,0,0,0,0,0,0,0,0,0,0,0,0,0,0,0,0,0,13,0,0,0,0,0,0,0,0,0,0,0,0,0,0,0,0,0,0,0,0,0,0,0,0,0,0,0,0,0,0,0,0,0,0,0,0,0,0,0,0,0,0,0,0,0,0,0,0
-0.67173,-0.27332,0.66305,0,0,0,0,-9.95472e-08,-3.01697e-09,1.04631e-07,1706,112,113,114,746,766,1584,1587,1705,1707,2339,2359,3177,3180,0,0,0,0,0,0,0,0,0,112,113,114,746,766,1584,1587,1705,1707,2339,2359,3177,3180,0,0,0,0,0,0,0,0,0,0.109147,0.100012,0.108785,0.109124,0.110889,0.108413,0.112321,0.0463233,0.0454796,0.0464802,0.0502285,0.0445039,0.053674,0,0,0,0,0,0,0,0,0,0.109081,0.1,0.108788,0.109132,0.110931,0.108427,0.112365,0.0459017,0.0451147,0.0460416,0.0505098,0.0441438,0.053928,0,0,0,0,0,0,0,0,0,1,1,1,1,1,1,1,1,1,1,1,1,1,0,0,0,0,0,0,0,0,0,1,1,1,1,1,1,1,1,1,1,1,1,1,0,0,0,0,0,0,0,0,0,1,0,0,0,0,0,0,0,0,0,0,0,0,0,0,0,0,0,0,0,0,0,0,13,0,0,0,0,0,0,0,0,0,0,0,0,0,0,0,0,0,0,0,0,0,0,0,0,0,0,0,0,0,0,0,0,0,0,0,0,0,0,0,0,0,0,0,0,0,0,0,0
-0.694794,-0.245725,0.635212,0,0,0,0,-1.13869e-07,-3.50324e-09,1.16227e-07,1707,113,114,115,725,746,1587,1589,1706,1708,2318,2339,3180,3182,0,0,0,0,0,0,0,0,0,113,114,115,725,746,1587,1589,1706,1708,2318,2339,3180,3182,0,0,0,0,0,0,0,0,0,0.108844,0.100012,0.108439,0.108732,0.110385,0.10793,0.112065,0.0454796,0.0445112,0.0454168,0.0490132,0.0431506,0.0531033,0,0,0,0,0,0,0,0,0,0.108786,0.1,0.108449,0.108735,0.110421,0.107938,0.112108,0.0451147,0.0442013,0.0449914,0.0492603,0.0427956,0.0533317,0,0,0,0,0,0,0,0,0,1,1,1,1,1,1,1,1,1,1,1,1,1,0,0,0,0,0,0,0,0,0,1,1,1,1,1,1,1,1,1,1,1,1,1,0,0,0,0,0,0,0,0,0,1,0,0,0,0,0,0,0,0,0,0,0,0,0,0,0,0,0,0,0,0,0,0,13,0,0,0,0,0,0,0,0,0,0,0,0,0,0,0,0,0,0,0,0,0,0,0,0,0,0,0,0,0,0,0,0,0,0,0,0,0,0,0,0,0,0,0,0,0,0,0,0
-0.715486,-0.218837,0.6064,0,0,0,0,-1.28289e-07,-3.53505e-09,1.26693e-07,1708,114,115,116,703,725,1589,1591,1707,1709,2296,2318,3182,3184,0,0,0,0,0,0,0,0,0,114,115,116,703,725,1589,1591,1707,1709,2296,2318,3182,3184,0,0,0,0,0,0,0,0,0,0.108497,0.100011,0.108053,0.108353,0.109878,0.107477,0.111806,0.0445112,0.0434518,0.0443653,0.0477664,0.0418568,0.0524513,0,0,0,0,0,0,0,0,0,0.108448,0.1,0.108077,0.108355,0.10991,0.107482,0.111829,0.0442013,0.0431773,0.0439634,0.0479802,0.0415033,0.0526803,0,0,0,0,0,0,0,0,0,1,1,1,1,1,1,1,1,1,1,1,1,1,0,0,0,0,0,0,0,0,0,1,1,1,1,1,1,1,1,1,1,1,1,1,0,0,0,0,0,0,0,0,0,1,0,0,0,0,0,0,0,0,0,0,0,0,0,0,0,0,0,0,0,0,0,0,13,0,0,0,0,0,0,0,0,0,0,0,0,0,0,0,0,0,0,0,0,0,0,0,0,0,0,0,0,0,0,0,0,0,0,0,0,0,0,0,0,0,0,0,0,0,0,0,0
-0.73386,-0.192772,0.576886,0,0,0,0,-1.42667e-07,-3.22306e-09,1.36024e-07,1709,115,116,117,680,703,1591,1592,1708,1710,2273,2296,3184,3185,0,0,0,0,0,0,0,0,0,115,116,117,680,703,1591,1592,1708,1710,2273,2296,3184,3185,0,0,0,0,0,0,0,0,0,0.108126,0.100012,0.107636,0.108001,0.109384,0.107065,0.111498,0.0434518,0.042331,0.0433236,0.0465106,0.0406078,0.0517805,0,0,0,0,0,0,0,0,0,0.108077,0.1,0.107679,0.107993,0.109403,0.107057,0.111537,0.0431773,0.0420598,0.0429654,0.0466829,0.0402691,0.0519898,0,0,0,0,0,0,0,0,0,1,1,1,1,1,1,1,1,1,1,1,1,1,0,0,0,0,0,0,0,0,0,1,1,1,1,1,1,1,1,1,1,1,1,1,0,0,0,0,0,0,0,0,0,1,0,0,0,0,0,0,0,0,0,0,0,0,0,0,0,0,0,0,0,0,0,0,13,0,0,0,0,0,0,0,0,0,0,0,0,0,0,0,0,0,0,0,0,0,0,0,0,0,0,0,0,0,0,0,0,0,0,0,0,0,0,0,0,0,0,0,0,0,0,0,0
-0.749979,-0.167654,0.546867,0,0,0,0,-1.56982e-07,-2.67677e-09,1.44257e-07,1710,116,117,118,656,680,1592,1709,1711,2249,2273,3185,0,0,0,0,0,0,0,0,0,0,0,116,117,118,656,680,1592,1709,1711,2249,2273,3185,0,0,0,0,0,0,0,0,0,0,0,0.107728,0.0999982,0.107213,0.10768,0.108922,0.106608,0.042331,0.0410228,0.0423938,0.045321,0.039417,0,0,0,0,0,0,0,0,0,0,0,0.107679,0.1,0.107265,0.107656,0.108909,0.106666,0.0420598,0.0408665,0.0420158,0.0453883,0.039103,0,0,0,0,0,0,0,0,0,0,0,1,1,1,1,1,1,1,1,1,1,1,0,0,0,0,0,0,0,0,0,0,0,1,1,1,1,1,1,1,1,1,1,1,0,0,0,0,0,0,0,0,0,0,0,1,0,0,0,0,0,0,0,0,0,0,0,0,0,0,0,0,0,0,0,0,0,0,11,0,0,0,0,0,0,0,0,0,0,0,0,0,0,0,0,0,0,0,0,0,0,0,0,0,0,0,0,0,0,0,0,0,0,0,0,0,0,0,0,0,0,0,0,0,0,0,0
-0.763912,-0.143374,0.51688,0,0,0,0,-1.70905e-07,-1.78102e-09,1.51371e-07,1711,117,118,631,656,1710,2224,2249,0,0,0,0,0,0,0,0,0,0,0,0,0,0,0,117,118,631,656,1710,2224,2249,0,0,0,0,0,0,0,0,0,0,0,0,0,0,0,0.107309,0.100012,0.107334,0.108395,0.0410228,0.0413323,0.0439576,0,0,0,0,0,0,0,0,0,0,0,0,0,0,0,0.107265,0.1,0.107354,0.108437,0.0408665,0.0411509,0.0441215,0,0,0,0,0,0,0,0,0,0,0,0,0,0,0,1,1,1,1,1,1,1,0,0,0,0,0,0,0,0,0,0,0,0,0,0,0,1,1,1,1,1,1,1,0,0,0,0,0,0,0,0,0,0,0,0,0,0,0,1,0,0,0,0,0,0,0,0,0,0,0,0,0,0,0,0,0,0,0,0,0,0,7,0,0,0,0,0,0,0,0,0,0,0,0,0,0,0,0,0,0,0,0,0,0,0,0,0,0,0,0,0,0,0,0,0,0,0,0,0,0,0,0,0,0,0,0,0,0,0,0
-0.117156,-0.792135,0.463417,0,0,0,0,5.48688e-09,2.07111e-07,-1.5337e-07,1712,119,120,1070,1454,1455,1713,2663,3047,3048,0,0,0,0,0,0,0,0,0,0,0,0,0,119,120,1070,1454,1455,1713,2663,3047,3048,0,0,0,0,0,0,0,0,0,0,0,0,0,0.100028,0.108975,0.108528,0.106467,0.111143,0.0454921,0.0445319,0.0389346,0.0507101,0,0,0,0,0,0,0,0,0,0,0,0,0,0.1,0.10875,0.108734,0.106385,0.111302,0.0448991,0.0443617,0.0382591,0.0514048,0,0,0,0,0,0,0,0,0,0,0,0,0,1,1,1,1,1,1,1,1,1,0,0,0,0,0,0,0,0,0,0,0,0,0,1,1,1,1,1,1,1,1,1,0,0,0,0,0,0,0,0,0,0,0,0,0,1,0,0,0,0,0,0,0,0,0,0,0,0,0,0,0,0,0,0,0,0,0,0,9,0,0,0,0,0,0,0,0,0,0,0,0,0,0,0,0,0,0,0,0,0,0,0,0,0,0,0,0,0,0,0,0,0,0,0,0,0,0,0,0,0,0,0,0,0,0,0,0
-0.0932242,-0.785846,0.501591,0,0,0,0,5.1407e-09,1.93049e-07,-1.5103e-07,1713,119,120,121,1069,1070,1455,1456,1712,1714,2662,2663,3048,3049,0,0,0,0,0,0,0,0,0,119,120,121,1069,1070,1455,1456,1712,1714,2662,2663,3048,3049,0,0,0,0,0,0,0,0,0,0.108912,0.100033,0.108786,0.109506,0.108528,0.10706,0.110476,0.0454921,0.0450327,0.047416,0.044072,0.0407621,0.0491858,0,0,0,0,0,0,0,0,0,0.108712,0.1,0.108635,0.109885,0.108506,0.107156,0.110439,0.0448991,0.0445429,0.0470802,0.0443238,0.04065,0.0493031,0,0,0,0,0,0,0,0,0,1,1,1,1,1,1,1,1,1,1,1,1,1,0,0,0,0,0,0,0,0,0,1,1,1,1,1,1,1,1,1,1,1,1,1,0,0,0,0,0,0,0,0,0,1,0,0,0,0,0,0,0,0,0,0,0,0,0,0,0,0,0,0,0,0,0,0,13,0,0,0,0,0,0,0,0,0,0,0,0,0,0,0,0,0,0,0,0,0,0,0,0,0,0,0,0,0,0,0,0,0,0,0,0,0,0,0,0,0,0,0,0,0,0,0,0
-0.0664925,-0.778537,0.537087,0,0,0,0,4.32416e-09,1.80058e-07,-1.48147e-07,1714,120,121,122,1067,1069,1456,1457,1713,1715,2660,2662,3049,3050,0,0,0,0,0,0,0,0,0,120,121,122,1067,1069,1456,1457,1713,1715,2660,2662,3049,3050,0,0,0,0,0,0,0,0,0,0.108807,0.100101,0.108329,0.109275,0.1084,0.107595,0.110623,0.0450327,0.0437547,0.0467761,0.0437524,0.042246,0.049636,0,0,0,0,0,0,0,0,0,0.108627,0.1,0.108288,0.109526,0.108341,0.107897,0.110498,0.0445429,0.0436125,0.0462007,0.043866,0.0420107,0.0494454,0,0,0,0,0,0,0,0,0,1,1,1,1,1,1,1,1,1,1,1,1,1,0,0,0,0,0,0,0,0,0,1,1,1,1,1,1,1,1,1,1,1,1,1,0,0,0,0,0,0,0,0,0,1,0,0,0,0,0,0,0,0,0,0,0,0,0,0,0,0,0,0,0,0,0,0,13,0,0,0,0,0,0,0,0,0,0,0,0,0,0,0,0,0,0,0,0,0,0,0,0,0,0,0,0,0,0,0,0,0,0,0,0,0,0,0,0,0,0,0,0,0,0,0,0
-0.0408211,-0.769368,0.571312,0,0,0,0,3.23726e-09,1.67175e-07,-1.443e-07,1715,121,122,123,1064,1067,1457,1458,1714,1716,2657,2660,3050,3051,0,0,0,0,0,0,0,0,0,121,122,123,1064,1067,1457,1458,1714,1716,2657,2660,3050,3051,0,0,0,0,0,0,0,0,0,0.108338,0.100042,0.10794,0.109038,0.10824,0.107411,0.11054,0.0437547,0.0428061,0.0462872,0.043417,0.0420112,0.0493641,0,0,0,0,0,0,0,0,0,0.108279,0.1,0.107929,0.109184,0.108167,0.107507,0.11055,0.0436125,0.0426296,0.0453498,0.0433761,0.040951,0.0495712,0,0,0,0,0,0,0,0,0,1,1,1,1,1,1,1,1,1,1,1,1,1,0,0,0,0,0,0,0,0,0,1,1,1,1,1,1,1,1,1,1,1,1,1,0,0,0,0,0,0,0,0,0,1,0,0,0,0,0,0,0,0,0,0,0,0,0,0,0,0,0,0,0,0,0,0,13,0,0,0,0,0,0,0,0,0,0,0,0,0,0,0,0,0,0,0,0,0,0,0,0,0,0,0,0,0,0,0,0,0,0,0,0,0,0,0,0,0,0,0,0,0,0,0,0
-0.0157416,-0.75864,0.604302,0,0,0,0,2.06276e-09,1.54465e-07,-1.39656e-07,1716,122,123,124,1060,1064,1458,1459,1715,1717,2653,2657,3051,3052,0,0,0,0,0,0,0,0,0,122,123,124,1060,1064,1458,1459,1715,1717,2653,2657,3051,3052,0,0,0,0,0,0,0,0,0,0.107983,0.100033,0.107561,0.10877,0.108017,0.107139,0.11055,0.0428061,0.0417902,0.0456048,0.0428004,0.0410884,0.049399,0,0,0,0,0,0,0,0,0,0.107921,0.1,0.107563,0.108875,0.107988,0.107156,0.110613,0.0426296,0.0416039,0.0445709,0.0428722,0.0399751,0.0497253,0,0,0,0,0,0,0,0,0,1,1,1,1,1,1,1,1,1,1,1,1,1,0,0,0,0,0,0,0,0,0,1,1,1,1,1,1,1,1,1,1,1,1,1,0,0,0,0,0,0,0,0,0,1,0,0,0,0,0,0,0,0,0,0,0,0,0,0,0,0,0,0,0,0,0,0,13,0,0,0,0,0,0,0,0,0,0,0,0,0,0,0,0,0,0,0,0,0,0,0,0,0,0,0,0,0,0,0,0,0,0,0,0,0,0,0,0,0,0,0,0,0,0,0,0
0.00828432,-0.746386,0.636224,0,0,0,0,8.7608e-10,1.41918e-07,-1.3425e-07,1717,123,124,125,1055,1060,1459,1460,1716,1718,2648,2653,3052,3053,0,0,0,0,0,0,0,0,0,123,124,125,1055,1060,1459,1460,1716,1718,2648,2653,3052,3053,0,0,0,0,0,0,0,0,0,0.107631,0.100035,0.107215,0.108528,0.107845,0.106845,0.110624,0.0417902,0.0408104,0.0449191,0.042278,0.0402235,0.0495756,0,0,0,0,0,0,0,0,0,0.107555,0.1,0.107195,0.108632,0.107818,0.106852,0.110731,0.0416039,0.0405456,0.0439543,0.0423846,0.0391173,0.0500118,0,0,0,0,0,0,0,0,0,1,1,1,1,1,1,1,1,1,1,1,1,1,0,0,0,0,0,0,0,0,0,1,1,1,1,1,1,1,1,1,1,1,1,1,0,0,0,0,0,0,0,0,0,1,0,0,0,0,0,0,0,0,0,0,0,0,0,0,0,0,0,0,0,0,0,0,13,0,0,0,0,0,0,0,0,0,0,0,0,0,0,0,0,0,0,0,0,0,0,0,0,0,0,0,0,0,0,0,0,0,0,0,0,0,0,0,0,0,0,0,0,0,0,0,0
0.0312343,-0.732728,0.667082,0,0,0,0,-2.26443e-10,1.2962e-07,-1.28168e-07,1718,124,125,126,1049,1055,1460,1461,1717,1719,2642,2648,3053,3054,0,0,0,0,0,0,0,0,0,124,125,126,1049,1055,1460,1461,1717,1719,2642,2648,3053,3054,0,0,0,0,0,0,0,0,0,0.107299,0.100042,0.107413,0.108454,0.107661,0.106614,0.110885,0.0408104,0.0413433,0.0447726,0.0416861,0.03951,0.0501927,0,0,0,0,0,0,0,0,0,0.107186,0.1,0.107369,0.10855,0.107674,0.106615,0.111034,0.0405456,0.0410573,0.0437583,0.0419664,0.0384451,0.0507459,0,0,0,0,0,0,0,0,0,1,1,1,1,1,1,1,1,1,1,1,1,1,0,0,0,0,0,0,0,0,0,1,1,1,1,1,1,1,1,1,1,1,1,1,0,0,0,0,0,0,0,0,0,1,0,0,0,0,0,0,0,0,0,0,0,0,0,0,0,0,0,0,0,0,0,0,13,0,0,0,0,0,0,0,0,0,0,0,0,0,0,0,0,0,0,0,0,0,0,0,0,0,0,0,0,0,0,0,0,0,0,0,0,0,0,0,0,0,0,0,0,0,0,0,0
0.0538255,-0.717186,0.698023,0,0,0,0,-1.16522e-09,1.17217e-07,-1.21269e-07,1719,0,8,93,125,126,1049,1461,1593,1601,1686,1718,2642,3054,0,0,0,0,0,0,0,0,0,0,8,93,125,126,1049,1461,1593,1601,1686,1718,2642,3054,0,0,0,0,0,0,0,0,0,0.107882,0.108518,0.111369,0.107496,0.100071,0.107761,0.106569,0.0426497,0.0447859,0.0512958,0.0413433,0.0419958,0.0392911,0,0,0,0,0,0,0,0,0,0.107814,0.10858,0.111546,0.10736,0.1,0.107833,0.106585,0.0423275,0.0438629,0.0519715,0.0410573,0.0424167,0.038367,0,0,0,0,0,0,0,0,0,1,1,1,1,1,1,1,1,1,1,1,1,1,0,0,0,0,0,0,0,0,0,1,1,1,1,1,1,1,1,1,1,1,1,1,0,0,0,0,0,0,0,0,0,1,0,0,0,0,0,0,0,0,0,0,0,0,0,0,0,0,0,0,0,0,0,0,13,0,0,0,0,0,0,0,0,0,0,0,0,0,0,0,0,0,0,0,0,0,0,0,0,0,0,0,0,0,0,0,0,0,0,0,0,0,0,0,0,0,0,0,0,0,0,0,0
0.276421,0.74699,0.462917,0,0,0,0,1.31725e-09,-1.73783e-07,-1.20597e-07,1720,127,128,420,421,422,1721,2013,2014,2015,0,0,0,0,0,0,0,0,0,0,0,0,0,127,128,420,421,422,1721,2013,2014,2015,0,0,0,0,0,0,0,0,0,0,0,0,0,0.10005,0.110744,0.107581,0.107009,0.110757,0.0499607,0.0421475,0.0400469,0.0502265,0,0,0,0,0,0,0,0,0,0,0,0,0,0.1,0.110695,0.10768,0.106964,0.110808,0.0499462,0.0420913,0.040012,0.0502416,0,0,0,0,0,0,0,0,0,0,0,0,0,1,1,1,1,1,1,1,1,1,0,0,0,0,0,0,0,0,0,0,0,0,0,1,1,1,1,1,1,1,1,1,0,0,0,0,0,0,0,0,0,0,0,0,0,1,0,0,0,0,0,0,0,0,0,0,0,0,0,0,0,0,0,0,0,0,0,0,9,0,0,0,0,0,0,0,0,0,0,0,0,0,0,0,0,0,0,0,0,0,0,0,0,0,0,0,0,0,0,0,0,0,0,0,0,0,0,0,0,0,0,0,0,0,0,0,0
0.258966,0.740716,0.509307,0,0,0,0,-1.70225e-09,-1.59945e-07,-1.1997e-07,1721,127,128,129,419,420,422,423,1720,1722,2012,2013,2015,2016,0,0,0,0,0,0,0,0,0,127,128,129,419,420,422,423,1720,1722,2012,2013,2015,2016,0,0,0,0,0,0,0,0,0,0.110796,0.100044,0.110516,0.1077,0.109277,0.106835,0.110901,0.0499607,0.0493325,0.0426276,0.0464439,0.0399956,0.0505129,0,0,0,0,0,0,0,0,0,0.110687,0.1,0.11046,0.107793,0.10931,0.106907,0.110918,0.0499462,0.049368,0.0424096,0.0464827,0.0398399,0.0505071,0,0,0,0,0,0,0,0,0,1,1,1,1,1,1,1,1,1,1,1,1,1,0,0,0,0,0,0,0,0,0,1,1,1,1,1,1,1,1,1,1,1,1,1,0,0,0,0,0,0,0,0,0,1,0,0,0,0,0,0,0,0,0,0,0,0,0,0,0,0,0,0,0,0,0,0,13,0,0,0,0,0,0,0,0,0,0,0,0,0,0,0,0,0,0,0,0,0,0,0,0,0,0,0,0,0,0,0,0,0,0,0,0,0,0,0,0,0,0,0,0,0,0,0,0
0.24048,0.732618,0.554322,0,0,0,0,-3.40265e-09,-1.46943e-07,-1.18625e-07,1722,128,129,130,416,419,423,424,1721,1723,2009,2012,2016,2017,0,0,0,0,0,0,0,0,0,128,129,130,416,419,423,424,1721,1723,2009,2012,2016,2017,0,0,0,0,0,0,0,0,0,0.110506,0.10003,0.110193,0.107879,0.109065,0.106814,0.11102,0.0493325,0.0484674,0.0431334,0.0460398,0.0400275,0.0507727,0,0,0,0,0,0,0,0,0,0.110452,0.1,0.110164,0.107898,0.109144,0.106856,0.111011,0.049368,0.048634,0.0427012,0.0460454,0.0396836,0.0507306,0,0,0,0,0,0,0,0,0,1,1,1,1,1,1,1,1,1,1,1,1,1,0,0,0,0,0,0,0,0,0,1,1,1,1,1,1,1,1,1,1,1,1,1,0,0,0,0,0,0,0,0,0,1,0,0,0,0,0,0,0,0,0,0,0,0,0,0,0,0,0,0,0,0,0,0,13,0,0,0,0,0,0,0,0,0,0,0,0,0,0,0,0,0,0,0,0,0,0,0,0,0,0,0,0,0,0,0,0,0,0,0,0,0,0,0,0,0,0,0,0,0,0,0,0
0.221201,0.722856,0.597705,0,0,0,0,-4.31706e-09,-1.34642e-07,-1.16518e-07,1723,129,130,131,412,416,424,425,1722,1724,2005,2009,2017,2018,0,0,0,0,0,0,0,0,0,129,130,131,412,416,424,425,1722,1724,2005,2009,2017,2018,0,0,0,0,0,0,0,0,0,0.110146,0.100024,0.109803,0.108002,0.108926,0.106793,0.1111,0.0484674,0.0474574,0.0435145,0.0456466,0.0400357,0.0509563,0,0,0,0,0,0,0,0,0,0.110157,0.1,0.109817,0.107987,0.108973,0.106806,0.111078,0.048634,0.047759,0.0429477,0.0455921,0.0395305,0.0508906,0,0,0,0,0,0,0,0,0,1,1,1,1,1,1,1,1,1,1,1,1,1,0,0,0,0,0,0,0,0,0,1,1,1,1,1,1,1,1,1,1,1,1,1,0,0,0,0,0,0,0,0,0,1,0,0,0,0,0,0,0,0,0,0,0,0,0,0,0,0,0,0,0,0,0,0,13,0,0,0,0,0,0,0,0,0,0,0,0,0,0,0,0,0,0,0,0,0,0,0,0,0,0,0,0,0,0,0,0,0,0,0,0,0,0,0,0,0,0,0,0,0,0,0,0
0.201201,0.711665,0.639262,0,0,0,0,-4.73814e-09,-1.23032e-07,-1.13815e-07,1724,130,131,132,407,412,425,426,1723,1725,2000,2005,2018,2019,0,0,0,0,0,0,0,0,0,130,131,132,407,412,425,426,1723,1725,2000,2005,2018,2019,0,0,0,0,0,0,0,0,0,0.109751,0.100001,0.109342,0.108105,0.108786,0.106778,0.111169,0.0474574,0.0462976,0.0438956,0.0452995,0.0400781,0.0511468,0,0,0,0,0,0,0,0,0,0.109811,0.1,0.109427,0.108059,0.108796,0.106755,0.111117,0.047759,0.0467594,0.0431468,0.0451215,0.0393768,0.0509837,0,0,0,0,0,0,0,0,0,1,1,1,1,1,1,1,1,1,1,1,1,1,0,0,0,0,0,0,0,0,0,1,1,1,1,1,1,1,1,1,1,1,1,1,0,0,0,0,0,0,0,0,0,1,0,0,0,0,0,0,0,0,0,0,0,0,0,0,0,0,0,0,0,0,0,0,13,0,0,0,0,0,0,0,0,0,0,0,0,0,0,0,0,0,0,0,0,0,0,0,0,0,0,0,0,0,0,0,0,0,0,0,0,0,0,0,0,0,0,0,0,0,0,0,0
0.18077,0.699226,0.678902,0,0,0,0,-4.78178e-09,-1.12068e-07,-1.10591e-07,1725,131,132,133,401,407,426,427,1724,1726,1994,2000,2019,2020,0,0,0,0,0,0,0,0,0,131,132,133,401,407,426,427,1724,1726,1994,2000,2019,2020,0,0,0,0,0,0,0,0,0,0.10931,0.0999834,0.108861,0.10815,0.10868,0.106754,0.111217,0.0462976,0.0451026,0.0440922,0.0450478,0.0400744,0.0512939,0,0,0,0,0,0,0,0,0,0.109422,0.1,0.109003,0.108118,0.108617,0.106706,0.111133,0.0467594,0.0456523,0.0433075,0.04464,0.0392264,0.0510199,0,0,0,0,0,0,0,0,0,1,1,1,1,1,1,1,1,1,1,1,1,1,0,0,0,0,0,0,0,0,0,1,1,1,1,1,1,1,1,1,1,1,1,1,0,0,0,0,0,0,0,0,0,1,0,0,0,0,0,0,0,0,0,0,0,0,0,0,0,0,0,0,0,0,0,0,13,0,0,0,0,0,0,0,0,0,0,0,0,0,0,0,0,0,0,0,0,0,0,0,0,0,0,0,0,0,0,0,0,0,0,0,0,0,0,0,0,0,0,0,0,0,0,0,0
0.15999,0.68574,0.716592,0,0,0,0,-4.54961e-09,-1.01738e-07,-1.06925e-07,1726,132,133,134,394,401,427,428,1725,1727,1987,1994,2020,2021,0,0,0,0,0,0,0,0,0,132,133,134,394,401,427,428,1725,1727,1987,1994,2020,2021,0,0,0,0,0,0,0,0,0,0.108868,0.0999593,0.108334,0.108177,0.108577,0.106738,0.111254,0.0451026,0.0438308,0.0443488,0.0447661,0.0401032,0.0514361,0,0,0,0,0,0,0,0,0,0.108999,0.1,0.108554,0.108172,0.10844,0.106661,0.111135,0.0456523,0.0444553,0.043452,0.04416,0.03909,0.0510239,0,0,0,0,0,0,0,0,0,1,1,1,1,1,1,1,1,1,1,1,1,1,0,0,0,0,0,0,0,0,0,1,1,1,1,1,1,1,1,1,1,1,1,1,0,0,0,0,0,0,0,0,0,1,0,0,0,0,0,0,0,0,0,0,0,0,0,0,0,0,0,0,0,0,0,0,13,0,0,0,0,0,0,0,0,0,0,0,0,0,0,0,0,0,0,0,0,0,0,0,0,0,0,0,0,0,0,0,0,0,0,0,0,0,0,0,0,0,0,0,0,0,0,0,0
0.139004,0.671384,0.752294,0,0,0,0,-4.12494e-09,-9.2032e-08,-1.02887e-07,1727,133,134,135,386,394,428,429,1726,1728,1979,1987,2021,2022,0,0,0,0,0,0,0,0,0,133,134,135,386,394,428,429,1726,1728,1979,1987,2021,2022,0,0,0,0,0,0,0,0,0,0.108398,0.0999175,0.107764,0.108105,0.108461,0.106733,0.111329,0.0438308,0.0423941,0.0442099,0.044547,0.0401939,0.0516924,0,0,0,0,0,0,0,0,0,0.108551,0.1,0.10809,0.10809,0.108273,0.106628,0.111144,0.0444553,0.0431859,0.0431264,0.0437008,0.0389866,0.0510452,0,0,0,0,0,0,0,0,0,1,1,1,1,1,1,1,1,1,1,1,1,1,0,0,0,0,0,0,0,0,0,1,1,1,1,1,1,1,1,1,1,1,1,1,0,0,0,0,0,0,0,0,0,1,0,0,0,0,0,0,0,0,0,0,0,0,0,0,0,0,0,0,0,0,0,0,13,0,0,0,0,0,0,0,0,0,0,0,0,0,0,0,0,0,0,0,0,0,0,0,0,0,0,0,0,0,0,0,0,0,0,0,0,0,0,0,0,0,0,0,0,0,0,0,0
0.118282,0.656289,0.786058,0,0,0,0,-3.58357e-09,-8.28943e-08,-9.85162e-08,1728,134,135,136,377,386,429,430,1727,1729,1970,1979,2022,2023,0,0,0,0,0,0,0,0,0,134,135,136,377,386,429,430,1727,1729,1970,1979,2022,2023,0,0,0,0,0,0,0,0,0,0.107921,0.0999628,0.107297,0.10809,0.108371,0.106738,0.111368,0.0423941,0.0410785,0.0441167,0.0440978,0.0401561,0.0518398,0,0,0,0,0,0,0,0,0,0.108087,0.1,0.10773,0.108021,0.108152,0.106616,0.111206,0.0431859,0.0421282,0.0429878,0.0433313,0.0389502,0.0511929,0,0,0,0,0,0,0,0,0,1,1,1,1,1,1,1,1,1,1,1,1,1,0,0,0,0,0,0,0,0,0,1,1,1,1,1,1,1,1,1,1,1,1,1,0,0,0,0,0,0,0,0,0,1,0,0,0,0,0,0,0,0,0,0,0,0,0,0,0,0,0,0,0,0,0,0,13,0,0,0,0,0,0,0,0,0,0,0,0,0,0,0,0,0,0,0,0,0,0,0,0,0,0,0,0,0,0,0,0,0,0,0,0,0,0,0,0,0,0,0,0,0,0,0,0
0.097854,0.640504,0.818011,0,0,0,0,-2.99862e-09,-7.42988e-08,-9.38532e-08,1729,135,136,137,367,377,430,431,1728,1730,1960,1970,2023,2024,0,0,0,0,0,0,0,0,0,135,136,137,367,377,430,431,1728,1730,1960,1970,2023,2024,0,0,0,0,0,0,0,0,0,0.107547,0.10004,0.107521,0.107939,0.108226,0.1066,0.111744,0.0410785,0.0414765,0.0436437,0.0434519,0.0397463,0.0525859,0,0,0,0,0,0,0,0,0,0.10771,0.1,0.108023,0.107824,0.10808,0.106374,0.111689,0.0421282,0.0429262,0.0418926,0.0430998,0.0380234,0.0523891,0,0,0,0,0,0,0,0,0,1,1,1,1,1,1,1,1,1,1,1,1,1,0,0,0,0,0,0,0,0,0,1,1,1,1,1,1,1,1,1,1,1,1,1,0,0,0,0,0,0,0,0,0,1,0,0,0,0,0,0,0,0,0,0,0,0,0,0,0,0,0,0,0,0,0,0,13,0,0,0,0,0,0,0,0,0,0,0,0,0,0,0,0,0,0,0,0,0,0,0,0,0,0,0,0,0,0,0,0,0,0,0,0,0,0,0,0,0,0,0,0,0,0,0,0
0.077221,0.623308,0.849616,0,0,0,0,-2.45198e-09,-6.58394e-08,-8.87335e-08,1730,1,41,71,136,137,367,431,1594,1634,1664,1729,1960,2024,0,0,0,0,0,0,0,0,0,1,41,71,136,137,367,431,1594,1634,1664,1729,1960,2024,0,0,0,0,0,0,0,0,0,0.10818,0.107971,0.112439,0.107854,0.10027,0.108295,0.106828,0.0431887,0.0432908,0.0536421,0.0414765,0.0432384,0.0399882,0,0,0,0,0,0,0,0,0,0.108525,0.107871,0.112727,0.108011,0.1,0.108249,0.106489,0.0443026,0.0420486,0.054701,0.0429262,0.0435696,0.0383432,0,0,0,0,0,0,0,0,0,1,1,1,1,1,1,1,1,1,1,1,1,1,0,0,0,0,0,0,0,0,0,1,1,1,1,1,1,1,1,1,1,1,1,1,0,0,0,0,0,0,0,0,0,1,0,0,0,0,0,0,0,0,0,0,0,0,0,0,0,0,0,0,0,0,0,0,13,0,0,0,0,0,0,0,0,0,0,0,0,0,0,0,0,0,0,0,0,0,0,0,0,0,0,0,0,0,0,0,0,0,0,0,0,0,0,0,0,0,0,0,0,0,0,0,0
0.0226447,0.595777,0.896266,0,0,0,0,-1.09381e-09,-5.40046e-08,-8.11087e-08,1731,1,41,70,138,139,356,554,1594,1634,1663,1732,1949,2147,0,0,0,0,0,0,0,0,0,1,41,70,138,139,356,554,1594,1634,1663,1732,1949,2147,0,0,0,0,0,0,0,0,0,0.106334,0.112749,0.109661,0.100188,0.106047,0.108465,0.10963,0.0380922,0.0539032,0.047816,0.0375847,0.0439068,0.0470177,0,0,0,0,0,0,0,0,0,0.10617,0.112938,0.109539,0.1,0.105903,0.108323,0.110256,0.0372232,0.0552635,0.0468485,0.0363943,0.0437673,0.0488254,0,0,0,0,0,0,0,0,0,1,1,1,1,1,1,1,1,1,1,1,1,1,0,0,0,0,0,0,0,0,0,1,1,1,1,1,1,1,1,1,1,1,1,1,0,0,0,0,0,0,0,0,0,1,0,0,0,0,0,0,0,0,0,0,0,0,0,0,0,0,0,0,0,0,0,0,13,0,0,0,0,0,0,0,0,0,0,0,0,0,0,0,0,0,0,0,0,0,0,0,0,0,0,0,0,0,0,0,0,0,0,0,0,0,0,0,0,0,0,0,0,0,0,0,0
-0.0113748,0.586618,0.909358,0,0,0,0,1.85036e-11,-5.05932e-08,-7.8466e-08,1732,138,139,140,355,356,554,555,1731,1733,1948,1949,2147,2148,0,0,0,0,0,0,0,0,0,138,139,140,355,356,554,555,1731,1733,1948,1949,2147,2148,0,0,0,0,0,0,0,0,0,0.106087,0.100205,0.106117,0.108405,0.112624,0.109468,0.10958,0.0375847,0.0376829,0.0435835,0.0536625,0.0474236,0.0468863,0,0,0,0,0,0,0,0,0,0.105903,0.1,0.105842,0.108269,0.112858,0.109425,0.11026,0.0363943,0.0362107,0.0436189,0.0550832,0.046568,0.0488361,0,0,0,0,0,0,0,0,0,1,1,1,1,1,1,1,1,1,1,1,1,1,0,0,0,0,0,0,0,0,0,1,1,1,1,1,1,1,1,1,1,1,1,1,0,0,0,0,0,0,0,0,0,1,0,0,0,0,0,0,0,0,0,0,0,0,0,0,0,0,0,0,0,0,0,0,13,0,0,0,0,0,0,0,0,0,0,0,0,0,0,0,0,0,0,0,0,0,0,0,0,0,0,0,0,0,0,0,0,0,0,0,0,0,0,0,0,0,0,0,0,0,0,0,0
-0.0451505,0.57533,0.921678,0,0,0,0,1.14053e-09,-4.67687e-08,-7.47587e-08,1733,139,140,141,353,355,555,556,1732,1734,1946,1948,2148,2149,0,0,0,0,0,0,0,0,0,139,140,141,353,355,555,556,1732,1734,1946,1948,2148,2149,0,0,0,0,0,0,0,0,0,0.105998,0.100235,0.106683,0.108534,0.11261,0.109258,0.109907,0.0376829,0.0391231,0.0436631,0.0536429,0.0469596,0.0476651,0,0,0,0,0,0,0,0,0,0.105842,0.1,0.106225,0.108387,0.112895,0.109314,0.110641,0.0362107,0.0374252,0.0439303,0.0551664,0.0462795,0.0497762,0,0,0,0,0,0,0,0,0,1,1,1,1,1,1,1,1,1,1,1,1,1,0,0,0,0,0,0,0,0,0,1,1,1,1,1,1,1,1,1,1,1,1,1,0,0,0,0,0,0,0,0,0,1,0,0,0,0,0,0,0,0,0,0,0,0,0,0,0,0,0,0,0,0,0,0,13,0,0,0,0,0,0,0,0,0,0,0,0,0,0,0,0,0,0,0,0,0,0,0,0,0,0,0,0,0,0,0,0,0,0,0,0,0,0,0,0,0,0,0,0,0,0,0,0
-0.0796298,0.561281,0.933697,0,0,0,0,2.17391e-09,-4.2398e-08,-6.97809e-08,1734,140,141,142,350,353,556,557,1733,1735,1943,1946,2149,2150,0,0,0,0,0,0,0,0,0,140,141,142,350,353,556,557,1733,1735,1943,1946,2149,2150,0,0,0,0,0,0,0,0,0,0.106408,0.100379,0.107719,0.108616,0.11284,0.109193,0.110402,0.0391231,0.042389,0.0436492,0.0540826,0.0466657,0.0485156,0,0,0,0,0,0,0,0,0,0.106225,0.1,0.107221,0.108564,0.113164,0.109363,0.111104,0.0374252,0.0404813,0.0444034,0.0557728,0.0464061,0.0509035,0,0,0,0,0,0,0,0,0,1,1,1,1,1,1,1,1,1,1,1,1,1,0,0,0,0,0,0,0,0,0,1,1,1,1,1,1,1,1,1,1,1,1,1,0,0,0,0,0,0,0,0,0,1,0,0,0,0,0,0,0,0,0,0,0,0,0,0,0,0,0,0,0,0,0,0,13,0,0,0,0,0,0,0,0,0,0,0,0,0,0,0,0,0,0,0,0,0,0,0,0,0,0,0,0,0,0,0,0,0,0,0,0,0,0,0,0,0,0,0,0,0,0,0,0
-0.116388,0.543473,0.945034,0,0,0,0,2.93523e-09,-3.74971e-08,-6.32115e-08,1735,141,142,143,346,350,557,558,1734,1736,1939,1943,2150,2151,0,0,0,0,0,0,0,0,0,141,142,143,346,350,557,558,1734,1736,1939,1943,2150,2151,0,0,0,0,0,0,0,0,0,0.107194,0.0999064,0.108427,0.108999,0.112853,0.10937,0.110127,0.042389,0.0450546,0.0455436,0.0549465,0.0475733,0.0491421,0,0,0,0,0,0,0,0,0,0.107091,0.1,0.108257,0.108968,0.112786,0.109846,0.110044,0.0404813,0.0436778,0.045576,0.0547646,0.0479456,0.0483214,0,0,0,0,0,0,0,0,0,1,1,1,1,1,1,1,1,1,1,1,1,1,0,0,0,0,0,0,0,0,0,1,1,1,1,1,1,1,1,1,1,1,1,1,0,0,0,0,0,0,0,0,0,1,0,0,0,0,0,0,0,0,0,0,0,0,0,0,0,0,0,0,0,0,0,0,13,0,0,0,0,0,0,0,0,0,0,0,0,0,0,0,0,0,0,0,0,0,0,0,0,0,0,0,0,0,0,0,0,0,0,0,0,0,0,0,0,0,0,0,0,0,0,0,0
-0.156231,0.524066,0.953146,0,0,0,0,3.24486e-09,-3.26114e-08,-5.55086e-08,1736,142,143,144,341,346,558,559,1735,1737,1934,1939,2151,2152,0,0,0,0,0,0,0,0,0,142,143,144,341,346,558,559,1735,1737,1934,1939,2151,2152,0,0,0,0,0,0,0,0,0,0.107935,0.0998364,0.108832,0.109433,0.112724,0.110303,0.110699,0.0450546,0.0462978,0.0465652,0.055192,0.050436,0.0505804,0,0,0,0,0,0,0,0,0,0.108261,0.1,0.108652,0.10947,0.11225,0.110876,0.110407,0.0436778,0.0447507,0.0468887,0.0536693,0.0504353,0.0492315,0,0,0,0,0,0,0,0,0,1,1,1,1,1,1,1,1,1,1,1,1,1,0,0,0,0,0,0,0,0,0,1,1,1,1,1,1,1,1,1,1,1,1,1,0,0,0,0,0,0,0,0,0,1,0,0,0,0,0,0,0,0,0,0,0,0,0,0,0,0,0,0,0,0,0,0,13,0,0,0,0,0,0,0,0,0,0,0,0,0,0,0,0,0,0,0,0,0,0,0,0,0,0,0,0,0,0,0,0,0,0,0,0,0,0,0,0,0,0,0,0,0,0,0,0
-0.196859,0.50257,0.958696,0,0,0,0,2.98424e-09,-2.76409e-08,-4.66077e-08,1737,143,144,145,335,341,559,560,1736,1738,1928,1934,2152,2153,0,0,0,0,0,0,0,0,0,143,144,145,335,341,559,560,1736,1738,1928,1934,2152,2153,0,0,0,0,0,0,0,0,0,0.108434,0.0998167,0.109192,0.10996,0.112735,0.110858,0.110981,0.0462978,0.0472541,0.0478935,0.0552129,0.0513555,0.0513873,0,0,0,0,0,0,0,0,0,0.108655,0.1,0.109031,0.109997,0.112358,0.111352,0.110734,0.0447507,0.0457616,0.0482332,0.0539217,0.051581,0.0500415,0,0,0,0,0,0,0,0,0,1,1,1,1,1,1,1,1,1,1,1,1,1,0,0,0,0,0,0,0,0,0,1,1,1,1,1,1,1,1,1,1,1,1,1,0,0,0,0,0,0,0,0,0,1,0,0,0,0,0,0,0,0,0,0,0,0,0,0,0,0,0,0,0,0,0,0,13,0,0,0,0,0,0,0,0,0,0,0,0,0,0,0,0,0,0,0,0,0,0,0,0,0,0,0,0,0,0,0,0,0,0,0,0,0,0,0,0,0,0,0,0,0,0,0,0
-0.238021,0.479483,0.961066,0,0,0,0,1.97932e-09,-2.2763e-08,-3.66398e-08,1738,144,145,146,328,335,560,561,1737,1739,1921,1928,2153,2154,0,0,0,0,0,0,0,0,0,144,145,146,328,335,560,561,1737,1739,1921,1928,2153,2154,0,0,0,0,0,0,0,0,0,0.108881,0.0998382,0.109532,0.110512,0.112697,0.111414,0.111209,0.0472541,0.048072,0.0492198,0.0551918,0.0523845,0.0519738,0,0,0,0,0,0,0,0,0,0.109034,0.1,0.109393,0.110537,0.112417,0.11183,0.111012,0.0457616,0.0467073,0.0495822,0.0540598,0.0527093,0.0507241,0,0,0,0,0,0,0,0,0,1,1,1,1,1,1,1,1,1,1,1,1,1,0,0,0,0,0,0,0,0,0,1,1,1,1,1,1,1,1,1,1,1,1,1,0,0,0,0,0,0,0,0,0,1,0,0,0,0,0,0,0,0,0,0,0,0,0,0,0,0,0,0,0,0,0,0,13,0,0,0,0,0,0,0,0,0,0,0,0,0,0,0,0,0,0,0,0,0,0,0,0,0,0,0,0,0,0,0,0,0,0,0,0,0,0,0,0,0,0,0,0,0,0,0,0
-0.279412,0.455058,0.960028,0,0,0,0,7.85779e-11,-1.80745e-08,-2.56977e-08,1739,145,146,147,320,328,561,562,1738,1740,1913,1921,2154,2155,0,0,0,0,0,0,0,0,0,145,146,147,320,328,561,562,1738,1740,1913,1921,2154,2155,0,0,0,0,0,0,0,0,0,0.109298,0.0998632,0.109853,0.11106,0.112624,0.111965,0.111371,0.048072,0.0488093,0.0505211,0.0550728,0.0533939,0.0523994,0,0,0,0,0,0,0,0,0,0.109394,0.1,0.109734,0.111084,0.11242,0.112294,0.111235,0.0467073,0.0475833,0.0509145,0.0540708,0.0537831,0.0512696,0,0,0,0,0,0,0,0,0,1,1,1,1,1,1,1,1,1,1,1,1,1,0,0,0,0,0,0,0,0,0,1,1,1,1,1,1,1,1,1,1,1,1,1,0,0,0,0,0,0,0,0,0,1,0,0,0,0,0,0,0,0,0,0,0,0,0,0,0,0,0,0,0,0,0,0,13,0,0,0,0,0,0,0,0,0,0,0,0,0,0,0,0,0,0,0,0,0,0,0,0,0,0,0,0,0,0,0,0,0,0,0,0,0,0,0,0,0,0,0,0,0,0,0,0
-0.320755,0.429517,0.95547,0,0,0,0,-2.84522e-09,-1.36604e-08,-1.38898e-08,1740,146,147,148,311,320,562,563,1739,1741,1904,1913,2155,2156,0,0,0,0,0,0,0,0,0,146,147,148,311,320,562,563,1739,1741,1904,1913,2155,2156,0,0,0,0,0,0,0,0,0,0.109685,0.0998926,0.110155,0.111603,0.112515,0.112468,0.111489,0.0488093,0.049476,0.0517932,0.0548544,0.0543364,0.0527063,0,0,0,0,0,0,0,0,0,0.109734,0.1,0.110049,0.11163,0.112372,0.11273,0.111408,0.0475833,0.048381,0.0522205,0.0539624,0.0547744,0.0516922,0,0,0,0,0,0,0,0,0,1,1,1,1,1,1,1,1,1,1,1,1,1,0,0,0,0,0,0,0,0,0,1,1,1,1,1,1,1,1,1,1,1,1,1,0,0,0,0,0,0,0,0,0,1,0,0,0,0,0,0,0,0,0,0,0,0,0,0,0,0,0,0,0,0,0,0,13,0,0,0,0,0,0,0,0,0,0,0,0,0,0,0,0,0,0,0,0,0,0,0,0,0,0,0,0,0,0,0,0,0,0,0,0,0,0,0,0,0,0,0,0,0,0,0,0
-0.361768,0.403061,0.947351,0,0,0,0,-6.89211e-09,-9.60102e-09,-1.34638e-09,1741,147,148,149,301,311,563,564,1740,1742,1894,1904,2156,2157,0,0,0,0,0,0,0,0,0,147,148,149,301,311,563,564,1740,1742,1894,1904,2156,2157,0,0,0,0,0,0,0,0,0,0.110038,0.0999215,0.110429,0.112146,0.112384,0.112917,0.111587,0.049476,0.0500611,0.05305,0.0545716,0.055196,0.0529548,0,0,0,0,0,0,0,0,0,0.110047,0.1,0.11033,0.11218,0.112287,0.113131,0.111549,0.048381,0.0490859,0.0535085,0.0537685,0.0556755,0.052037,0,0,0,0,0,0,0,0,0,1,1,1,1,1,1,1,1,1,1,1,1,1,0,0,0,0,0,0,0,0,0,1,1,1,1,1,1,1,1,1,1,1,1,1,0,0,0,0,0,0,0,0,0,1,0,0,0,0,0,0,0,0,0,0,0,0,0,0,0,0,0,0,0,0,0,0,13,0,0,0,0,0,0,0,0,0,0,0,0,0,0,0,0,0,0,0,0,0,0,0,0,0,0,0,0,0,0,0,0,0,0,0,0,0,0,0,0,0,0,0,0,0,0,0,0
-0.402158,0.37588,0.935693,0,0,0,0,-1.21312e-08,-5.96714e-09,1.17786e-08,1742,148,149,150,290,301,564,565,1741,1743,1883,1894,2157,2158,0,0,0,0,0,0,0,0,0,148,149,150,290,301,564,565,1741,1743,1883,1894,2157,2158,0,0,0,0,0,0,0,0,0,0.110349,0.0999475,0.110663,0.112718,0.112262,0.113331,0.111719,0.0500611,0.0505426,0.0543647,0.0543056,0.0560137,0.0532664,0,0,0,0,0,0,0,0,0,0.110327,0.1,0.110569,0.112763,0.112199,0.113516,0.111708,0.0490859,0.0496768,0.0548463,0.0535678,0.056527,0.0524213,0,0,0,0,0,0,0,0,0,1,1,1,1,1,1,1,1,1,1,1,1,1,0,0,0,0,0,0,0,0,0,1,1,1,1,1,1,1,1,1,1,1,1,1,0,0,0,0,0,0,0,0,0,1,0,0,0,0,0,0,0,0,0,0,0,0,0,0,0,0,0,0,0,0,0,0,13,0,0,0,0,0,0,0,0,0,0,0,0,0,0,0,0,0,0,0,0,0,0,0,0,0,0,0,0,0,0,0,0,0,0,0,0,0,0,0,0,0,0,0,0,0,0,0,0
-0.441627,0.348161,0.92058,0,0,0,0,-1.86006e-08,-2.8133e-09,2.53052e-08,1743,149,150,151,278,290,565,566,1742,1744,1871,1883,2158,2159,0,0,0,0,0,0,0,0,0,149,150,151,278,290,565,566,1742,1744,1871,1883,2158,2159,0,0,0,0,0,0,0,0,0,0.110609,0.0999705,0.109633,0.113381,0.112221,0.113787,0.111987,0.0505426,0.0478876,0.0558812,0.0542263,0.0569463,0.0538486,0,0,0,0,0,0,0,0,0,0.110564,0.1,0.10955,0.113441,0.112183,0.11395,0.111981,0.0496768,0.0471083,0.0563738,0.0535325,0.0574796,0.0530696,0,0,0,0,0,0,0,0,0,1,1,1,1,1,1,1,1,1,1,1,1,1,0,0,0,0,0,0,0,0,0,1,1,1,1,1,1,1,1,1,1,1,1,1,0,0,0,0,0,0,0,0,0,1,0,0,0,0,0,0,0,0,0,0,0,0,0,0,0,0,0,0,0,0,0,0,13,0,0,0,0,0,0,0,0,0,0,0,0,0,0,0,0,0,0,0,0,0,0,0,0,0,0,0,0,0,0,0,0,0,0,0,0,0,0,0,0,0,0,0,0,0,0,0,0
-0.477643,0.321717,0.903351,0,0,0,0,-2.58017e-08,-3.26412e-10,3.82781e-08,1744,150,151,152,266,278,566,567,1743,1745,1859,1871,2159,2160,0,0,0,0,0,0,0,0,0,150,151,152,266,278,566,567,1743,1745,1859,1871,2159,2160,0,0,0,0,0,0,0,0,0,0.109608,0.0999886,0.109348,0.113612,0.111965,0.113774,0.111865,0.0478876,0.047086,0.0564106,0.0535991,0.0568871,0.0535552,0,0,0,0,0,0,0,0,0,0.109546,0.1,0.109277,0.113675,0.111941,0.113922,0.111871,0.0471083,0.0463987,0.056893,0.0529703,0.0574135,0.0528164,0,0,0,0,0,0,0,0,0,1,1,1,1,1,1,1,1,1,1,1,1,1,0,0,0,0,0,0,0,0,0,1,1,1,1,1,1,1,1,1,1,1,1,1,0,0,0,0,0,0,0,0,0,1,0,0,0,0,0,0,0,0,0,0,0,0,0,0,0,0,0,0,0,0,0,0,13,0,0,0,0,0,0,0,0,0,0,0,0,0,0,0,0,0,0,0,0,0,0,0,0,0,0,0,0,0,0,0,0,0,0,0,0,0,0,0,0,0,0,0,0,0,0,0,0
-0.511615,0.295641,0.883779,0,0,0,0,-3.39078e-08,1.63719e-09,5.1027e-08,1745,151,152,153,254,266,567,568,1744,1746,1847,1859,2160,2161,0,0,0,0,0,0,0,0,0,151,152,153,254,266,567,568,1744,1746,1847,1859,2160,2161,0,0,0,0,0,0,0,0,0,0.109343,0.0999997,0.109383,0.113655,0.111684,0.113721,0.111585,0.047086,0.0471234,0.056521,0.0529159,0.0567738,0.0528979,0,0,0,0,0,0,0,0,0,0.109272,0.1,0.109325,0.113716,0.111661,0.113861,0.111599,0.0463987,0.0465232,0.0569843,0.0523125,0.0572777,0.0521786,0,0,0,0,0,0,0,0,0,1,1,1,1,1,1,1,1,1,1,1,1,1,0,0,0,0,0,0,0,0,0,1,1,1,1,1,1,1,1,1,1,1,1,1,0,0,0,0,0,0,0,0,0,1,0,0,0,0,0,0,0,0,0,0,0,0,0,0,0,0,0,0,0,0,0,0,13,0,0,0,0,0,0,0,0,0,0,0,0,0,0,0,0,0,0,0,0,0,0,0,0,0,0,0,0,0,0,0,0,0,0,0,0,0,0,0,0,0,0,0,0,0,0,0,0
-0.544076,0.269549,0.861732,0,0,0,0,-4.30053e-08,3.11409e-09,6.36386e-08,1746,152,153,154,243,254,568,569,1745,1747,1836,1847,2161,2162,0,0,0,0,0,0,0,0,0,152,153,154,243,254,568,569,1745,1747,1836,1847,2161,2162,0,0,0,0,0,0,0,0,0,0.109393,0.100007,0.109739,0.113606,0.111308,0.113548,0.111217,0.0471234,0.0479985,0.0564335,0.0520065,0.0564044,0.0520137,0,0,0,0,0,0,0,0,0,0.10932,0.1,0.109696,0.113667,0.111282,0.11368,0.11123,0.0465232,0.0474826,0.0568748,0.0514119,0.0568793,0.0513022,0,0,0,0,0,0,0,0,0,1,1,1,1,1,1,1,1,1,1,1,1,1,0,0,0,0,0,0,0,0,0,1,1,1,1,1,1,1,1,1,1,1,1,1,0,0,0,0,0,0,0,0,0,1,0,0,0,0,0,0,0,0,0,0,0,0,0,0,0,0,0,0,0,0,0,0,13,0,0,0,0,0,0,0,0,0,0,0,0,0,0,0,0,0,0,0,0,0,0,0,0,0,0,0,0,0,0,0,0,0,0,0,0,0,0,0,0,0,0,0,0,0,0,0,0
-0.575467,0.243051,0.836906,0,0,0,0,-5.32246e-08,4.12316e-09,7.61887e-08,1747,153,154,155,232,243,569,570,1746,1748,1825,1836,2162,2163,0,0,0,0,0,0,0,0,0,153,154,155,232,243,569,570,1746,1748,1825,1836,2162,2163,0,0,0,0,0,0,0,0,0,0.109764,0.10001,0.110856,0.113636,0.110784,0.113199,0.110831,0.0479985,0.0507393,0.0565296,0.0507383,0.0556312,0.0510724,0,0,0,0,0,0,0,0,0,0.109692,0.1,0.11083,0.113702,0.110756,0.113317,0.110837,0.0474826,0.050316,0.0569532,0.0501401,0.0560727,0.0503518,0,0,0,0,0,0,0,0,0,1,1,1,1,1,1,1,1,1,1,1,1,1,0,0,0,0,0,0,0,0,0,1,1,1,1,1,1,1,1,1,1,1,1,1,0,0,0,0,0,0,0,0,0,1,0,0,0,0,0,0,0,0,0,0,0,0,0,0,0,0,0,0,0,0,0,0,13,0,0,0,0,0,0,0,0,0,0,0,0,0,0,0,0,0,0,0,0,0,0,0,0,0,0,0,0,0,0,0,0,0,0,0,0,0,0,0,0,0,0,0,0,0,0,0,0
-0.606741,0.215217,0.808241,0,0,0,0,-6.49673e-08,4.70862e-09,8.89729e-08,1748,154,155,156,221,232,570,571,1747,1749,1814,1825,2163,2164,0,0,0,0,0,0,0,0,0,154,155,156,221,232,570,571,1747,1749,1814,1825,2163,2164,0,0,0,0,0,0,0,0,0,0.110895,0.100013,0.110683,0.113213,0.109921,0.11246,0.110255,0.0507393,0.050269,0.0556305,0.0486187,0.0539519,0.0495996,0,0,0,0,0,0,0,0,0,0.110826,0.1,0.110668,0.113284,0.109904,0.112557,0.110251,0.050316,0.0499185,0.0560207,0.0480177,0.0543523,0.0489055,0,0,0,0,0,0,0,0,0,1,1,1,1,1,1,1,1,1,1,1,1,1,0,0,0,0,0,0,0,0,0,1,1,1,1,1,1,1,1,1,1,1,1,1,0,0,0,0,0,0,0,0,0,1,0,0,0,0,0,0,0,0,0,0,0,0,0,0,0,0,0,0,0,0,0,0,13,0,0,0,0,0,0,0,0,0,0,0,0,0,0,0,0,0,0,0,0,0,0,0,0,0,0,0,0,0,0,0,0,0,0,0,0,0,0,0,0,0,0,0,0,0,0,0,0
-0.635706,0.18786,0.777588,0,0,0,0,-7.74502e-08,4.81549e-09,1.01045e-07,1749,155,156,157,211,221,571,572,1748,1750,1804,1814,2164,2165,0,0,0,0,0,0,0,0,0,155,156,157,211,221,571,572,1748,1750,1804,1814,2164,2165,0,0,0,0,0,0,0,0,0,0.110725,0.100013,0.110436,0.112888,0.109245,0.111819,0.109793,0.050269,0.0496217,0.0549337,0.046865,0.0524786,0.0483874,0,0,0,0,0,0,0,0,0,0.110665,0.1,0.110432,0.112956,0.109228,0.111898,0.109783,0.0499185,0.0493354,0.0552831,0.0462787,0.0528286,0.0477241,0,0,0,0,0,0,0,0,0,1,1,1,1,1,1,1,1,1,1,1,1,1,0,0,0,0,0,0,0,0,0,1,1,1,1,1,1,1,1,1,1,1,1,1,0,0,0,0,0,0,0,0,0,1,0,0,0,0,0,0,0,0,0,0,0,0,0,0,0,0,0,0,0,0,0,0,13,0,0,0,0,0,0,0,0,0,0,0,0,0,0,0,0,0,0,0,0,0,0,0,0,0,0,0,0,0,0,0,0,0,0,0,0,0,0,0,0,0,0,0,0,0,0,0,0
-0.662259,0.161133,0.745294,0,0,0,0,-9.05012e-08,4.52173e-09,1.1226e-07,1750,156,157,158,201,211,572,573,1749,1751,1794,1804,2165,2166,0,0,0,0,0,0,0,0,0,156,157,158,201,211,572,573,1749,1751,1794,1804,2165,2166,0,0,0,0,0,0,0,0,0,0.110482,0.100013,0.110123,0.112584,0.10866,0.111219,0.109381,0.0496217,0.0488114,0.0542751,0.0452921,0.0510788,0.0472834,0,0,0,0,0,0,0,0,0,0.110431,0.1,0.11013,0.112648,0.108642,0.111283,0.109368,0.0493354,0.0485807,0.0545815,0.0447262,0.0513731,0.046655,0,0,0,0,0,0,0,0,0,1,1,1,1,1,1,1,1,1,1,1,1,1,0,0,0,0,0,0,0,0,0,1,1,1,1,1,1,1,1,1,1,1,1,1,0,0,0,0,0,0,0,0,0,1,0,0,0,0,0,0,0,0,0,0,0,0,0,0,0,0,0,0,0,0,0,0,13,0,0,0,0,0,0,0,0,0,0,0,0,0,0,0,0,0,0,0,0,0,0,0,0,0,0,0,0,0,0,0,0,0,0,0,0,0,0,0,0,0,0,0,0,0,0,0,0
-0.686345,0.13517,0.711704,0,0,0,0,-1.03944e-07,3.91423e-09,1.22517e-07,1751,157,158,159,192,201,573,574,1750,1752,1785,1794,2166,2167,0,0,0,0,0,0,0,0,0,157,158,159,192,201,573,574,1750,1752,1785,1794,2166,2167,0,0,0,0,0,0,0,0,0,0.110175,0.100012,0.109753,0.112272,0.108128,0.110635,0.108994,0.0488114,0.0478557,0.0535927,0.0438121,0.0496846,0.0462248,0,0,0,0,0,0,0,0,0,0.11013,0.1,0.109771,0.112332,0.108109,0.110684,0.108979,0.0485807,0.0476712,0.0538554,0.0432706,0.0499214,0.045636,0,0,0,0,0,0,0,0,0,1,1,1,1,1,1,1,1,1,1,1,1,1,0,0,0,0,0,0,0,0,0,1,1,1,1,1,1,1,1,1,1,1,1,1,0,0,0,0,0,0,0,0,0,1,0,0,0,0,0,0,0,0,0,0,0,0,0,0,0,0,0,0,0,0,0,0,13,0,0,0,0,0,0,0,0,0,0,0,0,0,0,0,0,0,0,0,0,0,0,0,0,0,0,0,0,0,0,0,0,0,0,0,0,0,0,0,0,0,0,0,0,0,0,0,0
-0.707955,0.110081,0.677153,0,0,0,0,-1.17611e-07,3.08356e-09,1.31749e-07,1752,158,159,160,184,192,574,575,1751,1753,1777,1785,2167,2168,0,0,0,0,0,0,0,0,0,158,159,160,184,192,574,575,1751,1753,1777,1785,2167,2168,0,0,0,0,0,0,0,0,0,0.109812,0.100011,0.109338,0.111944,0.107635,0.110062,0.108624,0.0478557,0.0467732,0.0528707,0.042396,0.0482839,0.0451872,0,0,0,0,0,0,0,0,0,0.109772,0.1,0.109366,0.112001,0.107614,0.110096,0.108607,0.0476712,0.046626,0.053088,0.0418831,0.0484638,0.0446424,0,0,0,0,0,0,0,0,0,1,1,1,1,1,1,1,1,1,1,1,1,1,0,0,0,0,0,0,0,0,0,1,1,1,1,1,1,1,1,1,1,1,1,1,0,0,0,0,0,0,0,0,0,1,0,0,0,0,0,0,0,0,0,0,0,0,0,0,0,0,0,0,0,0,0,0,13,0,0,0,0,0,0,0,0,0,0,0,0,0,0,0,0,0,0,0,0,0,0,0,0,0,0,0,0,0,0,0,0,0,0,0,0,0,0,0,0,0,0,0,0,0,0,0,0
-0.727115,0.085958,0.641958,0,0,0,0,-1.31352e-07,2.12494e-09,1.39906e-07,1753,159,160,161,177,184,575,576,1752,1754,1770,1777,2168,2169,0,0,0,0,0,0,0,0,0,159,160,161,177,184,575,576,1752,1754,1770,1777,2168,2169,0,0,0,0,0,0,0,0,0,0.109402,0.100009,0.108895,0.111598,0.10717,0.109501,0.108269,0.0467732,0.0455762,0.0521166,0.0410327,0.0468784,0.0441659,0,0,0,0,0,0,0,0,0,0.109368,0.1,0.108925,0.111658,0.107153,0.109521,0.108249,0.046626,0.0454654,0.0522819,0.0405528,0.047003,0.043668,0,0,0,0,0,0,0,0,0,1,1,1,1,1,1,1,1,1,1,1,1,1,0,0,0,0,0,0,0,0,0,1,1,1,1,1,1,1,1,1,1,1,1,1,0,0,0,0,0,0,0,0,0,1,0,0,0,0,0,0,0,0,0,0,0,0,0,0,0,0,0,0,0,0,0,0,13,0,0,0,0,0,0,0,0,0,0,0,0,0,0,0,0,0,0,0,0,0,0,0,0,0,0,0,0,0,0,0,0,0,0,0,0,0,0,0,0,0,0,0,0,0,0,0,0
-0.74388,0.0628651,0.606421,0,0,0,0,-1.45021e-07,1.16341e-09,1.46928e-07,1754,160,161,162,171,177,576,577,1753,1755,1764,1770,2169,2170,0,0,0,0,0,0,0,0,0,160,161,162,171,177,576,577,1753,1755,1764,1770,2169,2170,0,0,0,0,0,0,0,0,0,0.10895,0.100008,0.108431,0.11127,0.106732,0.10895,0.107924,0.0455762,0.044302,0.0512962,0.0397358,0.0454703,0.0431619,0,0,0,0,0,0,0,0,0,0.108927,0.1,0.108459,0.111309,0.106725,0.108964,0.107906,0.0454654,0.0442106,0.0514521,0.0392808,0.0455511,0.0427179,0,0,0,0,0,0,0,0,0,1,1,1,1,1,1,1,1,1,1,1,1,1,0,0,0,0,0,0,0,0,0,1,1,1,1,1,1,1,1,1,1,1,1,1,0,0,0,0,0,0,0,0,0,1,0,0,0,0,0,0,0,0,0,0,0,0,0,0,0,0,0,0,0,0,0,0,13,0,0,0,0,0,0,0,0,0,0,0,0,0,0,0,0,0,0,0,0,0,0,0,0,0,0,0,0,0,0,0,0,0,0,0,0,0,0,0,0,0,0,0,0,0,0,0,0
-0.758346,0.0408493,0.570803,0,0,0,0,-1.5851e-07,3.37709e-10,1.52856e-07,1755,161,162,163,166,171,577,578,1754,1756,1759,1764,2170,2171,0,0,0,0,0,0,0,0,0,161,162,163,166,171,577,578,1754,1756,1759,1764,2170,2171,0,0,0,0,0,0,0,0,0,0.108477,0.10001,0.107945,0.110938,0.106344,0.10842,0.107596,0.044302,0.0429678,0.0504924,0.0384777,0.0440822,0.0421868,0,0,0,0,0,0,0,0,0,0.108461,0.1,0.107977,0.110967,0.10633,0.108432,0.107584,0.0442106,0.0428818,0.0506266,0.038076,0.044125,0.0418088,0,0,0,0,0,0,0,0,0,1,1,1,1,1,1,1,1,1,1,1,1,1,0,0,0,0,0,0,0,0,0,1,1,1,1,1,1,1,1,1,1,1,1,1,0,0,0,0,0,0,0,0,0,1,0,0,0,0,0,0,0,0,0,0,0,0,0,0,0,0,0,0,0,0,0,0,13,0,0,0,0,0,0,0,0,0,0,0,0,0,0,0,0,0,0,0,0,0,0,0,0,0,0,0,0,0,0,0,0,0,0,0,0,0,0,0,0,0,0,0,0,0,0,0,0
-0.77063,0.0199596,0.535321,0,0,0,0,-1.71785e-07,-2.54824e-10,1.578e-07,1756,162,163,164,166,578,579,1755,1757,1759,2171,2172,0,0,0,0,0,0,0,0,0,0,0,162,163,164,166,578,579,1755,1757,1759,2171,2172,0,0,0,0,0,0,0,0,0,0,0,0.107993,0.1,0.107463,0.105983,0.107921,0.107288,0.0429678,0.041497,0.0372516,0.0427577,0.0413111,0,0,0,0,0,0,0,0,0,0,0,0.10798,0.1,0.107489,0.105972,0.107931,0.107295,0.0428818,0.0414989,0.0369548,0.0427464,0.0409761,0,0,0,0,0,0,0,0,0,0,0,1,1,1,1,1,1,1,1,1,1,1,0,0,0,0,0,0,0,0,0,0,0,1,1,1,1,1,1,1,1,1,1,1,0,0,0,0,0,0,0,0,0,0,0,1,0,0,0,0,0,0,0,0,0,0,0,0,0,0,0,0,0,0,0,0,0,0,11,0,0,0,0,0,0,0,0,0,0,0,0,0,0,0,0,0,0,0,0,0,0,0,0,0,0,0,0,0,0,0,0,0,0,0,0,0,0,0,0,0,0,0,0,0,0,0,0
-0.780865,0.000194797,0.500298,0,0,0,0,-1.84694e-07,-5.2487e-10,1.61807e-07,1757,163,164,579,1756,2172,0,0,0,0,0,0,0,0,0,0,0,0,0,0,0,0,0,163,164,579,1756,2172,0,0,0,0,0,0,0,0,0,0,0,0,0,0,0,0,0,0.107497,0.100017,0.107446,0.041497,0.0414527,0,0,0,0,0,0,0,0,0,0,0,0,0,0,0,0,0,0.107492,0.1,0.107471,0.0414989,0.0414444,0,0,0,0,0,0,0,0,0,0,0,0,0,0,0,0,0,1,1,1,1,1,0,0,0,0,0,0,0,0,0,0,0,0,0,0,0,0,0,1,1,1,1,1,0,0,0,0,0,0,0,0,0,0,0,0,0,0,0,0,0,1,0,0,0,0,0,0,0,0,0,0,0,0,0,0,0,0,0,0,0,0,0,0,5,0,0,0,0,0,0,0,0,0,0,0,0,0,0,0,0,0,0,0,0,0,0,0,0,0,0,0,0,0,0,0,0,0,0,0,0,0,0,0,0,0,0,0,0,0,0,0,0
-0.772734,0.0913256,0.512578,0,0,0,0,-1.77512e-07,3.60271e-10,1.57257e-07,1758,165,166,170,171,1759,1763,1764,0,0,0,0,0,0,0,0,0,0,0,0,0,0,0,165,166,170,171,1759,1763,1764,0,0,0,0,0,0,0,0,0,0,0,0,0,0,0,0.100017,0.106143,0.108386,0.111153,0.0377001,0.0441055,0.0509598,0,0,0,0,0,0,0,0,0,0,0,0,0,0,0,0.1,0.106151,0.108354,0.1112,0.0375256,0.0439244,0.0511637,0,0,0,0,0,0,0,0,0,0,0,0,0,0,0,1,1,1,1,1,1,1,0,0,0,0,0,0,0,0,0,0,0,0,0,0,0,1,1,1,1,1,1,1,0,0,0,0,0,0,0,0,0,0,0,0,0,0,0,1,0,0,0,0,0,0,0,0,0,0,0,0,0,0,0,0,0,0,0,0,0,0,7,0,0,0,0,0,0,0,0,0,0,0,0,0,0,0,0,0,0,0,0,0,0,0,0,0,0,0,0,0,0,0,0,0,0,0,0,0,0,0,0,0,0,0,0,0,0,0,0
-0.772317,0.0555874,0.524574,0,0,0,0,-1.74848e-07,2.59214e-10,1.57952e-07,1759,162,163,165,166,171,1755,1756,1758,1764,0,0,0,0,0,0,0,0,0,0,0,0,0,162,163,165,166,171,1755,1756,1758,1764,0,0,0,0,0,0,0,0,0,0,0,0,0,0.110938,0.105978,0.106184,0.100005,0.108166,0.0504924,0.0372516,0.0377001,0.0435934,0,0,0,0,0,0,0,0,0,0,0,0,0,0.110976,0.105971,0.106153,0.1,0.108184,0.0506266,0.0369548,0.0375256,0.0434544,0,0,0,0,0,0,0,0,0,0,0,0,0,1,1,1,1,1,1,1,1,1,0,0,0,0,0,0,0,0,0,0,0,0,0,1,1,1,1,1,1,1,1,1,0,0,0,0,0,0,0,0,0,0,0,0,0,1,0,0,0,0,0,0,0,0,0,0,0,0,0,0,0,0,0,0,0,0,0,0,9,0,0,0,0,0,0,0,0,0,0,0,0,0,0,0,0,0,0,0,0,0,0,0,0,0,0,0,0,0,0,0,0,0,0,0,0,0,0,0,0,0,0,0,0,0,0,0,0
-0.749315,0.22847,0.499451,0,0,0,0,-1.63438e-07,-1.91565e-09,1.36987e-07,1760,167,168,173,174,1761,1766,1767,0,0,0,0,0,0,0,0,0,0,0,0,0,0,0,167,168,173,174,1761,1766,1767,0,0,0,0,0,0,0,0,0,0,0,0,0,0,0,0.100016,0.107681,0.109059,0.112326,0.0422393,0.0459982,0.0537074,0,0,0,0,0,0,0,0,0,0,0,0,0,0,0,0.1,0.10767,0.109046,0.112373,0.0420555,0.0458045,0.0539171,0,0,0,0,0,0,0,0,0,0,0,0,0,0,0,1,1,1,1,1,1,1,0,0,0,0,0,0,0,0,0,0,0,0,0,0,0,1,1,1,1,1,1,1,0,0,0,0,0,0,0,0,0,0,0,0,0,0,0,1,0,0,0,0,0,0,0,0,0,0,0,0,0,0,0,0,0,0,0,0,0,0,7,0,0,0,0,0,0,0,0,0,0,0,0,0,0,0,0,0,0,0,0,0,0,0,0,0,0,0,0,0,0,0,0,0,0,0,0,0,0,0,0,0,0,0,0,0,0,0,0
-0.754159,0.1905,0.517312,0,0,0,0,-1.63569e-07,1.80263e-10,1.42476e-07,1761,167,168,169,174,175,1760,1762,1767,1768,0,0,0,0,0,0,0,0,0,0,0,0,0,167,168,169,174,175,1760,1762,1767,1768,0,0,0,0,0,0,0,0,0,0,0,0,0,0.107663,0.100011,0.107343,0.108963,0.112085,0.0422393,0.0412654,0.0458607,0.0531682,0,0,0,0,0,0,0,0,0,0,0,0,0,0.107672,0.1,0.107285,0.109,0.112124,0.0420555,0.0409489,0.0456762,0.053343,0,0,0,0,0,0,0,0,0,0,0,0,0,1,1,1,1,1,1,1,1,1,0,0,0,0,0,0,0,0,0,0,0,0,0,1,1,1,1,1,1,1,1,1,0,0,0,0,0,0,0,0,0,0,0,0,0,1,0,0,0,0,0,0,0,0,0,0,0,0,0,0,0,0,0,0,0,0,0,0,9,0,0,0,0,0,0,0,0,0,0,0,0,0,0,0,0,0,0,0,0,0,0,0,0,0,0,0,0,0,0,0,0,0,0,0,0,0,0,0,0,0,0,0,0,0,0,0,0
-0.757436,0.152584,0.533263,0,0,0,0,-1.63381e-07,1.28732e-09,1.4714e-07,1762,168,169,170,175,176,1761,1763,1768,1769,0,0,0,0,0,0,0,0,0,0,0,0,0,168,169,170,175,176,1761,1763,1768,1769,0,0,0,0,0,0,0,0,0,0,0,0,0,0.107234,0.100009,0.106975,0.108896,0.111826,0.0412654,0.0402499,0.0456237,0.0525364,0,0,0,0,0,0,0,0,0,0,0,0,0,0.107287,0.1,0.106906,0.108918,0.111849,0.0409489,0.039833,0.0454545,0.0527025,0,0,0,0,0,0,0,0,0,0,0,0,0,1,1,1,1,1,1,1,1,1,0,0,0,0,0,0,0,0,0,0,0,0,0,1,1,1,1,1,1,1,1,1,0,0,0,0,0,0,0,0,0,0,0,0,0,1,0,0,0,0,0,0,0,0,0,0,0,0,0,0,0,0,0,0,0,0,0,0,9,0,0,0,0,0,0,0,0,0,0,0,0,0,0,0,0,0,0,0,0,0,0,0,0,0,0,0,0,0,0,0,0,0,0,0,0,0,0,0,0,0,0,0,0,0,0,0,0
-0.7592,0.114905,0.547307,0,0,0,0,-1.62663e-07,1.63202e-09,1.50719e-07,1763,165,169,170,171,176,177,1758,1762,1764,1769,1770,0,0,0,0,0,0,0,0,0,0,0,165,169,170,171,176,177,1758,1762,1764,1769,1770,0,0,0,0,0,0,0,0,0,0,0,0.10831,0.106847,0.0999958,0.106617,0.10882,0.111575,0.0441055,0.0402499,0.0392454,0.0453712,0.0519667,0,0,0,0,0,0,0,0,0,0,0,0.108352,0.106908,0.1,0.106564,0.108802,0.111569,0.0439244,0.039833,0.0388028,0.0451385,0.0520455,0,0,0,0,0,0,0,0,0,0,0,1,1,1,1,1,1,1,1,1,1,1,0,0,0,0,0,0,0,0,0,0,0,1,1,1,1,1,1,1,1,1,1,1,0,0,0,0,0,0,0,0,0,0,0,1,0,0,0,0,0,0,0,0,0,0,0,0,0,0,0,0,0,0,0,0,0,0,11,0,0,0,0,0,0,0,0,0,0,0,0,0,0,0,0,0,0,0,0,0,0,0,0,0,0,0,0,0,0,0,0,0,0,0,0,0,0,0,0,0,0,0,0,0,0,0,0
-0.759446,0.0777207,0.559856,0,0,0,0,-1.60856e-07,1.14418e-09,1.52432e-07,1764,161,162,165,166,170,171,177,1754,1755,1758,1759,1763,1770,0,0,0,0,0,0,0,0,0,161,162,165,166,170,171,177,1754,1755,1758,1759,1763,1770,0,0,0,0,0,0,0,0,0,0.111291,0.106356,0.111179,0.108195,0.10654,0.100014,0.108641,0.0512962,0.0384777,0.0509598,0.0435934,0.0392454,0.044843,0,0,0,0,0,0,0,0,0,0.111319,0.106328,0.11119,0.108182,0.106566,0.1,0.108649,0.0514521,0.038076,0.0511637,0.0434544,0.0388028,0.0447231,0,0,0,0,0,0,0,0,0,1,1,1,1,1,1,1,1,1,1,1,1,1,0,0,0,0,0,0,0,0,0,1,1,1,1,1,1,1,1,1,1,1,1,1,0,0,0,0,0,0,0,0,0,1,0,0,0,0,0,0,0,0,0,0,0,0,0,0,0,0,0,0,0,0,0,0,13,0,0,0,0,0,0,0,0,0,0,0,0,0,0,0,0,0,0,0,0,0,0,0,0,0,0,0,0,0,0,0,0,0,0,0,0,0,0,0,0,0,0,0,0,0,0,0,0
-0.723458,0.294759,0.510518,0,0,0,0,-1.44373e-07,-5.26165e-09,1.18532e-07,1765,172,173,179,180,1766,1772,1773,0,0,0,0,0,0,0,0,0,0,0,0,0,0,0,172,173,179,180,1766,1772,1773,0,0,0,0,0,0,0,0,0,0,0,0,0,0,0,0.100015,0.108534,0.109377,0.112838,0.0446433,0.0468954,0.0548172,0,0,0,0,0,0,0,0,0,0,0,0,0,0,0,0.1,0.108524,0.109372,0.112876,0.0444222,0.0466665,0.0550662,0,0,0,0,0,0,0,0,0,0,0,0,0,0,0,1,1,1,1,1,1,1,0,0,0,0,0,0,0,0,0,0,0,0,0,0,0,1,1,1,1,1,1,1,0,0,0,0,0,0,0,0,0,0,0,0,0,0,0,1,0,0,0,0,0,0,0,0,0,0,0,0,0,0,0,0,0,0,0,0,0,0,7,0,0,0,0,0,0,0,0,0,0,0,0,0,0,0,0,0,0,0,0,0,0,0,0,0,0,0,0,0,0,0,0,0,0,0,0,0,0,0,0,0,0,0,0,0,0,0,0
-0.730934,0.256007,0.531383,0,0,0,0,-1.46008e-07,-1.26712e-09,1.26525e-07,1766,167,172,173,174,180,181,1760,1765,1767,1773,1774,0,0,0,0,0,0,0,0,0,0,0,167,172,173,174,180,181,1760,1765,1767,1773,1774,0,0,0,0,0,0,0,0,0,0,0,0.109024,0.108501,0.100016,0.108168,0.109387,0.112686,0.0459982,0.0446433,0.0437364,0.0470405,0.0545086,0,0,0,0,0,0,0,0,0,0,0,0.109046,0.108526,0.1,0.108149,0.109392,0.112697,0.0458045,0.0444222,0.0433964,0.0467125,0.0546594,0,0,0,0,0,0,0,0,0,0,0,1,1,1,1,1,1,1,1,1,1,1,0,0,0,0,0,0,0,0,0,0,0,1,1,1,1,1,1,1,1,1,1,1,0,0,0,0,0,0,0,0,0,0,0,1,0,0,0,0,0,0,0,0,0,0,0,0,0,0,0,0,0,0,0,0,0,0,11,0,0,0,0,0,0,0,0,0,0,0,0,0,0,0,0,0,0,0,0,0,0,0,0,0,0,0,0,0,0,0,0,0,0,0,0,0,0,0,0,0,0,0,0,0,0,0,0
-0.736657,0.217027,0.550375,0,0,0,0,-1.47035e-07,9.86894e-10,1.33163e-07,1767,167,168,173,174,175,181,182,1760,1761,1766,1768,1774,1775,0,0,0,0,0,0,0,0,0,167,168,173,174,175,181,182,1760,1761,1766,1768,1774,1775,0,0,0,0,0,0,0,0,0,0.112371,0.109036,0.108125,0.100017,0.107769,0.109355,0.112412,0.0537074,0.0458607,0.0437364,0.0426553,0.0469073,0.0539187,0,0,0,0,0,0,0,0,0,0.11236,0.108999,0.108151,0.1,0.107755,0.109374,0.112466,0.0539171,0.0456762,0.0433964,0.0422935,0.0466622,0.0541333,0,0,0,0,0,0,0,0,0,1,1,1,1,1,1,1,1,1,1,1,1,1,0,0,0,0,0,0,0,0,0,1,1,1,1,1,1,1,1,1,1,1,1,1,0,0,0,0,0,0,0,0,0,1,0,0,0,0,0,0,0,0,0,0,0,0,0,0,0,0,0,0,0,0,0,0,13,0,0,0,0,0,0,0,0,0,0,0,0,0,0,0,0,0,0,0,0,0,0,0,0,0,0,0,0,0,0,0,0,0,0,0,0,0,0,0,0,0,0,0,0,0,0,0,0
-0.740762,0.178062,0.567238,0,0,0,0,-1.47583e-07,2.22079e-09,1.38591e-07,1768,168,169,174,175,176,182,183,1761,1762,1767,1769,1775,1776,0,0,0,0,0,0,0,0,0,168,169,174,175,176,182,183,1761,1762,1767,1769,1775,1776,0,0,0,0,0,0,0,0,0,0.112093,0.108945,0.107754,0.100015,0.107375,0.109314,0.112151,0.0531682,0.0456237,0.0426553,0.041574,0.0467504,0.0533178,0,0,0,0,0,0,0,0,0,0.112112,0.108917,0.107757,0.1,0.107362,0.109319,0.112203,0.053343,0.0454545,0.0422935,0.041169,0.0465138,0.0535288,0,0,0,0,0,0,0,0,0,1,1,1,1,1,1,1,1,1,1,1,1,1,0,0,0,0,0,0,0,0,0,1,1,1,1,1,1,1,1,1,1,1,1,1,0,0,0,0,0,0,0,0,0,1,0,0,0,0,0,0,0,0,0,0,0,0,0,0,0,0,0,0,0,0,0,0,13,0,0,0,0,0,0,0,0,0,0,0,0,0,0,0,0,0,0,0,0,0,0,0,0,0,0,0,0,0,0,0,0,0,0,0,0,0,0,0,0,0,0,0,0,0,0,0,0
-0.7433,0.139315,0.582091,0,0,0,0,-1.47474e-07,2.59611e-09,1.429e-07,1769,169,170,175,176,177,183,184,1762,1763,1768,1770,1776,1777,0,0,0,0,0,0,0,0,0,169,170,175,176,177,183,184,1762,1763,1768,1770,1776,1777,0,0,0,0,0,0,0,0,0,0.111788,0.108785,0.107373,0.100012,0.107027,0.109246,0.111898,0.0525364,0.0453712,0.041574,0.0405215,0.0464995,0.0527136,0,0,0,0,0,0,0,0,0,0.111838,0.1088,0.107364,0.1,0.107,0.109227,0.111928,0.0527025,0.0451385,0.041169,0.040111,0.0462664,0.0528913,0,0,0,0,0,0,0,0,0,1,1,1,1,1,1,1,1,1,1,1,1,1,0,0,0,0,0,0,0,0,0,1,1,1,1,1,1,1,1,1,1,1,1,1,0,0,0,0,0,0,0,0,0,1,0,0,0,0,0,0,0,0,0,0,0,0,0,0,0,0,0,0,0,0,0,0,13,0,0,0,0,0,0,0,0,0,0,0,0,0,0,0,0,0,0,0,0,0,0,0,0,0,0,0,0,0,0,0,0,0,0,0,0,0,0,0,0,0,0,0,0,0,0,0,0
-0.744309,0.100952,0.5951,0,0,0,0,-1.46618e-07,2.12634e-09,1.45694e-07,1770,160,161,170,171,176,177,184,1753,1754,1763,1764,1769,1777,0,0,0,0,0,0,0,0,0,160,161,170,171,176,177,184,1753,1754,1763,1764,1769,1777,0,0,0,0,0,0,0,0,0,0.111651,0.106753,0.11148,0.108656,0.107004,0.100011,0.109113,0.0521166,0.0397358,0.0519667,0.044843,0.0405215,0.0460964,0,0,0,0,0,0,0,0,0,0.111668,0.106723,0.111559,0.108647,0.107002,0.1,0.109096,0.0522819,0.0392808,0.0520455,0.0447231,0.040111,0.0459168,0,0,0,0,0,0,0,0,0,1,1,1,1,1,1,1,1,1,1,1,1,1,0,0,0,0,0,0,0,0,0,1,1,1,1,1,1,1,1,1,1,1,1,1,0,0,0,0,0,0,0,0,0,1,0,0,0,0,0,0,0,0,0,0,0,0,0,0,0,0,0,0,0,0,0,0,13,0,0,0,0,0,0,0,0,0,0,0,0,0,0,0,0,0,0,0,0,0,0,0,0,0,0,0,0,0,0,0,0,0,0,0,0,0,0,0,0,0,0,0,0,0,0,0,0
-0.69131,0.362339,0.515951,0,0,0,0,-1.23306e-07,-1.23726e-08,9.5113e-08,1771,178,179,186,187,1772,1779,1780,0,0,0,0,0,0,0,0,0,0,0,0,0,0,0,178,179,186,187,1772,1779,1780,0,0,0,0,0,0,0,0,0,0,0,0,0,0,0,0.100013,0.109356,0.109509,0.113147,0.0468085,0.0472858,0.0554877,0,0,0,0,0,0,0,0,0,0,0,0,0,0,0,0.1,0.109341,0.109521,0.113172,0.0465903,0.0470585,0.0557329,0,0,0,0,0,0,0,0,0,0,0,0,0,0,0,1,1,1,1,1,1,1,0,0,0,0,0,0,0,0,0,0,0,0,0,0,0,1,1,1,1,1,1,1,0,0,0,0,0,0,0,0,0,0,0,0,0,0,0,1,0,0,0,0,0,0,0,0,0,0,0,0,0,0,0,0,0,0,0,0,0,0,7,0,0,0,0,0,0,0,0,0,0,0,0,0,0,0,0,0,0,0,0,0,0,0,0,0,0,0,0,0,0,0,0,0,0,0,0,0,0,0,0,0,0,0,0,0,0,0,0
-0.701531,0.323654,0.540241,0,0,0,0,-1.26157e-07,-5.75997e-09,1.05614e-07,1772,172,178,179,180,187,188,1765,1771,1773,1780,1781,0,0,0,0,0,0,0,0,0,0,0,172,178,179,180,187,188,1765,1771,1773,1780,1781,0,0,0,0,0,0,0,0,0,0,0,0.109354,0.109291,0.100028,0.109023,0.109609,0.113116,0.0468954,0.0468085,0.0460712,0.047665,0.055428,0,0,0,0,0,0,0,0,0,0,0,0.109373,0.109343,0.1,0.109014,0.109616,0.113107,0.0466665,0.0465903,0.0457336,0.0472982,0.0555888,0,0,0,0,0,0,0,0,0,0,0,1,1,1,1,1,1,1,1,1,1,1,0,0,0,0,0,0,0,0,0,0,0,1,1,1,1,1,1,1,1,1,1,1,0,0,0,0,0,0,0,0,0,0,0,1,0,0,0,0,0,0,0,0,0,0,0,0,0,0,0,0,0,0,0,0,0,0,11,0,0,0,0,0,0,0,0,0,0,0,0,0,0,0,0,0,0,0,0,0,0,0,0,0,0,0,0,0,0,0,0,0,0,0,0,0,0,0,0,0,0,0,0,0,0,0,0
-0.709932,0.284252,0.56259,0,0,0,0,-1.28552e-07,-1.43101e-09,1.14784e-07,1773,172,173,179,180,181,188,189,1765,1766,1772,1774,1781,1782,0,0,0,0,0,0,0,0,0,172,173,179,180,181,188,189,1765,1766,1772,1774,1781,1782,0,0,0,0,0,0,0,0,0,0.112884,0.109393,0.108975,0.10002,0.108648,0.109673,0.11293,0.0548172,0.0470405,0.0460712,0.0450624,0.0477828,0.0550456,0,0,0,0,0,0,0,0,0,0.112862,0.109393,0.109016,0.1,0.108639,0.109675,0.112964,0.0550662,0.0467125,0.0457336,0.0447336,0.0474456,0.0552661,0,0,0,0,0,0,0,0,0,1,1,1,1,1,1,1,1,1,1,1,1,1,0,0,0,0,0,0,0,0,0,1,1,1,1,1,1,1,1,1,1,1,1,1,0,0,0,0,0,0,0,0,0,1,0,0,0,0,0,0,0,0,0,0,0,0,0,0,0,0,0,0,0,0,0,0,13,0,0,0,0,0,0,0,0,0,0,0,0,0,0,0,0,0,0,0,0,0,0,0,0,0,0,0,0,0,0,0,0,0,0,0,0,0,0,0,0,0,0,0,0,0,0,0,0
-0.7166,0.244478,0.582694,0,0,0,0,-1.30493e-07,1.29169e-09,1.22501e-07,1774,173,174,180,181,182,189,190,1766,1767,1773,1775,1782,1783,0,0,0,0,0,0,0,0,0,173,174,180,181,182,189,190,1766,1767,1773,1775,1782,1783,0,0,0,0,0,0,0,0,0,0.112642,0.109415,0.108619,0.100016,0.108255,0.109698,0.112721,0.0545086,0.0469073,0.0450624,0.0440261,0.0478231,0.054589,0,0,0,0,0,0,0,0,0,0.112683,0.109375,0.108642,0.1,0.108239,0.109695,0.112762,0.0546594,0.0466622,0.0447336,0.0436429,0.0474919,0.0548101,0,0,0,0,0,0,0,0,0,1,1,1,1,1,1,1,1,1,1,1,1,1,0,0,0,0,0,0,0,0,0,1,1,1,1,1,1,1,1,1,1,1,1,1,0,0,0,0,0,0,0,0,0,1,0,0,0,0,0,0,0,0,0,0,0,0,0,0,0,0,0,0,0,0,0,0,13,0,0,0,0,0,0,0,0,0,0,0,0,0,0,0,0,0,0,0,0,0,0,0,0,0,0,0,0,0,0,0,0,0,0,0,0,0,0,0,0,0,0,0,0,0,0,0,0
-0.721575,0.204576,0.600622,0,0,0,0,-1.31755e-07,2.81875e-09,1.2888e-07,1775,174,175,181,182,183,190,191,1767,1768,1774,1776,1783,1784,0,0,0,0,0,0,0,0,0,174,175,181,182,183,190,191,1767,1768,1774,1776,1783,1784,0,0,0,0,0,0,0,0,0,0.112444,0.109349,0.108224,0.100013,0.107844,0.109678,0.112466,0.0539187,0.0467504,0.0440261,0.0429377,0.0477297,0.0540309,0,0,0,0,0,0,0,0,0,0.112453,0.109319,0.108241,0.1,0.107835,0.109675,0.112523,0.0541333,0.0465138,0.0436429,0.0425195,0.0474349,0.054266,0,0,0,0,0,0,0,0,0,1,1,1,1,1,1,1,1,1,1,1,1,1,0,0,0,0,0,0,0,0,0,1,1,1,1,1,1,1,1,1,1,1,1,1,0,0,0,0,0,0,0,0,0,1,0,0,0,0,0,0,0,0,0,0,0,0,0,0,0,0,0,0,0,0,0,0,13,0,0,0,0,0,0,0,0,0,0,0,0,0,0,0,0,0,0,0,0,0,0,0,0,0,0,0,0,0,0,0,0,0,0,0,0,0,0,0,0,0,0,0,0,0,0,0,0
-0.724946,0.164783,0.616394,0,0,0,0,-1.32335e-07,3.39176e-09,1.34001e-07,1776,175,176,182,183,184,191,192,1768,1769,1775,1777,1784,1785,0,0,0,0,0,0,0,0,0,175,176,182,183,184,191,192,1768,1769,1775,1777,1784,1785,0,0,0,0,0,0,0,0,0,0.112166,0.109231,0.107842,0.100012,0.107472,0.109629,0.112215,0.0533178,0.0464995,0.0429377,0.041893,0.0475376,0.0534517,0,0,0,0,0,0,0,0,0,0.112191,0.109226,0.107838,0.1,0.107459,0.109614,0.112266,0.0535288,0.0462664,0.0425195,0.0414476,0.0472742,0.053677,0,0,0,0,0,0,0,0,0,1,1,1,1,1,1,1,1,1,1,1,1,1,0,0,0,0,0,0,0,0,0,1,1,1,1,1,1,1,1,1,1,1,1,1,0,0,0,0,0,0,0,0,0,1,0,0,0,0,0,0,0,0,0,0,0,0,0,0,0,0,0,0,0,0,0,0,13,0,0,0,0,0,0,0,0,0,0,0,0,0,0,0,0,0,0,0,0,0,0,0,0,0,0,0,0,0,0,0,0,0,0,0,0,0,0,0,0,0,0,0,0,0,0,0,0
-0.726768,0.125247,0.630127,0,0,0,0,-1.32198e-07,3.09013e-09,1.37721e-07,1777,159,160,176,177,183,184,192,1752,1753,1769,1770,1776,1785,0,0,0,0,0,0,0,0,0,159,160,176,177,183,184,192,1752,1753,1769,1770,1776,1785,0,0,0,0,0,0,0,0,0,0.111976,0.107167,0.111869,0.109092,0.107472,0.100012,0.109533,0.0528707,0.0410327,0.0527136,0.0460964,0.041893,0.0472185,0,0,0,0,0,0,0,0,0,0.112011,0.107151,0.111918,0.109094,0.107461,0.1,0.109512,0.053088,0.0405528,0.0528913,0.0459168,0.0414476,0.0470062,0,0,0,0,0,0,0,0,0,1,1,1,1,1,1,1,1,1,1,1,1,1,0,0,0,0,0,0,0,0,0,1,1,1,1,1,1,1,1,1,1,1,1,1,0,0,0,0,0,0,0,0,0,1,0,0,0,0,0,0,0,0,0,0,0,0,0,0,0,0,0,0,0,0,0,0,13,0,0,0,0,0,0,0,0,0,0,0,0,0,0,0,0,0,0,0,0,0,0,0,0,0,0,0,0,0,0,0,0,0,0,0,0,0,0,0,0,0,0,0,0,0,0,0,0
-0.652941,0.429543,0.514852,0,0,0,0,-1.01373e-07,-2.42444e-08,6.73915e-08,1778,185,186,194,195,1779,1787,1788,0,0,0,0,0,0,0,0,0,0,0,0,0,0,0,185,186,194,195,1779,1787,1788,0,0,0,0,0,0,0,0,0,0,0,0,0,0,0,0.100011,0.110071,0.109385,0.11311,0.0485937,0.0469971,0.055393,0,0,0,0,0,0,0,0,0,0,0,0,0,0,0,0.1,0.11005,0.109417,0.113116,0.0484038,0.0467952,0.0556081,0,0,0,0,0,0,0,0,0,0,0,0,0,0,0,1,1,1,1,1,1,1,0,0,0,0,0,0,0,0,0,0,0,0,0,0,0,1,1,1,1,1,1,1,0,0,0,0,0,0,0,0,0,0,0,0,0,0,0,1,0,0,0,0,0,0,0,0,0,0,0,0,0,0,0,0,0,0,0,0,0,0,7,0,0,0,0,0,0,0,0,0,0,0,0,0,0,0,0,0,0,0,0,0,0,0,0,0,0,0,0,0,0,0,0,0,0,0,0,0,0,0,0,0,0,0,0,0,0,0,0
-0.665859,0.391877,0.542704,0,0,0,0,-1.04977e-07,-1.45165e-08,7.99906e-08,1779,178,185,186,187,195,196,1771,1778,1780,1788,1789,0,0,0,0,0,0,0,0,0,0,0,178,185,186,187,195,196,1771,1778,1780,1788,1789,0,0,0,0,0,0,0,0,0,0,0,0.109512,0.109971,0.100047,0.109824,0.109587,0.113279,0.0472858,0.0485937,0.0481318,0.0476278,0.0557485,0,0,0,0,0,0,0,0,0,0,0,0.109523,0.110052,0.1,0.109825,0.109601,0.113249,0.0470585,0.0484038,0.047834,0.0472665,0.0559076,0,0,0,0,0,0,0,0,0,0,0,1,1,1,1,1,1,1,1,1,1,1,0,0,0,0,0,0,0,0,0,0,0,1,1,1,1,1,1,1,1,1,1,1,0,0,0,0,0,0,0,0,0,0,0,1,0,0,0,0,0,0,0,0,0,0,0,0,0,0,0,0,0,0,0,0,0,0,11,0,0,0,0,0,0,0,0,0,0,0,0,0,0,0,0,0,0,0,0,0,0,0,0,0,0,0,0,0,0,0,0,0,0,0,0,0,0,0,0,0,0,0,0,0,0,0,0
-0.676965,0.352935,0.568721,0,0,0,0,-1.08398e-07,-7.4051e-09,9.15511e-08,1780,178,179,186,187,188,196,197,1771,1772,1779,1781,1789,1790,0,0,0,0,0,0,0,0,0,178,179,186,187,188,196,197,1771,1772,1779,1781,1789,1790,0,0,0,0,0,0,0,0,0,0.113197,0.109611,0.109764,0.100025,0.109502,0.109757,0.11323,0.0554877,0.047665,0.0481318,0.0473223,0.048039,0.0556831,0,0,0,0,0,0,0,0,0,0.113157,0.109618,0.109827,0.1,0.109509,0.109756,0.113249,0.0557329,0.0472982,0.047834,0.0470259,0.0476593,0.0559069,0,0,0,0,0,0,0,0,0,1,1,1,1,1,1,1,1,1,1,1,1,1,0,0,0,0,0,0,0,0,0,1,1,1,1,1,1,1,1,1,1,1,1,1,0,0,0,0,0,0,0,0,0,1,0,0,0,0,0,0,0,0,0,0,0,0,0,0,0,0,0,0,0,0,0,0,13,0,0,0,0,0,0,0,0,0,0,0,0,0,0,0,0,0,0,0,0,0,0,0,0,0,0,0,0,0,0,0,0,0,0,0,0,0,0,0,0,0,0,0,0,0,0,0,0
-0.686324,0.313098,0.592487,0,0,0,0,-1.11524e-07,-2.34335e-09,1.01757e-07,1781,179,180,187,188,189,197,198,1772,1773,1780,1782,1790,1791,0,0,0,0,0,0,0,0,0,179,180,187,188,189,197,198,1772,1773,1780,1782,1790,1791,0,0,0,0,0,0,0,0,0,0.113052,0.109702,0.109474,0.10002,0.109144,0.109886,0.113131,0.055428,0.0477828,0.0473223,0.0464072,0.0483513,0.0554655,0,0,0,0,0,0,0,0,0,0.113093,0.109676,0.109512,0.1,0.109138,0.109869,0.113155,0.0555888,0.0474456,0.0470259,0.0460586,0.0479442,0.0556968,0,0,0,0,0,0,0,0,0,1,1,1,1,1,1,1,1,1,1,1,1,1,0,0,0,0,0,0,0,0,0,1,1,1,1,1,1,1,1,1,1,1,1,1,0,0,0,0,0,0,0,0,0,1,0,0,0,0,0,0,0,0,0,0,0,0,0,0,0,0,0,0,0,0,0,0,13,0,0,0,0,0,0,0,0,0,0,0,0,0,0,0,0,0,0,0,0,0,0,0,0,0,0,0,0,0,0,0,0,0,0,0,0,0,0,0,0,0,0,0,0,0,0,0,0
-0.693923,0.272669,0.613967,0,0,0,0,-1.14085e-07,1.01756e-09,1.1055e-07,1782,180,181,188,189,190,198,199,1773,1774,1781,1783,1791,1792,0,0,0,0,0,0,0,0,0,180,181,188,189,190,198,199,1773,1774,1781,1783,1791,1792,0,0,0,0,0,0,0,0,0,0.112933,0.109726,0.109103,0.100016,0.108742,0.109955,0.112949,0.0550456,0.0478231,0.0464072,0.045375,0.0485063,0.0550842,0,0,0,0,0,0,0,0,0,0.11295,0.109696,0.109141,0.1,0.108735,0.109938,0.112995,0.0552661,0.0474919,0.0460586,0.0449892,0.048116,0.0553387,0,0,0,0,0,0,0,0,0,1,1,1,1,1,1,1,1,1,1,1,1,1,0,0,0,0,0,0,0,0,0,1,1,1,1,1,1,1,1,1,1,1,1,1,0,0,0,0,0,0,0,0,0,1,0,0,0,0,0,0,0,0,0,0,0,0,0,0,0,0,0,0,0,0,0,0,13,0,0,0,0,0,0,0,0,0,0,0,0,0,0,0,0,0,0,0,0,0,0,0,0,0,0,0,0,0,0,0,0,0,0,0,0,0,0,0,0,0,0,0,0,0,0,0,0
-0.699827,0.231956,0.633111,0,0,0,0,-1.16014e-07,3.03022e-09,1.17956e-07,1783,181,182,189,190,191,199,200,1774,1775,1782,1784,1792,1793,0,0,0,0,0,0,0,0,0,181,182,189,190,191,199,200,1774,1775,1782,1784,1792,1793,0,0,0,0,0,0,0,0,0,0.112716,0.109711,0.108718,0.100014,0.108335,0.109983,0.112738,0.054589,0.0477297,0.045375,0.044309,0.0485364,0.0546238,0,0,0,0,0,0,0,0,0,0.112749,0.109675,0.108738,0.1,0.108325,0.109964,0.112795,0.0548101,0.0474349,0.0449892,0.0438782,0.0481762,0.0548861,0,0,0,0,0,0,0,0,0,1,1,1,1,1,1,1,1,1,1,1,1,1,0,0,0,0,0,0,0,0,0,1,1,1,1,1,1,1,1,1,1,1,1,1,0,0,0,0,0,0,0,0,0,1,0,0,0,0,0,0,0,0,0,0,0,0,0,0,0,0,0,0,0,0,0,0,13,0,0,0,0,0,0,0,0,0,0,0,0,0,0,0,0,0,0,0,0,0,0,0,0,0,0,0,0,0,0,0,0,0,0,0,0,0,0,0,0,0,0,0,0,0,0,0,0
-0.704087,0.191199,0.649963,0,0,0,0,-1.17246e-07,3.93801e-09,1.23991e-07,1784,182,183,190,191,192,200,201,1775,1776,1783,1785,1793,1794,0,0,0,0,0,0,0,0,0,182,183,190,191,192,200,201,1775,1776,1783,1785,1793,1794,0,0,0,0,0,0,0,0,0,0.112479,0.109637,0.108322,0.100012,0.107951,0.109966,0.112513,0.0540309,0.0475376,0.044309,0.0432792,0.048441,0.0541197,0,0,0,0,0,0,0,0,0,0.112511,0.109614,0.108328,0.1,0.107939,0.109947,0.112573,0.054266,0.0472742,0.0438782,0.0428091,0.0481268,0.0543833,0,0,0,0,0,0,0,0,0,1,1,1,1,1,1,1,1,1,1,1,1,1,0,0,0,0,0,0,0,0,0,1,1,1,1,1,1,1,1,1,1,1,1,1,0,0,0,0,0,0,0,0,0,1,0,0,0,0,0,0,0,0,0,0,0,0,0,0,0,0,0,0,0,0,0,0,13,0,0,0,0,0,0,0,0,0,0,0,0,0,0,0,0,0,0,0,0,0,0,0,0,0,0,0,0,0,0,0,0,0,0,0,0,0,0,0,0,0,0,0,0,0,0,0,0
-0.706772,0.150562,0.664608,0,0,0,0,-1.17772e-07,3.90132e-09,1.28623e-07,1785,158,159,183,184,191,192,201,1751,1752,1776,1777,1784,1794,0,0,0,0,0,0,0,0,0,158,159,183,184,191,192,201,1751,1752,1776,1777,1784,1794,0,0,0,0,0,0,0,0,0,0.112292,0.107622,0.112212,0.10952,0.10795,0.100013,0.109908,0.0535927,0.042396,0.0534517,0.0472185,0.0432792,0.0482187,0,0,0,0,0,0,0,0,0,0.112342,0.107612,0.112255,0.109512,0.107942,0.1,0.109885,0.0538554,0.0418831,0.053677,0.0470062,0.0428091,0.0479637,0,0,0,0,0,0,0,0,0,1,1,1,1,1,1,1,1,1,1,1,1,1,0,0,0,0,0,0,0,0,0,1,1,1,1,1,1,1,1,1,1,1,1,1,0,0,0,0,0,0,0,0,0,1,0,0,0,0,0,0,0,0,0,0,0,0,0,0,0,0,0,0,0,0,0,0,13,0,0,0,0,0,0,0,0,0,0,0,0,0,0,0,0,0,0,0,0,0,0,0,0,0,0,0,0,0,0,0,0,0,0,0,0,0,0,0,0,0,0,0,0,0,0,0,0
-0.609212,0.494129,0.506773,0,0,0,0,-8.02241e-08,-4.12733e-08,3.69281e-08,1786,193,194,203,204,1787,1796,1797,0,0,0,0,0,0,0,0,0,0,0,0,0,0,0,193,194,203,204,1787,1796,1797,0,0,0,0,0,0,0,0,0,0,0,0,0,0,0,0.100008,0.110366,0.108167,0.112337,0.0492706,0.0437393,0.0536361,0,0,0,0,0,0,0,0,0,0,0,0,0,0,0,0.1,0.110343,0.108215,0.112324,0.0491317,0.0435826,0.0538047,0,0,0,0,0,0,0,0,0,0,0,0,0,0,0,1,1,1,1,1,1,1,0,0,0,0,0,0,0,0,0,0,0,0,0,0,0,1,1,1,1,1,1,1,0,0,0,0,0,0,0,0,0,0,0,0,0,0,0,1,0,0,0,0,0,0,0,0,0,0,0,0,0,0,0,0,0,0,0,0,0,0,7,0,0,0,0,0,0,0,0,0,0,0,0,0,0,0,0,0,0,0,0,0,0,0,0,0,0,0,0,0,0,0,0,0,0,0,0,0,0,0,0,0,0,0,0,0,0,0,0
-0.624309,0.458932,0.53777,0,0,0,0,-8.38387e-08,-2.84306e-08,5.07062e-08,1787,185,193,194,195,204,205,1778,1786,1788,1797,1798,0,0,0,0,0,0,0,0,0,0,0,185,193,194,195,204,205,1778,1786,1788,1797,1798,0,0,0,0,0,0,0,0,0,0,0,0.109419,0.11024,0.100066,0.110511,0.109032,0.112984,0.0469971,0.0492706,0.0498127,0.0461715,0.0550589,0,0,0,0,0,0,0,0,0,0,0,0.10942,0.110343,0.1,0.110525,0.109056,0.112936,0.0467952,0.0491317,0.0495845,0.0458498,0.0552029,0,0,0,0,0,0,0,0,0,0,0,1,1,1,1,1,1,1,1,1,1,1,0,0,0,0,0,0,0,0,0,0,0,1,1,1,1,1,1,1,1,1,1,1,0,0,0,0,0,0,0,0,0,0,0,1,0,0,0,0,0,0,0,0,0,0,0,0,0,0,0,0,0,0,0,0,0,0,11,0,0,0,0,0,0,0,0,0,0,0,0,0,0,0,0,0,0,0,0,0,0,0,0,0,0,0,0,0,0,0,0,0,0,0,0,0,0,0,0,0,0,0,0,0,0,0,0
-0.637961,0.421413,0.567558,0,0,0,0,-8.77178e-08,-1.80818e-08,6.41074e-08,1788,185,186,194,195,196,205,206,1778,1779,1787,1789,1798,1799,0,0,0,0,0,0,0,0,0,185,186,194,195,196,205,206,1778,1779,1787,1789,1798,1799,0,0,0,0,0,0,0,0,0,0.113162,0.109591,0.110445,0.100031,0.11029,0.109462,0.113197,0.055393,0.0476278,0.0498127,0.0493017,0.0472968,0.0555836,0,0,0,0,0,0,0,0,0,0.113101,0.109604,0.110526,0.1,0.110313,0.109463,0.113197,0.0556081,0.0472665,0.0495845,0.0490603,0.046912,0.0557915,0,0,0,0,0,0,0,0,0,1,1,1,1,1,1,1,1,1,1,1,1,1,0,0,0,0,0,0,0,0,0,1,1,1,1,1,1,1,1,1,1,1,1,1,0,0,0,0,0,0,0,0,0,1,0,0,0,0,0,0,0,0,0,0,0,0,0,0,0,0,0,0,0,0,0,0,13,0,0,0,0,0,0,0,0,0,0,0,0,0,0,0,0,0,0,0,0,0,0,0,0,0,0,0,0,0,0,0,0,0,0,0,0,0,0,0,0,0,0,0,0,0,0,0,0
-0.649921,0.382442,0.595286,0,0,0,0,-9.15535e-08,-1.00424e-08,7.6459e-08,1789,186,187,195,196,197,206,207,1779,1780,1788,1790,1799,1800,0,0,0,0,0,0,0,0,0,186,187,195,196,197,206,207,1779,1780,1788,1790,1799,1800,0,0,0,0,0,0,0,0,0,0.113204,0.109777,0.110264,0.100027,0.109994,0.109755,0.11327,0.0557485,0.048039,0.0493017,0.0485889,0.0480466,0.0557414,0,0,0,0,0,0,0,0,0,0.113235,0.109758,0.110315,0.1,0.110006,0.109734,0.113276,0.0559076,0.0476593,0.0490603,0.0482924,0.0476052,0.0559702,0,0,0,0,0,0,0,0,0,1,1,1,1,1,1,1,1,1,1,1,1,1,0,0,0,0,0,0,0,0,0,1,1,1,1,1,1,1,1,1,1,1,1,1,0,0,0,0,0,0,0,0,0,1,0,0,0,0,0,0,0,0,0,0,0,0,0,0,0,0,0,0,0,0,0,0,13,0,0,0,0,0,0,0,0,0,0,0,0,0,0,0,0,0,0,0,0,0,0,0,0,0,0,0,0,0,0,0,0,0,0,0,0,0,0,0,0,0,0,0,0,0,0,0,0
-0.660153,0.342336,0.620737,0,0,0,0,-9.50536e-08,-4.08248e-09,8.76076e-08,1790,187,188,196,197,198,207,208,1780,1781,1789,1791,1800,1801,0,0,0,0,0,0,0,0,0,187,188,196,197,198,207,208,1780,1781,1789,1791,1800,1801,0,0,0,0,0,0,0,0,0,0.113224,0.109893,0.109956,0.100019,0.109631,0.109961,0.113215,0.0556831,0.0483513,0.0485889,0.0476999,0.0485671,0.0556403,0,0,0,0,0,0,0,0,0,0.113234,0.109871,0.110009,0.1,0.10964,0.109933,0.113245,0.0559069,0.0479442,0.0482924,0.047361,0.0481084,0.0559017,0,0,0,0,0,0,0,0,0,1,1,1,1,1,1,1,1,1,1,1,1,1,0,0,0,0,0,0,0,0,0,1,1,1,1,1,1,1,1,1,1,1,1,1,0,0,0,0,0,0,0,0,0,1,0,0,0,0,0,0,0,0,0,0,0,0,0,0,0,0,0,0,0,0,0,0,13,0,0,0,0,0,0,0,0,0,0,0,0,0,0,0,0,0,0,0,0,0,0,0,0,0,0,0,0,0,0,0,0,0,0,0,0,0,0,0,0,0,0,0,0,0,0,0,0
-0.668678,0.301441,0.643762,0,0,0,0,-9.80935e-08,9.02707e-11,9.74272e-08,1791,188,189,197,198,199,208,209,1781,1782,1790,1792,1801,1802,0,0,0,0,0,0,0,0,0,188,189,197,198,199,208,209,1781,1782,1790,1792,1801,1802,0,0,0,0,0,0,0,0,0,0.113104,0.109977,0.109606,0.100016,0.109237,0.110106,0.113097,0.0554655,0.0485063,0.0476999,0.0467113,0.0489131,0.0553925,0,0,0,0,0,0,0,0,0,0.113141,0.109941,0.109643,0.1,0.109239,0.110073,0.113143,0.0556968,0.048116,0.047361,0.046322,0.0484593,0.0556735,0,0,0,0,0,0,0,0,0,1,1,1,1,1,1,1,1,1,1,1,1,1,0,0,0,0,0,0,0,0,0,1,1,1,1,1,1,1,1,1,1,1,1,1,0,0,0,0,0,0,0,0,0,1,0,0,0,0,0,0,0,0,0,0,0,0,0,0,0,0,0,0,0,0,0,0,13,0,0,0,0,0,0,0,0,0,0,0,0,0,0,0,0,0,0,0,0,0,0,0,0,0,0,0,0,0,0,0,0,0,0,0,0,0,0,0,0,0,0,0,0,0,0,0,0
-0.67551,0.260061,0.664329,0,0,0,0,-1.0055e-07,2.74831e-09,1.05849e-07,1792,189,190,198,199,200,209,210,1782,1783,1791,1793,1802,1803,0,0,0,0,0,0,0,0,0,189,190,198,199,200,209,210,1782,1783,1791,1793,1802,1803,0,0,0,0,0,0,0,0,0,0.112946,0.110005,0.109216,0.100013,0.108832,0.110194,0.11294,0.0550842,0.0485364,0.0467113,0.0456762,0.0491035,0.0550589,0,0,0,0,0,0,0,0,0,0.112982,0.109966,0.109242,0.1,0.108829,0.110162,0.113001,0.0553387,0.0481762,0.046322,0.0452374,0.0486792,0.0553543,0,0,0,0,0,0,0,0,0,1,1,1,1,1,1,1,1,1,1,1,1,1,0,0,0,0,0,0,0,0,0,1,1,1,1,1,1,1,1,1,1,1,1,1,0,0,0,0,0,0,0,0,0,1,0,0,0,0,0,0,0,0,0,0,0,0,0,0,0,0,0,0,0,0,0,0,13,0,0,0,0,0,0,0,0,0,0,0,0,0,0,0,0,0,0,0,0,0,0,0,0,0,0,0,0,0,0,0,0,0,0,0,0,0,0,0,0,0,0,0,0,0,0,0,0
-0.680691,0.218459,0.68246,0,0,0,0,-1.02357e-07,4.14184e-09,1.12865e-07,1793,190,191,199,200,201,210,211,1783,1784,1792,1794,1803,1804,0,0,0,0,0,0,0,0,0,190,191,199,200,201,210,211,1783,1784,1792,1794,1803,1804,0,0,0,0,0,0,0,0,0,0.11274,0.109983,0.10882,0.100013,0.10845,0.110234,0.112773,0.0546238,0.048441,0.0456762,0.0446811,0.0491562,0.0546909,0,0,0,0,0,0,0,0,0,0.112782,0.109948,0.108832,0.1,0.108441,0.110205,0.11284,0.0548861,0.0481268,0.0452374,0.0441926,0.0487803,0.0549924,0,0,0,0,0,0,0,0,0,1,1,1,1,1,1,1,1,1,1,1,1,1,0,0,0,0,0,0,0,0,0,1,1,1,1,1,1,1,1,1,1,1,1,1,0,0,0,0,0,0,0,0,0,1,0,0,0,0,0,0,0,0,0,0,0,0,0,0,0,0,0,0,0,0,0,0,13,0,0,0,0,0,0,0,0,0,0,0,0,0,0,0,0,0,0,0,0,0,0,0,0,0,0,0,0,0,0,0,0,0,0,0,0,0,0,0,0,0,0,0,0,0,0,0,0
-0.684278,0.176807,0.698227,0,0,0,0,-1.03481e-07,4.47327e-09,1.18442e-07,1794,157,158,191,192,200,201,211,1750,1751,1784,1785,1793,1804,0,0,0,0,0,0,0,0,0,157,158,191,192,200,201,211,1750,1751,1784,1785,1793,1804,0,0,0,0,0,0,0,0,0,0.112597,0.108113,0.112514,0.109906,0.108447,0.100014,0.110229,0.0542751,0.0438121,0.0541197,0.0482187,0.0446811,0.049069,0,0,0,0,0,0,0,0,0,0.112659,0.108106,0.112561,0.109885,0.108444,0.1,0.110199,0.0545815,0.0432706,0.0543833,0.0479637,0.0441926,0.0487592,0,0,0,0,0,0,0,0,0,1,1,1,1,1,1,1,1,1,1,1,1,1,0,0,0,0,0,0,0,0,0,1,1,1,1,1,1,1,1,1,1,1,1,1,0,0,0,0,0,0,0,0,0,1,0,0,0,0,0,0,0,0,0,0,0,0,0,0,0,0,0,0,0,0,0,0,13,0,0,0,0,0,0,0,0,0,0,0,0,0,0,0,0,0,0,0,0,0,0,0,0,0,0,0,0,0,0,0,0,0,0,0,0,0,0,0,0,0,0,0,0,0,0,0,0
-0.564157,0.550877,0.492862,0,0,0,0,-6.22401e-08,-6.1677e-08,7.43737e-09,1795,202,203,212,213,1796,1805,1806,0,0,0,0,0,0,0,0,0,0,0,0,0,0,0,202,203,212,213,1796,1805,1806,0,0,0,0,0,0,0,0,0,0,0,0,0,0,0,0.100014,0.109774,0.107964,0.111915,0.0477227,0.0431576,0.0526965,0,0,0,0,0,0,0,0,0,0,0,0,0,0,0,0.1,0.109752,0.10802,0.111897,0.0476301,0.0430465,0.0528131,0,0,0,0,0,0,0,0,0,0,0,0,0,0,0,1,1,1,1,1,1,1,0,0,0,0,0,0,0,0,0,0,0,0,0,0,0,1,1,1,1,1,1,1,0,0,0,0,0,0,0,0,0,0,0,0,0,0,0,1,0,0,0,0,0,0,0,0,0,0,0,0,0,0,0,0,0,0,0,0,0,0,7,0,0,0,0,0,0,0,0,0,0,0,0,0,0,0,0,0,0,0,0,0,0,0,0,0,0,0,0,0,0,0,0,0,0,0,0,0,0,0,0,0,0,0,0,0,0,0,0
-0.579775,0.520205,0.525919,0,0,0,0,-6.49582e-08,-4.67655e-08,2.07141e-08,1796,193,202,203,204,213,214,1786,1795,1797,1806,1807,0,0,0,0,0,0,0,0,0,0,0,193,202,203,204,213,214,1786,1795,1797,1806,1807,0,0,0,0,0,0,0,0,0,0,0,0.108223,0.10965,0.100075,0.109752,0.108143,0.112251,0.0437393,0.0477227,0.0478556,0.0437231,0.0533863,0,0,0,0,0,0,0,0,0,0,0,0.108217,0.10975,0.1,0.109778,0.108175,0.112193,0.0435826,0.0476301,0.0477005,0.0434738,0.0535034,0,0,0,0,0,0,0,0,0,0,0,1,1,1,1,1,1,1,1,1,1,1,0,0,0,0,0,0,0,0,0,0,0,1,1,1,1,1,1,1,1,1,1,1,0,0,0,0,0,0,0,0,0,0,0,1,0,0,0,0,0,0,0,0,0,0,0,0,0,0,0,0,0,0,0,0,0,0,11,0,0,0,0,0,0,0,0,0,0,0,0,0,0,0,0,0,0,0,0,0,0,0,0,0,0,0,0,0,0,0,0,0,0,0,0,0,0,0,0,0,0,0,0,0,0,0,0
-0.594078,0.487508,0.557802,0,0,0,0,-6.81707e-08,-3.4062e-08,3.40056e-08,1797,193,194,203,204,205,214,215,1786,1787,1796,1798,1807,1808,0,0,0,0,0,0,0,0,0,193,194,203,204,205,214,215,1786,1787,1796,1798,1807,1808,0,0,0,0,0,0,0,0,0,0.112389,0.109039,0.109696,0.100036,0.110894,0.108315,0.112791,0.0536361,0.0461715,0.0478556,0.0507538,0.0442276,0.0546642,0,0,0,0,0,0,0,0,0,0.112311,0.109059,0.109778,0.1,0.110934,0.108325,0.112774,0.0538047,0.0458498,0.0477005,0.050584,0.0438819,0.0548368,0,0,0,0,0,0,0,0,0,1,1,1,1,1,1,1,1,1,1,1,1,1,0,0,0,0,0,0,0,0,0,1,1,1,1,1,1,1,1,1,1,1,1,1,0,0,0,0,0,0,0,0,0,1,0,0,0,0,0,0,0,0,0,0,0,0,0,0,0,0,0,0,0,0,0,0,13,0,0,0,0,0,0,0,0,0,0,0,0,0,0,0,0,0,0,0,0,0,0,0,0,0,0,0,0,0,0,0,0,0,0,0,0,0,0,0,0,0,0,0,0,0,0,0,0
-0.608088,0.450623,0.589725,0,0,0,0,-7.19496e-08,-2.27643e-08,4.76741e-08,1798,194,195,204,205,206,215,216,1787,1788,1797,1799,1808,1809,0,0,0,0,0,0,0,0,0,194,195,204,205,206,215,216,1787,1788,1797,1799,1808,1809,0,0,0,0,0,0,0,0,0,0.112908,0.109474,0.110882,0.100033,0.110764,0.10899,0.113089,0.0550589,0.0472968,0.0507538,0.0504735,0.0460636,0.0553226,0,0,0,0,0,0,0,0,0,0.112922,0.109466,0.110935,0.1,0.110796,0.108974,0.113078,0.0552029,0.046912,0.050584,0.0502492,0.0456298,0.0555264,0,0,0,0,0,0,0,0,0,1,1,1,1,1,1,1,1,1,1,1,1,1,0,0,0,0,0,0,0,0,0,1,1,1,1,1,1,1,1,1,1,1,1,1,0,0,0,0,0,0,0,0,0,1,0,0,0,0,0,0,0,0,0,0,0,0,0,0,0,0,0,0,0,0,0,0,13,0,0,0,0,0,0,0,0,0,0,0,0,0,0,0,0,0,0,0,0,0,0,0,0,0,0,0,0,0,0,0,0,0,0,0,0,0,0,0,0,0,0,0,0,0,0,0,0
-0.620653,0.411857,0.619506,0,0,0,0,-7.57888e-08,-1.36799e-08,6.06378e-08,1799,195,196,205,206,207,216,217,1788,1789,1798,1800,1809,1810,0,0,0,0,0,0,0,0,0,195,196,205,206,207,216,217,1788,1789,1798,1800,1809,1810,0,0,0,0,0,0,0,0,0,0.113186,0.109747,0.110735,0.100024,0.110465,0.10949,0.113182,0.0555836,0.0480466,0.0504735,0.0497794,0.0473818,0.0555423,0,0,0,0,0,0,0,0,0,0.113183,0.109737,0.110797,0.1,0.110494,0.109459,0.113194,0.0557915,0.0476052,0.0502492,0.0495077,0.0468974,0.0557875,0,0,0,0,0,0,0,0,0,1,1,1,1,1,1,1,1,1,1,1,1,1,0,0,0,0,0,0,0,0,0,1,1,1,1,1,1,1,1,1,1,1,1,1,0,0,0,0,0,0,0,0,0,1,0,0,0,0,0,0,0,0,0,0,0,0,0,0,0,0,0,0,0,0,0,0,13,0,0,0,0,0,0,0,0,0,0,0,0,0,0,0,0,0,0,0,0,0,0,0,0,0,0,0,0,0,0,0,0,0,0,0,0,0,0,0,0,0,0,0,0,0,0,0,0
-0.631637,0.371731,0.646843,0,0,0,0,-7.94562e-08,-6.68423e-09,7.25737e-08,1800,196,197,206,207,208,217,218,1789,1790,1799,1801,1810,1811,0,0,0,0,0,0,0,0,0,196,197,206,207,208,217,218,1789,1790,1799,1801,1810,1811,0,0,0,0,0,0,0,0,0,0.113231,0.109966,0.110447,0.100019,0.110115,0.109838,0.113187,0.0557414,0.0485671,0.0497794,0.0489433,0.0482743,0.0555573,0,0,0,0,0,0,0,0,0,0.113262,0.109936,0.110496,0.1,0.110136,0.109796,0.113216,0.0559702,0.0481084,0.0495077,0.0486171,0.0477626,0.0558358,0,0,0,0,0,0,0,0,0,1,1,1,1,1,1,1,1,1,1,1,1,1,0,0,0,0,0,0,0,0,0,1,1,1,1,1,1,1,1,1,1,1,1,1,0,0,0,0,0,0,0,0,0,1,0,0,0,0,0,0,0,0,0,0,0,0,0,0,0,0,0,0,0,0,0,0,13,0,0,0,0,0,0,0,0,0,0,0,0,0,0,0,0,0,0,0,0,0,0,0,0,0,0,0,0,0,0,0,0,0,0,0,0,0,0,0,0,0,0,0,0,0,0,0,0
-0.640993,0.330582,0.671634,0,0,0,0,-8.27722e-08,-1.5815e-09,8.32935e-08,1801,197,198,207,208,209,218,219,1790,1791,1800,1802,1811,1812,0,0,0,0,0,0,0,0,0,197,198,207,208,209,218,219,1790,1791,1800,1802,1811,1812,0,0,0,0,0,0,0,0,0,0.113199,0.110115,0.110097,0.100015,0.109728,0.110088,0.113129,0.0556403,0.0489131,0.0489433,0.0480041,0.0488969,0.0554445,0,0,0,0,0,0,0,0,0,0.113232,0.110076,0.110139,0.1,0.109743,0.110043,0.113177,0.0559017,0.0484593,0.0486171,0.0476215,0.048384,0.0557508,0,0,0,0,0,0,0,0,0,1,1,1,1,1,1,1,1,1,1,1,1,1,0,0,0,0,0,0,0,0,0,1,1,1,1,1,1,1,1,1,1,1,1,1,0,0,0,0,0,0,0,0,0,1,0,0,0,0,0,0,0,0,0,0,0,0,0,0,0,0,0,0,0,0,0,0,13,0,0,0,0,0,0,0,0,0,0,0,0,0,0,0,0,0,0,0,0,0,0,0,0,0,0,0,0,0,0,0,0,0,0,0,0,0,0,0,0,0,0,0,0,0,0,0,0
-0.648709,0.288729,0.693842,0,0,0,0,-8.56075e-08,1.86395e-09,9.26851e-08,1802,198,199,208,209,210,219,220,1791,1792,1801,1803,1812,1813,0,0,0,0,0,0,0,0,0,198,199,208,209,210,219,220,1791,1792,1801,1803,1812,1813,0,0,0,0,0,0,0,0,0,0.113088,0.11021,0.109717,0.100013,0.109334,0.110268,0.113051,0.0553925,0.0491035,0.0480041,0.0470258,0.0493252,0.055287,0,0,0,0,0,0,0,0,0,0.11313,0.110165,0.109746,0.1,0.10934,0.110224,0.113116,0.0556735,0.0486792,0.0476215,0.0465843,0.0488352,0.0556128,0,0,0,0,0,0,0,0,0,1,1,1,1,1,1,1,1,1,1,1,1,1,0,0,0,0,0,0,0,0,0,1,1,1,1,1,1,1,1,1,1,1,1,1,0,0,0,0,0,0,0,0,0,1,0,0,0,0,0,0,0,0,0,0,0,0,0,0,0,0,0,0,0,0,0,0,13,0,0,0,0,0,0,0,0,0,0,0,0,0,0,0,0,0,0,0,0,0,0,0,0,0,0,0,0,0,0,0,0,0,0,0,0,0,0,0,0,0,0,0,0,0,0,0,0
-0.654791,0.246438,0.713488,0,0,0,0,-8.78636e-08,3.88804e-09,1.00673e-07,1803,199,200,209,210,211,220,221,1792,1793,1802,1804,1813,1814,0,0,0,0,0,0,0,0,0,199,200,209,210,211,220,221,1792,1793,1802,1804,1813,1814,0,0,0,0,0,0,0,0,0,0.112942,0.11025,0.109328,0.100012,0.108966,0.110394,0.11298,0.0550589,0.0491562,0.0470258,0.0460981,0.0495988,0.0551405,0,0,0,0,0,0,0,0,0,0.112988,0.110207,0.109344,0.1,0.108964,0.110353,0.113056,0.0553543,0.0487803,0.0465843,0.0455965,0.0491551,0.0554791,0,0,0,0,0,0,0,0,0,1,1,1,1,1,1,1,1,1,1,1,1,1,0,0,0,0,0,0,0,0,0,1,1,1,1,1,1,1,1,1,1,1,1,1,0,0,0,0,0,0,0,0,0,1,0,0,0,0,0,0,0,0,0,0,0,0,0,0,0,0,0,0,0,0,0,0,13,0,0,0,0,0,0,0,0,0,0,0,0,0,0,0,0,0,0,0,0,0,0,0,0,0,0,0,0,0,0,0,0,0,0,0,0,0,0,0,0,0,0,0,0,0,0,0,0
-0.659281,0.203882,0.730629,0,0,0,0,-8.94907e-08,4.71097e-09,1.07216e-07,1804,156,157,200,201,210,211,221,1749,1750,1793,1794,1803,1814,0,0,0,0,0,0,0,0,0,156,157,200,201,210,211,221,1749,1750,1793,1794,1803,1814,0,0,0,0,0,0,0,0,0,0.112895,0.108643,0.112776,0.110232,0.108967,0.100014,0.110471,0.0549337,0.0452921,0.0546909,0.049069,0.0460981,0.0497199,0,0,0,0,0,0,0,0,0,0.112968,0.108639,0.112828,0.1102,0.108968,0.1,0.110432,0.0552831,0.0447262,0.0549924,0.0487592,0.0455965,0.0493453,0,0,0,0,0,0,0,0,0,1,1,1,1,1,1,1,1,1,1,1,1,1,0,0,0,0,0,0,0,0,0,1,1,1,1,1,1,1,1,1,1,1,1,1,0,0,0,0,0,0,0,0,0,1,0,0,0,0,0,0,0,0,0,0,0,0,0,0,0,0,0,0,0,0,0,0,13,0,0,0,0,0,0,0,0,0,0,0,0,0,0,0,0,0,0,0,0,0,0,0,0,0,0,0,0,0,0,0,0,0,0,0,0,0,0,0,0,0,0,0,0,0,0,0,0
-0.532501,0.575762,0.508392,0,0,0,0,-4.88208e-08,-6.90097e-08,-8.51549e-09,1805,202,212,213,223,224,1795,1806,1816,1817,0,0,0,0,0,0,0,0,0,0,0,0,0,202,212,213,223,224,1795,1806,1816,1817,0,0,0,0,0,0,0,0,0,0,0,0,0,0.108014,0.100039,0.110015,0.107953,0.111764,0.0431576,0.0485429,0.0430867,0.0523085,0,0,0,0,0,0,0,0,0,0,0,0,0,0.108022,0.1,0.110083,0.107978,0.111711,0.0430465,0.0484661,0.0429275,0.0523785,0,0,0,0,0,0,0,0,0,0,0,0,0,1,1,1,1,1,1,1,1,1,0,0,0,0,0,0,0,0,0,0,0,0,0,1,1,1,1,1,1,1,1,1,0,0,0,0,0,0,0,0,0,0,0,0,0,1,0,0,0,0,0,0,0,0,0,0,0,0,0,0,0,0,0,0,0,0,0,0,9,0,0,0,0,0,0,0,0,0,0,0,0,0,0,0,0,0,0,0,0,0,0,0,0,0,0,0,0,0,0,0,0,0,0,0,0,0,0,0,0,0,0,0,0,0,0,0,0
-0.548553,0.545656,0.542923,0,0,0,0,-5.13384e-08,-5.35879e-08,4.68137e-09,1806,202,203,212,213,214,224,225,1795,1796,1805,1807,1817,1818,0,0,0,0,0,0,0,0,0,202,203,212,213,214,224,225,1795,1796,1805,1807,1817,1818,0,0,0,0,0,0,0,0,0,0.111971,0.108147,0.110051,0.100036,0.11007,0.108078,0.112058,0.0526965,0.0437231,0.0485429,0.0486819,0.043632,0.0530086,0,0,0,0,0,0,0,0,0,0.111885,0.108178,0.110081,0.1,0.110122,0.108132,0.112027,0.0528131,0.0434738,0.0484661,0.0485677,0.0433537,0.0531203,0,0,0,0,0,0,0,0,0,1,1,1,1,1,1,1,1,1,1,1,1,1,0,0,0,0,0,0,0,0,0,1,1,1,1,1,1,1,1,1,1,1,1,1,0,0,0,0,0,0,0,0,0,1,0,0,0,0,0,0,0,0,0,0,0,0,0,0,0,0,0,0,0,0,0,0,13,0,0,0,0,0,0,0,0,0,0,0,0,0,0,0,0,0,0,0,0,0,0,0,0,0,0,0,0,0,0,0,0,0,0,0,0,0,0,0,0,0,0,0,0,0,0,0,0
-0.563389,0.513449,0.576277,0,0,0,0,-5.44976e-08,-4.00644e-08,1.8016e-08,1807,203,204,213,214,215,225,226,1796,1797,1806,1808,1818,1819,0,0,0,0,0,0,0,0,0,203,204,213,214,215,225,226,1796,1797,1806,1808,1818,1819,0,0,0,0,0,0,0,0,0,0.112189,0.108316,0.110087,0.100035,0.110448,0.108275,0.112758,0.0533863,0.0442276,0.0486819,0.049653,0.0441395,0.0545781,0,0,0,0,0,0,0,0,0,0.112181,0.108327,0.110121,0.1,0.110492,0.108282,0.112727,0.0535034,0.0438819,0.0485677,0.0494926,0.043765,0.054734,0,0,0,0,0,0,0,0,0,1,1,1,1,1,1,1,1,1,1,1,1,1,0,0,0,0,0,0,0,0,0,1,1,1,1,1,1,1,1,1,1,1,1,1,0,0,0,0,0,0,0,0,0,1,0,0,0,0,0,0,0,0,0,0,0,0,0,0,0,0,0,0,0,0,0,0,13,0,0,0,0,0,0,0,0,0,0,0,0,0,0,0,0,0,0,0,0,0,0,0,0,0,0,0,0,0,0,0,0,0,0,0,0,0,0,0,0,0,0,0,0,0,0,0,0
-0.577019,0.478658,0.608976,0,0,0,0,-5.78863e-08,-2.83179e-08,3.1296e-08,1808,204,205,214,215,216,226,227,1797,1798,1807,1809,1819,1820,0,0,0,0,0,0,0,0,0,204,205,214,215,216,226,227,1797,1798,1807,1809,1819,1820,0,0,0,0,0,0,0,0,0,0.112783,0.108971,0.110432,0.100029,0.111093,0.108608,0.113254,0.0546642,0.0460636,0.049653,0.0512708,0.0450518,0.0556962,0,0,0,0,0,0,0,0,0,0.112761,0.108977,0.110492,0.1,0.111139,0.108586,0.113245,0.0548368,0.0456298,0.0494926,0.0510767,0.0445912,0.0559033,0,0,0,0,0,0,0,0,0,1,1,1,1,1,1,1,1,1,1,1,1,1,0,0,0,0,0,0,0,0,0,1,1,1,1,1,1,1,1,1,1,1,1,1,0,0,0,0,0,0,0,0,0,1,0,0,0,0,0,0,0,0,0,0,0,0,0,0,0,0,0,0,0,0,0,0,13,0,0,0,0,0,0,0,0,0,0,0,0,0,0,0,0,0,0,0,0,0,0,0,0,0,0,0,0,0,0,0,0,0,0,0,0,0,0,0,0,0,0,0,0,0,0,0,0
-0.589726,0.440645,0.640949,0,0,0,0,-6.14487e-08,-1.82067e-08,4.44997e-08,1809,205,206,215,216,217,227,228,1798,1799,1808,1810,1820,1821,0,0,0,0,0,0,0,0,0,205,206,215,216,217,227,228,1798,1799,1808,1810,1820,1821,0,0,0,0,0,0,0,0,0,0.113049,0.10948,0.111089,0.100023,0.110866,0.109069,0.113139,0.0553226,0.0473818,0.0512708,0.0507589,0.0462964,0.0554342,0,0,0,0,0,0,0,0,0,0.113065,0.109462,0.11114,0.1,0.110906,0.109029,0.113148,0.0555264,0.0468974,0.0510767,0.0505157,0.0457728,0.0556843,0,0,0,0,0,0,0,0,0,1,1,1,1,1,1,1,1,1,1,1,1,1,0,0,0,0,0,0,0,0,0,1,1,1,1,1,1,1,1,1,1,1,1,1,0,0,0,0,0,0,0,0,0,1,0,0,0,0,0,0,0,0,0,0,0,0,0,0,0,0,0,0,0,0,0,0,13,0,0,0,0,0,0,0,0,0,0,0,0,0,0,0,0,0,0,0,0,0,0,0,0,0,0,0,0,0,0,0,0,0,0,0,0,0,0,0,0,0,0,0,0,0,0,0,0
-0.601166,0.400878,0.670346,0,0,0,0,-6.50285e-08,-1.01574e-08,5.69695e-08,1810,206,207,216,217,218,228,229,1799,1800,1809,1811,1821,1822,0,0,0,0,0,0,0,0,0,206,207,216,217,218,228,229,1799,1800,1809,1811,1821,1822,0,0,0,0,0,0,0,0,0,0.113158,0.10983,0.110859,0.100017,0.110551,0.10949,0.113067,0.0555423,0.0482743,0.0507589,0.0500351,0.0474028,0.0552801,0,0,0,0,0,0,0,0,0,0.113181,0.1098,0.110908,0.1,0.110586,0.109439,0.113097,0.0557875,0.0477626,0.0505157,0.0497339,0.0468439,0.0555698,0,0,0,0,0,0,0,0,0,1,1,1,1,1,1,1,1,1,1,1,1,1,0,0,0,0,0,0,0,0,0,1,1,1,1,1,1,1,1,1,1,1,1,1,0,0,0,0,0,0,0,0,0,1,0,0,0,0,0,0,0,0,0,0,0,0,0,0,0,0,0,0,0,0,0,0,13,0,0,0,0,0,0,0,0,0,0,0,0,0,0,0,0,0,0,0,0,0,0,0,0,0,0,0,0,0,0,0,0,0,0,0,0,0,0,0,0,0,0,0,0,0,0,0,0
-0.611165,0.35979,0.697092,0,0,0,0,-6.84169e-08,-4.05286e-09,6.84185e-08,1811,207,208,217,218,219,229,230,1800,1801,1810,1812,1822,1823,0,0,0,0,0,0,0,0,0,207,208,217,218,219,229,230,1800,1801,1810,1812,1822,1823,0,0,0,0,0,0,0,0,0,0.113165,0.110089,0.110548,0.100013,0.110192,0.109841,0.113017,0.0555573,0.0488969,0.0500351,0.0491908,0.0482971,0.0551792,0,0,0,0,0,0,0,0,0,0.113202,0.110046,0.110589,0.1,0.11022,0.109784,0.113067,0.0558358,0.048384,0.0497339,0.0488255,0.0477281,0.0555029,0,0,0,0,0,0,0,0,0,1,1,1,1,1,1,1,1,1,1,1,1,1,0,0,0,0,0,0,0,0,0,1,1,1,1,1,1,1,1,1,1,1,1,1,0,0,0,0,0,0,0,0,0,1,0,0,0,0,0,0,0,0,0,0,0,0,0,0,0,0,0,0,0,0,0,0,13,0,0,0,0,0,0,0,0,0,0,0,0,0,0,0,0,0,0,0,0,0,0,0,0,0,0,0,0,0,0,0,0,0,0,0,0,0,0,0,0,0,0,0,0,0,0,0,0
-0.619632,0.317733,0.721159,0,0,0,0,-7.14479e-08,2.86217e-10,7.86523e-08,1812,208,209,218,219,220,230,231,1801,1802,1811,1813,1823,1824,0,0,0,0,0,0,0,0,0,208,209,218,219,220,230,231,1801,1802,1811,1813,1823,1824,0,0,0,0,0,0,0,0,0,0.113122,0.110277,0.110193,0.100011,0.109826,0.110131,0.113017,0.0554445,0.0493252,0.0491908,0.0483137,0.0490176,0.0551968,0,0,0,0,0,0,0,0,0,0.113164,0.110227,0.110223,0.1,0.109844,0.110074,0.113086,0.0557508,0.0488352,0.0488255,0.0478796,0.0484623,0.0555466,0,0,0,0,0,0,0,0,0,1,1,1,1,1,1,1,1,1,1,1,1,1,0,0,0,0,0,0,0,0,0,1,1,1,1,1,1,1,1,1,1,1,1,1,0,0,0,0,0,0,0,0,0,1,0,0,0,0,0,0,0,0,0,0,0,0,0,0,0,0,0,0,0,0,0,0,13,0,0,0,0,0,0,0,0,0,0,0,0,0,0,0,0,0,0,0,0,0,0,0,0,0,0,0,0,0,0,0,0,0,0,0,0,0,0,0,0,0,0,0,0,0,0,0,0
-0.626522,0.274979,0.742579,0,0,0,0,-7.39977e-08,3.07007e-09,8.75477e-08,1813,209,210,219,220,221,231,232,1802,1803,1812,1814,1824,1825,0,0,0,0,0,0,0,0,0,209,210,219,220,221,231,232,1802,1803,1812,1814,1824,1825,0,0,0,0,0,0,0,0,0,0.113054,0.110408,0.109831,0.100011,0.109499,0.110382,0.113111,0.055287,0.0495988,0.0483137,0.0475208,0.0496201,0.0554189,0,0,0,0,0,0,0,0,0,0.113103,0.110356,0.109848,0.1,0.109507,0.110331,0.113194,0.0556128,0.0491551,0.0478796,0.0470136,0.0491026,0.0557903,0,0,0,0,0,0,0,0,0,1,1,1,1,1,1,1,1,1,1,1,1,1,0,0,0,0,0,0,0,0,0,1,1,1,1,1,1,1,1,1,1,1,1,1,0,0,0,0,0,0,0,0,0,1,0,0,0,0,0,0,0,0,0,0,0,0,0,0,0,0,0,0,0,0,0,0,13,0,0,0,0,0,0,0,0,0,0,0,0,0,0,0,0,0,0,0,0,0,0,0,0,0,0,0,0,0,0,0,0,0,0,0,0,0,0,0,0,0,0,0,0,0,0,0,0
-0.631847,0.231672,0.761404,0,0,0,0,-7.59954e-08,4.51409e-09,9.50291e-08,1814,155,156,210,211,220,221,232,1748,1749,1803,1804,1813,1825,0,0,0,0,0,0,0,0,0,155,156,210,211,220,221,232,1748,1749,1803,1804,1813,1825,0,0,0,0,0,0,0,0,0,0.113211,0.109221,0.112988,0.110477,0.109507,0.100013,0.110605,0.0556305,0.046865,0.0551405,0.0497199,0.0475208,0.0501045,0,0,0,0,0,0,0,0,0,0.113296,0.109224,0.113043,0.110434,0.10951,0.1,0.110556,0.0560207,0.0462787,0.0554791,0.0493453,0.0470136,0.0496557,0,0,0,0,0,0,0,0,0,1,1,1,1,1,1,1,1,1,1,1,1,1,0,0,0,0,0,0,0,0,0,1,1,1,1,1,1,1,1,1,1,1,1,1,0,0,0,0,0,0,0,0,0,1,0,0,0,0,0,0,0,0,0,0,0,0,0,0,0,0,0,0,0,0,0,0,13,0,0,0,0,0,0,0,0,0,0,0,0,0,0,0,0,0,0,0,0,0,0,0,0,0,0,0,0,0,0,0,0,0,0,0,0,0,0,0,0,0,0,0,0,0,0,0,0
-0.481248,0.627397,0.484655,0,0,0,0,-3.44454e-08,-9.62621e-08,-3.91338e-08,1815,222,223,233,234,1816,1826,1827,0,0,0,0,0,0,0,0,0,0,0,0,0,0,0,222,223,233,234,1816,1826,1827,0,0,0,0,0,0,0,0,0,0,0,0,0,0,0,0.100011,0.11055,0.108458,0.111863,0.0495922,0.0445508,0.0525737,0,0,0,0,0,0,0,0,0,0,0,0,0,0,0,0.1,0.110522,0.108541,0.111818,0.0495582,0.0444802,0.0526385,0,0,0,0,0,0,0,0,0,0,0,0,0,0,0,1,1,1,1,1,1,1,0,0,0,0,0,0,0,0,0,0,0,0,0,0,0,1,1,1,1,1,1,1,0,0,0,0,0,0,0,0,0,0,0,0,0,0,0,1,0,0,0,0,0,0,0,0,0,0,0,0,0,0,0,0,0,0,0,0,0,0,7,0,0,0,0,0,0,0,0,0,0,0,0,0,0,0,0,0,0,0,0,0,0,0,0,0,0,0,0,0,0,0,0,0,0,0,0,0,0,0,0,0,0,0,0,0,0,0,0
-0.499345,0.599843,0.521705,0,0,0,0,-3.64075e-08,-7.74314e-08,-2.54423e-08,1816,212,222,223,224,234,235,1805,1815,1817,1827,1828,0,0,0,0,0,0,0,0,0,0,0,212,222,223,224,234,235,1805,1815,1817,1827,1828,0,0,0,0,0,0,0,0,0,0,0,0.107922,0.110393,0.100114,0.11039,0.108894,0.112578,0.0430867,0.0495922,0.0492947,0.0457147,0.0540816,0,0,0,0,0,0,0,0,0,0,0,0.10798,0.11052,0.1,0.1104,0.108929,0.11248,0.0429275,0.0495582,0.0492553,0.0455186,0.054175,0,0,0,0,0,0,0,0,0,0,0,1,1,1,1,1,1,1,1,1,1,1,0,0,0,0,0,0,0,0,0,0,0,1,1,1,1,1,1,1,1,1,1,1,0,0,0,0,0,0,0,0,0,0,0,1,0,0,0,0,0,0,0,0,0,0,0,0,0,0,0,0,0,0,0,0,0,0,11,0,0,0,0,0,0,0,0,0,0,0,0,0,0,0,0,0,0,0,0,0,0,0,0,0,0,0,0,0,0,0,0,0,0,0,0,0,0,0,0,0,0,0,0,0,0,0,0
-0.51577,0.570391,0.55766,0,0,0,0,-3.91002e-08,-6.11533e-08,-1.15865e-08,1817,212,213,223,224,225,235,236,1805,1806,1816,1818,1828,1829,0,0,0,0,0,0,0,0,0,212,213,223,224,225,235,236,1805,1806,1816,1818,1828,1829,0,0,0,0,0,0,0,0,0,0.111773,0.108113,0.110301,0.100044,0.110407,0.109002,0.113099,0.0523085,0.043632,0.0492947,0.0494694,0.0460961,0.055346,0,0,0,0,0,0,0,0,0,0.1117,0.108134,0.110398,0.1,0.110453,0.109023,0.113049,0.0523785,0.0433537,0.0492553,0.0493895,0.0457638,0.0554677,0,0,0,0,0,0,0,0,0,1,1,1,1,1,1,1,1,1,1,1,1,1,0,0,0,0,0,0,0,0,0,1,1,1,1,1,1,1,1,1,1,1,1,1,0,0,0,0,0,0,0,0,0,1,0,0,0,0,0,0,0,0,0,0,0,0,0,0,0,0,0,0,0,0,0,0,13,0,0,0,0,0,0,0,0,0,0,0,0,0,0,0,0,0,0,0,0,0,0,0,0,0,0,0,0,0,0,0,0,0,0,0,0,0,0,0,0,0,0,0,0,0,0,0,0
-0.531049,0.538746,0.592479,0,0,0,0,-4.21927e-08,-4.68635e-08,1.94085e-09,1818,213,214,224,225,226,236,237,1806,1807,1817,1819,1829,1830,0,0,0,0,0,0,0,0,0,213,214,224,225,226,236,237,1806,1807,1817,1819,1829,1830,0,0,0,0,0,0,0,0,0,0.11208,0.108263,0.110372,0.100034,0.11074,0.109103,0.113624,0.0530086,0.0441395,0.0494694,0.0503465,0.0464022,0.0565178,0,0,0,0,0,0,0,0,0,0.112016,0.108284,0.110452,0.1,0.11079,0.109106,0.113592,0.0531203,0.043765,0.0493895,0.050221,0.0459812,0.0566806,0,0,0,0,0,0,0,0,0,1,1,1,1,1,1,1,1,1,1,1,1,1,0,0,0,0,0,0,0,0,0,1,1,1,1,1,1,1,1,1,1,1,1,1,0,0,0,0,0,0,0,0,0,1,0,0,0,0,0,0,0,0,0,0,0,0,0,0,0,0,0,0,0,0,0,0,13,0,0,0,0,0,0,0,0,0,0,0,0,0,0,0,0,0,0,0,0,0,0,0,0,0,0,0,0,0,0,0,0,0,0,0,0,0,0,0,0,0,0,0,0,0,0,0,0
-0.54488,0.504672,0.626865,0,0,0,0,-4.53499e-08,-3.42427e-08,1.53172e-08,1819,214,215,225,226,227,237,238,1807,1808,1818,1820,1830,1831,0,0,0,0,0,0,0,0,0,214,215,225,226,227,237,238,1807,1808,1818,1820,1830,1831,0,0,0,0,0,0,0,0,0,0.112723,0.108589,0.110732,0.100027,0.111036,0.109072,0.113662,0.0545781,0.0450518,0.0503465,0.0511129,0.0463187,0.0565848,0,0,0,0,0,0,0,0,0,0.112715,0.108589,0.110789,0.1,0.111085,0.109047,0.113645,0.054734,0.0445912,0.050221,0.0509417,0.0458216,0.0567975,0,0,0,0,0,0,0,0,0,1,1,1,1,1,1,1,1,1,1,1,1,1,0,0,0,0,0,0,0,0,0,1,1,1,1,1,1,1,1,1,1,1,1,1,0,0,0,0,0,0,0,0,0,1,0,0,0,0,0,0,0,0,0,0,0,0,0,0,0,0,0,0,0,0,0,0,13,0,0,0,0,0,0,0,0,0,0,0,0,0,0,0,0,0,0,0,0,0,0,0,0,0,0,0,0,0,0,0,0,0,0,0,0,0,0,0,0,0,0,0,0,0,0,0,0
-0.557618,0.467967,0.660078,0,0,0,0,-4.86475e-08,-2.33629e-08,2.85064e-08,1820,215,216,226,227,228,238,239,1808,1809,1819,1821,1831,1832,0,0,0,0,0,0,0,0,0,215,216,226,227,228,238,239,1808,1809,1819,1821,1831,1832,0,0,0,0,0,0,0,0,0,0.113227,0.109048,0.111029,0.100019,0.111017,0.109109,0.113384,0.0556962,0.0462964,0.0511129,0.0511143,0.0464274,0.0559681,0,0,0,0,0,0,0,0,0,0.113232,0.109032,0.111085,0.1,0.111065,0.109064,0.113389,0.0559033,0.0457728,0.0509417,0.0508971,0.0458654,0.0562276,0,0,0,0,0,0,0,0,0,1,1,1,1,1,1,1,1,1,1,1,1,1,0,0,0,0,0,0,0,0,0,1,1,1,1,1,1,1,1,1,1,1,1,1,0,0,0,0,0,0,0,0,0,1,0,0,0,0,0,0,0,0,0,0,0,0,0,0,0,0,0,0,0,0,0,0,13,0,0,0,0,0,0,0,0,0,0,0,0,0,0,0,0,0,0,0,0,0,0,0,0,0,0,0,0,0,0,0,0,0,0,0,0,0,0,0,0,0,0,0,0,0,0,0,0
-0.569275,0.429102,0.691163,0,0,0,0,-5.2019e-08,-1.43811e-08,4.12308e-08,1821,216,217,227,228,229,239,240,1809,1810,1820,1822,1832,1833,0,0,0,0,0,0,0,0,0,216,217,227,228,229,239,240,1809,1810,1820,1822,1832,1833,0,0,0,0,0,0,0,0,0,0.113111,0.109475,0.111019,0.100014,0.110825,0.109262,0.113087,0.0554342,0.0474028,0.0511143,0.0507027,0.0468327,0.0553082,0,0,0,0,0,0,0,0,0,0.113134,0.109443,0.111067,0.1,0.110872,0.109204,0.113113,0.0556843,0.0468439,0.0508971,0.0504303,0.0462306,0.0556088,0,0,0,0,0,0,0,0,0,1,1,1,1,1,1,1,1,1,1,1,1,1,0,0,0,0,0,0,0,0,0,1,1,1,1,1,1,1,1,1,1,1,1,1,0,0,0,0,0,0,0,0,0,1,0,0,0,0,0,0,0,0,0,0,0,0,0,0,0,0,0,0,0,0,0,0,13,0,0,0,0,0,0,0,0,0,0,0,0,0,0,0,0,0,0,0,0,0,0,0,0,0,0,0,0,0,0,0,0,0,0,0,0,0,0,0,0,0,0,0,0,0,0,0,0
-0.579681,0.388552,0.719766,0,0,0,0,-5.531e-08,-7.30528e-09,5.31626e-08,1822,217,218,228,229,230,240,241,1810,1811,1821,1823,1833,1834,0,0,0,0,0,0,0,0,0,217,218,228,229,230,240,241,1810,1811,1821,1823,1833,1834,0,0,0,0,0,0,0,0,0,0.113051,0.109832,0.110835,0.100011,0.110544,0.109477,0.112846,0.0552801,0.0482971,0.0507027,0.0500701,0.0473887,0.0547801,0,0,0,0,0,0,0,0,0,0.113084,0.109788,0.110874,0.1,0.110586,0.109411,0.112895,0.0555698,0.0477281,0.0504303,0.0497319,0.0467691,0.0551162,0,0,0,0,0,0,0,0,0,1,1,1,1,1,1,1,1,1,1,1,1,1,0,0,0,0,0,0,0,0,0,1,1,1,1,1,1,1,1,1,1,1,1,1,0,0,0,0,0,0,0,0,0,1,0,0,0,0,0,0,0,0,0,0,0,0,0,0,0,0,0,0,0,0,0,0,13,0,0,0,0,0,0,0,0,0,0,0,0,0,0,0,0,0,0,0,0,0,0,0,0,0,0,0,0,0,0,0,0,0,0,0,0,0,0,0,0,0,0,0,0,0,0,0,0
-0.588689,0.346717,0.74576,0,0,0,0,-5.83564e-08,-2.03232e-09,6.40498e-08,1823,218,219,229,230,231,241,242,1811,1812,1822,1824,1834,1835,0,0,0,0,0,0,0,0,0,218,219,229,230,231,241,242,1811,1812,1822,1824,1834,1835,0,0,0,0,0,0,0,0,0,0.113013,0.110132,0.110561,0.100009,0.110249,0.109729,0.112764,0.0551792,0.0490176,0.0500701,0.0493929,0.0480307,0.0546148,0,0,0,0,0,0,0,0,0,0.113054,0.110078,0.110589,0.1,0.110282,0.109662,0.112835,0.0555029,0.0484623,0.0497319,0.0489791,0.0474141,0.0549811,0,0,0,0,0,0,0,0,0,1,1,1,1,1,1,1,1,1,1,1,1,1,0,0,0,0,0,0,0,0,0,1,1,1,1,1,1,1,1,1,1,1,1,1,0,0,0,0,0,0,0,0,0,1,0,0,0,0,0,0,0,0,0,0,0,0,0,0,0,0,0,0,0,0,0,0,13,0,0,0,0,0,0,0,0,0,0,0,0,0,0,0,0,0,0,0,0,0,0,0,0,0,0,0,0,0,0,0,0,0,0,0,0,0,0,0,0,0,0,0,0,0,0,0,0
-0.596184,0.303873,0.769167,0,0,0,0,-6.10169e-08,1.60304e-09,7.37056e-08,1824,219,220,230,231,232,242,243,1812,1813,1823,1825,1835,1836,0,0,0,0,0,0,0,0,0,219,220,230,231,232,242,243,1812,1813,1823,1825,1835,1836,0,0,0,0,0,0,0,0,0,0.113026,0.110394,0.110269,0.100008,0.110026,0.11005,0.113054,0.0551968,0.0496201,0.0493929,0.0488916,0.0488369,0.0552893,0,0,0,0,0,0,0,0,0,0.113073,0.110335,0.110286,0.1,0.110047,0.109988,0.113146,0.0555466,0.0491026,0.0489791,0.0483911,0.0482429,0.0556826,0,0,0,0,0,0,0,0,0,1,1,1,1,1,1,1,1,1,1,1,1,1,0,0,0,0,0,0,0,0,0,1,1,1,1,1,1,1,1,1,1,1,1,1,0,0,0,0,0,0,0,0,0,1,0,0,0,0,0,0,0,0,0,0,0,0,0,0,0,0,0,0,0,0,0,0,13,0,0,0,0,0,0,0,0,0,0,0,0,0,0,0,0,0,0,0,0,0,0,0,0,0,0,0,0,0,0,0,0,0,0,0,0,0,0,0,0,0,0,0,0,0,0,0,0
-0.602139,0.260074,0.790062,0,0,0,0,-6.32086e-08,3.78762e-09,8.20229e-08,1825,154,155,220,221,231,232,243,1747,1748,1813,1814,1824,1836,0,0,0,0,0,0,0,0,0,154,155,220,221,231,232,243,1747,1748,1813,1814,1824,1836,0,0,0,0,0,0,0,0,0,0.113615,0.109887,0.113126,0.110611,0.110048,0.100011,0.110517,0.0565296,0.0486187,0.0554189,0.0501045,0.0488916,0.0499459,0,0,0,0,0,0,0,0,0,0.113715,0.109899,0.113181,0.110559,0.110051,0.1,0.110457,0.0569532,0.0480177,0.0557903,0.0496557,0.0483911,0.0494132,0,0,0,0,0,0,0,0,0,1,1,1,1,1,1,1,1,1,1,1,1,1,0,0,0,0,0,0,0,0,0,1,1,1,1,1,1,1,1,1,1,1,1,1,0,0,0,0,0,0,0,0,0,1,0,0,0,0,0,0,0,0,0,0,0,0,0,0,0,0,0,0,0,0,0,0,13,0,0,0,0,0,0,0,0,0,0,0,0,0,0,0,0,0,0,0,0,0,0,0,0,0,0,0,0,0,0,0,0,0,0,0,0,0,0,0,0,0,0,0,0,0,0,0,0
-0.4446,0.650741,0.494493,0,0,0,0,-2.40399e-08,-1.06282e-07,-5.50718e-08,1826,222,233,234,244,245,1815,1827,1837,1838,0,0,0,0,0,0,0,0,0,0,0,0,0,222,233,234,244,245,1815,1827,1837,1838,0,0,0,0,0,0,0,0,0,0,0,0,0,0.108542,0.100059,0.11089,0.108319,0.112007,0.0445508,0.0506321,0.0441468,0.0529174,0,0,0,0,0,0,0,0,0,0,0,0,0,0.108543,0.1,0.110952,0.108385,0.111946,0.0444802,0.0506055,0.0440527,0.0529421,0,0,0,0,0,0,0,0,0,0,0,0,0,1,1,1,1,1,1,1,1,1,0,0,0,0,0,0,0,0,0,0,0,0,0,1,1,1,1,1,1,1,1,1,0,0,0,0,0,0,0,0,0,0,0,0,0,1,0,0,0,0,0,0,0,0,0,0,0,0,0,0,0,0,0,0,0,0,0,0,9,0,0,0,0,0,0,0,0,0,0,0,0,0,0,0,0,0,0,0,0,0,0,0,0,0,0,0,0,0,0,0,0,0,0,0,0,0,0,0,0,0,0,0,0,0,0,0,0
-0.462534,0.624162,0.533679,0,0,0,0,-2.54792e-08,-8.71735e-08,-4.20687e-08,1827,222,223,233,234,235,245,246,1815,1816,1826,1828,1838,1839,0,0,0,0,0,0,0,0,0,222,223,233,234,235,245,246,1815,1816,1826,1828,1838,1839,0,0,0,0,0,0,0,0,0,0.111911,0.108849,0.110919,0.100045,0.110994,0.108739,0.112573,0.0525737,0.0457147,0.0506321,0.0508499,0.0454123,0.0541928,0,0,0,0,0,0,0,0,0,0.111808,0.108931,0.110948,0.1,0.111028,0.10881,0.112516,0.0526385,0.0455186,0.0506055,0.0507924,0.0451981,0.0542613,0,0,0,0,0,0,0,0,0,1,1,1,1,1,1,1,1,1,1,1,1,1,0,0,0,0,0,0,0,0,0,1,1,1,1,1,1,1,1,1,1,1,1,1,0,0,0,0,0,0,0,0,0,1,0,0,0,0,0,0,0,0,0,0,0,0,0,0,0,0,0,0,0,0,0,0,13,0,0,0,0,0,0,0,0,0,0,0,0,0,0,0,0,0,0,0,0,0,0,0,0,0,0,0,0,0,0,0,0,0,0,0,0,0,0,0,0,0,0,0,0,0,0,0,0
-0.479518,0.595106,0.571798,0,0,0,0,-2.78365e-08,-6.98076e-08,-2.84266e-08,1828,223,224,234,235,236,246,247,1816,1817,1827,1829,1839,1840,0,0,0,0,0,0,0,0,0,223,224,234,235,236,246,247,1816,1817,1827,1829,1839,1840,0,0,0,0,0,0,0,0,0,0.112455,0.109003,0.110992,0.100044,0.111058,0.10911,0.113087,0.0540816,0.0460961,0.0508499,0.0510121,0.0463964,0.0553016,0,0,0,0,0,0,0,0,0,0.112468,0.109025,0.111025,0.1,0.111089,0.109135,0.113028,0.054175,0.0457638,0.0507924,0.0509415,0.0460581,0.055425,0,0,0,0,0,0,0,0,0,1,1,1,1,1,1,1,1,1,1,1,1,1,0,0,0,0,0,0,0,0,0,1,1,1,1,1,1,1,1,1,1,1,1,1,0,0,0,0,0,0,0,0,0,1,0,0,0,0,0,0,0,0,0,0,0,0,0,0,0,0,0,0,0,0,0,0,13,0,0,0,0,0,0,0,0,0,0,0,0,0,0,0,0,0,0,0,0,0,0,0,0,0,0,0,0,0,0,0,0,0,0,0,0,0,0,0,0,0,0,0,0,0,0,0,0
-0.495407,0.563651,0.608681,0,0,0,0,-3.06693e-08,-5.43546e-08,-1.45766e-08,1829,224,225,235,236,237,247,248,1817,1818,1828,1830,1840,1841,0,0,0,0,0,0,0,0,0,224,225,235,236,237,247,248,1817,1818,1828,1830,1840,1841,0,0,0,0,0,0,0,0,0,0.113058,0.109103,0.111006,0.100033,0.111104,0.109346,0.113445,0.055346,0.0464022,0.0510121,0.0511857,0.0470509,0.0560987,0,0,0,0,0,0,0,0,0,0.113036,0.109109,0.111087,0.1,0.111144,0.109341,0.113403,0.0554677,0.0459812,0.0509415,0.0510768,0.0465958,0.0562644,0,0,0,0,0,0,0,0,0,1,1,1,1,1,1,1,1,1,1,1,1,1,0,0,0,0,0,0,0,0,0,1,1,1,1,1,1,1,1,1,1,1,1,1,0,0,0,0,0,0,0,0,0,1,0,0,0,0,0,0,0,0,0,0,0,0,0,0,0,0,0,0,0,0,0,0,13,0,0,0,0,0,0,0,0,0,0,0,0,0,0,0,0,0,0,0,0,0,0,0,0,0,0,0,0,0,0,0,0,0,0,0,0,0,0,0,0,0,0,0,0,0,0,0,0
-0.510118,0.529884,0.644225,0,0,0,0,-3.37813e-08,-4.07533e-08,-8.57661e-10,1830,225,226,236,237,238,248,249,1818,1819,1829,1831,1841,1842,0,0,0,0,0,0,0,0,0,225,226,236,237,238,248,249,1818,1819,1829,1831,1841,1842,0,0,0,0,0,0,0,0,0,0.113591,0.109051,0.111067,0.100023,0.111124,0.109468,0.113603,0.0565178,0.0463187,0.0511857,0.0512964,0.0473885,0.056438,0,0,0,0,0,0,0,0,0,0.113579,0.10905,0.111143,0.1,0.111167,0.109441,0.113578,0.0566806,0.0458216,0.0510768,0.0511364,0.0468525,0.0566527,0,0,0,0,0,0,0,0,0,1,1,1,1,1,1,1,1,1,1,1,1,1,0,0,0,0,0,0,0,0,0,1,1,1,1,1,1,1,1,1,1,1,1,1,0,0,0,0,0,0,0,0,0,1,0,0,0,0,0,0,0,0,0,0,0,0,0,0,0,0,0,0,0,0,0,0,13,0,0,0,0,0,0,0,0,0,0,0,0,0,0,0,0,0,0,0,0,0,0,0,0,0,0,0,0,0,0,0,0,0,0,0,0,0,0,0,0,0,0,0,0,0,0,0,0
-0.523626,0.493892,0.678187,0,0,0,0,-3.70379e-08,-2.90118e-08,1.26012e-08,1831,226,227,237,238,239,249,250,1819,1820,1830,1832,1842,1843,0,0,0,0,0,0,0,0,0,226,227,237,238,239,249,250,1819,1820,1830,1832,1842,1843,0,0,0,0,0,0,0,0,0,0.11362,0.109085,0.111102,0.100016,0.111066,0.109516,0.113546,0.0565848,0.0464274,0.0512964,0.0512144,0.0475181,0.0563057,0,0,0,0,0,0,0,0,0,0.113632,0.109067,0.111167,0.1,0.111112,0.109468,0.113543,0.0567975,0.0458654,0.0511364,0.0510056,0.0469193,0.0565721,0,0,0,0,0,0,0,0,0,1,1,1,1,1,1,1,1,1,1,1,1,1,0,0,0,0,0,0,0,0,0,1,1,1,1,1,1,1,1,1,1,1,1,1,0,0,0,0,0,0,0,0,0,1,0,0,0,0,0,0,0,0,0,0,0,0,0,0,0,0,0,0,0,0,0,0,13,0,0,0,0,0,0,0,0,0,0,0,0,0,0,0,0,0,0,0,0,0,0,0,0,0,0,0,0,0,0,0,0,0,0,0,0,0,0,0,0,0,0,0,0,0,0,0,0
-0.535904,0.455868,0.710223,0,0,0,0,-4.03376e-08,-1.91601e-08,2.5602e-08,1832,227,228,238,239,240,250,251,1820,1821,1831,1833,1843,1844,0,0,0,0,0,0,0,0,0,227,228,238,239,240,250,251,1820,1821,1831,1833,1843,1844,0,0,0,0,0,0,0,0,0,0.113353,0.10924,0.111058,0.10001,0.11091,0.109523,0.113308,0.0559681,0.0468327,0.0512144,0.0508987,0.0475405,0.0557802,0,0,0,0,0,0,0,0,0,0.113376,0.109207,0.111113,0.1,0.110959,0.10946,0.113328,0.0562276,0.0462306,0.0510056,0.0506376,0.0468986,0.0560929,0,0,0,0,0,0,0,0,0,1,1,1,1,1,1,1,1,1,1,1,1,1,0,0,0,0,0,0,0,0,0,1,1,1,1,1,1,1,1,1,1,1,1,1,0,0,0,0,0,0,0,0,0,1,0,0,0,0,0,0,0,0,0,0,0,0,0,0,0,0,0,0,0,0,0,0,13,0,0,0,0,0,0,0,0,0,0,0,0,0,0,0,0,0,0,0,0,0,0,0,0,0,0,0,0,0,0,0,0,0,0,0,0,0,0,0,0,0,0,0,0,0,0,0,0
-0.546886,0.416105,0.740039,0,0,0,0,-4.35638e-08,-1.11908e-08,3.79116e-08,1833,228,229,239,240,241,251,252,1821,1822,1832,1834,1844,1845,0,0,0,0,0,0,0,0,0,228,229,239,240,241,251,252,1821,1822,1832,1834,1844,1845,0,0,0,0,0,0,0,0,0,0.113068,0.109459,0.110919,0.100007,0.110675,0.109503,0.112938,0.0553082,0.0473887,0.0508987,0.0503889,0.0474805,0.0549634,0,0,0,0,0,0,0,0,0,0.113101,0.109415,0.11096,0.1,0.110724,0.10943,0.112982,0.0556088,0.0467691,0.0506376,0.0500686,0.0468177,0.0553143,0,0,0,0,0,0,0,0,0,1,1,1,1,1,1,1,1,1,1,1,1,1,0,0,0,0,0,0,0,0,0,1,1,1,1,1,1,1,1,1,1,1,1,1,0,0,0,0,0,0,0,0,0,1,0,0,0,0,0,0,0,0,0,0,0,0,0,0,0,0,0,0,0,0,0,0,13,0,0,0,0,0,0,0,0,0,0,0,0,0,0,0,0,0,0,0,0,0,0,0,0,0,0,0,0,0,0,0,0,0,0,0,0,0,0,0,0,0,0,0,0,0,0,0,0
-0.556454,0.374937,0.767473,0,0,0,0,-4.658e-08,-5.03193e-09,4.92887e-08,1834,229,230,240,241,242,252,253,1822,1823,1833,1835,1845,1846,0,0,0,0,0,0,0,0,0,229,230,240,241,242,252,253,1822,1823,1833,1835,1845,1846,0,0,0,0,0,0,0,0,0,0.112844,0.10972,0.1107,0.100005,0.110435,0.109452,0.112512,0.0547801,0.0480307,0.0503889,0.0498606,0.0473394,0.0540221,0,0,0,0,0,0,0,0,0,0.112883,0.109666,0.110727,0.1,0.110482,0.109376,0.112581,0.0551162,0.0474141,0.0500686,0.0494725,0.0466756,0.0544021,0,0,0,0,0,0,0,0,0,1,1,1,1,1,1,1,1,1,1,1,1,1,0,0,0,0,0,0,0,0,0,1,1,1,1,1,1,1,1,1,1,1,1,1,0,0,0,0,0,0,0,0,0,1,0,0,0,0,0,0,0,0,0,0,0,0,0,0,0,0,0,0,0,0,0,0,13,0,0,0,0,0,0,0,0,0,0,0,0,0,0,0,0,0,0,0,0,0,0,0,0,0,0,0,0,0,0,0,0,0,0,0,0,0,0,0,0,0,0,0,0,0,0,0,0
-0.564418,0.33262,0.792611,0,0,0,0,-4.9226e-08,-5.48524e-10,5.95184e-08,1835,230,231,241,242,243,253,254,1823,1824,1834,1836,1846,1847,0,0,0,0,0,0,0,0,0,230,231,241,242,243,253,254,1823,1824,1834,1836,1846,1847,0,0,0,0,0,0,0,0,0,0.11278,0.110056,0.110473,0.100005,0.110397,0.109407,0.113013,0.0546148,0.0488369,0.0498606,0.0498467,0.0472152,0.0551884,0,0,0,0,0,0,0,0,0,0.112824,0.109992,0.110485,0.1,0.110437,0.109334,0.113108,0.0549811,0.0482429,0.0494725,0.0493626,0.0465636,0.0555988,0,0,0,0,0,0,0,0,0,1,1,1,1,1,1,1,1,1,1,1,1,1,0,0,0,0,0,0,0,0,0,1,1,1,1,1,1,1,1,1,1,1,1,1,0,0,0,0,0,0,0,0,0,1,0,0,0,0,0,0,0,0,0,0,0,0,0,0,0,0,0,0,0,0,0,0,13,0,0,0,0,0,0,0,0,0,0,0,0,0,0,0,0,0,0,0,0,0,0,0,0,0,0,0,0,0,0,0,0,0,0,0,0,0,0,0,0,0,0,0,0,0,0,0,0
-0.570592,0.288957,0.815852,0,0,0,0,-5.13954e-08,2.43556e-09,6.84458e-08,1836,153,154,231,232,242,243,254,1746,1747,1824,1825,1835,1847,0,0,0,0,0,0,0,0,0,153,154,231,232,242,243,254,1746,1747,1824,1825,1835,1847,0,0,0,0,0,0,0,0,0,0.113566,0.11072,0.113084,0.110521,0.110447,0.100008,0.109481,0.0564335,0.0507383,0.0552893,0.0499459,0.0498467,0.0473616,0,0,0,0,0,0,0,0,0,0.113679,0.110751,0.113133,0.110461,0.110441,0.1,0.109412,0.0568748,0.0501401,0.0556826,0.0494132,0.0493626,0.0467646,0,0,0,0,0,0,0,0,0,1,1,1,1,1,1,1,1,1,1,1,1,1,0,0,0,0,0,0,0,0,0,1,1,1,1,1,1,1,1,1,1,1,1,1,0,0,0,0,0,0,0,0,0,1,0,0,0,0,0,0,0,0,0,0,0,0,0,0,0,0,0,0,0,0,0,0,13,0,0,0,0,0,0,0,0,0,0,0,0,0,0,0,0,0,0,0,0,0,0,0,0,0,0,0,0,0,0,0,0,0,0,0,0,0,0,0,0,0,0,0,0,0,0,0,0
-0.406992,0.67246,0.502424,0,0,0,0,-1.51287e-08,-1.17032e-07,-7.08339e-08,1837,233,244,245,256,257,1826,1838,1849,1850,0,0,0,0,0,0,0,0,0,0,0,0,0,233,244,245,256,257,1826,1838,1849,1850,0,0,0,0,0,0,0,0,0,0,0,0,0,0.108315,0.100072,0.111187,0.108086,0.111948,0.0441468,0.0512287,0.0434917,0.0527207,0,0,0,0,0,0,0,0,0,0,0,0,0,0.108386,0.1,0.111217,0.108155,0.111855,0.0440527,0.0512397,0.0434199,0.0527336,0,0,0,0,0,0,0,0,0,0,0,0,0,1,1,1,1,1,1,1,1,1,0,0,0,0,0,0,0,0,0,0,0,0,0,1,1,1,1,1,1,1,1,1,0,0,0,0,0,0,0,0,0,0,0,0,0,1,0,0,0,0,0,0,0,0,0,0,0,0,0,0,0,0,0,0,0,0,0,0,9,0,0,0,0,0,0,0,0,0,0,0,0,0,0,0,0,0,0,0,0,0,0,0,0,0,0,0,0,0,0,0,0,0,0,0,0,0,0,0,0,0,0,0,0,0,0,0,0
-0.424539,0.647088,0.543324,0,0,0,0,-1.62155e-08,-9.73316e-08,-5.81302e-08,1838,233,234,244,245,246,257,258,1826,1827,1837,1839,1850,1851,0,0,0,0,0,0,0,0,0,233,234,244,245,246,257,258,1826,1827,1837,1839,1850,1851,0,0,0,0,0,0,0,0,0,0.112024,0.108746,0.111171,0.100048,0.111375,0.108486,0.112412,0.0529174,0.0454123,0.0512287,0.0517327,0.0447836,0.0538103,0,0,0,0,0,0,0,0,0,0.111936,0.108811,0.111212,0.1,0.111411,0.108564,0.112339,0.0529421,0.0451981,0.0512397,0.0517077,0.0445363,0.0538592,0,0,0,0,0,0,0,0,0,1,1,1,1,1,1,1,1,1,1,1,1,1,0,0,0,0,0,0,0,0,0,1,1,1,1,1,1,1,1,1,1,1,1,1,0,0,0,0,0,0,0,0,0,1,0,0,0,0,0,0,0,0,0,0,0,0,0,0,0,0,0,0,0,0,0,0,13,0,0,0,0,0,0,0,0,0,0,0,0,0,0,0,0,0,0,0,0,0,0,0,0,0,0,0,0,0,0,0,0,0,0,0,0,0,0,0,0,0,0,0,0,0,0,0,0
-0.441438,0.618973,0.583327,0,0,0,0,-1.8182e-08,-7.92383e-08,-4.48575e-08,1839,234,235,245,246,247,258,259,1827,1828,1838,1840,1851,1852,0,0,0,0,0,0,0,0,0,234,235,245,246,247,258,259,1827,1828,1838,1840,1851,1852,0,0,0,0,0,0,0,0,0,0.112565,0.109085,0.111349,0.100037,0.111497,0.108887,0.112805,0.0541928,0.0463964,0.0517327,0.0520538,0.0458648,0.054683,0,0,0,0,0,0,0,0,0,0.112505,0.109137,0.111407,0.1,0.111528,0.108922,0.112745,0.0542613,0.0460581,0.0517077,0.0519895,0.0454952,0.0547886,0,0,0,0,0,0,0,0,0,1,1,1,1,1,1,1,1,1,1,1,1,1,0,0,0,0,0,0,0,0,0,1,1,1,1,1,1,1,1,1,1,1,1,1,0,0,0,0,0,0,0,0,0,1,0,0,0,0,0,0,0,0,0,0,0,0,0,0,0,0,0,0,0,0,0,0,13,0,0,0,0,0,0,0,0,0,0,0,0,0,0,0,0,0,0,0,0,0,0,0,0,0,0,0,0,0,0,0,0,0,0,0,0,0,0,0,0,0,0,0,0,0,0,0,0
-0.45758,0.58821,0.622091,0,0,0,0,-2.06389e-08,-6.28045e-08,-3.11345e-08,1840,235,236,246,247,248,259,260,1828,1829,1839,1841,1852,1853,0,0,0,0,0,0,0,0,0,235,236,246,247,248,259,260,1828,1829,1839,1841,1852,1853,0,0,0,0,0,0,0,0,0,0.113014,0.109335,0.111463,0.100029,0.111533,0.109225,0.113108,0.0553016,0.0470509,0.0520538,0.0521814,0.0467648,0.0553359,0,0,0,0,0,0,0,0,0,0.113016,0.109344,0.111525,0.1,0.111567,0.109223,0.11306,0.055425,0.0465958,0.0519895,0.0520856,0.0462862,0.0555012,0,0,0,0,0,0,0,0,0,1,1,1,1,1,1,1,1,1,1,1,1,1,0,0,0,0,0,0,0,0,0,1,1,1,1,1,1,1,1,1,1,1,1,1,0,0,0,0,0,0,0,0,0,1,0,0,0,0,0,0,0,0,0,0,0,0,0,0,0,0,0,0,0,0,0,0,13,0,0,0,0,0,0,0,0,0,0,0,0,0,0,0,0,0,0,0,0,0,0,0,0,0,0,0,0,0,0,0,0,0,0,0,0,0,0,0,0,0,0,0,0,0,0,0,0
-0.472834,0.554953,0.659296,0,0,0,0,-2.34619e-08,-4.81716e-08,-1.7263e-08,1841,236,237,247,248,249,260,261,1829,1830,1840,1842,1853,1854,0,0,0,0,0,0,0,0,0,236,237,247,248,249,260,261,1829,1830,1840,1842,1853,1854,0,0,0,0,0,0,0,0,0,0.113387,0.109451,0.111491,0.100018,0.111487,0.109489,0.113299,0.0560987,0.0473885,0.0521814,0.0521354,0.0474748,0.0557505,0,0,0,0,0,0,0,0,0,0.113391,0.109444,0.111565,0.1,0.111526,0.109461,0.113269,0.0562644,0.0468525,0.0520856,0.051992,0.0469039,0.0559671,0,0,0,0,0,0,0,0,0,1,1,1,1,1,1,1,1,1,1,1,1,1,0,0,0,0,0,0,0,0,0,1,1,1,1,1,1,1,1,1,1,1,1,1,0,0,0,0,0,0,0,0,0,1,0,0,0,0,0,0,0,0,0,0,0,0,0,0,0,0,0,0,0,0,0,0,13,0,0,0,0,0,0,0,0,0,0,0,0,0,0,0,0,0,0,0,0,0,0,0,0,0,0,0,0,0,0,0,0,0,0,0,0,0,0,0,0,0,0,0,0,0,0,0,0
-0.487086,0.519407,0.694672,0,0,0,0,-2.65379e-08,-3.54093e-08,-3.51983e-09,1842,237,238,248,249,250,261,262,1830,1831,1841,1843,1854,1855,0,0,0,0,0,0,0,0,0,237,238,248,249,250,261,262,1830,1831,1841,1843,1854,1855,0,0,0,0,0,0,0,0,0,0.11355,0.10949,0.111456,0.10001,0.111362,0.109683,0.113368,0.056438,0.0475181,0.0521354,0.0519049,0.0479848,0.0558942,0,0,0,0,0,0,0,0,0,0.113566,0.109471,0.111525,0.1,0.111405,0.109634,0.113357,0.0566527,0.0469193,0.051992,0.0517054,0.0473476,0.0561628,0,0,0,0,0,0,0,0,0,1,1,1,1,1,1,1,1,1,1,1,1,1,0,0,0,0,0,0,0,0,0,1,1,1,1,1,1,1,1,1,1,1,1,1,0,0,0,0,0,0,0,0,0,1,0,0,0,0,0,0,0,0,0,0,0,0,0,0,0,0,0,0,0,0,0,0,13,0,0,0,0,0,0,0,0,0,0,0,0,0,0,0,0,0,0,0,0,0,0,0,0,0,0,0,0,0,0,0,0,0,0,0,0,0,0,0,0,0,0,0,0,0,0,0,0
-0.500229,0.48181,0.727956,0,0,0,0,-2.97425e-08,-2.45606e-08,9.86251e-09,1843,238,239,249,250,251,262,263,1831,1832,1842,1844,1855,1856,0,0,0,0,0,0,0,0,0,238,239,249,250,251,262,263,1831,1832,1842,1844,1855,1856,0,0,0,0,0,0,0,0,0,0.113501,0.109496,0.111346,0.100005,0.11115,0.109801,0.113306,0.0563057,0.0475405,0.0519049,0.051464,0.0482909,0.0557545,0,0,0,0,0,0,0,0,0,0.11353,0.109464,0.111405,0.1,0.111194,0.109736,0.113318,0.0565721,0.0468986,0.0517054,0.051204,0.0476082,0.0560738,0,0,0,0,0,0,0,0,0,1,1,1,1,1,1,1,1,1,1,1,1,1,0,0,0,0,0,0,0,0,0,1,1,1,1,1,1,1,1,1,1,1,1,1,0,0,0,0,0,0,0,0,0,1,0,0,0,0,0,0,0,0,0,0,0,0,0,0,0,0,0,0,0,0,0,0,13,0,0,0,0,0,0,0,0,0,0,0,0,0,0,0,0,0,0,0,0,0,0,0,0,0,0,0,0,0,0,0,0,0,0,0,0,0,0,0,0,0,0,0,0,0,0,0,0
-0.512176,0.442454,0.75889,0,0,0,0,-3.29549e-08,-1.56269e-08,2.26483e-08,1844,239,240,250,251,252,263,264,1832,1833,1843,1845,1856,1857,0,0,0,0,0,0,0,0,0,239,240,250,251,252,263,264,1832,1833,1843,1845,1856,1857,0,0,0,0,0,0,0,0,0,0.113278,0.109477,0.111149,0.100001,0.110849,0.10984,0.11311,0.0557802,0.0474805,0.051464,0.0508086,0.0483849,0.0553238,0,0,0,0,0,0,0,0,0,0.113316,0.109434,0.111196,0.1,0.110895,0.109764,0.113147,0.0560929,0.0468177,0.051204,0.0504831,0.047678,0.0556881,0,0,0,0,0,0,0,0,0,1,1,1,1,1,1,1,1,1,1,1,1,1,0,0,0,0,0,0,0,0,0,1,1,1,1,1,1,1,1,1,1,1,1,1,0,0,0,0,0,0,0,0,0,1,0,0,0,0,0,0,0,0,0,0,0,0,0,0,0,0,0,0,0,0,0,0,13,0,0,0,0,0,0,0,0,0,0,0,0,0,0,0,0,0,0,0,0,0,0,0,0,0,0,0,0,0,0,0,0,0,0,0,0,0,0,0,0,0,0,0,0,0,0,0,0
-0.522809,0.401694,0.7873,0,0,0,0,-3.60406e-08,-8.5549e-09,3.46015e-08,1845,240,241,251,252,253,264,265,1833,1834,1844,1846,1857,1858,0,0,0,0,0,0,0,0,0,240,241,251,252,253,264,265,1833,1834,1844,1846,1857,1858,0,0,0,0,0,0,0,0,0,0.112928,0.109433,0.110868,0.0999996,0.110469,0.109765,0.112762,0.0549634,0.0473394,0.0508086,0.0499501,0.0481735,0.0545636,0,0,0,0,0,0,0,0,0,0.11297,0.10938,0.110898,0.1,0.110516,0.109682,0.112826,0.0553143,0.0466756,0.0504831,0.0495556,0.0474652,0.0549626,0,0,0,0,0,0,0,0,0,1,1,1,1,1,1,1,1,1,1,1,1,1,0,0,0,0,0,0,0,0,0,1,1,1,1,1,1,1,1,1,1,1,1,1,0,0,0,0,0,0,0,0,0,1,0,0,0,0,0,0,0,0,0,0,0,0,0,0,0,0,0,0,0,0,0,0,13,0,0,0,0,0,0,0,0,0,0,0,0,0,0,0,0,0,0,0,0,0,0,0,0,0,0,0,0,0,0,0,0,0,0,0,0,0,0,0,0,0,0,0,0,0,0,0,0
-0.531886,0.359956,0.813194,0,0,0,0,-3.88315e-08,-3.23901e-09,4.54628e-08,1846,241,242,252,253,254,265,266,1834,1835,1845,1847,1858,1859,0,0,0,0,0,0,0,0,0,241,242,252,253,254,265,266,1834,1835,1845,1847,1858,1859,0,0,0,0,0,0,0,0,0,0.112526,0.1094,0.110509,0.100001,0.111022,0.109463,0.113195,0.0540221,0.0472152,0.0499501,0.0513783,0.0473843,0.0555755,0,0,0,0,0,0,0,0,0,0.11257,0.109338,0.11052,0.1,0.111067,0.109383,0.11329,0.0544021,0.0465636,0.0495556,0.0509045,0.0466916,0.0560074,0,0,0,0,0,0,0,0,0,1,1,1,1,1,1,1,1,1,1,1,1,1,0,0,0,0,0,0,0,0,0,1,1,1,1,1,1,1,1,1,1,1,1,1,0,0,0,0,0,0,0,0,0,1,0,0,0,0,0,0,0,0,0,0,0,0,0,0,0,0,0,0,0,0,0,0,13,0,0,0,0,0,0,0,0,0,0,0,0,0,0,0,0,0,0,0,0,0,0,0,0,0,0,0,0,0,0,0,0,0,0,0,0,0,0,0,0,0,0,0,0,0,0,0,0
-0.538786,0.315772,0.83849,0,0,0,0,-4.11017e-08,6.50338e-10,5.51741e-08,1847,152,153,242,243,253,254,266,1745,1746,1835,1836,1846,1859,0,0,0,0,0,0,0,0,0,152,153,242,243,253,254,266,1745,1746,1835,1836,1846,1859,0,0,0,0,0,0,0,0,0,0.11361,0.111244,0.113048,0.10948,0.111077,0.100003,0.109234,0.056521,0.0520065,0.0551884,0.0473616,0.0513783,0.0467792,0,0,0,0,0,0,0,0,0,0.113729,0.111277,0.113096,0.109416,0.111071,0.1,0.109162,0.0569843,0.0514119,0.0555988,0.0467646,0.0509045,0.0461105,0,0,0,0,0,0,0,0,0,1,1,1,1,1,1,1,1,1,1,1,1,1,0,0,0,0,0,0,0,0,0,1,1,1,1,1,1,1,1,1,1,1,1,1,0,0,0,0,0,0,0,0,0,1,0,0,0,0,0,0,0,0,0,0,0,0,0,0,0,0,0,0,0,0,0,0,13,0,0,0,0,0,0,0,0,0,0,0,0,0,0,0,0,0,0,0,0,0,0,0,0,0,0,0,0,0,0,0,0,0,0,0,0,0,0,0,0,0,0,0,0,0,0,0,0
-0.351692,0.713461,0.465204,0,0,0,0,-8.11933e-09,-1.50079e-07,-9.75827e-08,1848,255,256,267,268,1849,1860,1861,0,0,0,0,0,0,0,0,0,0,0,0,0,0,0,255,256,267,268,1849,1860,1861,0,0,0,0,0,0,0,0,0,0,0,0,0,0,0,0.100007,0.111129,0.107365,0.11121,0.0508267,0.0415998,0.0510345,0,0,0,0,0,0,0,0,0,0,0,0,0,0,0,0.1,0.111066,0.107496,0.111145,0.0508657,0.0415664,0.0510488,0,0,0,0,0,0,0,0,0,0,0,0,0,0,0,1,1,1,1,1,1,1,0,0,0,0,0,0,0,0,0,0,0,0,0,0,0,1,1,1,1,1,1,1,0,0,0,0,0,0,0,0,0,0,0,0,0,0,0,1,0,0,0,0,0,0,0,0,0,0,0,0,0,0,0,0,0,0,0,0,0,0,7,0,0,0,0,0,0,0,0,0,0,0,0,0,0,0,0,0,0,0,0,0,0,0,0,0,0,0,0,0,0,0,0,0,0,0,0,0,0,0,0,0,0,0,0,0,0,0,0
-0.368807,0.692458,0.508207,0,0,0,0,-7.83537e-09,-1.28096e-07,-8.63134e-08,1849,244,255,256,257,268,269,1837,1848,1850,1861,1862,0,0,0,0,0,0,0,0,0,0,0,244,255,256,257,268,269,1837,1848,1850,1861,1862,0,0,0,0,0,0,0,0,0,0,0,0.10808,0.110882,0.100154,0.111412,0.107837,0.111754,0.0434917,0.0508267,0.0515718,0.0427908,0.0521192,0,0,0,0,0,0,0,0,0,0,0,0.108155,0.11106,0.1,0.111386,0.107891,0.111638,0.0434199,0.0508657,0.0516379,0.0426834,0.0522242,0,0,0,0,0,0,0,0,0,0,0,1,1,1,1,1,1,1,1,1,1,1,0,0,0,0,0,0,0,0,0,0,0,1,1,1,1,1,1,1,1,1,1,1,0,0,0,0,0,0,0,0,0,0,0,1,0,0,0,0,0,0,0,0,0,0,0,0,0,0,0,0,0,0,0,0,0,0,11,0,0,0,0,0,0,0,0,0,0,0,0,0,0,0,0,0,0,0,0,0,0,0,0,0,0,0,0,0,0,0,0,0,0,0,0,0,0,0,0,0,0,0,0,0,0,0,0
-0.385802,0.668376,0.550526,0,0,0,0,-8.71229e-09,-1.07751e-07,-7.36192e-08,1850,244,245,256,257,258,269,270,1837,1838,1849,1851,1862,1863,0,0,0,0,0,0,0,0,0,244,245,256,257,258,269,270,1837,1838,1849,1851,1862,1863,0,0,0,0,0,0,0,0,0,0.111901,0.108521,0.11128,0.100055,0.111615,0.108247,0.112134,0.0527207,0.0447836,0.0515718,0.0522097,0.044077,0.0531197,0,0,0,0,0,0,0,0,0,0.111846,0.108565,0.11138,0.1,0.111633,0.108283,0.112059,0.0527336,0.0445363,0.0516379,0.0522282,0.0437691,0.0532133,0,0,0,0,0,0,0,0,0,1,1,1,1,1,1,1,1,1,1,1,1,1,0,0,0,0,0,0,0,0,0,1,1,1,1,1,1,1,1,1,1,1,1,1,0,0,0,0,0,0,0,0,0,1,0,0,0,0,0,0,0,0,0,0,0,0,0,0,0,0,0,0,0,0,0,0,13,0,0,0,0,0,0,0,0,0,0,0,0,0,0,0,0,0,0,0,0,0,0,0,0,0,0,0,0,0,0,0,0,0,0,0,0,0,0,0,0,0,0,0,0,0,0,0,0
-0.402416,0.641439,0.59205,0,0,0,0,-1.02843e-08,-8.90669e-08,-6.0607e-08,1851,245,246,257,258,259,270,271,1838,1839,1850,1852,1863,1864,0,0,0,0,0,0,0,0,0,245,246,257,258,259,270,271,1838,1839,1850,1852,1863,1864,0,0,0,0,0,0,0,0,0,0.112379,0.108893,0.111531,0.100039,0.111774,0.108634,0.112473,0.0538103,0.0458648,0.0522097,0.0526568,0.0452028,0.0539048,0,0,0,0,0,0,0,0,0,0.11233,0.108924,0.111628,0.1,0.111799,0.108654,0.11241,0.0538592,0.0454952,0.0522282,0.0526248,0.0447756,0.0540248,0,0,0,0,0,0,0,0,0,1,1,1,1,1,1,1,1,1,1,1,1,1,0,0,0,0,0,0,0,0,0,1,1,1,1,1,1,1,1,1,1,1,1,1,0,0,0,0,0,0,0,0,0,1,0,0,0,0,0,0,0,0,0,0,0,0,0,0,0,0,0,0,0,0,0,0,13,0,0,0,0,0,0,0,0,0,0,0,0,0,0,0,0,0,0,0,0,0,0,0,0,0,0,0,0,0,0,0,0,0,0,0,0,0,0,0,0,0,0,0,0,0,0,0,0
-0.418495,0.611714,0.63243,0,0,0,0,-1.23136e-08,-7.18785e-08,-4.71536e-08,1852,246,247,258,259,260,271,272,1839,1840,1851,1853,1864,1865,0,0,0,0,0,0,0,0,0,246,247,258,259,260,271,272,1839,1840,1851,1853,1864,1865,0,0,0,0,0,0,0,0,0,0.112753,0.10921,0.111718,0.100023,0.11185,0.108997,0.112738,0.054683,0.0467648,0.0526568,0.0528981,0.0462049,0.0544971,0,0,0,0,0,0,0,0,0,0.112735,0.109225,0.111795,0.1,0.111879,0.108994,0.11269,0.0547886,0.0462862,0.0526248,0.0528167,0.0456816,0.0546641,0,0,0,0,0,0,0,0,0,1,1,1,1,1,1,1,1,1,1,1,1,1,0,0,0,0,0,0,0,0,0,1,1,1,1,1,1,1,1,1,1,1,1,1,0,0,0,0,0,0,0,0,0,1,0,0,0,0,0,0,0,0,0,0,0,0,0,0,0,0,0,0,0,0,0,0,13,0,0,0,0,0,0,0,0,0,0,0,0,0,0,0,0,0,0,0,0,0,0,0,0,0,0,0,0,0,0,0,0,0,0,0,0,0,0,0,0,0,0,0,0,0,0,0,0
-0.433916,0.57934,0.671319,0,0,0,0,-1.47238e-08,-5.63432e-08,-3.34054e-08,1853,247,248,259,260,261,272,273,1840,1841,1852,1854,1865,1866,0,0,0,0,0,0,0,0,0,247,248,259,260,261,272,273,1840,1841,1852,1854,1865,1866,0,0,0,0,0,0,0,0,0,0.11304,0.10947,0.111806,0.100013,0.111836,0.109323,0.112926,0.0553359,0.0474748,0.0528981,0.0529279,0.0470813,0.0549046,0,0,0,0,0,0,0,0,0,0.11305,0.109463,0.111876,0.1,0.11187,0.109296,0.112893,0.0555012,0.0469039,0.0528167,0.052798,0.0464733,0.055125,0,0,0,0,0,0,0,0,0,1,1,1,1,1,1,1,1,1,1,1,1,1,0,0,0,0,0,0,0,0,0,1,1,1,1,1,1,1,1,1,1,1,1,1,0,0,0,0,0,0,0,0,0,1,0,0,0,0,0,0,0,0,0,0,0,0,0,0,0,0,0,0,0,0,0,0,13,0,0,0,0,0,0,0,0,0,0,0,0,0,0,0,0,0,0,0,0,0,0,0,0,0,0,0,0,0,0,0,0,0,0,0,0,0,0,0,0,0,0,0,0,0,0,0,0
-0.448556,0.544507,0.708383,0,0,0,0,-1.74462e-08,-4.25971e-08,-1.95975e-08,1854,248,249,260,261,262,273,274,1841,1842,1853,1855,1866,1867,0,0,0,0,0,0,0,0,0,248,249,260,261,262,273,274,1841,1842,1853,1855,1866,1867,0,0,0,0,0,0,0,0,0,0.113236,0.109657,0.111801,0.100004,0.111732,0.109601,0.113031,0.0557505,0.0479848,0.0529279,0.0527552,0.0478176,0.0551304,0,0,0,0,0,0,0,0,0,0.113258,0.109637,0.111868,0.1,0.11177,0.109554,0.113016,0.0559671,0.0473476,0.052798,0.0525674,0.0471405,0.0554017,0,0,0,0,0,0,0,0,0,1,1,1,1,1,1,1,1,1,1,1,1,1,0,0,0,0,0,0,0,0,0,1,1,1,1,1,1,1,1,1,1,1,1,1,0,0,0,0,0,0,0,0,0,1,0,0,0,0,0,0,0,0,0,0,0,0,0,0,0,0,0,0,0,0,0,0,13,0,0,0,0,0,0,0,0,0,0,0,0,0,0,0,0,0,0,0,0,0,0,0,0,0,0,0,0,0,0,0,0,0,0,0,0,0,0,0,0,0,0,0,0,0,0,0,0
-0.462303,0.50745,0.743324,0,0,0,0,-2.03868e-08,-3.07226e-08,-5.98047e-09,1855,249,250,261,262,263,274,275,1842,1843,1854,1856,1867,1868,0,0,0,0,0,0,0,0,0,249,250,261,262,263,274,275,1842,1843,1854,1856,1867,1868,0,0,0,0,0,0,0,0,0,0.113314,0.109772,0.111711,0.0999973,0.111543,0.109825,0.113052,0.0558942,0.0482909,0.0527552,0.0523873,0.0484001,0.0551723,0,0,0,0,0,0,0,0,0,0.113346,0.10974,0.111769,0.1,0.111584,0.109763,0.113058,0.0561628,0.0476082,0.0525674,0.0521326,0.0476741,0.0554938,0,0,0,0,0,0,0,0,0,1,1,1,1,1,1,1,1,1,1,1,1,1,0,0,0,0,0,0,0,0,0,1,1,1,1,1,1,1,1,1,1,1,1,1,0,0,0,0,0,0,0,0,0,1,0,0,0,0,0,0,0,0,0,0,0,0,0,0,0,0,0,0,0,0,0,0,13,0,0,0,0,0,0,0,0,0,0,0,0,0,0,0,0,0,0,0,0,0,0,0,0,0,0,0,0,0,0,0,0,0,0,0,0,0,0,0,0,0,0,0,0,0,0,0,0
-0.475059,0.468434,0.775874,0,0,0,0,-2.34359e-08,-2.07509e-08,7.20322e-09,1856,250,251,262,263,264,275,276,1843,1844,1855,1857,1868,1869,0,0,0,0,0,0,0,0,0,250,251,262,263,264,275,276,1843,1844,1855,1857,1868,1869,0,0,0,0,0,0,0,0,0,0.113266,0.109811,0.111539,0.0999932,0.111273,0.109987,0.112992,0.0557545,0.0483849,0.0523873,0.0518231,0.0488094,0.0550428,0,0,0,0,0,0,0,0,0,0.113306,0.109768,0.111585,0.1,0.111315,0.109913,0.113022,0.0560738,0.047678,0.0521326,0.0514934,0.0480546,0.0554114,0,0,0,0,0,0,0,0,0,1,1,1,1,1,1,1,1,1,1,1,1,1,0,0,0,0,0,0,0,0,0,1,1,1,1,1,1,1,1,1,1,1,1,1,0,0,0,0,0,0,0,0,0,1,0,0,0,0,0,0,0,0,0,0,0,0,0,0,0,0,0,0,0,0,0,0,13,0,0,0,0,0,0,0,0,0,0,0,0,0,0,0,0,0,0,0,0,0,0,0,0,0,0,0,0,0,0,0,0,0,0,0,0,0,0,0,0,0,0,0,0,0,0,0,0
-0.486757,0.42776,0.80578,0,0,0,0,-2.64847e-08,-1.26579e-08,1.97265e-08,1857,251,252,263,264,265,276,277,1844,1845,1856,1858,1869,1870,0,0,0,0,0,0,0,0,0,251,252,263,264,265,276,277,1844,1845,1856,1858,1869,1870,0,0,0,0,0,0,0,0,0,0.113088,0.109738,0.111285,0.0999915,0.110931,0.11008,0.112873,0.0553238,0.0481735,0.0518231,0.0510775,0.0490302,0.0547927,0,0,0,0,0,0,0,0,0,0.113135,0.109686,0.111317,0.1,0.110971,0.109998,0.11293,0.0556881,0.0474652,0.0514934,0.0506661,0.0482692,0.0552021,0,0,0,0,0,0,0,0,0,1,1,1,1,1,1,1,1,1,1,1,1,1,0,0,0,0,0,0,0,0,0,1,1,1,1,1,1,1,1,1,1,1,1,1,0,0,0,0,0,0,0,0,0,1,0,0,0,0,0,0,0,0,0,0,0,0,0,0,0,0,0,0,0,0,0,0,13,0,0,0,0,0,0,0,0,0,0,0,0,0,0,0,0,0,0,0,0,0,0,0,0,0,0,0,0,0,0,0,0,0,0,0,0,0,0,0,0,0,0,0,0,0,0,0,0
-0.497335,0.385752,0.832842,0,0,0,0,-2.94158e-08,-6.36128e-09,3.1391e-08,1858,252,253,264,265,266,277,278,1845,1846,1857,1859,1870,1871,0,0,0,0,0,0,0,0,0,252,253,264,265,266,277,278,1845,1846,1857,1859,1870,1871,0,0,0,0,0,0,0,0,0,0.112764,0.109449,0.110958,0.0999924,0.111124,0.110068,0.112805,0.0545636,0.0473843,0.0510775,0.0516262,0.0489751,0.0546691,0,0,0,0,0,0,0,0,0,0.112815,0.109387,0.110974,0.1,0.111162,0.109987,0.112892,0.0549626,0.0466916,0.0506661,0.0511296,0.0482388,0.0551128,0,0,0,0,0,0,0,0,0,1,1,1,1,1,1,1,1,1,1,1,1,1,0,0,0,0,0,0,0,0,0,1,1,1,1,1,1,1,1,1,1,1,1,1,0,0,0,0,0,0,0,0,0,1,0,0,0,0,0,0,0,0,0,0,0,0,0,0,0,0,0,0,0,0,0,0,13,0,0,0,0,0,0,0,0,0,0,0,0,0,0,0,0,0,0,0,0,0,0,0,0,0,0,0,0,0,0,0,0,0,0,0,0,0,0,0,0,0,0,0,0,0,0,0,0
-0.505686,0.341887,0.858754,0,0,0,0,-3.19145e-08,-1.63613e-09,4.18648e-08,1859,151,152,253,254,265,266,278,1744,1745,1846,1847,1858,1871,0,0,0,0,0,0,0,0,0,151,152,253,254,265,266,278,1744,1745,1846,1847,1858,1871,0,0,0,0,0,0,0,0,0,0.113567,0.111627,0.113225,0.109237,0.111168,0.0999956,0.10943,0.0564106,0.0529159,0.0555755,0.0467792,0.0516262,0.0473522,0,0,0,0,0,0,0,0,0,0.113687,0.111656,0.113278,0.109166,0.111165,0.1,0.109357,0.056893,0.0523125,0.0560074,0.0461105,0.0511296,0.0466203,0,0,0,0,0,0,0,0,0,1,1,1,1,1,1,1,1,1,1,1,1,1,0,0,0,0,0,0,0,0,0,1,1,1,1,1,1,1,1,1,1,1,1,1,0,0,0,0,0,0,0,0,0,1,0,0,0,0,0,0,0,0,0,0,0,0,0,0,0,0,0,0,0,0,0,0,13,0,0,0,0,0,0,0,0,0,0,0,0,0,0,0,0,0,0,0,0,0,0,0,0,0,0,0,0,0,0,0,0,0,0,0,0,0,0,0,0,0,0,0,0,0,0,0,0
-0.313735,0.730377,0.467116,0,0,0,0,-3.30886e-09,-1.60372e-07,-1.09369e-07,1860,255,267,268,279,280,1848,1861,1872,1873,0,0,0,0,0,0,0,0,0,0,0,0,0,255,267,268,279,280,1848,1861,1872,1873,0,0,0,0,0,0,0,0,0,0,0,0,0,0.107541,0.100058,0.11117,0.107234,0.110992,0.0415998,0.0512106,0.041199,0.0505684,0,0,0,0,0,0,0,0,0,0,0,0,0,0.107496,0.1,0.111217,0.107348,0.11094,0.0415664,0.0512231,0.0411379,0.0505567,0,0,0,0,0,0,0,0,0,0,0,0,0,1,1,1,1,1,1,1,1,1,0,0,0,0,0,0,0,0,0,0,0,0,0,1,1,1,1,1,1,1,1,1,0,0,0,0,0,0,0,0,0,0,0,0,0,1,0,0,0,0,0,0,0,0,0,0,0,0,0,0,0,0,0,0,0,0,0,0,9,0,0,0,0,0,0,0,0,0,0,0,0,0,0,0,0,0,0,0,0,0,0,0,0,0,0,0,0,0,0,0,0,0,0,0,0,0,0,0,0,0,0,0,0,0,0,0,0
-0.330206,0.710645,0.511409,0,0,0,0,-2.83609e-09,-1.38914e-07,-9.92722e-08,1861,255,256,267,268,269,280,281,1848,1849,1860,1862,1873,1874,0,0,0,0,0,0,0,0,0,255,256,267,268,269,280,281,1848,1849,1860,1862,1873,1874,0,0,0,0,0,0,0,0,0,0.111247,0.107788,0.111161,0.100052,0.111497,0.107541,0.111403,0.0510345,0.0427908,0.0512106,0.0519135,0.0420775,0.0514665,0,0,0,0,0,0,0,0,0,0.111137,0.107891,0.111209,0.1,0.111492,0.107624,0.11134,0.0510488,0.0426834,0.0512231,0.0518848,0.0419272,0.05152,0,0,0,0,0,0,0,0,0,1,1,1,1,1,1,1,1,1,1,1,1,1,0,0,0,0,0,0,0,0,0,1,1,1,1,1,1,1,1,1,1,1,1,1,0,0,0,0,0,0,0,0,0,1,0,0,0,0,0,0,0,0,0,0,0,0,0,0,0,0,0,0,0,0,0,0,13,0,0,0,0,0,0,0,0,0,0,0,0,0,0,0,0,0,0,0,0,0,0,0,0,0,0,0,0,0,0,0,0,0,0,0,0,0,0,0,0,0,0,0,0,0,0,0,0
-0.346586,0.687962,0.555137,0,0,0,0,-3.21402e-09,-1.1839e-07,-8.78097e-08,1862,256,257,268,269,270,281,282,1849,1850,1861,1863,1874,1875,0,0,0,0,0,0,0,0,0,256,257,268,269,270,281,282,1849,1850,1861,1863,1874,1875,0,0,0,0,0,0,0,0,0,0.111595,0.108238,0.11147,0.100051,0.111754,0.10794,0.111772,0.0521192,0.044077,0.0519135,0.0525104,0.0432231,0.0522668,0,0,0,0,0,0,0,0,0,0.111629,0.108283,0.111485,0.1,0.111751,0.107981,0.111706,0.0522242,0.0437691,0.0518848,0.0525018,0.0429318,0.0523886,0,0,0,0,0,0,0,0,0,1,1,1,1,1,1,1,1,1,1,1,1,1,0,0,0,0,0,0,0,0,0,1,1,1,1,1,1,1,1,1,1,1,1,1,0,0,0,0,0,0,0,0,0,1,0,0,0,0,0,0,0,0,0,0,0,0,0,0,0,0,0,0,0,0,0,0,13,0,0,0,0,0,0,0,0,0,0,0,0,0,0,0,0,0,0,0,0,0,0,0,0,0,0,0,0,0,0,0,0,0,0,0,0,0,0,0,0,0,0,0,0,0,0,0,0
-0.362774,0.662327,0.598011,0,0,0,0,-4.20605e-09,-9.91595e-08,-7.53517e-08,1863,257,258,269,270,271,282,283,1850,1851,1862,1864,1875,1876,0,0,0,0,0,0,0,0,0,257,258,269,270,271,282,283,1850,1851,1862,1864,1875,1876,0,0,0,0,0,0,0,0,0,0.112043,0.108636,0.111674,0.100035,0.111943,0.10834,0.112076,0.0531197,0.0452028,0.0525104,0.0530063,0.0444042,0.0529729,0,0,0,0,0,0,0,0,0,0.112051,0.108655,0.111745,0.1,0.111952,0.108349,0.112019,0.0532133,0.0447756,0.0525018,0.0529765,0.0439477,0.0531224,0,0,0,0,0,0,0,0,0,1,1,1,1,1,1,1,1,1,1,1,1,1,0,0,0,0,0,0,0,0,0,1,1,1,1,1,1,1,1,1,1,1,1,1,0,0,0,0,0,0,0,0,0,1,0,0,0,0,0,0,0,0,0,0,0,0,0,0,0,0,0,0,0,0,0,0,13,0,0,0,0,0,0,0,0,0,0,0,0,0,0,0,0,0,0,0,0,0,0,0,0,0,0,0,0,0,0,0,0,0,0,0,0,0,0,0,0,0,0,0,0,0,0,0,0
-0.378606,0.633833,0.639809,0,0,0,0,-5.72115e-09,-8.13347e-08,-6.23222e-08,1864,258,259,270,271,272,283,284,1851,1852,1863,1865,1876,1877,0,0,0,0,0,0,0,0,0,258,259,270,271,272,283,284,1851,1852,1863,1865,1876,1877,0,0,0,0,0,0,0,0,0,0.112398,0.108988,0.111872,0.100018,0.112059,0.108714,0.112321,0.0539048,0.0462049,0.0530063,0.0533426,0.0454793,0.0535339,0,0,0,0,0,0,0,0,0,0.112401,0.108995,0.111946,0.1,0.112075,0.108706,0.112276,0.0540248,0.0456816,0.0529765,0.0532695,0.044913,0.0537178,0,0,0,0,0,0,0,0,0,1,1,1,1,1,1,1,1,1,1,1,1,1,0,0,0,0,0,0,0,0,0,1,1,1,1,1,1,1,1,1,1,1,1,1,0,0,0,0,0,0,0,0,0,1,0,0,0,0,0,0,0,0,0,0,0,0,0,0,0,0,0,0,0,0,0,0,13,0,0,0,0,0,0,0,0,0,0,0,0,0,0,0,0,0,0,0,0,0,0,0,0,0,0,0,0,0,0,0,0,0,0,0,0,0,0,0,0,0,0,0,0,0,0,0,0
-0.393958,0.602591,0.680228,0,0,0,0,-7.65211e-09,-6.50374e-08,-4.88779e-08,1865,259,260,271,272,273,284,285,1852,1853,1864,1866,1877,1878,0,0,0,0,0,0,0,0,0,259,260,271,272,273,284,285,1852,1853,1864,1866,1877,1878,0,0,0,0,0,0,0,0,0,0.112666,0.109303,0.112004,0.100006,0.112091,0.109066,0.112503,0.0544971,0.0470813,0.0533426,0.0534885,0.0464514,0.0539405,0,0,0,0,0,0,0,0,0,0.11268,0.109298,0.112071,0.1,0.112114,0.10904,0.112472,0.0546641,0.0464733,0.0532695,0.0533632,0.0457999,0.0541691,0,0,0,0,0,0,0,0,0,1,1,1,1,1,1,1,1,1,1,1,1,1,0,0,0,0,0,0,0,0,0,1,1,1,1,1,1,1,1,1,1,1,1,1,0,0,0,0,0,0,0,0,0,1,0,0,0,0,0,0,0,0,0,0,0,0,0,0,0,0,0,0,0,0,0,0,13,0,0,0,0,0,0,0,0,0,0,0,0,0,0,0,0,0,0,0,0,0,0,0,0,0,0,0,0,0,0,0,0,0,0,0,0,0,0,0,0,0,0,0,0,0,0,0,0
-0.408717,0.568757,0.718938,0,0,0,0,-9.93348e-09,-5.04137e-08,-3.52186e-08,1866,260,261,272,273,274,285,286,1853,1854,1865,1867,1878,1879,0,0,0,0,0,0,0,0,0,260,261,272,273,274,285,286,1853,1854,1865,1867,1878,1879,0,0,0,0,0,0,0,0,0,0.112857,0.109576,0.112052,0.0999957,0.112036,0.109386,0.11262,0.0549046,0.0478176,0.0534885,0.0534377,0.0473127,0.0541984,0,0,0,0,0,0,0,0,0,0.112884,0.109556,0.112111,0.1,0.112065,0.109343,0.112606,0.055125,0.0471405,0.0533632,0.0532534,0.0465929,0.0544747,0,0,0,0,0,0,0,0,0,1,1,1,1,1,1,1,1,1,1,1,1,1,0,0,0,0,0,0,0,0,0,1,1,1,1,1,1,1,1,1,1,1,1,1,0,0,0,0,0,0,0,0,0,1,0,0,0,0,0,0,0,0,0,0,0,0,0,0,0,0,0,0,0,0,0,0,13,0,0,0,0,0,0,0,0,0,0,0,0,0,0,0,0,0,0,0,0,0,0,0,0,0,0,0,0,0,0,0,0,0,0,0,0,0,0,0,0,0,0,0,0,0,0,0,0
-0.422775,0.532529,0.755619,0,0,0,0,-1.24899e-08,-3.75772e-08,-2.1578e-08,1867,261,262,273,274,275,286,287,1854,1855,1866,1868,1879,1880,0,0,0,0,0,0,0,0,0,261,262,273,274,275,286,287,1854,1855,1866,1868,1879,1880,0,0,0,0,0,0,0,0,0,0.112972,0.109797,0.112013,0.0999881,0.111899,0.109668,0.112674,0.0551304,0.0484001,0.0534377,0.0532032,0.048055,0.0543169,0,0,0,0,0,0,0,0,0,0.113006,0.109765,0.112063,0.1,0.111933,0.109611,0.11268,0.0554017,0.0476741,0.0532534,0.0529491,0.0472828,0.0546401,0,0,0,0,0,0,0,0,0,1,1,1,1,1,1,1,1,1,1,1,1,1,0,0,0,0,0,0,0,0,0,1,1,1,1,1,1,1,1,1,1,1,1,1,0,0,0,0,0,0,0,0,0,1,0,0,0,0,0,0,0,0,0,0,0,0,0,0,0,0,0,0,0,0,0,0,13,0,0,0,0,0,0,0,0,0,0,0,0,0,0,0,0,0,0,0,0,0,0,0,0,0,0,0,0,0,0,0,0,0,0,0,0,0,0,0,0,0,0,0,0,0,0,0,0
-0.436038,0.494138,0.789982,0,0,0,0,-1.52319e-08,-2.65905e-08,-8.19614e-09,1868,262,263,274,275,276,287,288,1855,1856,1867,1869,1880,1881,0,0,0,0,0,0,0,0,0,262,263,274,275,276,287,288,1855,1856,1867,1869,1880,1881,0,0,0,0,0,0,0,0,0,0.113007,0.109958,0.111894,0.0999829,0.111696,0.109907,0.112672,0.0551723,0.0488094,0.0532032,0.0528199,0.048672,0.0543181,0,0,0,0,0,0,0,0,0,0.113048,0.109916,0.111933,0.1,0.111734,0.109839,0.112701,0.0554938,0.0480546,0.0529491,0.0524846,0.047865,0.0546871,0,0,0,0,0,0,0,0,0,1,1,1,1,1,1,1,1,1,1,1,1,1,0,0,0,0,0,0,0,0,0,1,1,1,1,1,1,1,1,1,1,1,1,1,0,0,0,0,0,0,0,0,0,1,0,0,0,0,0,0,0,0,0,0,0,0,0,0,0,0,0,0,0,0,0,0,13,0,0,0,0,0,0,0,0,0,0,0,0,0,0,0,0,0,0,0,0,0,0,0,0,0,0,0,0,0,0,0,0,0,0,0,0,0,0,0,0,0,0,0,0,0,0,0,0
-0.448429,0.453819,0.821775,0,0,0,0,-1.80629e-08,-1.74601e-08,4.69908e-09,1869,263,264,275,276,277,288,289,1856,1857,1868,1870,1881,1882,0,0,0,0,0,0,0,0,0,263,264,275,276,277,288,289,1856,1857,1868,1870,1881,1882,0,0,0,0,0,0,0,0,0,0.112965,0.110054,0.11171,0.0999802,0.111467,0.1101,0.112644,0.0550428,0.0490302,0.0528199,0.0523727,0.0491572,0.054272,0,0,0,0,0,0,0,0,0,0.113012,0.110002,0.111735,0.1,0.111504,0.110025,0.112701,0.0554114,0.0482692,0.0524846,0.0519437,0.0483351,0.0546837,0,0,0,0,0,0,0,0,0,1,1,1,1,1,1,1,1,1,1,1,1,1,0,0,0,0,0,0,0,0,0,1,1,1,1,1,1,1,1,1,1,1,1,1,0,0,0,0,0,0,0,0,0,1,0,0,0,0,0,0,0,0,0,0,0,0,0,0,0,0,0,0,0,0,0,0,13,0,0,0,0,0,0,0,0,0,0,0,0,0,0,0,0,0,0,0,0,0,0,0,0,0,0,0,0,0,0,0,0,0,0,0,0,0,0,0,0,0,0,0,0,0,0,0,0
-0.459923,0.411764,0.850795,0,0,0,0,-2.08932e-08,-1.01295e-08,1.69176e-08,1870,264,265,276,277,278,289,290,1857,1858,1869,1871,1882,1883,0,0,0,0,0,0,0,0,0,264,265,276,277,278,289,290,1857,1858,1869,1871,1882,1883,0,0,0,0,0,0,0,0,0,0.112868,0.110053,0.111496,0.0999799,0.111369,0.11026,0.112704,0.0547927,0.0489751,0.0523727,0.0522329,0.049547,0.0544397,0,0,0,0,0,0,0,0,0,0.11292,0.109991,0.111506,0.1,0.111398,0.110184,0.112792,0.0552021,0.0482388,0.0519437,0.0516947,0.0487341,0.05489,0,0,0,0,0,0,0,0,0,1,1,1,1,1,1,1,1,1,1,1,1,1,0,0,0,0,0,0,0,0,0,1,1,1,1,1,1,1,1,1,1,1,1,1,0,0,0,0,0,0,0,0,0,1,0,0,0,0,0,0,0,0,0,0,0,0,0,0,0,0,0,0,0,0,0,0,13,0,0,0,0,0,0,0,0,0,0,0,0,0,0,0,0,0,0,0,0,0,0,0,0,0,0,0,0,0,0,0,0,0,0,0,0,0,0,0,0,0,0,0,0,0,0,0,0
-0.470564,0.367865,0.877024,0,0,0,0,-2.36681e-08,-4.4646e-09,2.83549e-08,1871,150,151,265,266,277,278,290,1743,1744,1858,1859,1870,1883,0,0,0,0,0,0,0,0,0,150,151,265,266,277,278,290,1743,1744,1858,1859,1870,1883,0,0,0,0,0,0,0,0,0,0.11333,0.111915,0.112825,0.109435,0.111408,0.0999831,0.110443,0.0558812,0.0535991,0.0546691,0.0473522,0.0522329,0.0499877,0,0,0,0,0,0,0,0,0,0.113452,0.111937,0.112881,0.109361,0.111401,0.1,0.110374,0.0563738,0.0529703,0.0551128,0.0466203,0.0516947,0.0492084,0,0,0,0,0,0,0,0,0,1,1,1,1,1,1,1,1,1,1,1,1,1,0,0,0,0,0,0,0,0,0,1,1,1,1,1,1,1,1,1,1,1,1,1,0,0,0,0,0,0,0,0,0,1,0,0,0,0,0,0,0,0,0,0,0,0,0,0,0,0,0,0,0,0,0,0,13,0,0,0,0,0,0,0,0,0,0,0,0,0,0,0,0,0,0,0,0,0,0,0,0,0,0,0,0,0,0,0,0,0,0,0,0,0,0,0,0,0,0,0,0,0,0,0,0
-0.275493,0.745703,0.466938,0,0,0,0,8.69586e-11,-1.7092e-07,-1.20431e-07,1872,30,267,279,280,291,1623,1860,1873,1884,0,0,0,0,0,0,0,0,0,0,0,0,0,30,267,279,280,291,1623,1860,1873,1884,0,0,0,0,0,0,0,0,0,0,0,0,0,0.107154,0.107344,0.100074,0.11142,0.110751,0.041014,0.041199,0.0516708,0.0499915,0,0,0,0,0,0,0,0,0,0,0,0,0,0.10728,0.107348,0.1,0.111421,0.110701,0.0409414,0.0411379,0.051707,0.0499753,0,0,0,0,0,0,0,0,0,0,0,0,0,1,1,1,1,1,1,1,1,1,0,0,0,0,0,0,0,0,0,0,0,0,0,1,1,1,1,1,1,1,1,1,0,0,0,0,0,0,0,0,0,0,0,0,0,1,0,0,0,0,0,0,0,0,0,0,0,0,0,0,0,0,0,0,0,0,0,0,9,0,0,0,0,0,0,0,0,0,0,0,0,0,0,0,0,0,0,0,0,0,0,0,0,0,0,0,0,0,0,0,0,0,0,0,0,0,0,0,0,0,0,0,0,0,0,0,0
-0.291495,0.727107,0.512414,0,0,0,0,7.74412e-10,-1.49371e-07,-1.10881e-07,1873,267,268,279,280,281,291,292,1860,1861,1872,1874,1884,1885,0,0,0,0,0,0,0,0,0,267,268,279,280,281,291,292,1860,1861,1872,1874,1884,1885,0,0,0,0,0,0,0,0,0,0.111024,0.107539,0.111375,0.100049,0.111567,0.107306,0.11105,0.0505684,0.0420775,0.0516708,0.0520674,0.0414591,0.050653,0,0,0,0,0,0,0,0,0,0.110933,0.107623,0.111412,0.1,0.111566,0.107391,0.110992,0.0505567,0.0419272,0.051707,0.0520551,0.04126,0.0506847,0,0,0,0,0,0,0,0,0,1,1,1,1,1,1,1,1,1,1,1,1,1,0,0,0,0,0,0,0,0,0,1,1,1,1,1,1,1,1,1,1,1,1,1,0,0,0,0,0,0,0,0,0,1,0,0,0,0,0,0,0,0,0,0,0,0,0,0,0,0,0,0,0,0,0,0,13,0,0,0,0,0,0,0,0,0,0,0,0,0,0,0,0,0,0,0,0,0,0,0,0,0,0,0,0,0,0,0,0,0,0,0,0,0,0,0,0,0,0,0,0,0,0,0,0
-0.30725,0.705756,0.557212,0,0,0,0,7.25683e-10,-1.28809e-07,-1.00342e-07,1874,268,269,280,281,282,292,293,1861,1862,1873,1875,1885,1886,0,0,0,0,0,0,0,0,0,268,269,280,281,282,292,293,1861,1862,1873,1875,1885,1886,0,0,0,0,0,0,0,0,0,0.111367,0.1079,0.111531,0.10004,0.111812,0.107626,0.111358,0.0514665,0.0432231,0.0520674,0.0526467,0.0423895,0.0513364,0,0,0,0,0,0,0,0,0,0.111333,0.107981,0.111558,0.1,0.111799,0.107678,0.111302,0.05152,0.0429318,0.0520551,0.0526077,0.042077,0.0514304,0,0,0,0,0,0,0,0,0,1,1,1,1,1,1,1,1,1,1,1,1,1,0,0,0,0,0,0,0,0,0,1,1,1,1,1,1,1,1,1,1,1,1,1,0,0,0,0,0,0,0,0,0,1,0,0,0,0,0,0,0,0,0,0,0,0,0,0,0,0,0,0,0,0,0,0,13,0,0,0,0,0,0,0,0,0,0,0,0,0,0,0,0,0,0,0,0,0,0,0,0,0,0,0,0,0,0,0,0,0,0,0,0,0,0,0,0,0,0,0,0,0,0,0,0
-0.322861,0.681512,0.60126,0,0,0,0,1.93175e-10,-1.09271e-07,-8.87727e-08,1875,269,270,281,282,283,293,294,1862,1863,1874,1876,1886,1887,0,0,0,0,0,0,0,0,0,269,270,281,282,283,293,294,1862,1863,1874,1876,1886,1887,0,0,0,0,0,0,0,0,0,0.111664,0.108321,0.11176,0.100029,0.112024,0.10801,0.111628,0.0522668,0.0444042,0.0526467,0.0531678,0.0435196,0.0519335,0,0,0,0,0,0,0,0,0,0.111699,0.10835,0.111791,0.1,0.112014,0.108025,0.111582,0.0523886,0.0439477,0.0526077,0.0531174,0.0430504,0.052098,0,0,0,0,0,0,0,0,0,1,1,1,1,1,1,1,1,1,1,1,1,1,0,0,0,0,0,0,0,0,0,1,1,1,1,1,1,1,1,1,1,1,1,1,0,0,0,0,0,0,0,0,0,1,0,0,0,0,0,0,0,0,0,0,0,0,0,0,0,0,0,0,0,0,0,0,13,0,0,0,0,0,0,0,0,0,0,0,0,0,0,0,0,0,0,0,0,0,0,0,0,0,0,0,0,0,0,0,0,0,0,0,0,0,0,0,0,0,0,0,0,0,0,0,0
-0.338282,0.654378,0.644304,0,0,0,0,-7.95767e-10,-9.09594e-08,-7.63695e-08,1876,270,271,282,283,284,294,295,1863,1864,1875,1877,1887,1888,0,0,0,0,0,0,0,0,0,270,271,282,283,284,294,295,1863,1864,1875,1877,1887,1888,0,0,0,0,0,0,0,0,0,0.111981,0.1087,0.111955,0.100012,0.112176,0.108391,0.111855,0.0529729,0.0454793,0.0531678,0.0535754,0.0446349,0.0524537,0,0,0,0,0,0,0,0,0,0.112012,0.108707,0.112008,0.1,0.112174,0.108383,0.11182,0.0531224,0.044913,0.0531174,0.0534926,0.0440358,0.0526596,0,0,0,0,0,0,0,0,0,1,1,1,1,1,1,1,1,1,1,1,1,1,0,0,0,0,0,0,0,0,0,1,1,1,1,1,1,1,1,1,1,1,1,1,0,0,0,0,0,0,0,0,0,1,0,0,0,0,0,0,0,0,0,0,0,0,0,0,0,0,0,0,0,0,0,0,13,0,0,0,0,0,0,0,0,0,0,0,0,0,0,0,0,0,0,0,0,0,0,0,0,0,0,0,0,0,0,0,0,0,0,0,0,0,0,0,0,0,0,0,0,0,0,0,0
-0.353386,0.624439,0.686087,0,0,0,0,-2.21722e-09,-7.40396e-08,-6.33949e-08,1877,271,272,283,284,285,295,296,1864,1865,1876,1878,1888,1889,0,0,0,0,0,0,0,0,0,271,272,283,284,285,295,296,1864,1865,1876,1878,1888,1889,0,0,0,0,0,0,0,0,0,0.112237,0.109048,0.112114,0.0999981,0.112254,0.108757,0.112032,0.0535339,0.0464514,0.0535754,0.0538267,0.0456726,0.0528567,0,0,0,0,0,0,0,0,0,0.112268,0.109041,0.112168,0.1,0.112259,0.108731,0.11201,0.0537178,0.0457999,0.0534926,0.0536939,0.044977,0.0531022,0,0,0,0,0,0,0,0,0,1,1,1,1,1,1,1,1,1,1,1,1,1,0,0,0,0,0,0,0,0,0,1,1,1,1,1,1,1,1,1,1,1,1,1,0,0,0,0,0,0,0,0,0,1,0,0,0,0,0,0,0,0,0,0,0,0,0,0,0,0,0,0,0,0,0,0,13,0,0,0,0,0,0,0,0,0,0,0,0,0,0,0,0,0,0,0,0,0,0,0,0,0,0,0,0,0,0,0,0,0,0,0,0,0,0,0,0,0,0,0,0,0,0,0,0
-0.368066,0.591816,0.726305,0,0,0,0,-4.0156e-09,-5.86646e-08,-5.00571e-08,1878,272,273,284,285,286,296,297,1865,1866,1877,1879,1889,1890,0,0,0,0,0,0,0,0,0,272,273,284,285,286,296,297,1865,1866,1877,1879,1889,1890,0,0,0,0,0,0,0,0,0,0.112429,0.109363,0.112208,0.0999863,0.11225,0.109098,0.112155,0.0539405,0.0473127,0.0538267,0.0539006,0.0466145,0.0531368,0,0,0,0,0,0,0,0,0,0.112464,0.109345,0.112255,0.1,0.112263,0.10906,0.112148,0.0541691,0.0465929,0.0536939,0.0537071,0.0458476,0.0534224,0,0,0,0,0,0,0,0,0,1,1,1,1,1,1,1,1,1,1,1,1,1,0,0,0,0,0,0,0,0,0,1,1,1,1,1,1,1,1,1,1,1,1,1,0,0,0,0,0,0,0,0,0,1,0,0,0,0,0,0,0,0,0,0,0,0,0,0,0,0,0,0,0,0,0,0,13,0,0,0,0,0,0,0,0,0,0,0,0,0,0,0,0,0,0,0,0,0,0,0,0,0,0,0,0,0,0,0,0,0,0,0,0,0,0,0,0,0,0,0,0,0,0,0,0
-0.382216,0.556671,0.764644,0,0,0,0,-6.12692e-09,-4.49667e-08,-3.65792e-08,1879,273,274,285,286,287,297,298,1866,1867,1878,1880,1890,1891,0,0,0,0,0,0,0,0,0,273,274,285,286,287,297,298,1866,1867,1878,1880,1890,1891,0,0,0,0,0,0,0,0,0,0.112559,0.109642,0.112224,0.0999771,0.112168,0.10941,0.112225,0.0541984,0.048055,0.0539006,0.0538029,0.0474564,0.0532994,0,0,0,0,0,0,0,0,0,0.112598,0.109613,0.11226,0.1,0.112188,0.10936,0.112236,0.0544747,0.0472828,0.0537071,0.0535377,0.046634,0.053626,0,0,0,0,0,0,0,0,0,1,1,1,1,1,1,1,1,1,1,1,1,1,0,0,0,0,0,0,0,0,0,1,1,1,1,1,1,1,1,1,1,1,1,1,0,0,0,0,0,0,0,0,0,1,0,0,0,0,0,0,0,0,0,0,0,0,0,0,0,0,0,0,0,0,0,0,13,0,0,0,0,0,0,0,0,0,0,0,0,0,0,0,0,0,0,0,0,0,0,0,0,0,0,0,0,0,0,0,0,0,0,0,0,0,0,0,0,0,0,0,0,0,0,0,0
-0.39574,0.519196,0.800804,0,0,0,0,-8.47646e-09,-3.30361e-08,-2.31938e-08,1880,274,275,286,287,288,298,299,1867,1868,1879,1881,1891,1892,0,0,0,0,0,0,0,0,0,274,275,286,287,288,298,299,1867,1868,1879,1881,1891,1892,0,0,0,0,0,0,0,0,0,0.112629,0.109881,0.112162,0.0999703,0.112023,0.10969,0.11225,0.0543169,0.048672,0.0538029,0.0535684,0.0481944,0.053367,0,0,0,0,0,0,0,0,0,0.112671,0.109841,0.112186,0.1,0.112049,0.109631,0.112284,0.0546401,0.047865,0.0535377,0.0532182,0.0473308,0.0537343,0,0,0,0,0,0,0,0,0,1,1,1,1,1,1,1,1,1,1,1,1,1,0,0,0,0,0,0,0,0,0,1,1,1,1,1,1,1,1,1,1,1,1,1,0,0,0,0,0,0,0,0,0,1,0,0,0,0,0,0,0,0,0,0,0,0,0,0,0,0,0,0,0,0,0,0,13,0,0,0,0,0,0,0,0,0,0,0,0,0,0,0,0,0,0,0,0,0,0,0,0,0,0,0,0,0,0,0,0,0,0,0,0,0,0,0,0,0,0,0,0,0,0,0,0
-0.408558,0.479592,0.834521,0,0,0,0,-1.0982e-08,-2.29109e-08,-1.01281e-08,1881,275,276,287,288,289,299,300,1868,1869,1880,1882,1892,1893,0,0,0,0,0,0,0,0,0,275,276,287,288,289,299,300,1868,1869,1880,1882,1892,1893,0,0,0,0,0,0,0,0,0,0.112648,0.110078,0.112038,0.099966,0.111858,0.109936,0.112256,0.0543181,0.0491572,0.0535684,0.0532913,0.0488314,0.0534012,0,0,0,0,0,0,0,0,0,0.112692,0.110028,0.112049,0.1,0.111886,0.109871,0.112317,0.0546871,0.0483351,0.0532182,0.0528414,0.0479431,0.0538083,0,0,0,0,0,0,0,0,0,1,1,1,1,1,1,1,1,1,1,1,1,1,0,0,0,0,0,0,0,0,0,1,1,1,1,1,1,1,1,1,1,1,1,1,0,0,0,0,0,0,0,0,0,1,0,0,0,0,0,0,0,0,0,0,0,0,0,0,0,0,0,0,0,0,0,0,13,0,0,0,0,0,0,0,0,0,0,0,0,0,0,0,0,0,0,0,0,0,0,0,0,0,0,0,0,0,0,0,0,0,0,0,0,0,0,0,0,0,0,0,0,0,0,0,0
-0.420597,0.438013,0.865605,0,0,0,0,-1.35594e-08,-1.45696e-08,2.41364e-09,1882,276,277,288,289,290,300,301,1869,1870,1881,1883,1893,1894,0,0,0,0,0,0,0,0,0,276,277,288,289,290,300,301,1869,1870,1881,1883,1893,1894,0,0,0,0,0,0,0,0,0,0.112644,0.110249,0.111892,0.0999644,0.111791,0.110154,0.11232,0.054272,0.049547,0.0532913,0.0532431,0.0493832,0.0535832,0,0,0,0,0,0,0,0,0,0.112691,0.110188,0.111887,0.1,0.111815,0.110087,0.112413,0.0546837,0.0487341,0.0528414,0.0526789,0.0484905,0.0540271,0,0,0,0,0,0,0,0,0,1,1,1,1,1,1,1,1,1,1,1,1,1,0,0,0,0,0,0,0,0,0,1,1,1,1,1,1,1,1,1,1,1,1,1,0,0,0,0,0,0,0,0,0,1,0,0,0,0,0,0,0,0,0,0,0,0,0,0,0,0,0,0,0,0,0,0,13,0,0,0,0,0,0,0,0,0,0,0,0,0,0,0,0,0,0,0,0,0,0,0,0,0,0,0,0,0,0,0,0,0,0,0,0,0,0,0,0,0,0,0,0,0,0,0,0
-0.431783,0.394417,0.894049,0,0,0,0,-1.61324e-08,-7.92226e-09,1.42772e-08,1883,149,150,277,278,289,290,301,1742,1743,1870,1871,1882,1894,0,0,0,0,0,0,0,0,0,149,150,277,278,289,290,301,1742,1743,1870,1871,1882,1894,0,0,0,0,0,0,0,0,0,0.11264,0.112168,0.112732,0.110453,0.111839,0.0999652,0.110377,0.0543647,0.0542263,0.0544397,0.0499877,0.0532431,0.0499451,0,0,0,0,0,0,0,0,0,0.112772,0.112179,0.112782,0.110379,0.111818,0.1,0.110318,0.0548463,0.0535325,0.05489,0.0492084,0.0526789,0.0490684,0,0,0,0,0,0,0,0,0,1,1,1,1,1,1,1,1,1,1,1,1,1,0,0,0,0,0,0,0,0,0,1,1,1,1,1,1,1,1,1,1,1,1,1,0,0,0,0,0,0,0,0,0,1,0,0,0,0,0,0,0,0,0,0,0,0,0,0,0,0,0,0,0,0,0,0,13,0,0,0,0,0,0,0,0,0,0,0,0,0,0,0,0,0,0,0,0,0,0,0,0,0,0,0,0,0,0,0,0,0,0,0,0,0,0,0,0,0,0,0,0,0,0,0,0
-0.252762,0.741849,0.511296,0,0,0,0,3.07615e-09,-1.59466e-07,-1.21393e-07,1884,30,31,279,280,291,292,302,1623,1624,1872,1873,1885,1895,0,0,0,0,0,0,0,0,0,30,31,279,280,291,292,302,1623,1624,1872,1873,1885,1895,0,0,0,0,0,0,0,0,0,0.111558,0.107123,0.110747,0.107336,0.100046,0.11164,0.110653,0.0520328,0.0409931,0.0499915,0.0414591,0.0521693,0.0497003,0,0,0,0,0,0,0,0,0,0.111583,0.10721,0.110694,0.107391,0.1,0.111628,0.110604,0.0521124,0.0407329,0.0499753,0.04126,0.052197,0.04974,0,0,0,0,0,0,0,0,0,1,1,1,1,1,1,1,1,1,1,1,1,1,0,0,0,0,0,0,0,0,0,1,1,1,1,1,1,1,1,1,1,1,1,1,0,0,0,0,0,0,0,0,0,1,0,0,0,0,0,0,0,0,0,0,0,0,0,0,0,0,0,0,0,0,0,0,13,0,0,0,0,0,0,0,0,0,0,0,0,0,0,0,0,0,0,0,0,0,0,0,0,0,0,0,0,0,0,0,0,0,0,0,0,0,0,0,0,0,0,0,0,0,0,0,0
-0.268001,0.721766,0.556969,0,0,0,0,3.33173e-09,-1.38839e-07,-1.11528e-07,1885,280,281,291,292,293,302,303,1873,1874,1884,1886,1895,1896,0,0,0,0,0,0,0,0,0,280,281,291,292,293,302,303,1873,1874,1884,1886,1895,1896,0,0,0,0,0,0,0,0,0,0.111008,0.107619,0.111584,0.100038,0.111814,0.10735,0.110916,0.050653,0.0423895,0.0521693,0.0526093,0.0416317,0.0502904,0,0,0,0,0,0,0,0,0,0.110985,0.107677,0.111619,0.1,0.1118,0.107401,0.110862,0.0506847,0.042077,0.052197,0.0526065,0.0412852,0.050372,0,0,0,0,0,0,0,0,0,1,1,1,1,1,1,1,1,1,1,1,1,1,0,0,0,0,0,0,0,0,0,1,1,1,1,1,1,1,1,1,1,1,1,1,0,0,0,0,0,0,0,0,0,1,0,0,0,0,0,0,0,0,0,0,0,0,0,0,0,0,0,0,0,0,0,0,13,0,0,0,0,0,0,0,0,0,0,0,0,0,0,0,0,0,0,0,0,0,0,0,0,0,0,0,0,0,0,0,0,0,0,0,0,0,0,0,0,0,0,0,0,0,0,0,0
-0.282982,0.698925,0.601931,0,0,0,0,3.17205e-09,-1.19159e-07,-1.00756e-07,1886,281,282,292,293,294,303,304,1874,1875,1885,1887,1896,1897,0,0,0,0,0,0,0,0,0,281,282,292,293,294,303,304,1874,1875,1885,1887,1896,1897,0,0,0,0,0,0,0,0,0,0.111283,0.107989,0.111753,0.10002,0.112031,0.107685,0.111144,0.0513364,0.0435196,0.0526093,0.0531543,0.0426518,0.0508055,0,0,0,0,0,0,0,0,0,0.111295,0.108024,0.111792,0.1,0.112009,0.107698,0.111111,0.0514304,0.0430504,0.0526065,0.0530987,0.0421324,0.0509744,0,0,0,0,0,0,0,0,0,1,1,1,1,1,1,1,1,1,1,1,1,1,0,0,0,0,0,0,0,0,0,1,1,1,1,1,1,1,1,1,1,1,1,1,0,0,0,0,0,0,0,0,0,1,0,0,0,0,0,0,0,0,0,0,0,0,0,0,0,0,0,0,0,0,0,0,13,0,0,0,0,0,0,0,0,0,0,0,0,0,0,0,0,0,0,0,0,0,0,0,0,0,0,0,0,0,0,0,0,0,0,0,0,0,0,0,0,0,0,0,0,0,0,0,0
-0.297861,0.673232,0.646021,0,0,0,0,2.62479e-09,-1.00536e-07,-8.91071e-08,1887,282,283,293,294,295,304,305,1875,1876,1886,1888,1897,1898,0,0,0,0,0,0,0,0,0,282,283,293,294,295,304,305,1875,1876,1886,1888,1897,1898,0,0,0,0,0,0,0,0,0,0.111532,0.108374,0.111965,0.100006,0.112212,0.10805,0.11135,0.0519335,0.0446349,0.0531543,0.0536241,0.0437315,0.0512748,0,0,0,0,0,0,0,0,0,0.111576,0.108383,0.112001,0.1,0.112191,0.10804,0.111331,0.052098,0.0440358,0.0530987,0.0535263,0.043091,0.0515029,0,0,0,0,0,0,0,0,0,1,1,1,1,1,1,1,1,1,1,1,1,1,0,0,0,0,0,0,0,0,0,1,1,1,1,1,1,1,1,1,1,1,1,1,0,0,0,0,0,0,0,0,0,1,0,0,0,0,0,0,0,0,0,0,0,0,0,0,0,0,0,0,0,0,0,0,13,0,0,0,0,0,0,0,0,0,0,0,0,0,0,0,0,0,0,0,0,0,0,0,0,0,0,0,0,0,0,0,0,0,0,0,0,0,0,0,0,0,0,0,0,0,0,0,0
-0.312565,0.644716,0.688988,0,0,0,0,1.68863e-09,-8.31472e-08,-7.67424e-08,1888,283,284,294,295,296,305,306,1876,1877,1887,1889,1898,1899,0,0,0,0,0,0,0,0,0,283,284,294,295,296,305,306,1876,1877,1887,1889,1898,1899,0,0,0,0,0,0,0,0,0,0.111765,0.10874,0.112149,0.09999,0.112332,0.108416,0.111516,0.0524537,0.0456726,0.0536241,0.0539708,0.0447994,0.0516639,0,0,0,0,0,0,0,0,0,0.111814,0.108732,0.112184,0.1,0.112315,0.108391,0.111512,0.0526596,0.044977,0.0535263,0.0538181,0.0440536,0.0519346,0,0,0,0,0,0,0,0,0,1,1,1,1,1,1,1,1,1,1,1,1,1,0,0,0,0,0,0,0,0,0,1,1,1,1,1,1,1,1,1,1,1,1,1,0,0,0,0,0,0,0,0,0,1,0,0,0,0,0,0,0,0,0,0,0,0,0,0,0,0,0,0,0,0,0,0,13,0,0,0,0,0,0,0,0,0,0,0,0,0,0,0,0,0,0,0,0,0,0,0,0,0,0,0,0,0,0,0,0,0,0,0,0,0,0,0,0,0,0,0,0,0,0,0,0
-0.327001,0.61346,0.730552,0,0,0,0,3.77233e-10,-6.71588e-08,-6.38724e-08,1889,284,285,295,296,297,306,307,1877,1878,1888,1890,1899,1900,0,0,0,0,0,0,0,0,0,284,285,295,296,297,306,307,1877,1878,1888,1890,1899,1900,0,0,0,0,0,0,0,0,0,0.111954,0.109079,0.112283,0.0999762,0.112378,0.108765,0.111641,0.0528567,0.0466145,0.0539708,0.05416,0.0457917,0.0519596,0,0,0,0,0,0,0,0,0,0.112003,0.10906,0.11231,0.1,0.112368,0.108731,0.111651,0.0531022,0.0458476,0.0538181,0.0539439,0.0449721,0.052262,0,0,0,0,0,0,0,0,0,1,1,1,1,1,1,1,1,1,1,1,1,1,0,0,0,0,0,0,0,0,0,1,1,1,1,1,1,1,1,1,1,1,1,1,0,0,0,0,0,0,0,0,0,1,0,0,0,0,0,0,0,0,0,0,0,0,0,0,0,0,0,0,0,0,0,0,13,0,0,0,0,0,0,0,0,0,0,0,0,0,0,0,0,0,0,0,0,0,0,0,0,0,0,0,0,0,0,0,0,0,0,0,0,0,0,0,0,0,0,0,0,0,0,0,0
-0.341065,0.579593,0.770408,0,0,0,0,-1.26564e-09,-5.2719e-08,-5.07143e-08,1890,285,286,296,297,298,307,308,1878,1879,1889,1891,1900,1901,0,0,0,0,0,0,0,0,0,285,286,296,297,298,307,308,1878,1879,1889,1891,1900,1901,0,0,0,0,0,0,0,0,0,0.112093,0.10939,0.112348,0.0999648,0.112349,0.109093,0.111722,0.0531368,0.0474564,0.05416,0.0541902,0.0467017,0.0521555,0,0,0,0,0,0,0,0,0,0.112141,0.109361,0.112364,0.1,0.112347,0.109052,0.111748,0.0534224,0.046634,0.0539439,0.0538997,0.0458233,0.052489,0,0,0,0,0,0,0,0,0,1,1,1,1,1,1,1,1,1,1,1,1,1,0,0,0,0,0,0,0,0,0,1,1,1,1,1,1,1,1,1,1,1,1,1,0,0,0,0,0,0,0,0,0,1,0,0,0,0,0,0,0,0,0,0,0,0,0,0,0,0,0,0,0,0,0,0,13,0,0,0,0,0,0,0,0,0,0,0,0,0,0,0,0,0,0,0,0,0,0,0,0,0,0,0,0,0,0,0,0,0,0,0,0,0,0,0,0,0,0,0,0,0,0,0,0
-0.354662,0.543273,0.808257,0,0,0,0,-3.18106e-09,-3.9941e-08,-3.74924e-08,1891,286,287,297,298,299,308,309,1879,1880,1890,1892,1901,1902,0,0,0,0,0,0,0,0,0,286,287,297,298,299,308,309,1879,1880,1890,1892,1901,1902,0,0,0,0,0,0,0,0,0,0.112183,0.10967,0.112341,0.0999559,0.112257,0.109395,0.111763,0.0532994,0.0481944,0.0541902,0.0540884,0.0475226,0.0522682,0,0,0,0,0,0,0,0,0,0.112229,0.109632,0.112344,0.1,0.112263,0.109347,0.11181,0.053626,0.0473308,0.0538997,0.0537091,0.0465965,0.0526342,0,0,0,0,0,0,0,0,0,1,1,1,1,1,1,1,1,1,1,1,1,1,0,0,0,0,0,0,0,0,0,1,1,1,1,1,1,1,1,1,1,1,1,1,0,0,0,0,0,0,0,0,0,1,0,0,0,0,0,0,0,0,0,0,0,0,0,0,0,0,0,0,0,0,0,0,13,0,0,0,0,0,0,0,0,0,0,0,0,0,0,0,0,0,0,0,0,0,0,0,0,0,0,0,0,0,0,0,0,0,0,0,0,0,0,0,0,0,0,0,0,0,0,0,0
-0.367703,0.504668,0.843826,0,0,0,0,-5.30046e-09,-2.88916e-08,-2.44305e-08,1892,287,288,298,299,300,309,310,1880,1881,1891,1893,1902,1903,0,0,0,0,0,0,0,0,0,287,288,298,299,300,309,310,1880,1881,1891,1893,1902,1903,0,0,0,0,0,0,0,0,0,0.112232,0.10992,0.112273,0.0999493,0.112137,0.109669,0.111786,0.053367,0.0488314,0.0540884,0.0539288,0.0482536,0.0523485,0,0,0,0,0,0,0,0,0,0.112277,0.109873,0.112261,0.1,0.112146,0.109617,0.11186,0.0537343,0.0479431,0.0537091,0.0534437,0.0472918,0.0527481,0,0,0,0,0,0,0,0,0,1,1,1,1,1,1,1,1,1,1,1,1,1,0,0,0,0,0,0,0,0,0,1,1,1,1,1,1,1,1,1,1,1,1,1,0,0,0,0,0,0,0,0,0,1,0,0,0,0,0,0,0,0,0,0,0,0,0,0,0,0,0,0,0,0,0,0,13,0,0,0,0,0,0,0,0,0,0,0,0,0,0,0,0,0,0,0,0,0,0,0,0,0,0,0,0,0,0,0,0,0,0,0,0,0,0,0,0,0,0,0,0,0,0,0,0
-0.380101,0.463919,0.876903,0,0,0,0,-7.55129e-09,-1.95836e-08,-1.1739e-08,1893,288,289,299,300,301,310,311,1881,1882,1892,1894,1903,1904,0,0,0,0,0,0,0,0,0,288,289,299,300,301,310,311,1881,1882,1892,1894,1903,1904,0,0,0,0,0,0,0,0,0,0.112266,0.110149,0.112175,0.0999455,0.112065,0.109916,0.111845,0.0534012,0.0493832,0.0539288,0.0538861,0.0489036,0.0525295,0,0,0,0,0,0,0,0,0,0.112309,0.110091,0.112146,0.1,0.112074,0.109865,0.111951,0.0538083,0.0484905,0.0534437,0.0532799,0.0479246,0.05296,0,0,0,0,0,0,0,0,0,1,1,1,1,1,1,1,1,1,1,1,1,1,0,0,0,0,0,0,0,0,0,1,1,1,1,1,1,1,1,1,1,1,1,1,0,0,0,0,0,0,0,0,0,1,0,0,0,0,0,0,0,0,0,0,0,0,0,0,0,0,0,0,0,0,0,0,13,0,0,0,0,0,0,0,0,0,0,0,0,0,0,0,0,0,0,0,0,0,0,0,0,0,0,0,0,0,0,0,0,0,0,0,0,0,0,0,0,0,0,0,0,0,0,0,0
-0.391712,0.421059,0.90743,0,0,0,0,-9.85746e-09,-1.19724e-08,3.93636e-10,1894,148,149,289,290,300,301,311,1741,1742,1882,1883,1893,1904,0,0,0,0,0,0,0,0,0,148,149,289,290,300,301,311,1741,1742,1882,1883,1893,1904,0,0,0,0,0,0,0,0,0,0.112042,0.112197,0.112362,0.110395,0.112122,0.0999443,0.110144,0.05305,0.0543056,0.0535832,0.0499451,0.0538861,0.049502,0,0,0,0,0,0,0,0,0,0.112188,0.112196,0.112405,0.110322,0.112075,0.1,0.110102,0.0535085,0.0535678,0.0540271,0.0490684,0.0532799,0.048524,0,0,0,0,0,0,0,0,0,1,1,1,1,1,1,1,1,1,1,1,1,1,0,0,0,0,0,0,0,0,0,1,1,1,1,1,1,1,1,1,1,1,1,1,0,0,0,0,0,0,0,0,0,1,0,0,0,0,0,0,0,0,0,0,0,0,0,0,0,0,0,0,0,0,0,0,13,0,0,0,0,0,0,0,0,0,0,0,0,0,0,0,0,0,0,0,0,0,0,0,0,0,0,0,0,0,0,0,0,0,0,0,0,0,0,0,0,0,0,0,0,0,0,0,0
-0.22896,0.736016,0.554534,0,0,0,0,4.7184e-09,-1.4839e-07,-1.21405e-07,1895,31,32,291,292,302,303,312,1624,1625,1884,1885,1896,1905,0,0,0,0,0,0,0,0,0,31,32,291,292,302,303,312,1624,1625,1884,1885,1896,1905,0,0,0,0,0,0,0,0,0,0.111609,0.107118,0.110606,0.107362,0.100046,0.111781,0.110448,0.0521611,0.040989,0.0497003,0.0416317,0.0524633,0.049152,0,0,0,0,0,0,0,0,0,0.111644,0.107171,0.110598,0.107401,0.1,0.111774,0.110396,0.052254,0.0406156,0.04974,0.0412852,0.052541,0.049228,0,0,0,0,0,0,0,0,0,1,1,1,1,1,1,1,1,1,1,1,1,1,0,0,0,0,0,0,0,0,0,1,1,1,1,1,1,1,1,1,1,1,1,1,0,0,0,0,0,0,0,0,0,1,0,0,0,0,0,0,0,0,0,0,0,0,0,0,0,0,0,0,0,0,0,0,13,0,0,0,0,0,0,0,0,0,0,0,0,0,0,0,0,0,0,0,0,0,0,0,0,0,0,0,0,0,0,0,0,0,0,0,0,0,0,0,0,0,0,0,0,0,0,0,0
-0.243336,0.714559,0.600199,0,0,0,0,4.89622e-09,-1.28666e-07,-1.11357e-07,1896,292,293,302,303,304,312,313,1885,1886,1895,1897,1905,1906,0,0,0,0,0,0,0,0,0,292,293,302,303,304,312,313,1885,1886,1895,1897,1905,1906,0,0,0,0,0,0,0,0,0,0.11084,0.107678,0.111711,0.100018,0.11198,0.107403,0.110631,0.0502904,0.0426518,0.0524633,0.0529884,0.0418775,0.0495753,0,0,0,0,0,0,0,0,0,0.110857,0.107698,0.111765,0.1,0.111955,0.107396,0.110616,0.050372,0.0421324,0.052541,0.0529676,0.0412675,0.049773,0,0,0,0,0,0,0,0,0,1,1,1,1,1,1,1,1,1,1,1,1,1,0,0,0,0,0,0,0,0,0,1,1,1,1,1,1,1,1,1,1,1,1,1,0,0,0,0,0,0,0,0,0,1,0,0,0,0,0,0,0,0,0,0,0,0,0,0,0,0,0,0,0,0,0,0,13,0,0,0,0,0,0,0,0,0,0,0,0,0,0,0,0,0,0,0,0,0,0,0,0,0,0,0,0,0,0,0,0,0,0,0,0,0,0,0,0,0,0,0,0,0,0,0,0
-0.257622,0.690335,0.645109,0,0,0,0,4.73173e-09,-1.09879e-07,-1.00454e-07,1897,293,294,303,304,305,313,314,1886,1887,1896,1898,1906,1907,0,0,0,0,0,0,0,0,0,293,294,303,304,305,313,314,1886,1887,1896,1898,1906,1907,0,0,0,0,0,0,0,0,0,0.111056,0.108037,0.11191,0.100002,0.112178,0.107719,0.110813,0.0508055,0.0437315,0.0529884,0.0535043,0.0428386,0.0500063,0,0,0,0,0,0,0,0,0,0.111105,0.10804,0.111946,0.1,0.112142,0.107698,0.110818,0.0509744,0.043091,0.0529676,0.0534077,0.0421268,0.0502665,0,0,0,0,0,0,0,0,0,1,1,1,1,1,1,1,1,1,1,1,1,1,0,0,0,0,0,0,0,0,0,1,1,1,1,1,1,1,1,1,1,1,1,1,0,0,0,0,0,0,0,0,0,1,0,0,0,0,0,0,0,0,0,0,0,0,0,0,0,0,0,0,0,0,0,0,13,0,0,0,0,0,0,0,0,0,0,0,0,0,0,0,0,0,0,0,0,0,0,0,0,0,0,0,0,0,0,0,0,0,0,0,0,0,0,0,0,0,0,0,0,0,0,0,0
-0.27181,0.663319,0.689059,0,0,0,0,4.22491e-09,-9.21749e-08,-8.87812e-08,1898,294,295,304,305,306,314,315,1887,1888,1897,1899,1907,1908,0,0,0,0,0,0,0,0,0,294,295,304,305,306,314,315,1887,1888,1897,1899,1907,1908,0,0,0,0,0,0,0,0,0,0.111261,0.108403,0.112113,0.0999825,0.112336,0.108066,0.110964,0.0512748,0.0447994,0.0535043,0.0539414,0.0438886,0.050371,0,0,0,0,0,0,0,0,0,0.111326,0.10839,0.112135,0.1,0.112295,0.108034,0.11099,0.0515029,0.0440536,0.0534077,0.0537642,0.0430689,0.0506831,0,0,0,0,0,0,0,0,0,1,1,1,1,1,1,1,1,1,1,1,1,1,0,0,0,0,0,0,0,0,0,1,1,1,1,1,1,1,1,1,1,1,1,1,0,0,0,0,0,0,0,0,0,1,0,0,0,0,0,0,0,0,0,0,0,0,0,0,0,0,0,0,0,0,0,0,13,0,0,0,0,0,0,0,0,0,0,0,0,0,0,0,0,0,0,0,0,0,0,0,0,0,0,0,0,0,0,0,0,0,0,0,0,0,0,0,0,0,0,0,0,0,0,0,0
-0.285866,0.633543,0.731784,0,0,0,0,3.37156e-09,-7.57172e-08,-7.64912e-08,1899,295,296,305,306,307,315,316,1888,1889,1898,1900,1908,1909,0,0,0,0,0,0,0,0,0,295,296,305,306,307,315,316,1888,1889,1898,1900,1908,1909,0,0,0,0,0,0,0,0,0,0.11144,0.108752,0.112284,0.0999661,0.112427,0.108408,0.111088,0.0516639,0.0457917,0.0539414,0.0542375,0.0448925,0.0506793,0,0,0,0,0,0,0,0,0,0.111507,0.108731,0.112288,0.1,0.112389,0.108375,0.111126,0.0519346,0.0449721,0.0537642,0.0539858,0.0440076,0.0510112,0,0,0,0,0,0,0,0,0,1,1,1,1,1,1,1,1,1,1,1,1,1,0,0,0,0,0,0,0,0,0,1,1,1,1,1,1,1,1,1,1,1,1,1,0,0,0,0,0,0,0,0,0,1,0,0,0,0,0,0,0,0,0,0,0,0,0,0,0,0,0,0,0,0,0,0,13,0,0,0,0,0,0,0,0,0,0,0,0,0,0,0,0,0,0,0,0,0,0,0,0,0,0,0,0,0,0,0,0,0,0,0,0,0,0,0,0,0,0,0,0,0,0,0,0
-0.299691,0.601101,0.772993,0,0,0,0,2.1902e-09,-6.0666e-08,-6.37827e-08,1900,296,297,306,307,308,316,317,1889,1890,1899,1901,1909,1910,0,0,0,0,0,0,0,0,0,296,297,306,307,308,316,317,1889,1890,1899,1901,1909,1910,0,0,0,0,0,0,0,0,0,0.111584,0.109081,0.112395,0.0999519,0.112448,0.108739,0.111175,0.0519596,0.0467017,0.0542375,0.0543854,0.0458435,0.0509054,0,0,0,0,0,0,0,0,0,0.111646,0.109052,0.112383,0.1,0.112417,0.108706,0.111226,0.052262,0.0458233,0.0539858,0.0540549,0.0449011,0.0512521,0,0,0,0,0,0,0,0,0,1,1,1,1,1,1,1,1,1,1,1,1,1,0,0,0,0,0,0,0,0,0,1,1,1,1,1,1,1,1,1,1,1,1,1,0,0,0,0,0,0,0,0,0,1,0,0,0,0,0,0,0,0,0,0,0,0,0,0,0,0,0,0,0,0,0,0,13,0,0,0,0,0,0,0,0,0,0,0,0,0,0,0,0,0,0,0,0,0,0,0,0,0,0,0,0,0,0,0,0,0,0,0,0,0,0,0,0,0,0,0,0,0,0,0,0
-0.313197,0.566121,0.812385,0,0,0,0,7.20155e-10,-4.71534e-08,-5.08671e-08,1901,297,298,307,308,309,317,318,1890,1891,1900,1902,1910,1911,0,0,0,0,0,0,0,0,0,297,298,307,308,309,317,318,1890,1891,1900,1902,1910,1911,0,0,0,0,0,0,0,0,0,0.111687,0.109385,0.112439,0.0999403,0.112407,0.109053,0.111227,0.0521555,0.0475226,0.0543854,0.0544057,0.046725,0.0510562,0,0,0,0,0,0,0,0,0,0.111742,0.109348,0.112413,0.1,0.112384,0.109017,0.111298,0.052489,0.0465965,0.0540549,0.0539832,0.0457294,0.0514218,0,0,0,0,0,0,0,0,0,1,1,1,1,1,1,1,1,1,1,1,1,1,0,0,0,0,0,0,0,0,0,1,1,1,1,1,1,1,1,1,1,1,1,1,0,0,0,0,0,0,0,0,0,1,0,0,0,0,0,0,0,0,0,0,0,0,0,0,0,0,0,0,0,0,0,0,13,0,0,0,0,0,0,0,0,0,0,0,0,0,0,0,0,0,0,0,0,0,0,0,0,0,0,0,0,0,0,0,0,0,0,0,0,0,0,0,0,0,0,0,0,0,0,0,0
-0.326293,0.528739,0.849681,0,0,0,0,-9.85282e-10,-3.5271e-08,-3.796e-08,1902,298,299,308,309,310,318,319,1891,1892,1901,1903,1911,1912,0,0,0,0,0,0,0,0,0,298,299,308,309,310,318,319,1891,1892,1901,1903,1911,1912,0,0,0,0,0,0,0,0,0,0.111756,0.109664,0.112423,0.0999307,0.11233,0.109344,0.111259,0.0522682,0.0482536,0.0544057,0.0543577,0.0475306,0.0511718,0,0,0,0,0,0,0,0,0,0.111805,0.109618,0.112381,0.1,0.112312,0.109306,0.111358,0.0526342,0.0472918,0.0539832,0.0538218,0.0464854,0.051563,0,0,0,0,0,0,0,0,0,1,1,1,1,1,1,1,1,1,1,1,1,1,0,0,0,0,0,0,0,0,0,1,1,1,1,1,1,1,1,1,1,1,1,1,0,0,0,0,0,0,0,0,0,1,0,0,0,0,0,0,0,0,0,0,0,0,0,0,0,0,0,0,0,0,0,0,13,0,0,0,0,0,0,0,0,0,0,0,0,0,0,0,0,0,0,0,0,0,0,0,0,0,0,0,0,0,0,0,0,0,0,0,0,0,0,0,0,0,0,0,0,0,0,0,0
-0.338887,0.489077,0.884654,0,0,0,0,-2.86673e-09,-2.50618e-08,-2.52705e-08,1903,299,300,309,310,311,319,320,1892,1893,1902,1904,1912,1913,0,0,0,0,0,0,0,0,0,299,300,309,310,311,319,320,1892,1893,1902,1904,1912,1913,0,0,0,0,0,0,0,0,0,0.11181,0.109923,0.112372,0.099924,0.11227,0.109607,0.111316,0.0523485,0.0489036,0.0543577,0.0543542,0.0482508,0.0513626,0,0,0,0,0,0,0,0,0,0.111854,0.109867,0.112311,0.1,0.112252,0.109572,0.111448,0.0527481,0.0479246,0.0538218,0.0536873,0.0471741,0.0517765,0,0,0,0,0,0,0,0,0,1,1,1,1,1,1,1,1,1,1,1,1,1,0,0,0,0,0,0,0,0,0,1,1,1,1,1,1,1,1,1,1,1,1,1,0,0,0,0,0,0,0,0,0,1,0,0,0,0,0,0,0,0,0,0,0,0,0,0,0,0,0,0,0,0,0,0,13,0,0,0,0,0,0,0,0,0,0,0,0,0,0,0,0,0,0,0,0,0,0,0,0,0,0,0,0,0,0,0,0,0,0,0,0,0,0,0,0,0,0,0,0,0,0,0,0
-0.350822,0.447199,0.917184,0,0,0,0,-4.86006e-09,-1.65197e-08,-1.29982e-08,1904,147,148,300,301,310,311,320,1740,1741,1893,1894,1903,1913,0,0,0,0,0,0,0,0,0,147,148,300,301,310,311,320,1740,1741,1893,1894,1903,1913,0,0,0,0,0,0,0,0,0,0.111465,0.112313,0.111905,0.110176,0.112333,0.0999198,0.109842,0.0517932,0.0545716,0.0525295,0.049502,0.0543542,0.0488989,0,0,0,0,0,0,0,0,0,0.111636,0.112286,0.111945,0.110105,0.112252,0.1,0.109822,0.0522205,0.0537685,0.05296,0.048524,0.0536873,0.0478119,0,0,0,0,0,0,0,0,0,1,1,1,1,1,1,1,1,1,1,1,1,1,0,0,0,0,0,0,0,0,0,1,1,1,1,1,1,1,1,1,1,1,1,1,0,0,0,0,0,0,0,0,0,1,0,0,0,0,0,0,0,0,0,0,0,0,0,0,0,0,0,0,0,0,0,0,13,0,0,0,0,0,0,0,0,0,0,0,0,0,0,0,0,0,0,0,0,0,0,0,0,0,0,0,0,0,0,0,0,0,0,0,0,0,0,0,0,0,0,0,0,0,0,0,0
-0.204027,0.728436,0.596209,0,0,0,0,5.52434e-09,-1.37674e-07,-1.20574e-07,1905,32,33,302,303,312,313,321,1625,1626,1895,1896,1906,1914,0,0,0,0,0,0,0,0,0,32,33,302,303,312,313,321,1625,1626,1895,1896,1906,1914,0,0,0,0,0,0,0,0,0,0.111624,0.107191,0.110376,0.107405,0.10002,0.111888,0.110086,0.0521776,0.0413015,0.049152,0.0418775,0.0527182,0.0482411,0,0,0,0,0,0,0,0,0,0.111712,0.107143,0.110391,0.107395,0.1,0.11187,0.110106,0.052412,0.0405284,0.049228,0.0412675,0.0527649,0.0485062,0,0,0,0,0,0,0,0,0,1,1,1,1,1,1,1,1,1,1,1,1,1,0,0,0,0,0,0,0,0,0,1,1,1,1,1,1,1,1,1,1,1,1,1,0,0,0,0,0,0,0,0,0,1,0,0,0,0,0,0,0,0,0,0,0,0,0,0,0,0,0,0,0,0,0,0,13,0,0,0,0,0,0,0,0,0,0,0,0,0,0,0,0,0,0,0,0,0,0,0,0,0,0,0,0,0,0,0,0,0,0,0,0,0,0,0,0,0,0,0,0,0,0,0,0
-0.217767,0.705673,0.641732,0,0,0,0,5.69722e-09,-1.18842e-07,-1.10393e-07,1906,303,304,312,313,314,321,322,1896,1897,1905,1907,1914,1915,0,0,0,0,0,0,0,0,0,303,304,312,313,314,321,322,1896,1897,1905,1907,1914,1915,0,0,0,0,0,0,0,0,0,0.110547,0.107715,0.111821,0.100003,0.112085,0.107427,0.110254,0.0495753,0.0428386,0.0527182,0.0532379,0.0420253,0.0486577,0,0,0,0,0,0,0,0,0,0.110612,0.107696,0.111861,0.1,0.112045,0.10738,0.110291,0.049773,0.0421268,0.0527649,0.0531773,0.0412163,0.0489685,0,0,0,0,0,0,0,0,0,1,1,1,1,1,1,1,1,1,1,1,1,1,0,0,0,0,0,0,0,0,0,1,1,1,1,1,1,1,1,1,1,1,1,1,0,0,0,0,0,0,0,0,0,1,0,0,0,0,0,0,0,0,0,0,0,0,0,0,0,0,0,0,0,0,0,0,13,0,0,0,0,0,0,0,0,0,0,0,0,0,0,0,0,0,0,0,0,0,0,0,0,0,0,0,0,0,0,0,0,0,0,0,0,0,0,0,0,0,0,0,0,0,0,0,0
-0.23138,0.680194,0.686451,0,0,0,0,5.56974e-09,-1.00966e-07,-9.94402e-08,1907,304,305,313,314,315,322,323,1897,1898,1906,1908,1915,1916,0,0,0,0,0,0,0,0,0,304,305,313,314,315,322,323,1897,1898,1906,1908,1915,1916,0,0,0,0,0,0,0,0,0,0.110731,0.108061,0.11202,0.0999774,0.112274,0.107736,0.110381,0.0500063,0.0438886,0.0532379,0.0537573,0.0430087,0.048982,0,0,0,0,0,0,0,0,0,0.110814,0.108033,0.112037,0.1,0.11221,0.107679,0.110451,0.0502665,0.0430689,0.0531773,0.0535634,0.0420699,0.0493664,0,0,0,0,0,0,0,0,0,1,1,1,1,1,1,1,1,1,1,1,1,1,0,0,0,0,0,0,0,0,0,1,1,1,1,1,1,1,1,1,1,1,1,1,0,0,0,0,0,0,0,0,0,1,0,0,0,0,0,0,0,0,0,0,0,0,0,0,0,0,0,0,0,0,0,0,13,0,0,0,0,0,0,0,0,0,0,0,0,0,0,0,0,0,0,0,0,0,0,0,0,0,0,0,0,0,0,0,0,0,0,0,0,0,0,0,0,0,0,0,0,0,0,0,0
-0.244963,0.651969,0.730139,0,0,0,0,5.12851e-09,-8.41802e-08,-8.78014e-08,1908,305,306,314,315,316,323,324,1898,1899,1907,1909,1916,1917,0,0,0,0,0,0,0,0,0,305,306,314,315,316,323,324,1898,1899,1907,1909,1916,1917,0,0,0,0,0,0,0,0,0,0.110894,0.108405,0.112222,0.0999578,0.112407,0.108049,0.110499,0.050371,0.0448925,0.0537573,0.0541547,0.0439676,0.0492982,0,0,0,0,0,0,0,0,0,0.110985,0.108374,0.112202,0.1,0.112336,0.108007,0.110582,0.0506831,0.0440076,0.0535634,0.0538569,0.0429902,0.0496894,0,0,0,0,0,0,0,0,0,1,1,1,1,1,1,1,1,1,1,1,1,1,0,0,0,0,0,0,0,0,0,1,1,1,1,1,1,1,1,1,1,1,1,1,0,0,0,0,0,0,0,0,0,1,0,0,0,0,0,0,0,0,0,0,0,0,0,0,0,0,0,0,0,0,0,0,13,0,0,0,0,0,0,0,0,0,0,0,0,0,0,0,0,0,0,0,0,0,0,0,0,0,0,0,0,0,0,0,0,0,0,0,0,0,0,0,0,0,0,0,0,0,0,0,0
-0.258422,0.621058,0.772519,0,0,0,0,4.3793e-09,-6.86513e-08,-7.56417e-08,1909,306,307,315,316,317,324,325,1899,1900,1908,1910,1917,1918,0,0,0,0,0,0,0,0,0,306,307,315,316,317,324,325,1899,1900,1908,1910,1917,1918,0,0,0,0,0,0,0,0,0,0.111039,0.108738,0.112374,0.0999392,0.112473,0.108366,0.110593,0.0506793,0.0458435,0.0541547,0.05441,0.0449205,0.0495626,0,0,0,0,0,0,0,0,0,0.111121,0.108705,0.112328,0.1,0.112406,0.108338,0.110683,0.0510112,0.0449011,0.0538569,0.0540234,0.0439019,0.0499368,0,0,0,0,0,0,0,0,0,1,1,1,1,1,1,1,1,1,1,1,1,1,0,0,0,0,0,0,0,0,0,1,1,1,1,1,1,1,1,1,1,1,1,1,0,0,0,0,0,0,0,0,0,1,0,0,0,0,0,0,0,0,0,0,0,0,0,0,0,0,0,0,0,0,0,0,13,0,0,0,0,0,0,0,0,0,0,0,0,0,0,0,0,0,0,0,0,0,0,0,0,0,0,0,0,0,0,0,0,0,0,0,0,0,0,0,0,0,0,0,0,0,0,0,0
-0.271689,0.587557,0.813289,0,0,0,0,3.34156e-09,-5.45257e-08,-6.31512e-08,1910,307,308,316,317,318,325,326,1900,1901,1909,1911,1918,1919,0,0,0,0,0,0,0,0,0,307,308,316,317,318,325,326,1900,1901,1909,1911,1918,1919,0,0,0,0,0,0,0,0,0,0.111152,0.109056,0.112464,0.0999244,0.112477,0.108679,0.110655,0.0509054,0.046725,0.05441,0.0545391,0.0458369,0.0497572,0,0,0,0,0,0,0,0,0,0.111222,0.109017,0.1124,0.1,0.112421,0.108658,0.110759,0.0512521,0.0457294,0.0540234,0.0540608,0.0447679,0.0501222,0,0,0,0,0,0,0,0,0,1,1,1,1,1,1,1,1,1,1,1,1,1,0,0,0,0,0,0,0,0,0,1,1,1,1,1,1,1,1,1,1,1,1,1,0,0,0,0,0,0,0,0,0,1,0,0,0,0,0,0,0,0,0,0,0,0,0,0,0,0,0,0,0,0,0,0,13,0,0,0,0,0,0,0,0,0,0,0,0,0,0,0,0,0,0,0,0,0,0,0,0,0,0,0,0,0,0,0,0,0,0,0,0,0,0,0,0,0,0,0,0,0,0,0,0
-0.284683,0.551577,0.852161,0,0,0,0,2.05303e-09,-4.19163e-08,-5.05308e-08,1911,308,309,317,318,319,326,327,1901,1902,1910,1912,1919,1920,0,0,0,0,0,0,0,0,0,308,309,317,318,319,326,327,1901,1902,1910,1912,1919,1920,0,0,0,0,0,0,0,0,0,0.111235,0.109354,0.112495,0.099911,0.112445,0.108982,0.110692,0.0510562,0.0475306,0.0545391,0.0546023,0.0467103,0.0499029,0,0,0,0,0,0,0,0,0,0.111293,0.109306,0.112416,0.1,0.112394,0.108959,0.110826,0.0514218,0.0464854,0.0540608,0.0540027,0.0455709,0.0502835,0,0,0,0,0,0,0,0,0,1,1,1,1,1,1,1,1,1,1,1,1,1,0,0,0,0,0,0,0,0,0,1,1,1,1,1,1,1,1,1,1,1,1,1,0,0,0,0,0,0,0,0,0,1,0,0,0,0,0,0,0,0,0,0,0,0,0,0,0,0,0,0,0,0,0,0,13,0,0,0,0,0,0,0,0,0,0,0,0,0,0,0,0,0,0,0,0,0,0,0,0,0,0,0,0,0,0,0,0,0,0,0,0,0,0,0,0,0,0,0,0,0,0,0,0
-0.297322,0.51321,0.888899,0,0,0,0,5.58545e-10,-3.08901e-08,-3.79796e-08,1912,309,310,318,319,320,327,328,1902,1903,1911,1913,1920,1921,0,0,0,0,0,0,0,0,0,309,310,318,319,320,327,328,1902,1903,1911,1913,1920,1921,0,0,0,0,0,0,0,0,0,0.111304,0.109631,0.112492,0.0999006,0.112413,0.109257,0.110745,0.0511718,0.0482508,0.0546023,0.0546753,0.0474984,0.0501092,0,0,0,0,0,0,0,0,0,0.111353,0.109573,0.11239,0.1,0.11236,0.109239,0.110918,0.051563,0.0471741,0.0540027,0.0539293,0.0463068,0.0505065,0,0,0,0,0,0,0,0,0,1,1,1,1,1,1,1,1,1,1,1,1,1,0,0,0,0,0,0,0,0,0,1,1,1,1,1,1,1,1,1,1,1,1,1,0,0,0,0,0,0,0,0,0,1,0,0,0,0,0,0,0,0,0,0,0,0,0,0,0,0,0,0,0,0,0,0,13,0,0,0,0,0,0,0,0,0,0,0,0,0,0,0,0,0,0,0,0,0,0,0,0,0,0,0,0,0,0,0,0,0,0,0,0,0,0,0,0,0,0,0,0,0,0,0,0
-0.309446,0.472519,0.923347,0,0,0,0,-1.09229e-09,-2.14728e-08,-2.56972e-08,1913,146,147,310,311,319,320,328,1739,1740,1903,1904,1912,1921,0,0,0,0,0,0,0,0,0,146,147,310,311,319,320,328,1739,1740,1903,1904,1912,1921,0,0,0,0,0,0,0,0,0,0.110874,0.112439,0.111403,0.109894,0.112484,0.0998927,0.109493,0.0505211,0.0548544,0.0513626,0.0488989,0.0546753,0.0481917,0,0,0,0,0,0,0,0,0,0.111087,0.112373,0.111443,0.109823,0.112358,0.1,0.109499,0.0509145,0.0539624,0.0517765,0.0478119,0.0539293,0.0469807,0,0,0,0,0,0,0,0,0,1,1,1,1,1,1,1,1,1,1,1,1,1,0,0,0,0,0,0,0,0,0,1,1,1,1,1,1,1,1,1,1,1,1,1,0,0,0,0,0,0,0,0,0,1,0,0,0,0,0,0,0,0,0,0,0,0,0,0,0,0,0,0,0,0,0,0,13,0,0,0,0,0,0,0,0,0,0,0,0,0,0,0,0,0,0,0,0,0,0,0,0,0,0,0,0,0,0,0,0,0,0,0,0,0,0,0,0,0,0,0,0,0,0,0,0
-0.178409,0.719264,0.636044,0,0,0,0,5.6977e-09,-1.27317e-07,-1.18926e-07,1914,33,34,312,313,321,322,329,1626,1627,1905,1906,1915,1922,0,0,0,0,0,0,0,0,0,33,34,312,313,321,322,329,1626,1627,1905,1906,1915,1922,0,0,0,0,0,0,0,0,0,0.111713,0.107213,0.110014,0.107429,0.100011,0.111942,0.109674,0.0523689,0.0413683,0.0482411,0.0420253,0.0528556,0.0472394,0,0,0,0,0,0,0,0,0,0.111759,0.107117,0.110102,0.107378,0.1,0.111919,0.109755,0.0525223,0.0404513,0.0485062,0.0412163,0.0528778,0.04762,0,0,0,0,0,0,0,0,0,1,1,1,1,1,1,1,1,1,1,1,1,1,0,0,0,0,0,0,0,0,0,1,1,1,1,1,1,1,1,1,1,1,1,1,0,0,0,0,0,0,0,0,0,1,0,0,0,0,0,0,0,0,0,0,0,0,0,0,0,0,0,0,0,0,0,0,13,0,0,0,0,0,0,0,0,0,0,0,0,0,0,0,0,0,0,0,0,0,0,0,0,0,0,0,0,0,0,0,0,0,0,0,0,0,0,0,0,0,0,0,0,0,0,0,0
-0.191449,0.695329,0.681329,0,0,0,0,5.90479e-09,-1.09394e-07,-1.08696e-07,1915,313,314,321,322,323,329,330,1906,1907,1914,1916,1922,1923,0,0,0,0,0,0,0,0,0,313,314,321,322,323,329,330,1906,1907,1914,1916,1922,1923,0,0,0,0,0,0,0,0,0,0.110181,0.107737,0.111886,0.0999748,0.112155,0.107456,0.109773,0.0486577,0.0430087,0.0528556,0.053442,0.0422512,0.0475131,0,0,0,0,0,0,0,0,0,0.110287,0.107677,0.11191,0.1,0.112079,0.107352,0.109905,0.0489685,0.0420699,0.0528778,0.0532544,0.0411326,0.0480012,0,0,0,0,0,0,0,0,0,1,1,1,1,1,1,1,1,1,1,1,1,1,0,0,0,0,0,0,0,0,0,1,1,1,1,1,1,1,1,1,1,1,1,1,0,0,0,0,0,0,0,0,0,1,0,0,0,0,0,0,0,0,0,0,0,0,0,0,0,0,0,0,0,0,0,0,13,0,0,0,0,0,0,0,0,0,0,0,0,0,0,0,0,0,0,0,0,0,0,0,0,0,0,0,0,0,0,0,0,0,0,0,0,0,0,0,0,0,0,0,0,0,0,0,0
-0.204535,0.668692,0.725773,0,0,0,0,5.82562e-09,-9.24138e-08,-9.77456e-08,1916,314,315,322,323,324,330,331,1907,1908,1915,1917,1923,1924,0,0,0,0,0,0,0,0,0,314,315,322,323,324,330,331,1907,1908,1915,1917,1923,1924,0,0,0,0,0,0,0,0,0,0.110323,0.108057,0.112109,0.0999541,0.112326,0.107713,0.10988,0.048982,0.0439676,0.053442,0.0539292,0.0430803,0.0478186,0,0,0,0,0,0,0,0,0,0.110448,0.108005,0.112071,0.1,0.112221,0.107643,0.110029,0.0493664,0.0429902,0.0532544,0.0535863,0.0419659,0.0483155,0,0,0,0,0,0,0,0,0,1,1,1,1,1,1,1,1,1,1,1,1,1,0,0,0,0,0,0,0,0,0,1,1,1,1,1,1,1,1,1,1,1,1,1,0,0,0,0,0,0,0,0,0,1,0,0,0,0,0,0,0,0,0,0,0,0,0,0,0,0,0,0,0,0,0,0,13,0,0,0,0,0,0,0,0,0,0,0,0,0,0,0,0,0,0,0,0,0,0,0,0,0,0,0,0,0,0,0,0,0,0,0,0,0,0,0,0,0,0,0,0,0,0,0,0
-0.217548,0.639378,0.769129,0,0,0,0,5.46643e-09,-7.65392e-08,-8.62018e-08,1917,315,316,323,324,325,331,332,1908,1909,1916,1918,1924,1925,0,0,0,0,0,0,0,0,0,315,316,323,324,325,331,332,1908,1909,1916,1918,1924,1925,0,0,0,0,0,0,0,0,0,0.110464,0.10838,0.112296,0.0999291,0.112437,0.107998,0.109973,0.0492982,0.0449205,0.0539292,0.054295,0.0439859,0.0481129,0,0,0,0,0,0,0,0,0,0.110579,0.108336,0.112213,0.1,0.112324,0.107961,0.110128,0.0496894,0.0439019,0.0535863,0.0538274,0.0428585,0.0485637,0,0,0,0,0,0,0,0,0,1,1,1,1,1,1,1,1,1,1,1,1,1,0,0,0,0,0,0,0,0,0,1,1,1,1,1,1,1,1,1,1,1,1,1,0,0,0,0,0,0,0,0,0,1,0,0,0,0,0,0,0,0,0,0,0,0,0,0,0,0,0,0,0,0,0,0,13,0,0,0,0,0,0,0,0,0,0,0,0,0,0,0,0,0,0,0,0,0,0,0,0,0,0,0,0,0,0,0,0,0,0,0,0,0,0,0,0,0,0,0,0,0,0,0,0
-0.230451,0.607449,0.811105,0,0,0,0,4.8308e-09,-6.19221e-08,-7.42263e-08,1918,316,317,324,325,326,332,333,1909,1910,1917,1919,1925,1926,0,0,0,0,0,0,0,0,0,316,317,324,325,326,332,333,1909,1910,1917,1919,1925,1926,0,0,0,0,0,0,0,0,0,0.110588,0.1087,0.11243,0.0999095,0.112476,0.108286,0.110056,0.0495626,0.0458369,0.054295,0.0545092,0.0448781,0.0483929,0,0,0,0,0,0,0,0,0,0.11068,0.108656,0.112316,0.1,0.11238,0.10828,0.110206,0.0499368,0.0447679,0.0538274,0.0539599,0.0437403,0.0487584,0,0,0,0,0,0,0,0,0,1,1,1,1,1,1,1,1,1,1,1,1,1,0,0,0,0,0,0,0,0,0,1,1,1,1,1,1,1,1,1,1,1,1,1,0,0,0,0,0,0,0,0,0,1,0,0,0,0,0,0,0,0,0,0,0,0,0,0,0,0,0,0,0,0,0,0,13,0,0,0,0,0,0,0,0,0,0,0,0,0,0,0,0,0,0,0,0,0,0,0,0,0,0,0,0,0,0,0,0,0,0,0,0,0,0,0,0,0,0,0,0,0,0,0,0
-0.243185,0.573005,0.851388,0,0,0,0,3.94187e-09,-4.8699e-08,-6.20047e-08,1919,317,318,325,326,327,333,334,1910,1911,1918,1920,1926,1927,0,0,0,0,0,0,0,0,0,317,318,325,326,327,333,334,1910,1911,1918,1920,1926,1927,0,0,0,0,0,0,0,0,0,0.110685,0.109012,0.112498,0.0998915,0.112484,0.108595,0.110098,0.0497572,0.0467103,0.0545092,0.0546718,0.0458146,0.0485762,0,0,0,0,0,0,0,0,0,0.110756,0.108958,0.112373,0.1,0.112396,0.108588,0.110277,0.0501222,0.0455709,0.0539599,0.0540016,0.0445766,0.0489345,0,0,0,0,0,0,0,0,0,1,1,1,1,1,1,1,1,1,1,1,1,1,0,0,0,0,0,0,0,0,0,1,1,1,1,1,1,1,1,1,1,1,1,1,0,0,0,0,0,0,0,0,0,1,0,0,0,0,0,0,0,0,0,0,0,0,0,0,0,0,0,0,0,0,0,0,13,0,0,0,0,0,0,0,0,0,0,0,0,0,0,0,0,0,0,0,0,0,0,0,0,0,0,0,0,0,0,0,0,0,0,0,0,0,0,0,0,0,0,0,0,0,0,0,0
-0.255714,0.536105,0.889734,0,0,0,0,2.83083e-09,-3.69542e-08,-4.97146e-08,1920,318,319,326,327,328,334,335,1911,1912,1919,1921,1927,1928,0,0,0,0,0,0,0,0,0,318,319,326,327,328,334,335,1911,1912,1919,1921,1927,1928,0,0,0,0,0,0,0,0,0,0.110764,0.109304,0.112538,0.0998762,0.112493,0.108884,0.110142,0.0499029,0.0474984,0.0546718,0.0548472,0.0466817,0.048792,0,0,0,0,0,0,0,0,0,0.110823,0.109238,0.112391,0.1,0.112398,0.108878,0.110373,0.0502835,0.0463068,0.0540016,0.0540089,0.0453525,0.0491712,0,0,0,0,0,0,0,0,0,1,1,1,1,1,1,1,1,1,1,1,1,1,0,0,0,0,0,0,0,0,0,1,1,1,1,1,1,1,1,1,1,1,1,1,0,0,0,0,0,0,0,0,0,1,0,0,0,0,0,0,0,0,0,0,0,0,0,0,0,0,0,0,0,0,0,0,13,0,0,0,0,0,0,0,0,0,0,0,0,0,0,0,0,0,0,0,0,0,0,0,0,0,0,0,0,0,0,0,0,0,0,0,0,0,0,0,0,0,0,0,0,0,0,0,0
-0.26789,0.49678,0.925977,0,0,0,0,1.53174e-09,-2.67358e-08,-3.75439e-08,1921,145,146,319,320,327,328,335,1738,1739,1912,1913,1920,1928,0,0,0,0,0,0,0,0,0,145,146,319,320,327,328,335,1738,1739,1912,1913,1920,1928,0,0,0,0,0,0,0,0,0,0.110262,0.112541,0.110868,0.109576,0.112574,0.0998638,0.109118,0.0492198,0.0550728,0.0501092,0.0481917,0.0548472,0.047422,0,0,0,0,0,0,0,0,0,0.11054,0.112423,0.110915,0.109498,0.112394,0.1,0.109148,0.0495822,0.0540708,0.0505065,0.0469807,0.0540089,0.0460639,0,0,0,0,0,0,0,0,0,1,1,1,1,1,1,1,1,1,1,1,1,1,0,0,0,0,0,0,0,0,0,1,1,1,1,1,1,1,1,1,1,1,1,1,0,0,0,0,0,0,0,0,0,1,0,0,0,0,0,0,0,0,0,0,0,0,0,0,0,0,0,0,0,0,0,0,13,0,0,0,0,0,0,0,0,0,0,0,0,0,0,0,0,0,0,0,0,0,0,0,0,0,0,0,0,0,0,0,0,0,0,0,0,0,0,0,0,0,0,0,0,0,0,0,0
-0.152092,0.708748,0.673838,0,0,0,0,5.41028e-09,-1.17373e-07,-1.16568e-07,1922,34,35,321,322,329,330,336,1627,1628,1914,1915,1923,1929,0,0,0,0,0,0,0,0,0,34,35,321,322,329,330,336,1627,1628,1914,1915,1923,1929,0,0,0,0,0,0,0,0,0,0.11176,0.107238,0.10962,0.107462,0.099972,0.112003,0.109142,0.052408,0.0417688,0.0472394,0.0422512,0.0530601,0.0459673,0,0,0,0,0,0,0,0,0,0.111776,0.107093,0.109752,0.10735,0.1,0.111923,0.109357,0.052562,0.0403761,0.04762,0.0411326,0.0528848,0.046597,0,0,0,0,0,0,0,0,0,1,1,1,1,1,1,1,1,1,1,1,1,1,0,0,0,0,0,0,0,0,0,1,1,1,1,1,1,1,1,1,1,1,1,1,0,0,0,0,0,0,0,0,0,1,0,0,0,0,0,0,0,0,0,0,0,0,0,0,0,0,0,0,0,0,0,0,13,0,0,0,0,0,0,0,0,0,0,0,0,0,0,0,0,0,0,0,0,0,0,0,0,0,0,0,0,0,0,0,0,0,0,0,0,0,0,0,0,0,0,0,0,0,0,0,0
-0.164745,0.683693,0.718866,0,0,0,0,5.64678e-09,-1.0031e-07,-1.06307e-07,1923,322,323,329,330,331,336,337,1915,1916,1922,1924,1929,1930,0,0,0,0,0,0,0,0,0,322,323,329,330,331,336,337,1915,1916,1922,1924,1929,1930,0,0,0,0,0,0,0,0,0,0.109734,0.107732,0.111977,0.0999528,0.112185,0.107422,0.109248,0.0475131,0.0430803,0.0530601,0.053566,0.0422821,0.0463088,0,0,0,0,0,0,0,0,0,0.109903,0.107641,0.111913,0.1,0.112063,0.107313,0.109476,0.0480012,0.0419659,0.0528848,0.0532139,0.0410169,0.0469045,0,0,0,0,0,0,0,0,0,1,1,1,1,1,1,1,1,1,1,1,1,1,0,0,0,0,0,0,0,0,0,1,1,1,1,1,1,1,1,1,1,1,1,1,0,0,0,0,0,0,0,0,0,1,0,0,0,0,0,0,0,0,0,0,0,0,0,0,0,0,0,0,0,0,0,0,13,0,0,0,0,0,0,0,0,0,0,0,0,0,0,0,0,0,0,0,0,0,0,0,0,0,0,0,0,0,0,0,0,0,0,0,0,0,0,0,0,0,0,0,0,0,0,0,0
-0.177299,0.65602,0.762979,0,0,0,0,5.62907e-09,-8.42188e-08,-9.54234e-08,1924,323,324,330,331,332,337,338,1916,1917,1923,1925,1930,1931,0,0,0,0,0,0,0,0,0,323,324,330,331,332,337,338,1916,1917,1923,1925,1930,1931,0,0,0,0,0,0,0,0,0,0.109866,0.108028,0.112167,0.0999255,0.112349,0.107662,0.109322,0.0478186,0.0439859,0.053566,0.0540591,0.0431278,0.0465337,0,0,0,0,0,0,0,0,0,0.110027,0.107959,0.112054,0.1,0.112183,0.107592,0.109572,0.0483155,0.0428585,0.0532139,0.0534966,0.0418171,0.0471512,0,0,0,0,0,0,0,0,0,1,1,1,1,1,1,1,1,1,1,1,1,1,0,0,0,0,0,0,0,0,0,1,1,1,1,1,1,1,1,1,1,1,1,1,0,0,0,0,0,0,0,0,0,1,0,0,0,0,0,0,0,0,0,0,0,0,0,0,0,0,0,0,0,0,0,0,13,0,0,0,0,0,0,0,0,0,0,0,0,0,0,0,0,0,0,0,0,0,0,0,0,0,0,0,0,0,0,0,0,0,0,0,0,0,0,0,0,0,0,0,0,0,0,0,0
-0.189782,0.625717,0.80597,0,0,0,0,5.35529e-09,-6.92303e-08,-8.40222e-08,1925,324,325,331,332,333,338,339,1917,1918,1924,1926,1931,1932,0,0,0,0,0,0,0,0,0,324,325,331,332,333,338,339,1917,1918,1924,1926,1931,1932,0,0,0,0,0,0,0,0,0,0.109993,0.108327,0.11235,0.0998981,0.112422,0.107904,0.109428,0.0481129,0.0448781,0.0540591,0.0543611,0.0438944,0.0469139,0,0,0,0,0,0,0,0,0,0.110126,0.108278,0.112175,0.1,0.112271,0.107897,0.10965,0.0485637,0.0437403,0.0534966,0.0537028,0.0426767,0.047351,0,0,0,0,0,0,0,0,0,1,1,1,1,1,1,1,1,1,1,1,1,1,0,0,0,0,0,0,0,0,0,1,1,1,1,1,1,1,1,1,1,1,1,1,0,0,0,0,0,0,0,0,0,1,0,0,0,0,0,0,0,0,0,0,0,0,0,0,0,0,0,0,0,0,0,0,13,0,0,0,0,0,0,0,0,0,0,0,0,0,0,0,0,0,0,0,0,0,0,0,0,0,0,0,0,0,0,0,0,0,0,0,0,0,0,0,0,0,0,0,0,0,0,0,0
-0.202091,0.592885,0.847512,0,0,0,0,4.83612e-09,-5.55034e-08,-7.2284e-08,1926,325,326,332,333,334,339,340,1918,1919,1925,1927,1932,1933,0,0,0,0,0,0,0,0,0,325,326,332,333,334,339,340,1918,1919,1925,1927,1932,1933,0,0,0,0,0,0,0,0,0,0.110114,0.108646,0.112448,0.0998675,0.112449,0.10819,0.109499,0.0483929,0.0458146,0.0543611,0.0545828,0.0448363,0.0472326,0,0,0,0,0,0,0,0,0,0.110205,0.108586,0.112263,0.1,0.112326,0.108203,0.109723,0.0487584,0.0445766,0.0537028,0.0538339,0.0435255,0.0475385,0,0,0,0,0,0,0,0,0,1,1,1,1,1,1,1,1,1,1,1,1,1,0,0,0,0,0,0,0,0,0,1,1,1,1,1,1,1,1,1,1,1,1,1,0,0,0,0,0,0,0,0,0,1,0,0,0,0,0,0,0,0,0,0,0,0,0,0,0,0,0,0,0,0,0,0,13,0,0,0,0,0,0,0,0,0,0,0,0,0,0,0,0,0,0,0,0,0,0,0,0,0,0,0,0,0,0,0,0,0,0,0,0,0,0,0,0,0,0,0,0,0,0,0,0
-0.214337,0.557581,0.887298,0,0,0,0,4.08727e-09,-4.31443e-08,-6.03628e-08,1927,326,327,333,334,335,340,341,1919,1920,1926,1928,1933,1934,0,0,0,0,0,0,0,0,0,326,327,333,334,335,340,341,1919,1920,1926,1928,1933,1934,0,0,0,0,0,0,0,0,0,0.110205,0.108955,0.112513,0.0998492,0.112501,0.108499,0.109524,0.0485762,0.0466817,0.0545828,0.054864,0.0458148,0.0474502,0,0,0,0,0,0,0,0,0,0.110275,0.108876,0.112319,0.1,0.112366,0.108498,0.109823,0.0489345,0.0453525,0.0538339,0.0539294,0.0443301,0.0477922,0,0,0,0,0,0,0,0,0,1,1,1,1,1,1,1,1,1,1,1,1,1,0,0,0,0,0,0,0,0,0,1,1,1,1,1,1,1,1,1,1,1,1,1,0,0,0,0,0,0,0,0,0,1,0,0,0,0,0,0,0,0,0,0,0,0,0,0,0,0,0,0,0,0,0,0,13,0,0,0,0,0,0,0,0,0,0,0,0,0,0,0,0,0,0,0,0,0,0,0,0,0,0,0,0,0,0,0,0,0,0,0,0,0,0,0,0,0,0,0,0,0,0,0,0
-0.226426,0.51978,0.925179,0,0,0,0,3.13085e-09,-3.22125e-08,-4.84155e-08,1928,144,145,327,328,334,335,341,1737,1738,1920,1921,1927,1934,0,0,0,0,0,0,0,0,0,144,145,327,328,334,335,341,1737,1738,1920,1921,1927,1934,0,0,0,0,0,0,0,0,0,0.109632,0.112601,0.110311,0.109236,0.1126,0.0998329,0.108734,0.0478935,0.0551918,0.048792,0.047422,0.054864,0.0466169,0,0,0,0,0,0,0,0,0,0.109998,0.112421,0.110371,0.109146,0.11236,0.1,0.108775,0.0482332,0.0540598,0.0491712,0.0460639,0.0539294,0.045076,0,0,0,0,0,0,0,0,0,1,1,1,1,1,1,1,1,1,1,1,1,1,0,0,0,0,0,0,0,0,0,1,1,1,1,1,1,1,1,1,1,1,1,1,0,0,0,0,0,0,0,0,0,1,0,0,0,0,0,0,0,0,0,0,0,0,0,0,0,0,0,0,0,0,0,0,13,0,0,0,0,0,0,0,0,0,0,0,0,0,0,0,0,0,0,0,0,0,0,0,0,0,0,0,0,0,0,0,0,0,0,0,0,0,0,0,0,0,0,0,0,0,0,0,0
-0.125695,0.696988,0.709586,0,0,0,0,4.76731e-09,-1.07784e-07,-1.13519e-07,1929,35,36,329,330,336,337,342,1628,1629,1922,1923,1930,1935,0,0,0,0,0,0,0,0,0,35,36,329,330,336,337,342,1628,1629,1922,1923,1930,1935,0,0,0,0,0,0,0,0,0,0.111838,0.107304,0.109144,0.107453,0.0999667,0.112008,0.108696,0.0526804,0.0418545,0.0459673,0.0422821,0.053129,0.044844,0,0,0,0,0,0,0,0,0,0.111762,0.107164,0.109355,0.107311,0.1,0.111885,0.108993,0.0525271,0.0404315,0.046597,0.0410169,0.0527953,0.0455847,0,0,0,0,0,0,0,0,0,1,1,1,1,1,1,1,1,1,1,1,1,1,0,0,0,0,0,0,0,0,0,1,1,1,1,1,1,1,1,1,1,1,1,1,0,0,0,0,0,0,0,0,0,1,0,0,0,0,0,0,0,0,0,0,0,0,0,0,0,0,0,0,0,0,0,0,13,0,0,0,0,0,0,0,0,0,0,0,0,0,0,0,0,0,0,0,0,0,0,0,0,0,0,0,0,0,0,0,0,0,0,0,0,0,0,0,0,0,0,0,0,0,0,0,0
-0.13778,0.670944,0.75429,0,0,0,0,5.04819e-09,-9.15928e-08,-1.03299e-07,1930,330,331,336,337,338,342,343,1923,1924,1929,1931,1935,1936,0,0,0,0,0,0,0,0,0,330,331,336,337,338,342,343,1923,1924,1929,1931,1935,1936,0,0,0,0,0,0,0,0,0,0.109266,0.107706,0.112014,0.099909,0.112194,0.107326,0.108672,0.0463088,0.0431278,0.053129,0.0536704,0.042108,0.0449742,0,0,0,0,0,0,0,0,0,0.109474,0.10759,0.111876,0.1,0.112003,0.107195,0.109018,0.0469045,0.0418171,0.0527953,0.0530736,0.0405788,0.0457113,0,0,0,0,0,0,0,0,0,1,1,1,1,1,1,1,1,1,1,1,1,1,0,0,0,0,0,0,0,0,0,1,1,1,1,1,1,1,1,1,1,1,1,1,0,0,0,0,0,0,0,0,0,1,0,0,0,0,0,0,0,0,0,0,0,0,0,0,0,0,0,0,0,0,0,0,13,0,0,0,0,0,0,0,0,0,0,0,0,0,0,0,0,0,0,0,0,0,0,0,0,0,0,0,0,0,0,0,0,0,0,0,0,0,0,0,0,0,0,0,0,0,0,0,0
-0.149936,0.642334,0.798041,0,0,0,0,5.09031e-09,-7.63596e-08,-9.25198e-08,1931,331,332,337,338,339,343,344,1924,1925,1930,1932,1936,1937,0,0,0,0,0,0,0,0,0,331,332,337,338,339,343,344,1924,1925,1930,1932,1936,1937,0,0,0,0,0,0,0,0,0,0.109377,0.107968,0.112217,0.0999156,0.112334,0.107569,0.108732,0.0465337,0.0438944,0.0536704,0.0540891,0.0429922,0.0452609,0,0,0,0,0,0,0,0,0,0.10957,0.107894,0.111994,0.1,0.112108,0.107525,0.109096,0.0471512,0.0426767,0.0530736,0.0533202,0.0416241,0.045916,0,0,0,0,0,0,0,0,0,1,1,1,1,1,1,1,1,1,1,1,1,1,0,0,0,0,0,0,0,0,0,1,1,1,1,1,1,1,1,1,1,1,1,1,0,0,0,0,0,0,0,0,0,1,0,0,0,0,0,0,0,0,0,0,0,0,0,0,0,0,0,0,0,0,0,0,13,0,0,0,0,0,0,0,0,0,0,0,0,0,0,0,0,0,0,0,0,0,0,0,0,0,0,0,0,0,0,0,0,0,0,0,0,0,0,0,0,0,0,0,0,0,0,0,0
-0.16173,0.611166,0.840644,0,0,0,0,4.90728e-09,-6.22446e-08,-8.13212e-08,1932,332,333,338,339,340,344,345,1925,1926,1931,1933,1937,1938,0,0,0,0,0,0,0,0,0,332,333,338,339,340,344,345,1925,1926,1931,1933,1937,1938,0,0,0,0,0,0,0,0,0,0.109519,0.108267,0.11237,0.0998676,0.1124,0.107789,0.108821,0.0469139,0.0448363,0.0540891,0.0544281,0.0438728,0.0457358,0,0,0,0,0,0,0,0,0,0.109649,0.1082,0.112099,0.1,0.112194,0.107815,0.109172,0.047351,0.0435255,0.0533202,0.0535218,0.0424451,0.0461143,0,0,0,0,0,0,0,0,0,1,1,1,1,1,1,1,1,1,1,1,1,1,0,0,0,0,0,0,0,0,0,1,1,1,1,1,1,1,1,1,1,1,1,1,0,0,0,0,0,0,0,0,0,1,0,0,0,0,0,0,0,0,0,0,0,0,0,0,0,0,0,0,0,0,0,0,13,0,0,0,0,0,0,0,0,0,0,0,0,0,0,0,0,0,0,0,0,0,0,0,0,0,0,0,0,0,0,0,0,0,0,0,0,0,0,0,0,0,0,0,0,0,0,0,0
-0.173448,0.577494,0.88177,0,0,0,0,4.4908e-09,-4.93628e-08,-6.98448e-08,1933,333,334,339,340,341,345,346,1926,1927,1932,1934,1938,1939,0,0,0,0,0,0,0,0,0,333,334,339,340,341,345,346,1926,1927,1932,1934,1938,1939,0,0,0,0,0,0,0,0,0,0.109643,0.108595,0.11247,0.0998265,0.112448,0.10805,0.108902,0.0472326,0.0458148,0.0544281,0.0547369,0.0448575,0.0462112,0,0,0,0,0,0,0,0,0,0.109722,0.108495,0.112186,0.1,0.11227,0.108107,0.109278,0.0475385,0.0443301,0.0535218,0.0537026,0.0432575,0.0463901,0,0,0,0,0,0,0,0,0,1,1,1,1,1,1,1,1,1,1,1,1,1,0,0,0,0,0,0,0,0,0,1,1,1,1,1,1,1,1,1,1,1,1,1,0,0,0,0,0,0,0,0,0,1,0,0,0,0,0,0,0,0,0,0,0,0,0,0,0,0,0,0,0,0,0,0,13,0,0,0,0,0,0,0,0,0,0,0,0,0,0,0,0,0,0,0,0,0,0,0,0,0,0,0,0,0,0,0,0,0,0,0,0,0,0,0,0,0,0,0,0,0,0,0,0
-0.185288,0.541328,0.921114,0,0,0,0,3.85022e-09,-3.78104e-08,-5.82209e-08,1934,143,144,334,335,340,341,346,1736,1737,1927,1928,1933,1939,0,0,0,0,0,0,0,0,0,143,144,334,335,340,341,346,1736,1737,1927,1928,1933,1939,0,0,0,0,0,0,0,0,0,0.109009,0.112617,0.109747,0.108887,0.112564,0.0998014,0.108311,0.0465652,0.0552129,0.0474502,0.0466169,0.0547369,0.0458217,0,0,0,0,0,0,0,0,0,0.10947,0.112364,0.109822,0.108773,0.112263,0.1,0.108387,0.0468887,0.0539217,0.0477922,0.045076,0.0537026,0.0440272,0,0,0,0,0,0,0,0,0,1,1,1,1,1,1,1,1,1,1,1,1,1,0,0,0,0,0,0,0,0,0,1,1,1,1,1,1,1,1,1,1,1,1,1,0,0,0,0,0,0,0,0,0,1,0,0,0,0,0,0,0,0,0,0,0,0,0,0,0,0,0,0,0,0,0,0,13,0,0,0,0,0,0,0,0,0,0,0,0,0,0,0,0,0,0,0,0,0,0,0,0,0,0,0,0,0,0,0,0,0,0,0,0,0,0,0,0,0,0,0,0,0,0,0,0
-0.0992725,0.684084,0.743443,0,0,0,0,3.89348e-09,-9.85032e-08,-1.09834e-07,1935,36,37,336,337,342,343,347,1629,1630,1929,1930,1936,1940,0,0,0,0,0,0,0,0,0,36,37,336,337,342,343,347,1629,1630,1929,1930,1936,1940,0,0,0,0,0,0,0,0,0,0.111907,0.107165,0.108765,0.107384,0.100013,0.111985,0.108343,0.0525446,0.041458,0.044844,0.042108,0.0530556,0.0438462,0,0,0,0,0,0,0,0,0,0.111797,0.107031,0.10898,0.107205,0.1,0.111912,0.108704,0.0526473,0.0397094,0.0455847,0.0405788,0.0528854,0.0447503,0,0,0,0,0,0,0,0,0,1,1,1,1,1,1,1,1,1,1,1,1,1,0,0,0,0,0,0,0,0,0,1,1,1,1,1,1,1,1,1,1,1,1,1,0,0,0,0,0,0,0,0,0,1,0,0,0,0,0,0,0,0,0,0,0,0,0,0,0,0,0,0,0,0,0,0,13,0,0,0,0,0,0,0,0,0,0,0,0,0,0,0,0,0,0,0,0,0,0,0,0,0,0,0,0,0,0,0,0,0,0,0,0,0,0,0,0,0,0,0,0,0,0,0,0
-0.110951,0.657194,0.787664,0,0,0,0,4.21477e-09,-8.31968e-08,-9.97065e-08,1936,337,338,342,343,344,347,348,1930,1931,1935,1937,1940,1941,0,0,0,0,0,0,0,0,0,337,338,342,343,344,347,348,1930,1931,1935,1937,1940,1941,0,0,0,0,0,0,0,0,0,0.108781,0.107658,0.112052,0.0999297,0.112067,0.107207,0.10822,0.0449742,0.0429922,0.0530556,0.0534572,0.0416691,0.0436014,0,0,0,0,0,0,0,0,0,0.109018,0.107523,0.111923,0.1,0.111912,0.106981,0.108627,0.0457113,0.0416241,0.0528854,0.0528594,0.039993,0.0446103,0,0,0,0,0,0,0,0,0,1,1,1,1,1,1,1,1,1,1,1,1,1,0,0,0,0,0,0,0,0,0,1,1,1,1,1,1,1,1,1,1,1,1,1,0,0,0,0,0,0,0,0,0,1,0,0,0,0,0,0,0,0,0,0,0,0,0,0,0,0,0,0,0,0,0,0,13,0,0,0,0,0,0,0,0,0,0,0,0,0,0,0,0,0,0,0,0,0,0,0,0,0,0,0,0,0,0,0,0,0,0,0,0,0,0,0,0,0,0,0,0,0,0,0,0
-0.122345,0.627834,0.830859,0,0,0,0,4.32177e-09,-6.88832e-08,-8.91205e-08,1937,338,339,343,344,345,348,349,1931,1932,1936,1938,1941,1942,0,0,0,0,0,0,0,0,0,338,339,343,344,345,348,349,1931,1932,1936,1938,1941,1942,0,0,0,0,0,0,0,0,0,0.10887,0.107901,0.112125,0.0998352,0.112258,0.107273,0.1082,0.0452609,0.0438728,0.0534572,0.0541698,0.0420673,0.0437612,0,0,0,0,0,0,0,0,0,0.109096,0.107812,0.111903,0.1,0.112013,0.107075,0.108649,0.045916,0.0424451,0.0528594,0.0530982,0.0403182,0.0446828,0,0,0,0,0,0,0,0,0,1,1,1,1,1,1,1,1,1,1,1,1,1,0,0,0,0,0,0,0,0,0,1,1,1,1,1,1,1,1,1,1,1,1,1,0,0,0,0,0,0,0,0,0,1,0,0,0,0,0,0,0,0,0,0,0,0,0,0,0,0,0,0,0,0,0,0,13,0,0,0,0,0,0,0,0,0,0,0,0,0,0,0,0,0,0,0,0,0,0,0,0,0,0,0,0,0,0,0,0,0,0,0,0,0,0,0,0,0,0,0,0,0,0,0,0
-0.133425,0.595811,0.873122,0,0,0,0,4.21095e-09,-5.55882e-08,-7.81317e-08,1938,339,340,344,345,346,349,350,1932,1933,1937,1939,1942,1943,0,0,0,0,0,0,0,0,0,339,340,344,345,346,349,350,1932,1933,1937,1939,1942,1943,0,0,0,0,0,0,0,0,0,0.109006,0.108181,0.112332,0.0997271,0.112367,0.107331,0.108245,0.0457358,0.0448575,0.0541698,0.0547194,0.0425086,0.0444358,0,0,0,0,0,0,0,0,0,0.109172,0.108104,0.112005,0.1,0.112121,0.107205,0.108697,0.0461143,0.0432575,0.0530982,0.0533512,0.0407431,0.0448279,0,0,0,0,0,0,0,0,0,1,1,1,1,1,1,1,1,1,1,1,1,1,0,0,0,0,0,0,0,0,0,1,1,1,1,1,1,1,1,1,1,1,1,1,0,0,0,0,0,0,0,0,0,1,0,0,0,0,0,0,0,0,0,0,0,0,0,0,0,0,0,0,0,0,0,0,13,0,0,0,0,0,0,0,0,0,0,0,0,0,0,0,0,0,0,0,0,0,0,0,0,0,0,0,0,0,0,0,0,0,0,0,0,0,0,0,0,0,0,0,0,0,0,0,0
-0.144614,0.561192,0.913993,0,0,0,0,3.85236e-09,-4.34575e-08,-6.68807e-08,1939,142,143,340,341,345,346,350,1735,1736,1933,1934,1938,1943,0,0,0,0,0,0,0,0,0,142,143,340,341,345,346,350,1735,1736,1933,1934,1938,1943,0,0,0,0,0,0,0,0,0,0.108469,0.112576,0.109172,0.108494,0.112482,0.0996542,0.107351,0.0455436,0.055192,0.0462112,0.0458217,0.0547194,0.0431089,0,0,0,0,0,0,0,0,0,0.108967,0.112257,0.109277,0.108384,0.112113,0.1,0.107342,0.045576,0.0536693,0.0463901,0.0440272,0.0533512,0.0411819,0,0,0,0,0,0,0,0,0,1,1,1,1,1,1,1,1,1,1,1,1,1,0,0,0,0,0,0,0,0,0,1,1,1,1,1,1,1,1,1,1,1,1,1,0,0,0,0,0,0,0,0,0,1,0,0,0,0,0,0,0,0,0,0,0,0,0,0,0,0,0,0,0,0,0,0,13,0,0,0,0,0,0,0,0,0,0,0,0,0,0,0,0,0,0,0,0,0,0,0,0,0,0,0,0,0,0,0,0,0,0,0,0,0,0,0,0,0,0,0,0,0,0,0,0
-0.073141,0.669992,0.775709,0,0,0,0,2.88884e-09,-8.94475e-08,-1.05507e-07,1940,37,38,342,343,347,348,351,1630,1631,1935,1936,1941,1944,0,0,0,0,0,0,0,0,0,37,38,342,343,347,348,351,1630,1631,1935,1936,1941,1944,0,0,0,0,0,0,0,0,0,0.111846,0.106888,0.108516,0.107298,0.100159,0.11201,0.108081,0.0520968,0.0404157,0.0438462,0.0416691,0.0527342,0.0430591,0,0,0,0,0,0,0,0,0,0.111846,0.10674,0.108694,0.107017,0.1,0.112211,0.108342,0.0527587,0.0388762,0.0447503,0.039993,0.0535269,0.0437777,0,0,0,0,0,0,0,0,0,1,1,1,1,1,1,1,1,1,1,1,1,1,0,0,0,0,0,0,0,0,0,1,1,1,1,1,1,1,1,1,1,1,1,1,0,0,0,0,0,0,0,0,0,1,0,0,0,0,0,0,0,0,0,0,0,0,0,0,0,0,0,0,0,0,0,0,13,0,0,0,0,0,0,0,0,0,0,0,0,0,0,0,0,0,0,0,0,0,0,0,0,0,0,0,0,0,0,0,0,0,0,0,0,0,0,0,0,0,0,0,0,0,0,0,0
-0.0846769,0.642493,0.819201,0,0,0,0,3.24004e-09,-7.50556e-08,-9.55561e-08,1941,343,344,347,348,349,351,352,1936,1937,1940,1942,1944,1945,0,0,0,0,0,0,0,0,0,343,344,347,348,349,351,352,1936,1937,1940,1942,1944,1945,0,0,0,0,0,0,0,0,0,0.108427,0.107421,0.112133,0.100204,0.112372,0.106805,0.108041,0.0436014,0.0420673,0.0527342,0.0535791,0.0400903,0.042931,0,0,0,0,0,0,0,0,0,0.108615,0.107137,0.112176,0.1,0.112597,0.106583,0.108353,0.0446103,0.0403182,0.0535269,0.0544116,0.0384422,0.0438075,0,0,0,0,0,0,0,0,0,1,1,1,1,1,1,1,1,1,1,1,1,1,0,0,0,0,0,0,0,0,0,1,1,1,1,1,1,1,1,1,1,1,1,1,0,0,0,0,0,0,0,0,0,1,0,0,0,0,0,0,0,0,0,0,0,0,0,0,0,0,0,0,0,0,0,0,13,0,0,0,0,0,0,0,0,0,0,0,0,0,0,0,0,0,0,0,0,0,0,0,0,0,0,0,0,0,0,0,0,0,0,0,0,0,0,0,0,0,0,0,0,0,0,0,0
-0.0958501,0.612313,0.862039,0,0,0,0,3.38248e-09,-6.15123e-08,-8.51275e-08,1942,344,345,348,349,350,352,353,1937,1938,1941,1943,1945,1946,0,0,0,0,0,0,0,0,0,344,345,348,349,350,352,353,1937,1938,1941,1943,1945,1946,0,0,0,0,0,0,0,0,0,0.108487,0.107548,0.112507,0.100224,0.112816,0.106842,0.107989,0.0437612,0.0425086,0.0535791,0.0548592,0.0402757,0.042932,0,0,0,0,0,0,0,0,0,0.108648,0.107292,0.112561,0.1,0.113038,0.106556,0.108395,0.0446828,0.0407431,0.0544116,0.0554096,0.0383952,0.0439215,0,0,0,0,0,0,0,0,0,1,1,1,1,1,1,1,1,1,1,1,1,1,0,0,0,0,0,0,0,0,0,1,1,1,1,1,1,1,1,1,1,1,1,1,0,0,0,0,0,0,0,0,0,1,0,0,0,0,0,0,0,0,0,0,0,0,0,0,0,0,0,0,0,0,0,0,13,0,0,0,0,0,0,0,0,0,0,0,0,0,0,0,0,0,0,0,0,0,0,0,0,0,0,0,0,0,0,0,0,0,0,0,0,0,0,0,0,0,0,0,0,0,0,0,0
-0.106582,0.579024,0.904302,0,0,0,0,3.28591e-09,-4.88642e-08,-7.42128e-08,1943,141,142,345,346,349,350,353,1734,1735,1938,1939,1942,1946,0,0,0,0,0,0,0,0,0,141,142,345,346,349,350,353,1734,1735,1938,1939,1942,1946,0,0,0,0,0,0,0,0,0,0.108065,0.112706,0.108621,0.107636,0.112956,0.100008,0.106878,0.0436492,0.0549465,0.0444358,0.0431089,0.0548592,0.0409463,0,0,0,0,0,0,0,0,0,0.108573,0.112682,0.108709,0.107453,0.113001,0.1,0.106576,0.0444034,0.0547646,0.0448279,0.0411819,0.0554096,0.0384856,0,0,0,0,0,0,0,0,0,1,1,1,1,1,1,1,1,1,1,1,1,1,0,0,0,0,0,0,0,0,0,1,1,1,1,1,1,1,1,1,1,1,1,1,0,0,0,0,0,0,0,0,0,1,0,0,0,0,0,0,0,0,0,0,0,0,0,0,0,0,0,0,0,0,0,0,13,0,0,0,0,0,0,0,0,0,0,0,0,0,0,0,0,0,0,0,0,0,0,0,0,0,0,0,0,0,0,0,0,0,0,0,0,0,0,0,0,0,0,0,0,0,0,0,0
-0.0482719,0.654084,0.807054,0,0,0,0,1.82649e-09,-8.04097e-08,-1.00376e-07,1944,38,39,347,348,351,352,354,1631,1632,1940,1941,1945,1947,0,0,0,0,0,0,0,0,0,38,39,347,348,351,352,354,1631,1632,1940,1941,1945,1947,0,0,0,0,0,0,0,0,0,0.111885,0.106655,0.108269,0.106837,0.10014,0.111938,0.107777,0.0521011,0.0396996,0.0430591,0.0400903,0.0527095,0.0423178,0,0,0,0,0,0,0,0,0,0.111908,0.106494,0.108333,0.106582,0.1,0.112236,0.107999,0.0528997,0.0381653,0.0437777,0.0384422,0.0535807,0.042837,0,0,0,0,0,0,0,0,0,1,1,1,1,1,1,1,1,1,1,1,1,1,0,0,0,0,0,0,0,0,0,1,1,1,1,1,1,1,1,1,1,1,1,1,0,0,0,0,0,0,0,0,0,1,0,0,0,0,0,0,0,0,0,0,0,0,0,0,0,0,0,0,0,0,0,0,13,0,0,0,0,0,0,0,0,0,0,0,0,0,0,0,0,0,0,0,0,0,0,0,0,0,0,0,0,0,0,0,0,0,0,0,0,0,0,0,0,0,0,0,0,0,0,0,0
-0.0598494,0.62573,0.849953,0,0,0,0,2.17454e-09,-6.68515e-08,-9.05411e-08,1945,348,349,351,352,353,354,355,1941,1942,1944,1946,1947,1948,0,0,0,0,0,0,0,0,0,348,349,351,352,353,354,355,1941,1942,1944,1946,1947,1948,0,0,0,0,0,0,0,0,0,0.108257,0.106907,0.112125,0.100159,0.112255,0.106514,0.107824,0.042931,0.0402757,0.0527095,0.0534748,0.0391875,0.042516,0,0,0,0,0,0,0,0,0,0.108344,0.106556,0.112201,0.1,0.112643,0.106267,0.108093,0.0438075,0.0383952,0.0535807,0.0545158,0.0375011,0.0430978,0,0,0,0,0,0,0,0,0,1,1,1,1,1,1,1,1,1,1,1,1,1,0,0,0,0,0,0,0,0,0,1,1,1,1,1,1,1,1,1,1,1,1,1,0,0,0,0,0,0,0,0,0,1,0,0,0,0,0,0,0,0,0,0,0,0,0,0,0,0,0,0,0,0,0,0,13,0,0,0,0,0,0,0,0,0,0,0,0,0,0,0,0,0,0,0,0,0,0,0,0,0,0,0,0,0,0,0,0,0,0,0,0,0,0,0,0,0,0,0,0,0,0,0,0
-0.0707857,0.594759,0.892151,0,0,0,0,2.29531e-09,-5.41366e-08,-8.02856e-08,1946,140,141,349,350,352,353,355,1733,1734,1942,1943,1945,1948,0,0,0,0,0,0,0,0,0,140,141,349,350,352,353,355,1733,1734,1942,1943,1945,1948,0,0,0,0,0,0,0,0,0,0.108114,0.112616,0.108306,0.107072,0.112464,0.100184,0.106528,0.0436631,0.0540826,0.042932,0.0409463,0.0534748,0.0393337,0,0,0,0,0,0,0,0,0,0.108396,0.1132,0.108386,0.106576,0.112608,0.1,0.10622,0.0439303,0.0557728,0.0439215,0.0384856,0.0545158,0.037385,0,0,0,0,0,0,0,0,0,1,1,1,1,1,1,1,1,1,1,1,1,1,0,0,0,0,0,0,0,0,0,1,1,1,1,1,1,1,1,1,1,1,1,1,0,0,0,0,0,0,0,0,0,1,0,0,0,0,0,0,0,0,0,0,0,0,0,0,0,0,0,0,0,0,0,0,13,0,0,0,0,0,0,0,0,0,0,0,0,0,0,0,0,0,0,0,0,0,0,0,0,0,0,0,0,0,0,0,0,0,0,0,0,0,0,0,0,0,0,0,0,0,0,0,0
-0.0243925,0.636635,0.837321,0,0,0,0,7.85272e-10,-7.15348e-08,-9.46106e-08,1947,39,40,351,352,354,355,356,1632,1633,1944,1945,1948,1949,0,0,0,0,0,0,0,0,0,39,40,351,352,354,355,356,1632,1633,1944,1945,1948,1949,0,0,0,0,0,0,0,0,0,0.11197,0.106518,0.107971,0.106484,0.100152,0.111944,0.107601,0.0521983,0.0391578,0.0423178,0.0391875,0.0527315,0.0418871,0,0,0,0,0,0,0,0,0,0.11203,0.106316,0.107989,0.106266,0.1,0.112346,0.107748,0.0531816,0.0376502,0.042837,0.0375011,0.0538352,0.0421388,0,0,0,0,0,0,0,0,0,1,1,1,1,1,1,1,1,1,1,1,1,1,0,0,0,0,0,0,0,0,0,1,1,1,1,1,1,1,1,1,1,1,1,1,0,0,0,0,0,0,0,0,0,1,0,0,0,0,0,0,0,0,0,0,0,0,0,0,0,0,0,0,0,0,0,0,13,0,0,0,0,0,0,0,0,0,0,0,0,0,0,0,0,0,0,0,0,0,0,0,0,0,0,0,0,0,0,0,0,0,0,0,0,0,0,0,0,0,0,0,0,0,0,0,0
-0.0356657,0.607367,0.879711,0,0,0,0,1.10579e-09,-5.8766e-08,-8.48937e-08,1948,139,140,352,353,354,355,356,1732,1733,1945,1946,1947,1949,0,0,0,0,0,0,0,0,0,139,140,352,353,354,355,356,1732,1733,1945,1946,1947,1949,0,0,0,0,0,0,0,0,0,0.108127,0.112374,0.108061,0.106559,0.11218,0.100183,0.106205,0.0435835,0.0536429,0.042516,0.0393337,0.0527315,0.0380703,0,0,0,0,0,0,0,0,0,0.10828,0.11293,0.108083,0.10622,0.112313,0.1,0.105939,0.0436189,0.0551664,0.0430978,0.037385,0.0538352,0.0365004,0,0,0,0,0,0,0,0,0,1,1,1,1,1,1,1,1,1,1,1,1,1,0,0,0,0,0,0,0,0,0,1,1,1,1,1,1,1,1,1,1,1,1,1,0,0,0,0,0,0,0,0,0,1,0,0,0,0,0,0,0,0,0,0,0,0,0,0,0,0,0,0,0,0,0,0,13,0,0,0,0,0,0,0,0,0,0,0,0,0,0,0,0,0,0,0,0,0,0,0,0,0,0,0,0,0,0,0,0,0,0,0,0,0,0,0,0,0,0,0,0,0,0,0,0
-0.00138214,0.617543,0.866656,0,0,0,0,-1.9488e-10,-6.28455e-08,-8.82703e-08,1949,40,41,138,139,354,355,356,1633,1634,1731,1732,1947,1948,0,0,0,0,0,0,0,0,0,40,41,138,139,354,355,356,1633,1634,1731,1732,1947,1948,0,0,0,0,0,0,0,0,0,0.112248,0.10651,0.108281,0.112382,0.107789,0.106126,0.100172,0.0527788,0.038927,0.0439068,0.0536625,0.0418871,0.0380703,0,0,0,0,0,0,0,0,0,0.112359,0.106302,0.108334,0.112893,0.107738,0.105939,0.1,0.0539421,0.0376166,0.0437673,0.0550832,0.0421388,0.0365004,0,0,0,0,0,0,0,0,0,1,1,1,1,1,1,1,1,1,1,1,1,1,0,0,0,0,0,0,0,0,0,1,1,1,1,1,1,1,1,1,1,1,1,1,0,0,0,0,0,0,0,0,0,1,0,0,0,0,0,0,0,0,0,0,0,0,0,0,0,0,0,0,0,0,0,0,13,0,0,0,0,0,0,0,0,0,0,0,0,0,0,0,0,0,0,0,0,0,0,0,0,0,0,0,0,0,0,0,0,0,0,0,0,0,0,0,0,0,0,0,0,0,0,0,0
-0.19627,0.770774,0.465659,0,0,0,0,3.39744e-09,-1.89399e-07,-1.39026e-07,1950,30,31,357,358,368,1623,1624,1951,1961,0,0,0,0,0,0,0,0,0,0,0,0,0,30,31,357,358,368,1623,1624,1951,1961,0,0,0,0,0,0,0,0,0,0,0,0,0,0.107641,0.110291,0.100097,0.110417,0.10748,0.0421824,0.048806,0.0491496,0.0418444,0,0,0,0,0,0,0,0,0,0,0,0,0,0.107694,0.110307,0.1,0.110305,0.107623,0.0421307,0.0489925,0.0490016,0.0419301,0,0,0,0,0,0,0,0,0,0,0,0,0,1,1,1,1,1,1,1,1,1,0,0,0,0,0,0,0,0,0,0,0,0,0,1,1,1,1,1,1,1,1,1,0,0,0,0,0,0,0,0,0,0,0,0,0,1,0,0,0,0,0,0,0,0,0,0,0,0,0,0,0,0,0,0,0,0,0,0,9,0,0,0,0,0,0,0,0,0,0,0,0,0,0,0,0,0,0,0,0,0,0,0,0,0,0,0,0,0,0,0,0,0,0,0,0,0,0,0,0,0,0,0,0,0,0,0,0
-0.172537,0.765409,0.508363,0,0,0,0,4.56247e-09,-1.76387e-07,-1.38397e-07,1951,31,32,357,358,359,368,369,1624,1625,1950,1952,1961,1962,0,0,0,0,0,0,0,0,0,31,32,357,358,359,368,369,1624,1625,1950,1952,1961,1962,0,0,0,0,0,0,0,0,0,0.10778,0.110093,0.110388,0.100045,0.110092,0.110207,0.107801,0.0427921,0.048345,0.0491496,0.0481701,0.04863,0.0431477,0,0,0,0,0,0,0,0,0,0.107792,0.110104,0.110299,0.1,0.110077,0.110367,0.107787,0.0424063,0.0484845,0.0490016,0.0484352,0.0491574,0.0423913,0,0,0,0,0,0,0,0,0,1,1,1,1,1,1,1,1,1,1,1,1,1,0,0,0,0,0,0,0,0,0,1,1,1,1,1,1,1,1,1,1,1,1,1,0,0,0,0,0,0,0,0,0,1,0,0,0,0,0,0,0,0,0,0,0,0,0,0,0,0,0,0,0,0,0,0,13,0,0,0,0,0,0,0,0,0,0,0,0,0,0,0,0,0,0,0,0,0,0,0,0,0,0,0,0,0,0,0,0,0,0,0,0,0,0,0,0,0,0,0,0,0,0,0,0
-0.148261,0.758258,0.54935,0,0,0,0,4.75565e-09,-1.63837e-07,-1.36817e-07,1952,32,33,358,359,360,369,370,1625,1626,1951,1953,1962,1963,0,0,0,0,0,0,0,0,0,32,33,358,359,360,369,370,1625,1626,1951,1953,1962,1963,0,0,0,0,0,0,0,0,0,0.107924,0.109835,0.110054,0.100197,0.109845,0.110126,0.108833,0.0430401,0.0474947,0.0481701,0.0476431,0.0485339,0.0452761,0,0,0,0,0,0,0,0,0,0.107903,0.109901,0.110073,0.1,0.109779,0.110203,0.108958,0.0427165,0.0479704,0.0484352,0.0476825,0.0487477,0.045125,0,0,0,0,0,0,0,0,0,1,1,1,1,1,1,1,1,1,1,1,1,1,0,0,0,0,0,0,0,0,0,1,1,1,1,1,1,1,1,1,1,1,1,1,0,0,0,0,0,0,0,0,0,1,0,0,0,0,0,0,0,0,0,0,0,0,0,0,0,0,0,0,0,0,0,0,13,0,0,0,0,0,0,0,0,0,0,0,0,0,0,0,0,0,0,0,0,0,0,0,0,0,0,0,0,0,0,0,0,0,0,0,0,0,0,0,0,0,0,0,0,0,0,0,0
-0.121854,0.749559,0.588039,0,0,0,0,4.42196e-09,-1.52028e-07,-1.34483e-07,1953,33,34,359,360,361,370,371,1626,1627,1952,1954,1963,1964,0,0,0,0,0,0,0,0,0,33,34,359,360,361,370,371,1626,1627,1952,1954,1963,1964,0,0,0,0,0,0,0,0,0,0.108105,0.109699,0.109735,0.0998567,0.109491,0.109829,0.108843,0.0441433,0.047555,0.0476431,0.0468863,0.047729,0.0460935,0,0,0,0,0,0,0,0,0,0.108009,0.109693,0.109776,0.1,0.109538,0.109766,0.108836,0.0430103,0.0474401,0.0476825,0.0469906,0.0476881,0.0448707,0,0,0,0,0,0,0,0,0,1,1,1,1,1,1,1,1,1,1,1,1,1,0,0,0,0,0,0,0,0,0,1,1,1,1,1,1,1,1,1,1,1,1,1,0,0,0,0,0,0,0,0,0,1,0,0,0,0,0,0,0,0,0,0,0,0,0,0,0,0,0,0,0,0,0,0,13,0,0,0,0,0,0,0,0,0,0,0,0,0,0,0,0,0,0,0,0,0,0,0,0,0,0,0,0,0,0,0,0,0,0,0,0,0,0,0,0,0,0,0,0,0,0,0,0
-0.0951514,0.739438,0.625226,0,0,0,0,3.75145e-09,-1.40424e-07,-1.31366e-07,1954,34,35,360,361,362,371,372,1627,1628,1953,1955,1964,1965,0,0,0,0,0,0,0,0,0,34,35,360,361,362,371,372,1627,1628,1953,1955,1964,1965,0,0,0,0,0,0,0,0,0,0.108617,0.109442,0.109415,0.100075,0.109232,0.109586,0.109232,0.0452912,0.0468802,0.0468863,0.0461941,0.0471293,0.0468128,0,0,0,0,0,0,0,0,0,0.108567,0.109377,0.109512,0.1,0.109354,0.109512,0.10934,0.0445068,0.0465937,0.0469906,0.046461,0.0469907,0.0458156,0,0,0,0,0,0,0,0,0,1,1,1,1,1,1,1,1,1,1,1,1,1,0,0,0,0,0,0,0,0,0,1,1,1,1,1,1,1,1,1,1,1,1,1,0,0,0,0,0,0,0,0,0,1,0,0,0,0,0,0,0,0,0,0,0,0,0,0,0,0,0,0,0,0,0,0,13,0,0,0,0,0,0,0,0,0,0,0,0,0,0,0,0,0,0,0,0,0,0,0,0,0,0,0,0,0,0,0,0,0,0,0,0,0,0,0,0,0,0,0,0,0,0,0,0
-0.0683022,0.727565,0.660892,0,0,0,0,2.84167e-09,-1.29042e-07,-1.27358e-07,1955,35,36,361,362,363,372,373,1628,1629,1954,1956,1965,1966,0,0,0,0,0,0,0,0,0,35,36,361,362,363,372,373,1628,1629,1954,1956,1965,1966,0,0,0,0,0,0,0,0,0,0.108599,0.109183,0.109248,0.099967,0.108862,0.109414,0.108963,0.0455671,0.0461727,0.0461941,0.0453557,0.0465951,0.0463229,0,0,0,0,0,0,0,0,0,0.108473,0.109176,0.109344,0.1,0.109018,0.109307,0.108997,0.0442081,0.046058,0.046461,0.0455867,0.0464508,0.0449496,0,0,0,0,0,0,0,0,0,1,1,1,1,1,1,1,1,1,1,1,1,1,0,0,0,0,0,0,0,0,0,1,1,1,1,1,1,1,1,1,1,1,1,1,0,0,0,0,0,0,0,0,0,1,0,0,0,0,0,0,0,0,0,0,0,0,0,0,0,0,0,0,0,0,0,0,13,0,0,0,0,0,0,0,0,0,0,0,0,0,0,0,0,0,0,0,0,0,0,0,0,0,0,0,0,0,0,0,0,0,0,0,0,0,0,0,0,0,0,0,0,0,0,0,0
-0.0419376,0.714152,0.695274,0,0,0,0,1.81024e-09,-1.1781e-07,-1.22566e-07,1956,36,37,362,363,364,373,374,1629,1630,1955,1957,1966,1967,0,0,0,0,0,0,0,0,0,36,37,362,363,364,373,374,1629,1630,1955,1957,1966,1967,0,0,0,0,0,0,0,0,0,0.108703,0.108903,0.108955,0.10006,0.108527,0.109133,0.108677,0.0455258,0.0453235,0.0453557,0.0444275,0.0456688,0.0454583,0,0,0,0,0,0,0,0,0,0.108673,0.108961,0.109007,0.1,0.108662,0.109074,0.108657,0.0441326,0.0454862,0.0455867,0.0446448,0.0458339,0.0440767,0,0,0,0,0,0,0,0,0,1,1,1,1,1,1,1,1,1,1,1,1,1,0,0,0,0,0,0,0,0,0,1,1,1,1,1,1,1,1,1,1,1,1,1,0,0,0,0,0,0,0,0,0,1,0,0,0,0,0,0,0,0,0,0,0,0,0,0,0,0,0,0,0,0,0,0,13,0,0,0,0,0,0,0,0,0,0,0,0,0,0,0,0,0,0,0,0,0,0,0,0,0,0,0,0,0,0,0,0,0,0,0,0,0,0,0,0,0,0,0,0,0,0,0,0
-0.0165145,0.699061,0.728436,0,0,0,0,7.33691e-10,-1.06762e-07,-1.16988e-07,1957,37,38,363,364,365,374,375,1630,1631,1956,1958,1967,1968,0,0,0,0,0,0,0,0,0,37,38,363,364,365,374,375,1630,1631,1956,1958,1967,1968,0,0,0,0,0,0,0,0,0,0.108453,0.108563,0.108661,0.100071,0.108187,0.108827,0.108378,0.0448431,0.0444314,0.0444275,0.0435509,0.0447366,0.0446148,0,0,0,0,0,0,0,0,0,0.108376,0.108743,0.108651,0.1,0.108296,0.108816,0.10833,0.0433577,0.0449022,0.0446448,0.043655,0.0451424,0.0432224,0,0,0,0,0,0,0,0,0,1,1,1,1,1,1,1,1,1,1,1,1,1,0,0,0,0,0,0,0,0,0,1,1,1,1,1,1,1,1,1,1,1,1,1,0,0,0,0,0,0,0,0,0,1,0,0,0,0,0,0,0,0,0,0,0,0,0,0,0,0,0,0,0,0,0,0,13,0,0,0,0,0,0,0,0,0,0,0,0,0,0,0,0,0,0,0,0,0,0,0,0,0,0,0,0,0,0,0,0,0,0,0,0,0,0,0,0,0,0,0,0,0,0,0,0
0.00800148,0.682435,0.760362,0,0,0,0,-2.9881e-10,-9.59876e-08,-1.10739e-07,1958,38,39,364,365,366,375,376,1631,1632,1957,1959,1968,1969,0,0,0,0,0,0,0,0,0,38,39,364,365,366,375,376,1631,1632,1957,1959,1968,1969,0,0,0,0,0,0,0,0,0,0.108175,0.108285,0.108346,0.100094,0.107842,0.108492,0.108127,0.0440915,0.0436811,0.0435509,0.0425872,0.0436972,0.0438463,0,0,0,0,0,0,0,0,0,0.108109,0.108534,0.108285,0.1,0.107933,0.108533,0.108033,0.0426504,0.0443349,0.043655,0.0426551,0.0443743,0.0424318,0,0,0,0,0,0,0,0,0,1,1,1,1,1,1,1,1,1,1,1,1,1,0,0,0,0,0,0,0,0,0,1,1,1,1,1,1,1,1,1,1,1,1,1,0,0,0,0,0,0,0,0,0,1,0,0,0,0,0,0,0,0,0,0,0,0,0,0,0,0,0,0,0,0,0,0,13,0,0,0,0,0,0,0,0,0,0,0,0,0,0,0,0,0,0,0,0,0,0,0,0,0,0,0,0,0,0,0,0,0,0,0,0,0,0,0,0,0,0,0,0,0,0,0,0
0.0315435,0.664409,0.790931,0,0,0,0,-1.22071e-09,-8.56113e-08,-1.03934e-07,1959,39,40,365,366,367,376,377,1632,1633,1958,1960,1969,1970,0,0,0,0,0,0,0,0,0,39,40,365,366,367,376,377,1632,1633,1958,1960,1969,1970,0,0,0,0,0,0,0,0,0,0.107972,0.108026,0.108001,0.100121,0.107565,0.108141,0.107937,0.0435344,0.0429433,0.0425872,0.0417567,0.0426101,0.0432019,0,0,0,0,0,0,0,0,0,0.107901,0.108351,0.107923,0.1,0.107623,0.10822,0.107804,0.0420972,0.0438339,0.0426551,0.0417846,0.0435122,0.0418188,0,0,0,0,0,0,0,0,0,1,1,1,1,1,1,1,1,1,1,1,1,1,0,0,0,0,0,0,0,0,0,1,1,1,1,1,1,1,1,1,1,1,1,1,0,0,0,0,0,0,0,0,0,1,0,0,0,0,0,0,0,0,0,0,0,0,0,0,0,0,0,0,0,0,0,0,13,0,0,0,0,0,0,0,0,0,0,0,0,0,0,0,0,0,0,0,0,0,0,0,0,0,0,0,0,0,0,0,0,0,0,0,0,0,0,0,0,0,0,0,0,0,0,0,0
0.0545003,0.64512,0.819992,0,0,0,0,-1.95534e-09,-7.5759e-08,-9.66911e-08,1960,40,41,136,137,366,367,377,1633,1634,1729,1730,1959,1970,0,0,0,0,0,0,0,0,0,40,41,136,137,366,367,377,1633,1634,1729,1730,1959,1970,0,0,0,0,0,0,0,0,0,0.107934,0.108183,0.108097,0.108141,0.107702,0.100138,0.107672,0.043426,0.0433201,0.0436437,0.0432384,0.0417567,0.0411752,0,0,0,0,0,0,0,0,0,0.107839,0.108537,0.107824,0.108261,0.107614,0.1,0.107854,0.0419441,0.0443363,0.0418926,0.0435696,0.0417846,0.0424857,0,0,0,0,0,0,0,0,0,1,1,1,1,1,1,1,1,1,1,1,1,1,0,0,0,0,0,0,0,0,0,1,1,1,1,1,1,1,1,1,1,1,1,1,0,0,0,0,0,0,0,0,0,1,0,0,0,0,0,0,0,0,0,0,0,0,0,0,0,0,0,0,0,0,0,0,13,0,0,0,0,0,0,0,0,0,0,0,0,0,0,0,0,0,0,0,0,0,0,0,0,0,0,0,0,0,0,0,0,0,0,0,0,0,0,0,0,0,0,0,0,0,0,0,0
-0.155501,0.78019,0.46528,0,0,0,0,3.62991e-09,-1.96426e-07,-1.46054e-07,1961,357,358,368,369,378,1950,1951,1962,1971,0,0,0,0,0,0,0,0,0,0,0,0,0,357,358,368,369,378,1950,1951,1962,1971,0,0,0,0,0,0,0,0,0,0,0,0,0,0.107567,0.110294,0.100191,0.11045,0.108918,0.0418444,0.04863,0.0492394,0.0451397,0,0,0,0,0,0,0,0,0,0,0,0,0,0.107623,0.110375,0.1,0.110205,0.109212,0.0419301,0.0491574,0.0487548,0.0456408,0,0,0,0,0,0,0,0,0,0,0,0,0,1,1,1,1,1,1,1,1,1,0,0,0,0,0,0,0,0,0,0,0,0,0,1,1,1,1,1,1,1,1,1,0,0,0,0,0,0,0,0,0,0,0,0,0,1,0,0,0,0,0,0,0,0,0,0,0,0,0,0,0,0,0,0,0,0,0,0,9,0,0,0,0,0,0,0,0,0,0,0,0,0,0,0,0,0,0,0,0,0,0,0,0,0,0,0,0,0,0,0,0,0,0,0,0,0,0,0,0,0,0,0,0,0,0,0,0
-0.130259,0.773935,0.507092,0,0,0,0,4.06702e-09,-1.82703e-07,-1.44575e-07,1962,358,359,368,369,370,378,379,1951,1952,1961,1963,1971,1972,0,0,0,0,0,0,0,0,0,358,359,368,369,370,378,379,1951,1952,1961,1963,1971,1972,0,0,0,0,0,0,0,0,0,0.107776,0.110141,0.110339,0.0998521,0.110227,0.110179,0.108987,0.0431477,0.0485339,0.0492394,0.0486461,0.0483828,0.0464145,0,0,0,0,0,0,0,0,0,0.107786,0.11021,0.1102,0.1,0.110045,0.110163,0.109139,0.0423913,0.0487477,0.0487548,0.0482775,0.0487246,0.0455221,0,0,0,0,0,0,0,0,0,1,1,1,1,1,1,1,1,1,1,1,1,1,0,0,0,0,0,0,0,0,0,1,1,1,1,1,1,1,1,1,1,1,1,1,0,0,0,0,0,0,0,0,0,1,0,0,0,0,0,0,0,0,0,0,0,0,0,0,0,0,0,0,0,0,0,0,13,0,0,0,0,0,0,0,0,0,0,0,0,0,0,0,0,0,0,0,0,0,0,0,0,0,0,0,0,0,0,0,0,0,0,0,0,0,0,0,0,0,0,0,0,0,0,0,0
-0.103742,0.766201,0.547136,0,0,0,0,3.79062e-09,-1.69519e-07,-1.42287e-07,1963,359,360,369,370,371,379,380,1952,1953,1962,1964,1972,1973,0,0,0,0,0,0,0,0,0,359,360,369,370,371,379,380,1952,1953,1962,1964,1972,1973,0,0,0,0,0,0,0,0,0,0.108705,0.109814,0.110083,0.100171,0.110031,0.109844,0.109826,0.0452761,0.047729,0.0486461,0.0481366,0.0477943,0.048099,0,0,0,0,0,0,0,0,0,0.108765,0.109811,0.110016,0.1,0.109947,0.109876,0.110103,0.045125,0.0476881,0.0482775,0.0479729,0.0479339,0.0476787,0,0,0,0,0,0,0,0,0,1,1,1,1,1,1,1,1,1,1,1,1,1,0,0,0,0,0,0,0,0,0,1,1,1,1,1,1,1,1,1,1,1,1,1,0,0,0,0,0,0,0,0,0,1,0,0,0,0,0,0,0,0,0,0,0,0,0,0,0,0,0,0,0,0,0,0,13,0,0,0,0,0,0,0,0,0,0,0,0,0,0,0,0,0,0,0,0,0,0,0,0,0,0,0,0,0,0,0,0,0,0,0,0,0,0,0,0,0,0,0,0,0,0,0,0
-0.0763424,0.756399,0.58548,0,0,0,0,3.097e-09,-1.56692e-07,-1.38953e-07,1964,360,361,370,371,372,380,381,1953,1954,1963,1965,1973,1974,0,0,0,0,0,0,0,0,0,360,361,370,371,372,380,381,1953,1954,1963,1965,1973,1974,0,0,0,0,0,0,0,0,0,0.108735,0.109562,0.109937,0.0998939,0.109663,0.109793,0.109624,0.0460935,0.0471293,0.0481366,0.0474391,0.0477479,0.048051,0,0,0,0,0,0,0,0,0,0.108687,0.109533,0.109935,0.1,0.109656,0.10973,0.109749,0.0448707,0.0469907,0.0479729,0.0472408,0.0475531,0.0468206,0,0,0,0,0,0,0,0,0,1,1,1,1,1,1,1,1,1,1,1,1,1,0,0,0,0,0,0,0,0,0,1,1,1,1,1,1,1,1,1,1,1,1,1,0,0,0,0,0,0,0,0,0,1,0,0,0,0,0,0,0,0,0,0,0,0,0,0,0,0,0,0,0,0,0,0,13,0,0,0,0,0,0,0,0,0,0,0,0,0,0,0,0,0,0,0,0,0,0,0,0,0,0,0,0,0,0,0,0,0,0,0,0,0,0,0,0,0,0,0,0,0,0,0,0
-0.0487619,0.74503,0.622366,0,0,0,0,2.19604e-09,-1.44086e-07,-1.348e-07,1965,361,362,371,372,373,381,382,1954,1955,1964,1966,1974,1975,0,0,0,0,0,0,0,0,0,361,362,371,372,373,381,382,1954,1955,1964,1966,1974,1975,0,0,0,0,0,0,0,0,0,0.109204,0.109383,0.109656,0.100046,0.109293,0.109576,0.109336,0.0468128,0.0465951,0.0474391,0.0463588,0.0469854,0.0471456,0,0,0,0,0,0,0,0,0,0.109338,0.109326,0.109644,0.1,0.109334,0.109547,0.109383,0.0458156,0.0464508,0.0472408,0.0464167,0.0470744,0.0459185,0,0,0,0,0,0,0,0,0,1,1,1,1,1,1,1,1,1,1,1,1,1,0,0,0,0,0,0,0,0,0,1,1,1,1,1,1,1,1,1,1,1,1,1,0,0,0,0,0,0,0,0,0,1,0,0,0,0,0,0,0,0,0,0,0,0,0,0,0,0,0,0,0,0,0,0,13,0,0,0,0,0,0,0,0,0,0,0,0,0,0,0,0,0,0,0,0,0,0,0,0,0,0,0,0,0,0,0,0,0,0,0,0,0,0,0,0,0,0,0,0,0,0,0,0
-0.0222562,0.731707,0.65799,0,0,0,0,1.15446e-09,-1.31625e-07,-1.29693e-07,1966,362,363,372,373,374,382,383,1955,1956,1965,1967,1975,1976,0,0,0,0,0,0,0,0,0,362,363,372,373,374,382,383,1955,1956,1965,1967,1975,1976,0,0,0,0,0,0,0,0,0,0.108962,0.109053,0.109316,0.100034,0.10893,0.109359,0.109009,0.0463229,0.0456688,0.0463588,0.0454833,0.0463545,0.0463355,0,0,0,0,0,0,0,0,0,0.108995,0.109092,0.109322,0.1,0.10899,0.109329,0.109016,0.0449496,0.0458339,0.0464167,0.0455206,0.0465029,0.044993,0,0,0,0,0,0,0,0,0,1,1,1,1,1,1,1,1,1,1,1,1,1,0,0,0,0,0,0,0,0,0,1,1,1,1,1,1,1,1,1,1,1,1,1,0,0,0,0,0,0,0,0,0,1,0,0,0,0,0,0,0,0,0,0,0,0,0,0,0,0,0,0,0,0,0,0,13,0,0,0,0,0,0,0,0,0,0,0,0,0,0,0,0,0,0,0,0,0,0,0,0,0,0,0,0,0,0,0,0,0,0,0,0,0,0,0,0,0,0,0,0,0,0,0,0
0.00336224,0.716658,0.692428,0,0,0,0,8.62624e-11,-1.19376e-07,-1.2378e-07,1967,363,364,373,374,375,383,384,1956,1957,1966,1968,1976,1977,0,0,0,0,0,0,0,0,0,363,364,373,374,375,383,384,1956,1957,1966,1968,1976,1977,0,0,0,0,0,0,0,0,0,0.108668,0.108704,0.108998,0.100052,0.108604,0.10908,0.108659,0.0454583,0.0447366,0.0454833,0.044638,0.0455135,0.0453565,0,0,0,0,0,0,0,0,0,0.108656,0.108833,0.108978,0.1,0.108635,0.109081,0.108656,0.0440767,0.0451424,0.0455206,0.0445782,0.0458431,0.0440694,0,0,0,0,0,0,0,0,0,1,1,1,1,1,1,1,1,1,1,1,1,1,0,0,0,0,0,0,0,0,0,1,1,1,1,1,1,1,1,1,1,1,1,1,0,0,0,0,0,0,0,0,0,1,0,0,0,0,0,0,0,0,0,0,0,0,0,0,0,0,0,0,0,0,0,0,13,0,0,0,0,0,0,0,0,0,0,0,0,0,0,0,0,0,0,0,0,0,0,0,0,0,0,0,0,0,0,0,0,0,0,0,0,0,0,0,0,0,0,0,0,0,0,0,0
0.0280066,0.699952,0.725686,0,0,0,0,-9.32924e-10,-1.07421e-07,-1.17143e-07,1968,364,365,374,375,376,384,385,1957,1958,1967,1969,1977,1978,0,0,0,0,0,0,0,0,0,364,365,374,375,376,384,385,1957,1958,1967,1969,1977,1978,0,0,0,0,0,0,0,0,0,0.108349,0.10833,0.108697,0.100075,0.108297,0.108749,0.108342,0.0446148,0.0436972,0.044638,0.0438014,0.044491,0.0444765,0,0,0,0,0,0,0,0,0,0.108329,0.108548,0.108623,0.1,0.108287,0.108802,0.108318,0.0432224,0.0443743,0.0445782,0.0436368,0.0450977,0.043186,0,0,0,0,0,0,0,0,0,1,1,1,1,1,1,1,1,1,1,1,1,1,0,0,0,0,0,0,0,0,0,1,1,1,1,1,1,1,1,1,1,1,1,1,0,0,0,0,0,0,0,0,0,1,0,0,0,0,0,0,0,0,0,0,0,0,0,0,0,0,0,0,0,0,0,0,13,0,0,0,0,0,0,0,0,0,0,0,0,0,0,0,0,0,0,0,0,0,0,0,0,0,0,0,0,0,0,0,0,0,0,0,0,0,0,0,0,0,0,0,0,0,0,0,0
0.0517581,0.681715,0.757652,0,0,0,0,-1.82999e-09,-9.58907e-08,-1.09894e-07,1969,365,366,375,376,377,385,386,1958,1959,1968,1970,1978,1979,0,0,0,0,0,0,0,0,0,365,366,375,376,377,385,386,1958,1959,1968,1970,1978,1979,0,0,0,0,0,0,0,0,0,0.108065,0.10795,0.108395,0.100098,0.108012,0.108345,0.108133,0.0438463,0.0426101,0.0438014,0.0429817,0.0433142,0.0438506,0,0,0,0,0,0,0,0,0,0.108032,0.108233,0.108275,0.1,0.107997,0.108495,0.108031,0.0424318,0.0435122,0.0436368,0.0428403,0.0442627,0.0424242,0,0,0,0,0,0,0,0,0,1,1,1,1,1,1,1,1,1,1,1,1,1,0,0,0,0,0,0,0,0,0,1,1,1,1,1,1,1,1,1,1,1,1,1,0,0,0,0,0,0,0,0,0,1,0,0,0,0,0,0,0,0,0,0,0,0,0,0,0,0,0,0,0,0,0,0,13,0,0,0,0,0,0,0,0,0,0,0,0,0,0,0,0,0,0,0,0,0,0,0,0,0,0,0,0,0,0,0,0,0,0,0,0,0,0,0,0,0,0,0,0,0,0,0,0
0.0746008,0.662056,0.788298,0,0,0,0,-2.54877e-09,-8.48852e-08,-1.02153e-07,1970,135,136,366,367,376,377,386,1728,1729,1959,1960,1969,1979,0,0,0,0,0,0,0,0,0,135,136,366,367,376,377,386,1728,1729,1959,1960,1969,1979,0,0,0,0,0,0,0,0,0,0.108245,0.108149,0.107847,0.107465,0.108111,0.100135,0.107972,0.0441167,0.0434519,0.0432019,0.0411752,0.0429817,0.0421729,0,0,0,0,0,0,0,0,0,0.108079,0.108091,0.107804,0.107865,0.107986,0.1,0.108152,0.0429878,0.0430998,0.0418188,0.0424857,0.0428403,0.0433173,0,0,0,0,0,0,0,0,0,1,1,1,1,1,1,1,1,1,1,1,1,1,0,0,0,0,0,0,0,0,0,1,1,1,1,1,1,1,1,1,1,1,1,1,0,0,0,0,0,0,0,0,0,1,0,0,0,0,0,0,0,0,0,0,0,0,0,0,0,0,0,0,0,0,0,0,13,0,0,0,0,0,0,0,0,0,0,0,0,0,0,0,0,0,0,0,0,0,0,0,0,0,0,0,0,0,0,0,0,0,0,0,0,0,0,0,0,0,0,0,0,0,0,0,0
-0.111015,0.787841,0.464935,0,0,0,0,3.17937e-09,-2.02095e-07,-1.51718e-07,1971,368,369,378,379,387,1961,1962,1972,1980,0,0,0,0,0,0,0,0,0,0,0,0,0,368,369,378,379,387,1961,1962,1972,1980,0,0,0,0,0,0,0,0,0,0,0,0,0,0.10879,0.110176,0.100455,0.110647,0.110394,0.0451397,0.0483828,0.0494137,0.0488288,0,0,0,0,0,0,0,0,0,0,0,0,0,0.108923,0.110233,0.1,0.110408,0.110895,0.0456408,0.0487246,0.049122,0.0495397,0,0,0,0,0,0,0,0,0,0,0,0,0,1,1,1,1,1,1,1,1,1,0,0,0,0,0,0,0,0,0,0,0,0,0,1,1,1,1,1,1,1,1,1,0,0,0,0,0,0,0,0,0,0,0,0,0,1,0,0,0,0,0,0,0,0,0,0,0,0,0,0,0,0,0,0,0,0,0,0,9,0,0,0,0,0,0,0,0,0,0,0,0,0,0,0,0,0,0,0,0,0,0,0,0,0,0,0,0,0,0,0,0,0,0,0,0,0,0,0,0,0,0,0,0,0,0,0,0
-0.0843283,0.780505,0.505871,0,0,0,0,3.01851e-09,-1.87556e-07,-1.49227e-07,1972,369,370,378,379,380,387,388,1962,1963,1971,1973,1980,1981,0,0,0,0,0,0,0,0,0,369,370,378,379,380,387,388,1962,1963,1971,1973,1980,1981,0,0,0,0,0,0,0,0,0,0.10886,0.109867,0.110535,0.09989,0.110371,0.110219,0.110224,0.0464145,0.0477943,0.0494137,0.049167,0.0485203,0.0494608,0,0,0,0,0,0,0,0,0,0.108896,0.1099,0.110397,0.1,0.110192,0.110078,0.110557,0.0455221,0.0479339,0.049122,0.0485926,0.0484433,0.0487563,0,0,0,0,0,0,0,0,0,1,1,1,1,1,1,1,1,1,1,1,1,1,0,0,0,0,0,0,0,0,0,1,1,1,1,1,1,1,1,1,1,1,1,1,0,0,0,0,0,0,0,0,0,1,0,0,0,0,0,0,0,0,0,0,0,0,0,0,0,0,0,0,0,0,0,0,13,0,0,0,0,0,0,0,0,0,0,0,0,0,0,0,0,0,0,0,0,0,0,0,0,0,0,0,0,0,0,0,0,0,0,0,0,0,0,0,0,0,0,0,0,0,0,0,0
-0.0560034,0.771707,0.545084,0,0,0,0,2.3767e-09,-1.73545e-07,-1.45963e-07,1973,370,371,379,380,381,388,389,1963,1964,1972,1974,1981,1982,0,0,0,0,0,0,0,0,0,370,371,379,380,381,388,389,1963,1964,1972,1974,1981,1982,0,0,0,0,0,0,0,0,0,0.109788,0.109853,0.110311,0.100105,0.110006,0.109955,0.110027,0.048099,0.0477479,0.049167,0.048047,0.0479228,0.0487274,0,0,0,0,0,0,0,0,0,0.1101,0.109752,0.11018,0.1,0.109925,0.109964,0.11019,0.0476787,0.0475531,0.0485926,0.0479295,0.048148,0.0478855,0,0,0,0,0,0,0,0,0,1,1,1,1,1,1,1,1,1,1,1,1,1,0,0,0,0,0,0,0,0,0,1,1,1,1,1,1,1,1,1,1,1,1,1,0,0,0,0,0,0,0,0,0,1,0,0,0,0,0,0,0,0,0,0,0,0,0,0,0,0,0,0,0,0,0,0,13,0,0,0,0,0,0,0,0,0,0,0,0,0,0,0,0,0,0,0,0,0,0,0,0,0,0,0,0,0,0,0,0,0,0,0,0,0,0,0,0,0,0,0,0,0,0,0,0
-0.0285477,0.76065,0.582932,0,0,0,0,1.45231e-09,-1.59702e-07,-1.41566e-07,1974,371,372,380,381,382,389,390,1964,1965,1973,1975,1982,1983,0,0,0,0,0,0,0,0,0,371,372,380,381,382,389,390,1964,1965,1973,1975,1982,1983,0,0,0,0,0,0,0,0,0,0.10962,0.109584,0.109938,0.100034,0.109629,0.109812,0.10976,0.048051,0.0469854,0.048047,0.0472173,0.0476118,0.0482154,0,0,0,0,0,0,0,0,0,0.109747,0.109567,0.109913,0.1,0.109621,0.109809,0.109805,0.0468206,0.0470744,0.0479295,0.047162,0.0477445,0.0469551,0,0,0,0,0,0,0,0,0,1,1,1,1,1,1,1,1,1,1,1,1,1,0,0,0,0,0,0,0,0,0,1,1,1,1,1,1,1,1,1,1,1,1,1,0,0,0,0,0,0,0,0,0,1,0,0,0,0,0,0,0,0,0,0,0,0,0,0,0,0,0,0,0,0,0,0,13,0,0,0,0,0,0,0,0,0,0,0,0,0,0,0,0,0,0,0,0,0,0,0,0,0,0,0,0,0,0,0,0,0,0,0,0,0,0,0,0,0,0,0,0,0,0,0,0
-0.0017721,0.747673,0.619594,0,0,0,0,4.24037e-10,-1.46045e-07,-1.36245e-07,1975,372,373,381,382,383,390,391,1965,1966,1974,1976,1983,1984,0,0,0,0,0,0,0,0,0,372,373,381,382,383,390,391,1965,1966,1974,1976,1983,1984,0,0,0,0,0,0,0,0,0,0.109324,0.109333,0.109611,0.100036,0.109289,0.109633,0.109355,0.0471456,0.0463545,0.0472173,0.0463944,0.0471251,0.0471837,0,0,0,0,0,0,0,0,0,0.109382,0.109348,0.109608,0.1,0.109291,0.109614,0.109413,0.0459185,0.0465029,0.047162,0.0463148,0.0472379,0.04599,0,0,0,0,0,0,0,0,0,1,1,1,1,1,1,1,1,1,1,1,1,1,0,0,0,0,0,0,0,0,0,1,1,1,1,1,1,1,1,1,1,1,1,1,0,0,0,0,0,0,0,0,0,1,0,0,0,0,0,0,0,0,0,0,0,0,0,0,0,0,0,0,0,0,0,0,13,0,0,0,0,0,0,0,0,0,0,0,0,0,0,0,0,0,0,0,0,0,0,0,0,0,0,0,0,0,0,0,0,0,0,0,0,0,0,0,0,0,0,0,0,0,0,0,0
0.0239824,0.732797,0.655201,0,0,0,0,-6.24778e-10,-1.32585e-07,-1.30054e-07,1976,373,374,382,383,384,391,392,1966,1967,1975,1977,1984,1985,0,0,0,0,0,0,0,0,0,373,374,382,383,384,391,392,1966,1967,1975,1977,1984,1985,0,0,0,0,0,0,0,0,0,0.108997,0.109012,0.109306,0.100035,0.10897,0.109386,0.108962,0.0463355,0.0455135,0.0463944,0.0455908,0.0464017,0.0462688,0,0,0,0,0,0,0,0,0,0.109015,0.109097,0.109278,0.1,0.108947,0.109383,0.109026,0.044993,0.0458431,0.0463148,0.0454162,0.0466341,0.0450166,0,0,0,0,0,0,0,0,0,1,1,1,1,1,1,1,1,1,1,1,1,1,0,0,0,0,0,0,0,0,0,1,1,1,1,1,1,1,1,1,1,1,1,1,0,0,0,0,0,0,0,0,0,1,0,0,0,0,0,0,0,0,0,0,0,0,0,0,0,0,0,0,0,0,0,0,13,0,0,0,0,0,0,0,0,0,0,0,0,0,0,0,0,0,0,0,0,0,0,0,0,0,0,0,0,0,0,0,0,0,0,0,0,0,0,0,0,0,0,0,0,0,0,0,0
0.0486368,0.716153,0.68975,0,0,0,0,-1.62167e-09,-1.1942e-07,-1.2309e-07,1977,374,375,383,384,385,392,393,1967,1968,1976,1978,1985,1986,0,0,0,0,0,0,0,0,0,374,375,383,384,385,392,393,1967,1968,1976,1978,1985,1986,0,0,0,0,0,0,0,0,0,0.108635,0.108649,0.10902,0.100067,0.108684,0.109052,0.108617,0.0453565,0.044491,0.0455908,0.0448594,0.0454986,0.0451893,0,0,0,0,0,0,0,0,0,0.108655,0.108818,0.108934,0.1,0.108608,0.10912,0.108658,0.0440694,0.0450977,0.0454162,0.0445146,0.0459385,0.0440709,0,0,0,0,0,0,0,0,0,1,1,1,1,1,1,1,1,1,1,1,1,1,0,0,0,0,0,0,0,0,0,1,1,1,1,1,1,1,1,1,1,1,1,1,0,0,0,0,0,0,0,0,0,1,0,0,0,0,0,0,0,0,0,0,0,0,0,0,0,0,0,0,0,0,0,0,13,0,0,0,0,0,0,0,0,0,0,0,0,0,0,0,0,0,0,0,0,0,0,0,0,0,0,0,0,0,0,0,0,0,0,0,0,0,0,0,0,0,0,0,0,0,0,0,0
0.0723574,0.697815,0.723119,0,0,0,0,-2.49105e-09,-1.06688e-07,-1.1544e-07,1978,375,376,384,385,386,393,394,1968,1969,1977,1979,1986,1987,0,0,0,0,0,0,0,0,0,375,376,384,385,386,393,394,1968,1969,1977,1979,1986,1987,0,0,0,0,0,0,0,0,0,0.108293,0.108214,0.108744,0.100052,0.108422,0.108669,0.108265,0.0444765,0.0433142,0.0448594,0.0442155,0.0443026,0.0443861,0,0,0,0,0,0,0,0,0,0.108318,0.108508,0.108596,0.1,0.108321,0.108826,0.108152,0.043186,0.0442627,0.0445146,0.0437376,0.0451536,0.0432658,0,0,0,0,0,0,0,0,0,1,1,1,1,1,1,1,1,1,1,1,1,1,0,0,0,0,0,0,0,0,0,1,1,1,1,1,1,1,1,1,1,1,1,1,0,0,0,0,0,0,0,0,0,1,0,0,0,0,0,0,0,0,0,0,0,0,0,0,0,0,0,0,0,0,0,0,13,0,0,0,0,0,0,0,0,0,0,0,0,0,0,0,0,0,0,0,0,0,0,0,0,0,0,0,0,0,0,0,0,0,0,0,0,0,0,0,0,0,0,0,0,0,0,0,0
0.0953738,0.677906,0.755195,0,0,0,0,-3.17179e-09,-9.4508e-08,-1.07227e-07,1979,134,135,376,377,385,386,394,1727,1728,1969,1970,1978,1987,0,0,0,0,0,0,0,0,0,134,135,376,377,385,386,394,1727,1728,1969,1970,1978,1987,0,0,0,0,0,0,0,0,0,0.10821,0.108328,0.108045,0.107797,0.108473,0.100038,0.108237,0.0442099,0.0440978,0.0438506,0.0421729,0.0442155,0.043243,0,0,0,0,0,0,0,0,0,0.108116,0.108149,0.108031,0.108164,0.108309,0.1,0.108433,0.0431264,0.0433313,0.0424242,0.0433173,0.0437376,0.0441319,0,0,0,0,0,0,0,0,0,1,1,1,1,1,1,1,1,1,1,1,1,1,0,0,0,0,0,0,0,0,0,1,1,1,1,1,1,1,1,1,1,1,1,1,0,0,0,0,0,0,0,0,0,1,0,0,0,0,0,0,0,0,0,0,0,0,0,0,0,0,0,0,0,0,0,0,13,0,0,0,0,0,0,0,0,0,0,0,0,0,0,0,0,0,0,0,0,0,0,0,0,0,0,0,0,0,0,0,0,0,0,0,0,0,0,0,0,0,0,0,0,0,0,0,0
-0.0624913,0.793268,0.464465,0,0,0,0,2.18425e-09,-2.06103e-07,-1.55614e-07,1980,378,379,387,388,395,1971,1972,1981,1988,0,0,0,0,0,0,0,0,0,0,0,0,0,378,379,387,388,395,1971,1972,1981,1988,0,0,0,0,0,0,0,0,0,0,0,0,0,0.110431,0.110345,0.100521,0.110544,0.11058,0.0488288,0.0485203,0.0488446,0.0493259,0,0,0,0,0,0,0,0,0,0,0,0,0,0.110891,0.110102,0.1,0.110398,0.111028,0.0495397,0.0484433,0.0491077,0.0498479,0,0,0,0,0,0,0,0,0,0,0,0,0,1,1,1,1,1,1,1,1,1,0,0,0,0,0,0,0,0,0,0,0,0,0,1,1,1,1,1,1,1,1,1,0,0,0,0,0,0,0,0,0,0,0,0,0,1,0,0,0,0,0,0,0,0,0,0,0,0,0,0,0,0,0,0,0,0,0,0,9,0,0,0,0,0,0,0,0,0,0,0,0,0,0,0,0,0,0,0,0,0,0,0,0,0,0,0,0,0,0,0,0,0,0,0,0,0,0,0,0,0,0,0,0,0,0,0,0
-0.0350955,0.784875,0.504022,0,0,0,0,1.58647e-09,-1.90862e-07,-1.52113e-07,1981,379,380,387,388,389,395,396,1972,1973,1980,1982,1988,1989,0,0,0,0,0,0,0,0,0,379,380,387,388,389,395,396,1972,1973,1980,1982,1988,1989,0,0,0,0,0,0,0,0,0,0.110255,0.110038,0.110466,0.100145,0.110257,0.110391,0.110321,0.0494608,0.0479228,0.0488446,0.0485769,0.048721,0.0493573,0,0,0,0,0,0,0,0,0,0.110555,0.109987,0.110385,0.1,0.110159,0.11018,0.110647,0.0487563,0.048148,0.0491077,0.0485209,0.0486911,0.0489669,0,0,0,0,0,0,0,0,0,1,1,1,1,1,1,1,1,1,1,1,1,1,0,0,0,0,0,0,0,0,0,1,1,1,1,1,1,1,1,1,1,1,1,1,0,0,0,0,0,0,0,0,0,1,0,0,0,0,0,0,0,0,0,0,0,0,0,0,0,0,0,0,0,0,0,0,13,0,0,0,0,0,0,0,0,0,0,0,0,0,0,0,0,0,0,0,0,0,0,0,0,0,0,0,0,0,0,0,0,0,0,0,0,0,0,0,0,0,0,0,0,0,0,0,0
-0.00741945,0.774464,0.542563,0,0,0,0,6.92876e-10,-1.75844e-07,-1.47612e-07,1982,380,381,388,389,390,396,397,1973,1974,1981,1983,1989,1990,0,0,0,0,0,0,0,0,0,380,381,388,389,390,396,397,1973,1974,1981,1983,1989,1990,0,0,0,0,0,0,0,0,0,0.11002,0.109874,0.110176,0.100105,0.109931,0.110094,0.110079,0.0487274,0.0476118,0.0485769,0.0478751,0.0482554,0.0488397,0,0,0,0,0,0,0,0,0,0.110188,0.109829,0.110145,0.1,0.109876,0.110056,0.110243,0.0478855,0.0477445,0.0485209,0.0478165,0.0483699,0.0480123,0,0,0,0,0,0,0,0,0,1,1,1,1,1,1,1,1,1,1,1,1,1,0,0,0,0,0,0,0,0,0,1,1,1,1,1,1,1,1,1,1,1,1,1,0,0,0,0,0,0,0,0,0,1,0,0,0,0,0,0,0,0,0,0,0,0,0,0,0,0,0,0,0,0,0,0,13,0,0,0,0,0,0,0,0,0,0,0,0,0,0,0,0,0,0,0,0,0,0,0,0,0,0,0,0,0,0,0,0,0,0,0,0,0,0,0,0,0,0,0,0,0,0,0,0
0.0195656,0.761924,0.580067,0,0,0,0,-3.11141e-10,-1.60996e-07,-1.42103e-07,1983,381,382,389,390,391,397,398,1974,1975,1982,1984,1990,1991,0,0,0,0,0,0,0,0,0,381,382,389,390,391,397,398,1974,1975,1982,1984,1990,1991,0,0,0,0,0,0,0,0,0,0.109749,0.109649,0.109863,0.100039,0.10956,0.109898,0.109737,0.0482154,0.0471251,0.0478751,0.0470542,0.0478148,0.0483105,0,0,0,0,0,0,0,0,0,0.109803,0.109633,0.109862,0.1,0.109563,0.109888,0.109829,0.0469551,0.0472379,0.0478165,0.047023,0.0479379,0.047013,0,0,0,0,0,0,0,0,0,1,1,1,1,1,1,1,1,1,1,1,1,1,0,0,0,0,0,0,0,0,0,1,1,1,1,1,1,1,1,1,1,1,1,1,0,0,0,0,0,0,0,0,0,1,0,0,0,0,0,0,0,0,0,0,0,0,0,0,0,0,0,0,0,0,0,0,13,0,0,0,0,0,0,0,0,0,0,0,0,0,0,0,0,0,0,0,0,0,0,0,0,0,0,0,0,0,0,0,0,0,0,0,0,0,0,0,0,0,0,0,0,0,0,0,0
0.0453206,0.747415,0.616677,0,0,0,0,-1.33402e-09,-1.46348e-07,-1.35711e-07,1984,382,383,390,391,392,398,399,1975,1976,1983,1985,1991,1992,0,0,0,0,0,0,0,0,0,382,383,390,391,392,398,399,1975,1976,1983,1985,1991,1992,0,0,0,0,0,0,0,0,0,0.109349,0.109375,0.109545,0.100048,0.109317,0.109743,0.109241,0.0471837,0.0464017,0.0470542,0.0465686,0.0475623,0.04682,0,0,0,0,0,0,0,0,0,0.109412,0.109401,0.109549,0.1,0.109233,0.109681,0.109418,0.04599,0.0466341,0.047023,0.046171,0.0474008,0.0459979,0,0,0,0,0,0,0,0,0,1,1,1,1,1,1,1,1,1,1,1,1,1,0,0,0,0,0,0,0,0,0,1,1,1,1,1,1,1,1,1,1,1,1,1,0,0,0,0,0,0,0,0,0,1,0,0,0,0,0,0,0,0,0,0,0,0,0,0,0,0,0,0,0,0,0,0,13,0,0,0,0,0,0,0,0,0,0,0,0,0,0,0,0,0,0,0,0,0,0,0,0,0,0,0,0,0,0,0,0,0,0,0,0,0,0,0,0,0,0,0,0,0,0,0,0
0.0701301,0.730888,0.652454,0,0,0,0,-2.28318e-09,-1.31943e-07,-1.28446e-07,1985,383,384,391,392,393,399,400,1976,1977,1984,1986,1992,1993,0,0,0,0,0,0,0,0,0,383,384,391,392,393,399,400,1976,1977,1984,1986,1992,1993,0,0,0,0,0,0,0,0,0,0.108947,0.109,0.109325,0.099961,0.108982,0.109352,0.108497,0.0462688,0.0454986,0.0465686,0.0457292,0.0463518,0.0452448,0,0,0,0,0,0,0,0,0,0.109026,0.109136,0.109219,0.1,0.108904,0.109437,0.108417,0.0450166,0.0459385,0.046171,0.045308,0.0467649,0.0440721,0,0,0,0,0,0,0,0,0,1,1,1,1,1,1,1,1,1,1,1,1,1,0,0,0,0,0,0,0,0,0,1,1,1,1,1,1,1,1,1,1,1,1,1,0,0,0,0,0,0,0,0,0,1,0,0,0,0,0,0,0,0,0,0,0,0,0,0,0,0,0,0,0,0,0,0,13,0,0,0,0,0,0,0,0,0,0,0,0,0,0,0,0,0,0,0,0,0,0,0,0,0,0,0,0,0,0,0,0,0,0,0,0,0,0,0,0,0,0,0,0,0,0,0,0
0.0936223,0.712696,0.687215,0,0,0,0,-3.12544e-09,-1.1797e-07,-1.20497e-07,1986,384,385,392,393,394,400,401,1977,1978,1985,1987,1993,1994,0,0,0,0,0,0,0,0,0,384,385,392,393,394,400,401,1977,1978,1985,1987,1993,1994,0,0,0,0,0,0,0,0,0,0.108596,0.108599,0.109023,0.100073,0.108667,0.108941,0.108341,0.0451893,0.0443026,0.0457292,0.0449286,0.0453268,0.044522,0,0,0,0,0,0,0,0,0,0.108658,0.108841,0.10889,0.1,0.108508,0.109125,0.108282,0.0440709,0.0451536,0.045308,0.0443076,0.0459787,0.0436603,0,0,0,0,0,0,0,0,0,1,1,1,1,1,1,1,1,1,1,1,1,1,0,0,0,0,0,0,0,0,0,1,1,1,1,1,1,1,1,1,1,1,1,1,0,0,0,0,0,0,0,0,0,1,0,0,0,0,0,0,0,0,0,0,0,0,0,0,0,0,0,0,0,0,0,0,13,0,0,0,0,0,0,0,0,0,0,0,0,0,0,0,0,0,0,0,0,0,0,0,0,0,0,0,0,0,0,0,0,0,0,0,0,0,0,0,0,0,0,0,0,0,0,0,0
0.116383,0.692827,0.720468,0,0,0,0,-3.76365e-09,-1.0467e-07,-1.11927e-07,1987,133,134,385,386,393,394,401,1726,1727,1978,1979,1986,1994,0,0,0,0,0,0,0,0,0,133,134,385,386,393,394,401,1726,1727,1978,1979,1986,1994,0,0,0,0,0,0,0,0,0,0.10823,0.108453,0.108216,0.108146,0.108699,0.099947,0.108627,0.0443488,0.044547,0.0443861,0.043243,0.0449286,0.0444441,0,0,0,0,0,0,0,0,0,0.108172,0.108275,0.10816,0.108452,0.108506,0.1,0.108815,0.043452,0.0437008,0.0432658,0.0441319,0.0443076,0.0451654,0,0,0,0,0,0,0,0,0,1,1,1,1,1,1,1,1,1,1,1,1,1,0,0,0,0,0,0,0,0,0,1,1,1,1,1,1,1,1,1,1,1,1,1,0,0,0,0,0,0,0,0,0,1,0,0,0,0,0,0,0,0,0,0,0,0,0,0,0,0,0,0,0,0,0,0,13,0,0,0,0,0,0,0,0,0,0,0,0,0,0,0,0,0,0,0,0,0,0,0,0,0,0,0,0,0,0,0,0,0,0,0,0,0,0,0,0,0,0,0,0,0,0,0,0
-0.0133143,0.796127,0.461919,0,0,0,0,8.38008e-10,-2.08815e-07,-1.57453e-07,1988,387,388,395,396,402,1980,1981,1989,1995,0,0,0,0,0,0,0,0,0,0,0,0,0,387,388,395,396,402,1980,1981,1989,1995,0,0,0,0,0,0,0,0,0,0,0,0,0,0.110611,0.110483,0.100422,0.110483,0.110684,0.0493259,0.048721,0.0488095,0.0496554,0,0,0,0,0,0,0,0,0,0,0,0,0,0.111025,0.110203,0.1,0.110353,0.111106,0.0498479,0.0486911,0.0490084,0.0500276,0,0,0,0,0,0,0,0,0,0,0,0,0,1,1,1,1,1,1,1,1,1,0,0,0,0,0,0,0,0,0,0,0,0,0,1,1,1,1,1,1,1,1,1,0,0,0,0,0,0,0,0,0,0,0,0,0,1,0,0,0,0,0,0,0,0,0,0,0,0,0,0,0,0,0,0,0,0,0,0,9,0,0,0,0,0,0,0,0,0,0,0,0,0,0,0,0,0,0,0,0,0,0,0,0,0,0,0,0,0,0,0,0,0,0,0,0,0,0,0,0,0,0,0,0,0,0,0,0
0.0141513,0.786334,0.501061,0,0,0,0,-1.23689e-11,-1.92517e-07,-1.52815e-07,1989,388,389,395,396,397,402,403,1981,1982,1988,1990,1995,1996,0,0,0,0,0,0,0,0,0,388,389,395,396,397,402,403,1981,1982,1988,1990,1995,1996,0,0,0,0,0,0,0,0,0,0.110323,0.110179,0.110417,0.100157,0.110202,0.11052,0.110289,0.0493573,0.0482554,0.0488095,0.0484417,0.0490074,0.0491928,0,0,0,0,0,0,0,0,0,0.110645,0.110077,0.110339,0.1,0.110095,0.110269,0.110686,0.0489669,0.0483699,0.0490084,0.0483732,0.0489033,0.0490549,0,0,0,0,0,0,0,0,0,1,1,1,1,1,1,1,1,1,1,1,1,1,0,0,0,0,0,0,0,0,0,1,1,1,1,1,1,1,1,1,1,1,1,1,0,0,0,0,0,0,0,0,0,1,0,0,0,0,0,0,0,0,0,0,0,0,0,0,0,0,0,0,0,0,0,0,13,0,0,0,0,0,0,0,0,0,0,0,0,0,0,0,0,0,0,0,0,0,0,0,0,0,0,0,0,0,0,0,0,0,0,0,0,0,0,0,0,0,0,0,0,0,0,0,0
0.0413146,0.774401,0.539354,0,0,0,0,-9.77272e-10,-1.76453e-07,-1.47193e-07,1990,389,390,396,397,398,403,404,1982,1983,1989,1991,1996,1997,0,0,0,0,0,0,0,0,0,389,390,396,397,398,403,404,1982,1983,1989,1991,1996,1997,0,0,0,0,0,0,0,0,0,0.110069,0.109964,0.11012,0.100105,0.109863,0.110253,0.10998,0.0488397,0.0478148,0.0484417,0.0479129,0.0486205,0.0486783,0,0,0,0,0,0,0,0,0,0.110242,0.109908,0.110081,0.1,0.109803,0.110133,0.110251,0.0480123,0.0479379,0.0483732,0.0476396,0.0485547,0.0480274,0,0,0,0,0,0,0,0,0,1,1,1,1,1,1,1,1,1,1,1,1,1,0,0,0,0,0,0,0,0,0,1,1,1,1,1,1,1,1,1,1,1,1,1,0,0,0,0,0,0,0,0,0,1,0,0,0,0,0,0,0,0,0,0,0,0,0,0,0,0,0,0,0,0,0,0,13,0,0,0,0,0,0,0,0,0,0,0,0,0,0,0,0,0,0,0,0,0,0,0,0,0,0,0,0,0,0,0,0,0,0,0,0,0,0,0,0,0,0,0,0,0,0,0,0
0.0677319,0.760246,0.576736,0,0,0,0,-1.93209e-09,-1.60625e-07,-1.40587e-07,1991,390,391,397,398,399,404,405,1983,1984,1990,1992,1997,1998,0,0,0,0,0,0,0,0,0,390,391,397,398,399,404,405,1983,1984,1990,1992,1997,1998,0,0,0,0,0,0,0,0,0,0.10972,0.109757,0.109792,0.0998763,0.109491,0.109956,0.108791,0.0483105,0.0475623,0.0479129,0.0470741,0.0482626,0.0462111,0,0,0,0,0,0,0,0,0,0.109829,0.109699,0.109788,0.1,0.109489,0.109954,0.108709,0.047013,0.0474008,0.0476396,0.0468399,0.0480937,0.0449485,0,0,0,0,0,0,0,0,0,1,1,1,1,1,1,1,1,1,1,1,1,1,0,0,0,0,0,0,0,0,0,1,1,1,1,1,1,1,1,1,1,1,1,1,0,0,0,0,0,0,0,0,0,1,0,0,0,0,0,0,0,0,0,0,0,0,0,0,0,0,0,0,0,0,0,0,13,0,0,0,0,0,0,0,0,0,0,0,0,0,0,0,0,0,0,0,0,0,0,0,0,0,0,0,0,0,0,0,0,0,0,0,0,0,0,0,0,0,0,0,0,0,0,0,0
0.0919469,0.744272,0.613809,0,0,0,0,-2.86094e-09,-1.44947e-07,-1.33216e-07,1992,391,392,398,399,400,405,406,1984,1985,1991,1993,1998,1999,0,0,0,0,0,0,0,0,0,391,392,398,399,400,405,406,1984,1985,1991,1993,1998,1999,0,0,0,0,0,0,0,0,0,0.109269,0.109378,0.109515,0.10011,0.10919,0.109659,0.108568,0.04682,0.0463518,0.0470741,0.0462871,0.0473775,0.045054,0,0,0,0,0,0,0,0,0,0.109417,0.109454,0.109473,0.1,0.109099,0.109746,0.108554,0.0459979,0.0467649,0.0468399,0.0458779,0.0475825,0.0444856,0,0,0,0,0,0,0,0,0,1,1,1,1,1,1,1,1,1,1,1,1,1,0,0,0,0,0,0,0,0,0,1,1,1,1,1,1,1,1,1,1,1,1,1,0,0,0,0,0,0,0,0,0,1,0,0,0,0,0,0,0,0,0,0,0,0,0,0,0,0,0,0,0,0,0,0,13,0,0,0,0,0,0,0,0,0,0,0,0,0,0,0,0,0,0,0,0,0,0,0,0,0,0,0,0,0,0,0,0,0,0,0,0,0,0,0,0,0,0,0,0,0,0,0,0
0.115054,0.726294,0.649661,0,0,0,0,-3.65047e-09,-1.29814e-07,-1.25011e-07,1993,392,393,399,400,401,406,407,1985,1986,1992,1994,1999,2000,0,0,0,0,0,0,0,0,0,392,393,399,400,401,406,407,1985,1986,1992,1994,1999,2000,0,0,0,0,0,0,0,0,0,0.108547,0.108958,0.109222,0.0999093,0.10885,0.109355,0.108132,0.0452448,0.0453268,0.0462871,0.0455046,0.0464805,0.0441462,0,0,0,0,0,0,0,0,0,0.108499,0.10914,0.10909,0.1,0.108734,0.109517,0.108052,0.0440721,0.0459787,0.0458779,0.0449454,0.0470083,0.0431237,0,0,0,0,0,0,0,0,0,1,1,1,1,1,1,1,1,1,1,1,1,1,0,0,0,0,0,0,0,0,0,1,1,1,1,1,1,1,1,1,1,1,1,1,0,0,0,0,0,0,0,0,0,1,0,0,0,0,0,0,0,0,0,0,0,0,0,0,0,0,0,0,0,0,0,0,13,0,0,0,0,0,0,0,0,0,0,0,0,0,0,0,0,0,0,0,0,0,0,0,0,0,0,0,0,0,0,0,0,0,0,0,0,0,0,0,0,0,0,0,0,0,0,0,0
0.137637,0.706803,0.684024,0,0,0,0,-4.24785e-09,-1.15367e-07,-1.16216e-07,1994,132,133,393,394,400,401,407,1725,1726,1986,1987,1993,2000,0,0,0,0,0,0,0,0,0,132,133,393,394,400,401,407,1725,1726,1986,1987,1993,2000,0,0,0,0,0,0,0,0,0,0.108174,0.108593,0.108345,0.108607,0.10885,0.100003,0.109074,0.0440922,0.0447661,0.044522,0.0444441,0.0455046,0.0456547,0,0,0,0,0,0,0,0,0,0.108119,0.108442,0.108325,0.108818,0.108732,0.1,0.109262,0.0433075,0.04416,0.0436603,0.0451654,0.0449454,0.0463455,0,0,0,0,0,0,0,0,0,1,1,1,1,1,1,1,1,1,1,1,1,1,0,0,0,0,0,0,0,0,0,1,1,1,1,1,1,1,1,1,1,1,1,1,0,0,0,0,0,0,0,0,0,1,0,0,0,0,0,0,0,0,0,0,0,0,0,0,0,0,0,0,0,0,0,0,13,0,0,0,0,0,0,0,0,0,0,0,0,0,0,0,0,0,0,0,0,0,0,0,0,0,0,0,0,0,0,0,0,0,0,0,0,0,0,0,0,0,0,0,0,0,0,0,0
0.0362184,0.7962,0.45843,0,0,0,0,-5.08511e-10,-2.09725e-07,-1.57112e-07,1995,395,396,402,403,408,1988,1989,1996,2001,0,0,0,0,0,0,0,0,0,0,0,0,0,395,396,402,403,408,1988,1989,1996,2001,0,0,0,0,0,0,0,0,0,0,0,0,0,0.110686,0.110582,0.100406,0.110376,0.110724,0.0496554,0.0490074,0.0485635,0.0498937,0,0,0,0,0,0,0,0,0,0,0,0,0,0.111104,0.11029,0.1,0.110275,0.111118,0.0500276,0.0489033,0.0488255,0.0500521,0,0,0,0,0,0,0,0,0,0,0,0,0,1,1,1,1,1,1,1,1,1,0,0,0,0,0,0,0,0,0,0,0,0,0,1,1,1,1,1,1,1,1,1,0,0,0,0,0,0,0,0,0,0,0,0,0,1,0,0,0,0,0,0,0,0,0,0,0,0,0,0,0,0,0,0,0,0,0,0,9,0,0,0,0,0,0,0,0,0,0,0,0,0,0,0,0,0,0,0,0,0,0,0,0,0,0,0,0,0,0,0,0,0,0,0,0,0,0,0,0,0,0,0,0,0,0,0,0
0.0631772,0.784998,0.497239,0,0,0,0,-1.45768e-09,-1.92466e-07,-1.51432e-07,1996,396,397,402,403,404,408,409,1989,1990,1995,1997,2001,2002,0,0,0,0,0,0,0,0,0,396,397,402,403,404,408,409,1989,1990,1995,1997,2001,2002,0,0,0,0,0,0,0,0,0,0.110282,0.110338,0.110329,0.100183,0.110109,0.110668,0.110174,0.0491928,0.0486205,0.0485635,0.0483207,0.0495075,0.0487265,0,0,0,0,0,0,0,0,0,0.110685,0.110153,0.110259,0.1,0.110006,0.110335,0.110666,0.0490549,0.0485547,0.0488255,0.0481578,0.0490551,0.0490057,0,0,0,0,0,0,0,0,0,1,1,1,1,1,1,1,1,1,1,1,1,1,0,0,0,0,0,0,0,0,0,1,1,1,1,1,1,1,1,1,1,1,1,1,0,0,0,0,0,0,0,0,0,1,0,0,0,0,0,0,0,0,0,0,0,0,0,0,0,0,0,0,0,0,0,0,13,0,0,0,0,0,0,0,0,0,0,0,0,0,0,0,0,0,0,0,0,0,0,0,0,0,0,0,0,0,0,0,0,0,0,0,0,0,0,0,0,0,0,0,0,0,0,0,0
0.0897409,0.771564,0.535302,0,0,0,0,-2.36179e-09,-1.75474e-07,-1.44786e-07,1997,397,398,403,404,405,409,410,1990,1991,1996,1998,2002,2003,0,0,0,0,0,0,0,0,0,397,398,403,404,405,409,410,1990,1991,1996,1998,2002,2003,0,0,0,0,0,0,0,0,0,0.109985,0.110046,0.11004,0.100019,0.109612,0.110342,0.10882,0.0486783,0.0482626,0.0483207,0.0475396,0.0487702,0.0459253,0,0,0,0,0,0,0,0,0,0.110251,0.109972,0.109989,0.1,0.109684,0.110189,0.10883,0.0480274,0.0480937,0.0481578,0.0473843,0.0486814,0.0453162,0,0,0,0,0,0,0,0,0,1,1,1,1,1,1,1,1,1,1,1,1,1,0,0,0,0,0,0,0,0,0,1,1,1,1,1,1,1,1,1,1,1,1,1,0,0,0,0,0,0,0,0,0,1,0,0,0,0,0,0,0,0,0,0,0,0,0,0,0,0,0,0,0,0,0,0,13,0,0,0,0,0,0,0,0,0,0,0,0,0,0,0,0,0,0,0,0,0,0,0,0,0,0,0,0,0,0,0,0,0,0,0,0,0,0,0,0,0,0,0,0,0,0,0,0
0.113627,0.756039,0.57336,0,0,0,0,-3.23519e-09,-1.58595e-07,-1.37288e-07,1998,398,399,404,405,406,410,411,1991,1992,1997,1999,2003,2004,0,0,0,0,0,0,0,0,0,398,399,404,405,406,410,411,1991,1992,1997,1999,2003,2004,0,0,0,0,0,0,0,0,0,0.10891,0.109758,0.109646,0.0998683,0.10938,0.110063,0.108052,0.0462111,0.0473775,0.0475396,0.0468273,0.0485358,0.0439726,0,0,0,0,0,0,0,0,0,0.108876,0.109756,0.109665,0.1,0.109356,0.110145,0.107946,0.0449485,0.0475825,0.0473843,0.0465826,0.0486082,0.0428333,0,0,0,0,0,0,0,0,0,1,1,1,1,1,1,1,1,1,1,1,1,1,0,0,0,0,0,0,0,0,0,1,1,1,1,1,1,1,1,1,1,1,1,1,0,0,0,0,0,0,0,0,0,1,0,0,0,0,0,0,0,0,0,0,0,0,0,0,0,0,0,0,0,0,0,0,13,0,0,0,0,0,0,0,0,0,0,0,0,0,0,0,0,0,0,0,0,0,0,0,0,0,0,0,0,0,0,0,0,0,0,0,0,0,0,0,0,0,0,0,0,0,0,0,0
0.136532,0.738774,0.610375,0,0,0,0,-3.99668e-09,-1.4223e-07,-1.29034e-07,1999,399,400,405,406,407,411,412,1992,1993,1998,2000,2004,2005,0,0,0,0,0,0,0,0,0,399,400,405,406,407,411,412,1992,1993,1998,2000,2004,2005,0,0,0,0,0,0,0,0,0,0.108664,0.109424,0.109386,0.100097,0.108998,0.109763,0.108052,0.045054,0.0464805,0.0468273,0.045631,0.0474321,0.0436047,0,0,0,0,0,0,0,0,0,0.108676,0.109521,0.109352,0.1,0.108943,0.109926,0.107995,0.0444856,0.0470083,0.0465826,0.045503,0.0480552,0.0429666,0,0,0,0,0,0,0,0,0,1,1,1,1,1,1,1,1,1,1,1,1,1,0,0,0,0,0,0,0,0,0,1,1,1,1,1,1,1,1,1,1,1,1,1,0,0,0,0,0,0,0,0,0,1,0,0,0,0,0,0,0,0,0,0,0,0,0,0,0,0,0,0,0,0,0,0,13,0,0,0,0,0,0,0,0,0,0,0,0,0,0,0,0,0,0,0,0,0,0,0,0,0,0,0,0,0,0,0,0,0,0,0,0,0,0,0,0,0,0,0,0,0,0,0,0
0.158525,0.719787,0.64556,0,0,0,0,-4.55006e-09,-1.26742e-07,-1.2009e-07,2000,131,132,400,401,406,407,412,1724,1725,1993,1994,1999,2005,0,0,0,0,0,0,0,0,0,131,132,400,401,406,407,412,1724,1725,1993,1994,1999,2005,0,0,0,0,0,0,0,0,0,0.108106,0.10871,0.10815,0.109095,0.108956,0.0999917,0.109567,0.0438956,0.0450478,0.0441462,0.0456547,0.045631,0.047002,0,0,0,0,0,0,0,0,0,0.10806,0.108619,0.108051,0.109266,0.10894,0.1,0.109682,0.0431468,0.04464,0.0431237,0.0463455,0.045503,0.0474315,0,0,0,0,0,0,0,0,0,1,1,1,1,1,1,1,1,1,1,1,1,1,0,0,0,0,0,0,0,0,0,1,1,1,1,1,1,1,1,1,1,1,1,1,0,0,0,0,0,0,0,0,0,1,0,0,0,0,0,0,0,0,0,0,0,0,0,0,0,0,0,0,0,0,0,0,13,0,0,0,0,0,0,0,0,0,0,0,0,0,0,0,0,0,0,0,0,0,0,0,0,0,0,0,0,0,0,0,0,0,0,0,0,0,0,0,0,0,0,0,0,0,0,0,0
0.0858332,0.793326,0.454015,0,0,0,0,-1.50993e-09,-2.08899e-07,-1.54613e-07,2001,402,403,408,409,413,1995,1996,2002,2006,0,0,0,0,0,0,0,0,0,0,0,0,0,402,403,408,409,413,1995,1996,2002,2006,0,0,0,0,0,0,0,0,0,0,0,0,0,0.11068,0.11068,0.100203,0.110079,0.109043,0.0498937,0.0495075,0.0480493,0.0462772,0,0,0,0,0,0,0,0,0,0,0,0,0,0.111118,0.110355,0.1,0.110168,0.109064,0.0500521,0.0490551,0.0485714,0.0460328,0,0,0,0,0,0,0,0,0,0,0,0,0,1,1,1,1,1,1,1,1,1,0,0,0,0,0,0,0,0,0,0,0,0,0,1,1,1,1,1,1,1,1,1,0,0,0,0,0,0,0,0,0,0,0,0,0,1,0,0,0,0,0,0,0,0,0,0,0,0,0,0,0,0,0,0,0,0,0,0,9,0,0,0,0,0,0,0,0,0,0,0,0,0,0,0,0,0,0,0,0,0,0,0,0,0,0,0,0,0,0,0,0,0,0,0,0,0,0,0,0,0,0,0,0,0,0,0,0
0.111528,0.78101,0.492703,0,0,0,0,-2.47386e-09,-1.90766e-07,-1.48174e-07,2002,403,404,408,409,410,413,414,1996,1997,2001,2003,2006,2007,0,0,0,0,0,0,0,0,0,403,404,408,409,410,413,414,1996,1997,2001,2003,2006,2007,0,0,0,0,0,0,0,0,0,0.110205,0.110439,0.110124,0.100322,0.109765,0.110683,0.108785,0.0487265,0.0487702,0.0480493,0.0474274,0.0496671,0.0450976,0,0,0,0,0,0,0,0,0,0.110667,0.110207,0.110151,0.1,0.109853,0.110503,0.108924,0.0490057,0.0486814,0.0485714,0.0478206,0.0494555,0.0456119,0,0,0,0,0,0,0,0,0,1,1,1,1,1,1,1,1,1,1,1,1,1,0,0,0,0,0,0,0,0,0,1,1,1,1,1,1,1,1,1,1,1,1,1,0,0,0,0,0,0,0,0,0,1,0,0,0,0,0,0,0,0,0,0,0,0,0,0,0,0,0,0,0,0,0,0,13,0,0,0,0,0,0,0,0,0,0,0,0,0,0,0,0,0,0,0,0,0,0,0,0,0,0,0,0,0,0,0,0,0,0,0,0,0,0,0,0,0,0,0,0,0,0,0,0
0.135183,0.766394,0.531125,0,0,0,0,-3.32445e-09,-1.72892e-07,-1.40764e-07,2003,404,405,409,410,411,414,415,1997,1998,2002,2004,2007,2008,0,0,0,0,0,0,0,0,0,404,405,409,410,411,414,415,1997,1998,2002,2004,2007,2008,0,0,0,0,0,0,0,0,0,0.108971,0.110181,0.109815,0.100047,0.109414,0.110602,0.107863,0.0459253,0.0485358,0.0474274,0.0467255,0.0493512,0.0431304,0,0,0,0,0,0,0,0,0,0.109043,0.110151,0.109835,0.1,0.109542,0.110488,0.10785,0.0453162,0.0486082,0.0478206,0.047066,0.0494634,0.0425666,0,0,0,0,0,0,0,0,0,1,1,1,1,1,1,1,1,1,1,1,1,1,0,0,0,0,0,0,0,0,0,1,1,1,1,1,1,1,1,1,1,1,1,1,0,0,0,0,0,0,0,0,0,1,0,0,0,0,0,0,0,0,0,0,0,0,0,0,0,0,0,0,0,0,0,0,13,0,0,0,0,0,0,0,0,0,0,0,0,0,0,0,0,0,0,0,0,0,0,0,0,0,0,0,0,0,0,0,0,0,0,0,0,0,0,0,0,0,0,0,0,0,0,0,0
0.156956,0.749915,0.569041,0,0,0,0,-4.0801e-09,-1.55448e-07,-1.32541e-07,2004,405,406,410,411,412,415,416,1998,1999,2003,2005,2008,2009,0,0,0,0,0,0,0,0,0,405,406,410,411,412,415,416,1998,1999,2003,2005,2008,2009,0,0,0,0,0,0,0,0,0,0.108121,0.109828,0.109364,0.100023,0.109156,0.110254,0.107974,0.0439726,0.0474321,0.0467255,0.046117,0.0488265,0.0434637,0,0,0,0,0,0,0,0,0,0.107945,0.109932,0.109538,0.1,0.109137,0.110292,0.107914,0.0428333,0.0480552,0.047066,0.0460151,0.0489731,0.0427448,0,0,0,0,0,0,0,0,0,1,1,1,1,1,1,1,1,1,1,1,1,1,0,0,0,0,0,0,0,0,0,1,1,1,1,1,1,1,1,1,1,1,1,1,0,0,0,0,0,0,0,0,0,1,0,0,0,0,0,0,0,0,0,0,0,0,0,0,0,0,0,0,0,0,0,0,13,0,0,0,0,0,0,0,0,0,0,0,0,0,0,0,0,0,0,0,0,0,0,0,0,0,0,0,0,0,0,0,0,0,0,0,0,0,0,0,0,0,0,0,0,0,0,0,0
0.179214,0.731614,0.605047,0,0,0,0,-4.56701e-09,-1.38802e-07,-1.23472e-07,2005,130,131,406,407,411,412,416,1723,1724,1999,2000,2004,2009,0,0,0,0,0,0,0,0,0,130,131,406,407,411,412,416,1723,1724,1999,2000,2004,2009,0,0,0,0,0,0,0,0,0,0.108002,0.108833,0.108062,0.109625,0.109115,0.100023,0.109978,0.0435145,0.0452995,0.0436047,0.047002,0.046117,0.0480629,0,0,0,0,0,0,0,0,0,0.107988,0.108799,0.107994,0.109687,0.109134,0.1,0.110064,0.0429477,0.0451215,0.0429666,0.0474315,0.0460151,0.048401,0,0,0,0,0,0,0,0,0,1,1,1,1,1,1,1,1,1,1,1,1,1,0,0,0,0,0,0,0,0,0,1,1,1,1,1,1,1,1,1,1,1,1,1,0,0,0,0,0,0,0,0,0,1,0,0,0,0,0,0,0,0,0,0,0,0,0,0,0,0,0,0,0,0,0,0,13,0,0,0,0,0,0,0,0,0,0,0,0,0,0,0,0,0,0,0,0,0,0,0,0,0,0,0,0,0,0,0,0,0,0,0,0,0,0,0,0,0,0,0,0,0,0,0,0
0.131445,0.788536,0.447831,0,0,0,0,-1.882e-09,-2.07244e-07,-1.50791e-07,2006,408,409,413,414,417,2001,2002,2007,2010,0,0,0,0,0,0,0,0,0,0,0,0,0,408,409,413,414,417,2001,2002,2007,2010,0,0,0,0,0,0,0,0,0,0,0,0,0,0.109187,0.110751,0.099935,0.110005,0.107714,0.0462772,0.0496671,0.0482377,0.0423717,0,0,0,0,0,0,0,0,0,0,0,0,0,0.10938,0.110489,0.1,0.110104,0.107629,0.0460328,0.0494555,0.048493,0.0419478,0,0,0,0,0,0,0,0,0,0,0,0,0,1,1,1,1,1,1,1,1,1,0,0,0,0,0,0,0,0,0,0,0,0,0,1,1,1,1,1,1,1,1,1,0,0,0,0,0,0,0,0,0,0,0,0,0,1,0,0,0,0,0,0,0,0,0,0,0,0,0,0,0,0,0,0,0,0,0,0,9,0,0,0,0,0,0,0,0,0,0,0,0,0,0,0,0,0,0,0,0,0,0,0,0,0,0,0,0,0,0,0,0,0,0,0,0,0,0,0,0,0,0,0,0,0,0,0,0
0.155888,0.775062,0.487174,0,0,0,0,-2.96053e-09,-1.87974e-07,-1.43645e-07,2007,409,410,413,414,415,417,418,2002,2003,2006,2008,2010,2011,0,0,0,0,0,0,0,0,0,409,410,413,414,415,417,418,2002,2003,2006,2008,2010,2011,0,0,0,0,0,0,0,0,0,0.108928,0.110688,0.110063,0.100321,0.109605,0.110807,0.107603,0.0450976,0.0493512,0.0482377,0.0468445,0.0496825,0.0419577,0,0,0,0,0,0,0,0,0,0.109186,0.110495,0.110098,0.1,0.109703,0.110763,0.107721,0.0456119,0.0494634,0.048493,0.047479,0.0501396,0.0422057,0,0,0,0,0,0,0,0,0,1,1,1,1,1,1,1,1,1,1,1,1,1,0,0,0,0,0,0,0,0,0,1,1,1,1,1,1,1,1,1,1,1,1,1,0,0,0,0,0,0,0,0,0,1,0,0,0,0,0,0,0,0,0,0,0,0,0,0,0,0,0,0,0,0,0,0,13,0,0,0,0,0,0,0,0,0,0,0,0,0,0,0,0,0,0,0,0,0,0,0,0,0,0,0,0,0,0,0,0,0,0,0,0,0,0,0,0,0,0,0,0,0,0,0,0
0.177416,0.759486,0.525753,0,0,0,0,-3.76813e-09,-1.69374e-07,-1.3542e-07,2008,410,411,414,415,416,418,419,2003,2004,2007,2009,2011,2012,0,0,0,0,0,0,0,0,0,410,411,414,415,416,418,419,2003,2004,2007,2009,2011,2012,0,0,0,0,0,0,0,0,0,0.10791,0.110363,0.109545,0.100061,0.109235,0.110692,0.107751,0.0431304,0.0488265,0.0468445,0.0462347,0.0500097,0.0426887,0,0,0,0,0,0,0,0,0,0.107849,0.110298,0.109698,0.1,0.109313,0.110599,0.107808,0.0425666,0.0489731,0.047479,0.0464755,0.0497347,0.0424497,0,0,0,0,0,0,0,0,0,1,1,1,1,1,1,1,1,1,1,1,1,1,0,0,0,0,0,0,0,0,0,1,1,1,1,1,1,1,1,1,1,1,1,1,0,0,0,0,0,0,0,0,0,1,0,0,0,0,0,0,0,0,0,0,0,0,0,0,0,0,0,0,0,0,0,0,13,0,0,0,0,0,0,0,0,0,0,0,0,0,0,0,0,0,0,0,0,0,0,0,0,0,0,0,0,0,0,0,0,0,0,0,0,0,0,0,0,0,0,0,0,0,0,0,0
0.199223,0.742081,0.56262,0,0,0,0,-4.23283e-09,-1.51569e-07,-1.26308e-07,2009,129,130,411,412,415,416,419,1722,1723,2004,2005,2008,2012,0,0,0,0,0,0,0,0,0,129,130,411,412,415,416,419,1722,1723,2004,2005,2008,2012,0,0,0,0,0,0,0,0,0,0.107889,0.108979,0.107998,0.110047,0.109163,0.100035,0.110429,0.0431334,0.0456466,0.0434637,0.0480629,0.0462347,0.0492286,0,0,0,0,0,0,0,0,0,0.107899,0.108975,0.107914,0.11007,0.109309,0.1,0.110397,0.0427012,0.0455921,0.0427448,0.048401,0.0464755,0.0492333,0,0,0,0,0,0,0,0,0,1,1,1,1,1,1,1,1,1,1,1,1,1,0,0,0,0,0,0,0,0,0,1,1,1,1,1,1,1,1,1,1,1,1,1,0,0,0,0,0,0,0,0,0,1,0,0,0,0,0,0,0,0,0,0,0,0,0,0,0,0,0,0,0,0,0,0,13,0,0,0,0,0,0,0,0,0,0,0,0,0,0,0,0,0,0,0,0,0,0,0,0,0,0,0,0,0,0,0,0,0,0,0,0,0,0,0,0,0,0,0,0,0,0,0,0
0.172785,0.782231,0.441006,0,0,0,0,-1.37346e-09,-2.05001e-07,-1.46179e-07,2010,413,414,417,418,2006,2007,2011,0,0,0,0,0,0,0,0,0,0,0,0,0,0,0,413,414,417,418,2006,2007,2011,0,0,0,0,0,0,0,0,0,0,0,0,0,0,0,0.107556,0.110727,0.0999471,0.109994,0.0423717,0.0496825,0.0482062,0,0,0,0,0,0,0,0,0,0,0,0,0,0,0,0.107628,0.110771,0.1,0.109833,0.0419478,0.0501396,0.0478106,0,0,0,0,0,0,0,0,0,0,0,0,0,0,0,1,1,1,1,1,1,1,0,0,0,0,0,0,0,0,0,0,0,0,0,0,0,1,1,1,1,1,1,1,0,0,0,0,0,0,0,0,0,0,0,0,0,0,0,1,0,0,0,0,0,0,0,0,0,0,0,0,0,0,0,0,0,0,0,0,0,0,7,0,0,0,0,0,0,0,0,0,0,0,0,0,0,0,0,0,0,0,0,0,0,0,0,0,0,0,0,0,0,0,0,0,0,0,0,0,0,0,0,0,0,0,0,0,0,0,0
0.196576,0.767503,0.48026,0,0,0,0,-2.84985e-09,-1.84506e-07,-1.37729e-07,2011,414,415,417,418,419,420,2007,2008,2010,2012,2013,0,0,0,0,0,0,0,0,0,0,0,414,415,417,418,419,420,2007,2008,2010,2012,2013,0,0,0,0,0,0,0,0,0,0,0,0.107585,0.110824,0.109755,0.100044,0.109489,0.107589,0.0419577,0.0500097,0.0482062,0.04689,0.0421296,0,0,0,0,0,0,0,0,0,0,0,0.10772,0.110607,0.109827,0.1,0.109467,0.107675,0.0422057,0.0497347,0.0478106,0.0468769,0.0420762,0,0,0,0,0,0,0,0,0,0,0,1,1,1,1,1,1,1,1,1,1,1,0,0,0,0,0,0,0,0,0,0,0,1,1,1,1,1,1,1,1,1,1,1,0,0,0,0,0,0,0,0,0,0,0,1,0,0,0,0,0,0,0,0,0,0,0,0,0,0,0,0,0,0,0,0,0,0,11,0,0,0,0,0,0,0,0,0,0,0,0,0,0,0,0,0,0,0,0,0,0,0,0,0,0,0,0,0,0,0,0,0,0,0,0,0,0,0,0,0,0,0,0,0,0,0,0
0.21857,0.75099,0.518237,0,0,0,0,-3.36953e-09,-1.65117e-07,-1.28465e-07,2012,128,129,415,416,418,419,420,1721,1722,2008,2009,2011,2013,0,0,0,0,0,0,0,0,0,128,129,415,416,418,419,420,1721,1722,2008,2009,2011,2013,0,0,0,0,0,0,0,0,0,0.10775,0.109134,0.107739,0.1105,0.109355,0.100043,0.110752,0.0426276,0.0460398,0.0426887,0.0492286,0.04689,0.0499222,0,0,0,0,0,0,0,0,0,0.107794,0.109147,0.107808,0.110404,0.109463,0.1,0.11067,0.0424096,0.0460454,0.0424497,0.0492333,0.0468769,0.0499073,0,0,0,0,0,0,0,0,0,1,1,1,1,1,1,1,1,1,1,1,1,1,0,0,0,0,0,0,0,0,0,1,1,1,1,1,1,1,1,1,1,1,1,1,0,0,0,0,0,0,0,0,0,1,0,0,0,0,0,0,0,0,0,0,0,0,0,0,0,0,0,0,0,0,0,0,13,0,0,0,0,0,0,0,0,0,0,0,0,0,0,0,0,0,0,0,0,0,0,0,0,0,0,0,0,0,0,0,0,0,0,0,0,0,0,0,0,0,0,0,0,0,0,0,0
0.236876,0.758116,0.472343,0,0,0,0,-1.39998e-09,-1.79419e-07,-1.29646e-07,2013,127,128,418,419,420,1720,1721,2011,2012,0,0,0,0,0,0,0,0,0,0,0,0,0,127,128,418,419,420,1720,1721,2011,2012,0,0,0,0,0,0,0,0,0,0,0,0,0,0.107659,0.109293,0.107536,0.110767,0.100087,0.0421475,0.0464439,0.0421296,0.0499222,0,0,0,0,0,0,0,0,0,0,0,0,0,0.107681,0.109314,0.107674,0.110678,0.1,0.0420913,0.0464827,0.0420762,0.0499073,0,0,0,0,0,0,0,0,0,0,0,0,0,1,1,1,1,1,1,1,1,1,0,0,0,0,0,0,0,0,0,0,0,0,0,1,1,1,1,1,1,1,1,1,0,0,0,0,0,0,0,0,0,0,0,0,0,1,0,0,0,0,0,0,0,0,0,0,0,0,0,0,0,0,0,0,0,0,0,0,9,0,0,0,0,0,0,0,0,0,0,0,0,0,0,0,0,0,0,0,0,0,0,0,0,0,0,0,0,0,0,0,0,0,0,0,0,0,0,0,0,0,0,0,0,0,0,0,0
0.313731,0.733614,0.457188,0,0,0,0,4.99459e-09,-1.66366e-07,-1.10681e-07,2014,127,421,422,432,1720,2015,2025,0,0,0,0,0,0,0,0,0,0,0,0,0,0,0,127,421,422,432,1720,2015,2025,0,0,0,0,0,0,0,0,0,0,0,0,0,0,0,0.106837,0.100009,0.111158,0.110784,0.0400469,0.0509014,0.0500065,0,0,0,0,0,0,0,0,0,0,0,0,0,0,0,0.106964,0.1,0.111096,0.110724,0.040012,0.0509192,0.0500387,0,0,0,0,0,0,0,0,0,0,0,0,0,0,0,1,1,1,1,1,1,1,0,0,0,0,0,0,0,0,0,0,0,0,0,0,0,1,1,1,1,1,1,1,0,0,0,0,0,0,0,0,0,0,0,0,0,0,0,1,0,0,0,0,0,0,0,0,0,0,0,0,0,0,0,0,0,0,0,0,0,0,7,0,0,0,0,0,0,0,0,0,0,0,0,0,0,0,0,0,0,0,0,0,0,0,0,0,0,0,0,0,0,0,0,0,0,0,0,0,0,0,0,0,0,0,0,0,0,0,0
0.296561,0.72785,0.504759,0,0,0,0,7.29403e-10,-1.52282e-07,-1.10237e-07,2015,127,128,421,422,423,432,433,1720,1721,2014,2016,2025,2026,0,0,0,0,0,0,0,0,0,127,128,421,422,423,432,433,1720,1721,2014,2016,2025,2026,0,0,0,0,0,0,0,0,0,0.110763,0.106817,0.111191,0.100046,0.110978,0.107071,0.110893,0.0502265,0.0399956,0.0509014,0.0504239,0.0406603,0.0505083,0,0,0,0,0,0,0,0,0,0.110802,0.106907,0.111086,0.1,0.110916,0.107151,0.110901,0.0502416,0.0398399,0.0509192,0.0504867,0.0405599,0.0504691,0,0,0,0,0,0,0,0,0,1,1,1,1,1,1,1,1,1,1,1,1,1,0,0,0,0,0,0,0,0,0,1,1,1,1,1,1,1,1,1,1,1,1,1,0,0,0,0,0,0,0,0,0,1,0,0,0,0,0,0,0,0,0,0,0,0,0,0,0,0,0,0,0,0,0,0,13,0,0,0,0,0,0,0,0,0,0,0,0,0,0,0,0,0,0,0,0,0,0,0,0,0,0,0,0,0,0,0,0,0,0,0,0,0,0,0,0,0,0,0,0,0,0,0,0
0.278379,0.720136,0.551153,0,0,0,0,-1.83264e-09,-1.39582e-07,-1.09238e-07,2016,128,129,422,423,424,433,434,1721,1722,2015,2017,2026,2027,0,0,0,0,0,0,0,0,0,128,129,422,423,424,433,434,1721,1722,2015,2017,2026,2027,0,0,0,0,0,0,0,0,0,0.11088,0.106805,0.110956,0.100035,0.1107,0.107051,0.111045,0.0505129,0.0400275,0.0504239,0.049699,0.0407565,0.0508742,0,0,0,0,0,0,0,0,0,0.110912,0.106856,0.110908,0.1,0.110653,0.107124,0.111034,0.0505071,0.0396836,0.0504867,0.049844,0.0404773,0.0507903,0,0,0,0,0,0,0,0,0,1,1,1,1,1,1,1,1,1,1,1,1,1,0,0,0,0,0,0,0,0,0,1,1,1,1,1,1,1,1,1,1,1,1,1,0,0,0,0,0,0,0,0,0,1,0,0,0,0,0,0,0,0,0,0,0,0,0,0,0,0,0,0,0,0,0,0,13,0,0,0,0,0,0,0,0,0,0,0,0,0,0,0,0,0,0,0,0,0,0,0,0,0,0,0,0,0,0,0,0,0,0,0,0,0,0,0,0,0,0,0,0,0,0,0,0
0.259293,0.710645,0.596049,0,0,0,0,-3.47314e-09,-1.27634e-07,-1.07654e-07,2017,129,130,423,424,425,434,435,1722,1723,2016,2018,2027,2028,0,0,0,0,0,0,0,0,0,129,130,423,424,425,434,435,1722,1723,2016,2018,2027,2028,0,0,0,0,0,0,0,0,0,0.110969,0.106792,0.110638,0.100021,0.110348,0.107045,0.111153,0.0507727,0.0400357,0.049699,0.0487955,0.0407874,0.0511313,0,0,0,0,0,0,0,0,0,0.111005,0.106806,0.110645,0.1,0.110325,0.107082,0.111126,0.0507306,0.0395305,0.049844,0.0490347,0.040352,0.0510114,0,0,0,0,0,0,0,0,0,1,1,1,1,1,1,1,1,1,1,1,1,1,0,0,0,0,0,0,0,0,0,1,1,1,1,1,1,1,1,1,1,1,1,1,0,0,0,0,0,0,0,0,0,1,0,0,0,0,0,0,0,0,0,0,0,0,0,0,0,0,0,0,0,0,0,0,13,0,0,0,0,0,0,0,0,0,0,0,0,0,0,0,0,0,0,0,0,0,0,0,0,0,0,0,0,0,0,0,0,0,0,0,0,0,0,0,0,0,0,0,0,0,0,0,0
0.239418,0.699594,0.639221,0,0,0,0,-4.46104e-09,-1.16361e-07,-1.05466e-07,2018,130,131,424,425,426,435,436,1723,1724,2017,2019,2028,2029,0,0,0,0,0,0,0,0,0,130,131,424,425,426,435,436,1723,1724,2017,2019,2028,2029,0,0,0,0,0,0,0,0,0,0.111045,0.106775,0.11027,0.100005,0.109924,0.107021,0.111227,0.0509563,0.0400781,0.0487955,0.0477207,0.0407872,0.0513214,0,0,0,0,0,0,0,0,0,0.111072,0.106756,0.110318,0.1,0.109945,0.107028,0.111179,0.0508906,0.0393768,0.0490347,0.0480848,0.0401894,0.0511374,0,0,0,0,0,0,0,0,0,1,1,1,1,1,1,1,1,1,1,1,1,1,0,0,0,0,0,0,0,0,0,1,1,1,1,1,1,1,1,1,1,1,1,1,0,0,0,0,0,0,0,0,0,1,0,0,0,0,0,0,0,0,0,0,0,0,0,0,0,0,0,0,0,0,0,0,13,0,0,0,0,0,0,0,0,0,0,0,0,0,0,0,0,0,0,0,0,0,0,0,0,0,0,0,0,0,0,0,0,0,0,0,0,0,0,0,0,0,0,0,0,0,0,0,0
0.218961,0.68719,0.680512,0,0,0,0,-4.95816e-09,-1.05733e-07,-1.02739e-07,2019,131,132,425,426,427,436,437,1724,1725,2018,2020,2029,2030,0,0,0,0,0,0,0,0,0,131,132,425,426,427,436,437,1724,1725,2018,2020,2029,2030,0,0,0,0,0,0,0,0,0,0.11112,0.106737,0.109851,0.0999874,0.109456,0.106982,0.111273,0.0511468,0.0400744,0.0477207,0.046549,0.0407383,0.0514559,0,0,0,0,0,0,0,0,0,0.111111,0.106707,0.10994,0.1,0.109527,0.106963,0.111197,0.0509837,0.0392264,0.0480848,0.0470183,0.0399938,0.051178,0,0,0,0,0,0,0,0,0,1,1,1,1,1,1,1,1,1,1,1,1,1,0,0,0,0,0,0,0,0,0,1,1,1,1,1,1,1,1,1,1,1,1,1,0,0,0,0,0,0,0,0,0,1,0,0,0,0,0,0,0,0,0,0,0,0,0,0,0,0,0,0,0,0,0,0,13,0,0,0,0,0,0,0,0,0,0,0,0,0,0,0,0,0,0,0,0,0,0,0,0,0,0,0,0,0,0,0,0,0,0,0,0,0,0,0,0,0,0,0,0,0,0,0,0
0.198084,0.673636,0.719847,0,0,0,0,-5.08014e-09,-9.57286e-08,-9.95454e-08,2020,132,133,426,427,428,437,438,1725,1726,2019,2021,2030,2031,0,0,0,0,0,0,0,0,0,132,133,426,427,428,437,438,1725,1726,2019,2021,2030,2031,0,0,0,0,0,0,0,0,0,0.111177,0.106697,0.109404,0.0999651,0.108949,0.106931,0.111296,0.0512939,0.0401032,0.046549,0.0452972,0.0406606,0.0515562,0,0,0,0,0,0,0,0,0,0.111127,0.106662,0.109522,0.1,0.109082,0.106887,0.111186,0.0510199,0.03909,0.0470183,0.0458616,0.0397685,0.0511497,0,0,0,0,0,0,0,0,0,1,1,1,1,1,1,1,1,1,1,1,1,1,0,0,0,0,0,0,0,0,0,1,1,1,1,1,1,1,1,1,1,1,1,1,0,0,0,0,0,0,0,0,0,1,0,0,0,0,0,0,0,0,0,0,0,0,0,0,0,0,0,0,0,0,0,0,13,0,0,0,0,0,0,0,0,0,0,0,0,0,0,0,0,0,0,0,0,0,0,0,0,0,0,0,0,0,0,0,0,0,0,0,0,0,0,0,0,0,0,0,0,0,0,0,0
0.176964,0.659114,0.757195,0,0,0,0,-4.92146e-09,-8.63248e-08,-9.59507e-08,2021,133,134,427,428,429,438,439,1726,1727,2020,2022,2031,2032,0,0,0,0,0,0,0,0,0,133,134,427,428,429,438,439,1726,1727,2020,2022,2031,2032,0,0,0,0,0,0,0,0,0,0.11123,0.106659,0.108932,0.0999378,0.108418,0.10687,0.111317,0.0514361,0.0401939,0.0452972,0.043981,0.0405615,0.0516706,0,0,0,0,0,0,0,0,0,0.111129,0.106629,0.109078,0.1,0.108626,0.106804,0.111158,0.0510239,0.0389866,0.0458616,0.0446484,0.0395157,0.0510814,0,0,0,0,0,0,0,0,0,1,1,1,1,1,1,1,1,1,1,1,1,1,0,0,0,0,0,0,0,0,0,1,1,1,1,1,1,1,1,1,1,1,1,1,0,0,0,0,0,0,0,0,0,1,0,0,0,0,0,0,0,0,0,0,0,0,0,0,0,0,0,0,0,0,0,0,13,0,0,0,0,0,0,0,0,0,0,0,0,0,0,0,0,0,0,0,0,0,0,0,0,0,0,0,0,0,0,0,0,0,0,0,0,0,0,0,0,0,0,0,0,0,0,0,0
0.155866,0.64375,0.792595,0,0,0,0,-4.55958e-09,-7.74767e-08,-9.19995e-08,2022,134,135,428,429,430,439,440,1727,1728,2021,2023,2032,2033,0,0,0,0,0,0,0,0,0,134,135,428,429,430,439,440,1727,1728,2021,2023,2032,2033,0,0,0,0,0,0,0,0,0,0.111333,0.106615,0.108453,0.0999259,0.107908,0.106788,0.111321,0.0516924,0.0401561,0.043981,0.0428098,0.0403726,0.0517424,0,0,0,0,0,0,0,0,0,0.111138,0.106618,0.108623,0.1,0.108182,0.10671,0.111138,0.0510452,0.0389502,0.0446484,0.0434403,0.0392329,0.0510312,0,0,0,0,0,0,0,0,0,1,1,1,1,1,1,1,1,1,1,1,1,1,0,0,0,0,0,0,0,0,0,1,1,1,1,1,1,1,1,1,1,1,1,1,0,0,0,0,0,0,0,0,0,1,0,0,0,0,0,0,0,0,0,0,0,0,0,0,0,0,0,0,0,0,0,0,13,0,0,0,0,0,0,0,0,0,0,0,0,0,0,0,0,0,0,0,0,0,0,0,0,0,0,0,0,0,0,0,0,0,0,0,0,0,0,0,0,0,0,0,0,0,0,0,0
0.134596,0.627679,0.826092,0,0,0,0,-4.0753e-09,-6.91824e-08,-8.77714e-08,2023,135,136,429,430,431,440,441,1728,1729,2022,2024,2033,2034,0,0,0,0,0,0,0,0,0,135,136,429,430,431,440,441,1728,1729,2022,2024,2033,2034,0,0,0,0,0,0,0,0,0,0.111392,0.106426,0.107998,0.0998344,0.107417,0.106703,0.111455,0.0518398,0.0397463,0.0428098,0.041604,0.0403168,0.052214,0,0,0,0,0,0,0,0,0,0.1112,0.106317,0.10818,0.1,0.107821,0.106602,0.11119,0.0511929,0.0380234,0.0434403,0.0424347,0.0389043,0.0511542,0,0,0,0,0,0,0,0,0,1,1,1,1,1,1,1,1,1,1,1,1,1,0,0,0,0,0,0,0,0,0,1,1,1,1,1,1,1,1,1,1,1,1,1,0,0,0,0,0,0,0,0,0,1,0,0,0,0,0,0,0,0,0,0,0,0,0,0,0,0,0,0,0,0,0,0,13,0,0,0,0,0,0,0,0,0,0,0,0,0,0,0,0,0,0,0,0,0,0,0,0,0,0,0,0,0,0,0,0,0,0,0,0,0,0,0,0,0,0,0,0,0,0,0,0
0.114202,0.6107,0.858133,0,0,0,0,-3.49012e-09,-6.12197e-08,-8.31894e-08,2024,71,72,136,137,430,431,441,1664,1665,1729,1730,2023,2034,0,0,0,0,0,0,0,0,0,71,72,136,137,430,431,441,1664,1665,1729,1730,2023,2034,0,0,0,0,0,0,0,0,0,0.108027,0.111815,0.111827,0.10665,0.107617,0.0999575,0.106559,0.0429687,0.0529833,0.0525859,0.0399882,0.041604,0.0396709,0,0,0,0,0,0,0,0,0,0.108491,0.111616,0.111729,0.106406,0.107819,0.1,0.106457,0.0442252,0.0521684,0.0523891,0.0383432,0.0424347,0.0384591,0,0,0,0,0,0,0,0,0,1,1,1,1,1,1,1,1,1,1,1,1,1,0,0,0,0,0,0,0,0,0,1,1,1,1,1,1,1,1,1,1,1,1,1,0,0,0,0,0,0,0,0,0,1,0,0,0,0,0,0,0,0,0,0,0,0,0,0,0,0,0,0,0,0,0,0,13,0,0,0,0,0,0,0,0,0,0,0,0,0,0,0,0,0,0,0,0,0,0,0,0,0,0,0,0,0,0,0,0,0,0,0,0,0,0,0,0,0,0,0,0,0,0,0,0
0.334021,0.713459,0.498209,0,0,0,0,4.42765e-09,-1.44112e-07,-9.92496e-08,2025,421,422,432,433,442,443,2014,2015,2026,2035,2036,0,0,0,0,0,0,0,0,0,0,0,421,422,432,433,442,443,2014,2015,2026,2035,2036,0,0,0,0,0,0,0,0,0,0,0,0.110545,0.107094,0.10014,0.111442,0.107407,0.110859,0.0500065,0.0406603,0.0513795,0.041455,0.0503159,0,0,0,0,0,0,0,0,0,0,0,0.110718,0.10715,0.1,0.111331,0.107441,0.110855,0.0500387,0.0405599,0.0514829,0.0414043,0.0503628,0,0,0,0,0,0,0,0,0,0,0,1,1,1,1,1,1,1,1,1,1,1,0,0,0,0,0,0,0,0,0,0,0,1,1,1,1,1,1,1,1,1,1,1,0,0,0,0,0,0,0,0,0,0,0,1,0,0,0,0,0,0,0,0,0,0,0,0,0,0,0,0,0,0,0,0,0,0,11,0,0,0,0,0,0,0,0,0,0,0,0,0,0,0,0,0,0,0,0,0,0,0,0,0,0,0,0,0,0,0,0,0,0,0,0,0,0,0,0,0,0,0,0,0,0,0,0
0.316285,0.706124,0.545869,0,0,0,0,9.40835e-10,-1.3167e-07,-9.86822e-08,2026,422,423,432,433,434,443,444,2015,2016,2025,2027,2036,2037,0,0,0,0,0,0,0,0,0,422,423,432,433,434,443,444,2015,2016,2025,2027,2036,2037,0,0,0,0,0,0,0,0,0,0.110877,0.107082,0.111306,0.100048,0.111176,0.107393,0.111038,0.0505083,0.0407565,0.0513795,0.050816,0.0416616,0.0508638,0,0,0,0,0,0,0,0,0,0.110895,0.107123,0.111321,0.1,0.111115,0.10744,0.111038,0.0504691,0.0404773,0.0514829,0.0509669,0.0413985,0.0508049,0,0,0,0,0,0,0,0,0,1,1,1,1,1,1,1,1,1,1,1,1,1,0,0,0,0,0,0,0,0,0,1,1,1,1,1,1,1,1,1,1,1,1,1,0,0,0,0,0,0,0,0,0,1,0,0,0,0,0,0,0,0,0,0,0,0,0,0,0,0,0,0,0,0,0,0,13,0,0,0,0,0,0,0,0,0,0,0,0,0,0,0,0,0,0,0,0,0,0,0,0,0,0,0,0,0,0,0,0,0,0,0,0,0,0,0,0,0,0,0,0,0,0,0,0
0.297515,0.696942,0.59219,0,0,0,0,-1.48304e-09,-1.20106e-07,-9.75655e-08,2027,423,424,433,434,435,444,445,2016,2017,2026,2028,2037,2038,0,0,0,0,0,0,0,0,0,423,424,433,434,435,444,445,2016,2017,2026,2028,2037,2038,0,0,0,0,0,0,0,0,0,0.111004,0.107064,0.11108,0.100028,0.110856,0.107376,0.111182,0.0508742,0.0407874,0.050816,0.0500288,0.0417224,0.0512315,0,0,0,0,0,0,0,0,0,0.111028,0.107082,0.111106,0.1,0.110816,0.107415,0.111164,0.0507903,0.040352,0.0509669,0.0502449,0.0413211,0.0511082,0,0,0,0,0,0,0,0,0,1,1,1,1,1,1,1,1,1,1,1,1,1,0,0,0,0,0,0,0,0,0,1,1,1,1,1,1,1,1,1,1,1,1,1,0,0,0,0,0,0,0,0,0,1,0,0,0,0,0,0,0,0,0,0,0,0,0,0,0,0,0,0,0,0,0,0,13,0,0,0,0,0,0,0,0,0,0,0,0,0,0,0,0,0,0,0,0,0,0,0,0,0,0,0,0,0,0,0,0,0,0,0,0,0,0,0,0,0,0,0,0,0,0,0,0
0.277835,0.686094,0.636888,0,0,0,0,-3.1513e-09,-1.09215e-07,-9.59012e-08,2028,424,425,434,435,436,445,446,2017,2018,2027,2029,2038,2039,0,0,0,0,0,0,0,0,0,424,425,434,435,436,445,446,2017,2018,2027,2029,2038,2039,0,0,0,0,0,0,0,0,0,0.111096,0.107034,0.110766,0.100008,0.110464,0.107349,0.111277,0.0511313,0.0407872,0.0500288,0.049055,0.0417228,0.0514791,0,0,0,0,0,0,0,0,0,0.111121,0.107028,0.110809,0.1,0.110455,0.107369,0.111241,0.0510114,0.0401894,0.0502449,0.0493583,0.0411861,0.0512913,0,0,0,0,0,0,0,0,0,1,1,1,1,1,1,1,1,1,1,1,1,1,0,0,0,0,0,0,0,0,0,1,1,1,1,1,1,1,1,1,1,1,1,1,0,0,0,0,0,0,0,0,0,1,0,0,0,0,0,0,0,0,0,0,0,0,0,0,0,0,0,0,0,0,0,0,13,0,0,0,0,0,0,0,0,0,0,0,0,0,0,0,0,0,0,0,0,0,0,0,0,0,0,0,0,0,0,0,0,0,0,0,0,0,0,0,0,0,0,0,0,0,0,0,0
0.257425,0.673791,0.679765,0,0,0,0,-4.21536e-09,-9.89698e-08,-9.37093e-08,2029,425,426,435,436,437,446,447,2018,2019,2028,2030,2039,2040,0,0,0,0,0,0,0,0,0,425,426,435,436,437,446,447,2018,2019,2028,2030,2039,2040,0,0,0,0,0,0,0,0,0,0.111168,0.106984,0.110378,0.0999893,0.110015,0.107306,0.111333,0.0513214,0.0407383,0.049055,0.0479431,0.041667,0.0516395,0,0,0,0,0,0,0,0,0,0.111174,0.106963,0.110448,0.1,0.110046,0.107306,0.111274,0.0511374,0.0399938,0.0493583,0.0483388,0.0410008,0.0513694,0,0,0,0,0,0,0,0,0,1,1,1,1,1,1,1,1,1,1,1,1,1,0,0,0,0,0,0,0,0,0,1,1,1,1,1,1,1,1,1,1,1,1,1,0,0,0,0,0,0,0,0,0,1,0,0,0,0,0,0,0,0,0,0,0,0,0,0,0,0,0,0,0,0,0,0,13,0,0,0,0,0,0,0,0,0,0,0,0,0,0,0,0,0,0,0,0,0,0,0,0,0,0,0,0,0,0,0,0,0,0,0,0,0,0,0,0,0,0,0,0,0,0,0,0
0.236465,0.660241,0.7207,0,0,0,0,-4.80002e-09,-8.93477e-08,-9.10451e-08,2030,426,427,436,437,438,447,448,2019,2020,2029,2031,2040,2041,0,0,0,0,0,0,0,0,0,426,427,436,437,438,447,448,2019,2020,2029,2031,2040,2041,0,0,0,0,0,0,0,0,0,0.111218,0.106917,0.109944,0.0999684,0.109523,0.107247,0.11136,0.0514559,0.0406606,0.0479431,0.0467317,0.0415652,0.0517448,0,0,0,0,0,0,0,0,0,0.111191,0.106888,0.11004,0.1,0.109605,0.107227,0.111271,0.051178,0.0397685,0.0483388,0.0472181,0.0407704,0.0513604,0,0,0,0,0,0,0,0,0,1,1,1,1,1,1,1,1,1,1,1,1,1,0,0,0,0,0,0,0,0,0,1,1,1,1,1,1,1,1,1,1,1,1,1,0,0,0,0,0,0,0,0,0,1,0,0,0,0,0,0,0,0,0,0,0,0,0,0,0,0,0,0,0,0,0,0,13,0,0,0,0,0,0,0,0,0,0,0,0,0,0,0,0,0,0,0,0,0,0,0,0,0,0,0,0,0,0,0,0,0,0,0,0,0,0,0,0,0,0,0,0,0,0,0,0
0.215144,0.645638,0.759635,0,0,0,0,-5.00984e-09,-8.03201e-08,-8.79678e-08,2031,427,428,437,438,439,448,449,2020,2021,2030,2032,2041,2042,0,0,0,0,0,0,0,0,0,427,428,437,438,439,448,449,2020,2021,2030,2032,2041,2042,0,0,0,0,0,0,0,0,0,0.111253,0.106832,0.109479,0.0999446,0.109004,0.107172,0.111372,0.0515562,0.0405615,0.0467317,0.0454605,0.0414215,0.0518315,0,0,0,0,0,0,0,0,0,0.11118,0.106804,0.1096,0.1,0.109149,0.107135,0.111243,0.0511497,0.0395157,0.0472181,0.0460353,0.0404985,0.0512907,0,0,0,0,0,0,0,0,0,1,1,1,1,1,1,1,1,1,1,1,1,1,0,0,0,0,0,0,0,0,0,1,1,1,1,1,1,1,1,1,1,1,1,1,0,0,0,0,0,0,0,0,0,1,0,0,0,0,0,0,0,0,0,0,0,0,0,0,0,0,0,0,0,0,0,0,13,0,0,0,0,0,0,0,0,0,0,0,0,0,0,0,0,0,0,0,0,0,0,0,0,0,0,0,0,0,0,0,0,0,0,0,0,0,0,0,0,0,0,0,0,0,0,0,0
0.193664,0.630135,0.79658,0,0,0,0,-4.93108e-09,-7.1846e-08,-8.45278e-08,2032,428,429,438,439,440,449,450,2021,2022,2031,2033,2042,2043,0,0,0,0,0,0,0,0,0,428,429,438,439,440,449,450,2021,2022,2031,2033,2042,2043,0,0,0,0,0,0,0,0,0,0.111293,0.10672,0.109001,0.0999237,0.108497,0.107078,0.111374,0.0516706,0.0403726,0.0454605,0.0442446,0.0412178,0.051912,0,0,0,0,0,0,0,0,0,0.111152,0.106711,0.109145,0.1,0.108704,0.107029,0.111209,0.0510814,0.0392329,0.0460353,0.0448563,0.0401855,0.051208,0,0,0,0,0,0,0,0,0,1,1,1,1,1,1,1,1,1,1,1,1,1,0,0,0,0,0,0,0,0,0,1,1,1,1,1,1,1,1,1,1,1,1,1,0,0,0,0,0,0,0,0,0,1,0,0,0,0,0,0,0,0,0,0,0,0,0,0,0,0,0,0,0,0,0,0,13,0,0,0,0,0,0,0,0,0,0,0,0,0,0,0,0,0,0,0,0,0,0,0,0,0,0,0,0,0,0,0,0,0,0,0,0,0,0,0,0,0,0,0,0,0,0,0,0
0.17207,0.613868,0.831605,0,0,0,0,-4.64419e-09,-6.3888e-08,-8.0783e-08,2033,429,430,439,440,441,450,451,2022,2023,2032,2034,2043,2044,0,0,0,0,0,0,0,0,0,429,430,439,440,441,450,451,2022,2023,2032,2034,2043,2044,0,0,0,0,0,0,0,0,0,0.111319,0.10661,0.108547,0.0998924,0.108021,0.106979,0.111445,0.0517424,0.0403168,0.0442446,0.0431445,0.0410219,0.0521797,0,0,0,0,0,0,0,0,0,0.111132,0.106604,0.108701,0.1,0.108335,0.106908,0.111217,0.0510312,0.0389043,0.0448563,0.0438592,0.0398244,0.0512233,0,0,0,0,0,0,0,0,0,1,1,1,1,1,1,1,1,1,1,1,1,1,0,0,0,0,0,0,0,0,0,1,1,1,1,1,1,1,1,1,1,1,1,1,0,0,0,0,0,0,0,0,0,1,0,0,0,0,0,0,0,0,0,0,0,0,0,0,0,0,0,0,0,0,0,0,13,0,0,0,0,0,0,0,0,0,0,0,0,0,0,0,0,0,0,0,0,0,0,0,0,0,0,0,0,0,0,0,0,0,0,0,0,0,0,0,0,0,0,0,0,0,0,0,0
0.150709,0.596756,0.864956,0,0,0,0,-4.17934e-09,-5.6336e-08,-7.67105e-08,2034,72,73,430,431,440,441,451,1665,1666,2023,2024,2033,2044,0,0,0,0,0,0,0,0,0,72,73,430,431,440,441,451,1665,1666,2023,2024,2033,2044,0,0,0,0,0,0,0,0,0,0.107999,0.111694,0.1115,0.106399,0.108158,0.0998926,0.106835,0.0434844,0.0527498,0.052214,0.0396709,0.0431445,0.0406113,0,0,0,0,0,0,0,0,0,0.108399,0.111425,0.111184,0.106459,0.108333,0.1,0.106762,0.0440348,0.0517205,0.0511542,0.0384591,0.0438592,0.0393851,0,0,0,0,0,0,0,0,0,1,1,1,1,1,1,1,1,1,1,1,1,1,0,0,0,0,0,0,0,0,0,1,1,1,1,1,1,1,1,1,1,1,1,1,0,0,0,0,0,0,0,0,0,1,0,0,0,0,0,0,0,0,0,0,0,0,0,0,0,0,0,0,0,0,0,0,13,0,0,0,0,0,0,0,0,0,0,0,0,0,0,0,0,0,0,0,0,0,0,0,0,0,0,0,0,0,0,0,0,0,0,0,0,0,0,0,0,0,0,0,0,0,0,0,0
0.371179,0.697446,0.489184,0,0,0,0,1.03459e-08,-1.3554e-07,-8.62079e-08,2035,432,442,443,452,453,2025,2036,2045,2046,0,0,0,0,0,0,0,0,0,0,0,0,0,432,442,443,452,453,2025,2036,2045,2046,0,0,0,0,0,0,0,0,0,0,0,0,0,0.107363,0.100055,0.111794,0.10776,0.110715,0.041455,0.0523643,0.0423497,0.0502042,0,0,0,0,0,0,0,0,0,0,0,0,0,0.10744,0.1,0.111708,0.107758,0.110785,0.0414043,0.0523763,0.0423076,0.0501974,0,0,0,0,0,0,0,0,0,0,0,0,0,1,1,1,1,1,1,1,1,1,0,0,0,0,0,0,0,0,0,0,0,0,0,1,1,1,1,1,1,1,1,1,0,0,0,0,0,0,0,0,0,0,0,0,0,1,0,0,0,0,0,0,0,0,0,0,0,0,0,0,0,0,0,0,0,0,0,0,9,0,0,0,0,0,0,0,0,0,0,0,0,0,0,0,0,0,0,0,0,0,0,0,0,0,0,0,0,0,0,0,0,0,0,0,0,0,0,0,0,0,0,0,0,0,0,0,0
0.354154,0.690532,0.538218,0,0,0,0,5.17031e-09,-1.23344e-07,-8.66344e-08,2036,432,433,442,443,444,453,454,2025,2026,2035,2037,2046,2047,0,0,0,0,0,0,0,0,0,432,433,442,443,444,453,454,2025,2026,2035,2037,2046,2047,0,0,0,0,0,0,0,0,0,0.110745,0.107401,0.111796,0.100054,0.111623,0.107712,0.110992,0.0503159,0.0416616,0.0523643,0.0518914,0.042552,0.0507904,0,0,0,0,0,0,0,0,0,0.11085,0.107439,0.111697,0.1,0.11155,0.107782,0.111014,0.0503628,0.0413985,0.0523763,0.0520052,0.0423716,0.0507531,0,0,0,0,0,0,0,0,0,1,1,1,1,1,1,1,1,1,1,1,1,1,0,0,0,0,0,0,0,0,0,1,1,1,1,1,1,1,1,1,1,1,1,1,0,0,0,0,0,0,0,0,0,1,0,0,0,0,0,0,0,0,0,0,0,0,0,0,0,0,0,0,0,0,0,0,13,0,0,0,0,0,0,0,0,0,0,0,0,0,0,0,0,0,0,0,0,0,0,0,0,0,0,0,0,0,0,0,0,0,0,0,0,0,0,0,0,0,0,0,0,0,0,0,0
0.335848,0.681692,0.585962,0,0,0,0,1.80355e-09,-1.12152e-07,-8.61405e-08,2037,433,434,443,444,445,454,455,2026,2027,2036,2038,2047,2048,0,0,0,0,0,0,0,0,0,433,434,443,444,445,454,455,2026,2027,2036,2038,2047,2048,0,0,0,0,0,0,0,0,0,0.110975,0.107399,0.111547,0.100035,0.111341,0.107733,0.111176,0.0508638,0.0417224,0.0518914,0.051195,0.0427017,0.0512461,0,0,0,0,0,0,0,0,0,0.111033,0.107414,0.11154,0.1,0.111288,0.107773,0.111175,0.0508049,0.0413211,0.0520052,0.0513839,0.0423454,0.0511399,0,0,0,0,0,0,0,0,0,1,1,1,1,1,1,1,1,1,1,1,1,1,0,0,0,0,0,0,0,0,0,1,1,1,1,1,1,1,1,1,1,1,1,1,0,0,0,0,0,0,0,0,0,1,0,0,0,0,0,0,0,0,0,0,0,0,0,0,0,0,0,0,0,0,0,0,13,0,0,0,0,0,0,0,0,0,0,0,0,0,0,0,0,0,0,0,0,0,0,0,0,0,0,0,0,0,0,0,0,0,0,0,0,0,0,0,0,0,0,0,0,0,0,0,0
0.316479,0.671094,0.632151,0,0,0,0,-6.5282e-10,-1.01664e-07,-8.50319e-08,2038,434,435,444,445,446,455,456,2027,2028,2037,2039,2048,2049,0,0,0,0,0,0,0,0,0,434,435,444,445,446,455,456,2027,2028,2037,2039,2048,2049,0,0,0,0,0,0,0,0,0,0.111123,0.10737,0.111251,0.100014,0.110978,0.107715,0.111297,0.0512315,0.0417228,0.051195,0.0503081,0.0427397,0.0515596,0,0,0,0,0,0,0,0,0,0.111159,0.107368,0.11128,0.1,0.11095,0.10774,0.111278,0.0511082,0.0411861,0.0513839,0.0505702,0.0422483,0.0513864,0,0,0,0,0,0,0,0,0,1,1,1,1,1,1,1,1,1,1,1,1,1,0,0,0,0,0,0,0,0,0,1,1,1,1,1,1,1,1,1,1,1,1,1,0,0,0,0,0,0,0,0,0,1,0,0,0,0,0,0,0,0,0,0,0,0,0,0,0,0,0,0,0,0,0,0,13,0,0,0,0,0,0,0,0,0,0,0,0,0,0,0,0,0,0,0,0,0,0,0,0,0,0,0,0,0,0,0,0,0,0,0,0,0,0,0,0,0,0,0,0,0,0,0,0
0.296227,0.658945,0.676572,0,0,0,0,-2.4028e-09,-9.18311e-08,-8.34014e-08,2039,435,436,445,446,447,456,457,2028,2029,2038,2040,2049,2050,0,0,0,0,0,0,0,0,0,435,436,445,446,447,456,457,2028,2029,2038,2040,2049,2050,0,0,0,0,0,0,0,0,0,0.111218,0.10732,0.110889,0.0999946,0.110553,0.107676,0.11137,0.0514791,0.041667,0.0503081,0.0492659,0.042699,0.0517633,0,0,0,0,0,0,0,0,0,0.111236,0.107305,0.110943,0.1,0.110555,0.107685,0.111332,0.0512913,0.0410008,0.0505702,0.0496042,0.0420893,0.0515132,0,0,0,0,0,0,0,0,0,1,1,1,1,1,1,1,1,1,1,1,1,1,0,0,0,0,0,0,0,0,0,1,1,1,1,1,1,1,1,1,1,1,1,1,0,0,0,0,0,0,0,0,0,1,0,0,0,0,0,0,0,0,0,0,0,0,0,0,0,0,0,0,0,0,0,0,13,0,0,0,0,0,0,0,0,0,0,0,0,0,0,0,0,0,0,0,0,0,0,0,0,0,0,0,0,0,0,0,0,0,0,0,0,0,0,0,0,0,0,0,0,0,0,0,0
0.275278,0.645457,0.719073,0,0,0,0,-3.57068e-09,-8.26279e-08,-8.13023e-08,2040,436,437,446,447,448,457,458,2029,2030,2039,2041,2050,2051,0,0,0,0,0,0,0,0,0,436,437,446,447,448,457,458,2029,2030,2039,2041,2050,2051,0,0,0,0,0,0,0,0,0,0.111279,0.107249,0.110473,0.0999742,0.110078,0.107616,0.111407,0.0516395,0.0415652,0.0492659,0.0481065,0.0425964,0.0518919,0,0,0,0,0,0,0,0,0,0.11127,0.107227,0.110548,0.1,0.110119,0.10761,0.111344,0.0513694,0.0407704,0.0496042,0.048522,0.0418749,0.0515408,0,0,0,0,0,0,0,0,0,1,1,1,1,1,1,1,1,1,1,1,1,1,0,0,0,0,0,0,0,0,0,1,1,1,1,1,1,1,1,1,1,1,1,1,0,0,0,0,0,0,0,0,0,1,0,0,0,0,0,0,0,0,0,0,0,0,0,0,0,0,0,0,0,0,0,0,13,0,0,0,0,0,0,0,0,0,0,0,0,0,0,0,0,0,0,0,0,0,0,0,0,0,0,0,0,0,0,0,0,0,0,0,0,0,0,0,0,0,0,0,0,0,0,0,0
0.253827,0.630829,0.759571,0,0,0,0,-4.26713e-09,-7.40222e-08,-7.87888e-08,2041,437,438,447,448,449,458,459,2030,2031,2040,2042,2051,2052,0,0,0,0,0,0,0,0,0,437,438,447,448,449,458,459,2030,2031,2040,2042,2051,2052,0,0,0,0,0,0,0,0,0,0.111315,0.107156,0.110019,0.0999517,0.109571,0.107536,0.111421,0.0517448,0.0414215,0.0481065,0.0468768,0.0424404,0.0519828,0,0,0,0,0,0,0,0,0,0.111267,0.107136,0.110114,0.1,0.109662,0.107519,0.111326,0.0513604,0.0404985,0.048522,0.0473651,0.0416101,0.0514958,0,0,0,0,0,0,0,0,0,1,1,1,1,1,1,1,1,1,1,1,1,1,0,0,0,0,0,0,0,0,0,1,1,1,1,1,1,1,1,1,1,1,1,1,0,0,0,0,0,0,0,0,0,1,0,0,0,0,0,0,0,0,0,0,0,0,0,0,0,0,0,0,0,0,0,0,13,0,0,0,0,0,0,0,0,0,0,0,0,0,0,0,0,0,0,0,0,0,0,0,0,0,0,0,0,0,0,0,0,0,0,0,0,0,0,0,0,0,0,0,0,0,0,0,0
0.232066,0.615234,0.798051,0,0,0,0,-4.58702e-09,-6.59711e-08,-7.59105e-08,2042,438,439,448,449,450,459,460,2031,2032,2041,2043,2052,2053,0,0,0,0,0,0,0,0,0,438,439,448,449,450,459,460,2031,2032,2041,2043,2052,2053,0,0,0,0,0,0,0,0,0,0.111344,0.107038,0.109547,0.0999288,0.10906,0.107438,0.111427,0.0518315,0.0412178,0.0468768,0.0456629,0.0422308,0.0520717,0,0,0,0,0,0,0,0,0,0.111238,0.10703,0.109658,0.1,0.109211,0.107411,0.111296,0.0512907,0.0401855,0.0473651,0.0461982,0.0412981,0.051421,0,0,0,0,0,0,0,0,0,1,1,1,1,1,1,1,1,1,1,1,1,1,0,0,0,0,0,0,0,0,0,1,1,1,1,1,1,1,1,1,1,1,1,1,0,0,0,0,0,0,0,0,0,1,0,0,0,0,0,0,0,0,0,0,0,0,0,0,0,0,0,0,0,0,0,0,13,0,0,0,0,0,0,0,0,0,0,0,0,0,0,0,0,0,0,0,0,0,0,0,0,0,0,0,0,0,0,0,0,0,0,0,0,0,0,0,0,0,0,0,0,0,0,0,0
0.210113,0.598809,0.834566,0,0,0,0,-4.61213e-09,-5.84252e-08,-7.27141e-08,2043,439,440,449,450,451,460,461,2032,2033,2042,2044,2053,2054,0,0,0,0,0,0,0,0,0,439,440,449,450,451,460,461,2032,2033,2042,2044,2053,2054,0,0,0,0,0,0,0,0,0,0.111369,0.106907,0.109086,0.0998997,0.108584,0.107328,0.111471,0.051912,0.0410219,0.0456629,0.0445885,0.0419936,0.0522682,0,0,0,0,0,0,0,0,0,0.111205,0.106909,0.109207,0.1,0.108822,0.107287,0.111289,0.051208,0.0398244,0.0461982,0.0451728,0.0409381,0.0514032,0,0,0,0,0,0,0,0,0,1,1,1,1,1,1,1,1,1,1,1,1,1,0,0,0,0,0,0,0,0,0,1,1,1,1,1,1,1,1,1,1,1,1,1,0,0,0,0,0,0,0,0,0,1,0,0,0,0,0,0,0,0,0,0,0,0,0,0,0,0,0,0,0,0,0,0,13,0,0,0,0,0,0,0,0,0,0,0,0,0,0,0,0,0,0,0,0,0,0,0,0,0,0,0,0,0,0,0,0,0,0,0,0,0,0,0,0,0,0,0,0,0,0,0,0
0.188119,0.581563,0.869308,0,0,0,0,-4.38694e-09,-5.13019e-08,-6.92072e-08,2044,73,74,440,441,450,451,461,1666,1667,2033,2034,2043,2054,0,0,0,0,0,0,0,0,0,73,74,440,441,450,451,461,1666,1667,2033,2034,2043,2054,0,0,0,0,0,0,0,0,0,0.108395,0.111638,0.111474,0.106702,0.108688,0.0998752,0.107198,0.0443638,0.052708,0.0521797,0.0406113,0.0445885,0.0416682,0,0,0,0,0,0,0,0,0,0.108713,0.111405,0.111212,0.106763,0.108819,0.1,0.107144,0.0448828,0.0516764,0.0512233,0.0393851,0.0451728,0.0405186,0,0,0,0,0,0,0,0,0,1,1,1,1,1,1,1,1,1,1,1,1,1,0,0,0,0,0,0,0,0,0,1,1,1,1,1,1,1,1,1,1,1,1,1,0,0,0,0,0,0,0,0,0,1,0,0,0,0,0,0,0,0,0,0,0,0,0,0,0,0,0,0,0,0,0,0,13,0,0,0,0,0,0,0,0,0,0,0,0,0,0,0,0,0,0,0,0,0,0,0,0,0,0,0,0,0,0,0,0,0,0,0,0,0,0,0,0,0,0,0,0,0,0,0,0
0.408034,0.679846,0.477985,0,0,0,0,1.78211e-08,-1.27354e-07,-7.29889e-08,2045,442,452,453,462,2035,2046,2055,0,0,0,0,0,0,0,0,0,0,0,0,0,0,0,442,452,453,462,2035,2046,2055,0,0,0,0,0,0,0,0,0,0,0,0,0,0,0,0.107652,0.10001,0.112108,0.110708,0.0423497,0.0531187,0.0499359,0,0,0,0,0,0,0,0,0,0,0,0,0,0,0,0.107756,0.1,0.112041,0.110678,0.0423076,0.053155,0.0499404,0,0,0,0,0,0,0,0,0,0,0,0,0,0,0,1,1,1,1,1,1,1,0,0,0,0,0,0,0,0,0,0,0,0,0,0,0,1,1,1,1,1,1,1,0,0,0,0,0,0,0,0,0,0,0,0,0,0,0,1,0,0,0,0,0,0,0,0,0,0,0,0,0,0,0,0,0,0,0,0,0,0,7,0,0,0,0,0,0,0,0,0,0,0,0,0,0,0,0,0,0,0,0,0,0,0,0,0,0,0,0,0,0,0,0,0,0,0,0,0,0,0,0,0,0,0,0,0,0,0,0
0.391761,0.673368,0.528133,0,0,0,0,1.12448e-08,-1.14895e-07,-7.34036e-08,2046,442,443,452,453,454,462,463,2035,2036,2045,2047,2055,2056,0,0,0,0,0,0,0,0,0,442,443,452,453,454,462,463,2035,2036,2045,2047,2055,2056,0,0,0,0,0,0,0,0,0,0.110728,0.107703,0.112149,0.10005,0.112025,0.108028,0.110925,0.0502042,0.042552,0.0531187,0.0528681,0.0434505,0.0506672,0,0,0,0,0,0,0,0,0,0.110781,0.10778,0.112029,0.1,0.111952,0.10812,0.110951,0.0501974,0.0423716,0.053155,0.0529492,0.0433196,0.0506042,0,0,0,0,0,0,0,0,0,1,1,1,1,1,1,1,1,1,1,1,1,1,0,0,0,0,0,0,0,0,0,1,1,1,1,1,1,1,1,1,1,1,1,1,0,0,0,0,0,0,0,0,0,1,0,0,0,0,0,0,0,0,0,0,0,0,0,0,0,0,0,0,0,0,0,0,13,0,0,0,0,0,0,0,0,0,0,0,0,0,0,0,0,0,0,0,0,0,0,0,0,0,0,0,0,0,0,0,0,0,0,0,0,0,0,0,0,0,0,0,0,0,0,0,0
0.374118,0.664876,0.577242,0,0,0,0,6.64507e-09,-1.03924e-07,-7.34184e-08,2047,443,444,453,454,455,463,464,2036,2037,2046,2048,2056,2057,0,0,0,0,0,0,0,0,0,443,444,453,454,455,463,464,2036,2037,2046,2048,2056,2057,0,0,0,0,0,0,0,0,0,0.110935,0.107748,0.111995,0.100041,0.111795,0.108071,0.111133,0.0507904,0.0427017,0.0528681,0.0522832,0.0436502,0.0511722,0,0,0,0,0,0,0,0,0,0.11101,0.107772,0.111941,0.1,0.111735,0.108132,0.111145,0.0507531,0.0423454,0.0529492,0.052442,0.0433486,0.0510743,0,0,0,0,0,0,0,0,0,1,1,1,1,1,1,1,1,1,1,1,1,1,0,0,0,0,0,0,0,0,0,1,1,1,1,1,1,1,1,1,1,1,1,1,0,0,0,0,0,0,0,0,0,1,0,0,0,0,0,0,0,0,0,0,0,0,0,0,0,0,0,0,0,0,0,0,13,0,0,0,0,0,0,0,0,0,0,0,0,0,0,0,0,0,0,0,0,0,0,0,0,0,0,0,0,0,0,0,0,0,0,0,0,0,0,0,0,0,0,0,0,0,0,0,0
0.355216,0.654561,0.624885,0,0,0,0,3.23297e-09,-9.3816e-08,-7.28661e-08,2048,444,445,454,455,456,464,465,2037,2038,2047,2049,2057,2058,0,0,0,0,0,0,0,0,0,444,445,454,455,456,464,465,2037,2038,2047,2049,2057,2058,0,0,0,0,0,0,0,0,0,0.111118,0.107739,0.111719,0.100021,0.111467,0.108086,0.111276,0.0512461,0.0427397,0.0522832,0.0514832,0.0437463,0.05154,0,0,0,0,0,0,0,0,0,0.111171,0.107739,0.111725,0.1,0.111426,0.108115,0.111276,0.0511399,0.0422483,0.052442,0.051712,0.0432976,0.0513862,0,0,0,0,0,0,0,0,0,1,1,1,1,1,1,1,1,1,1,1,1,1,0,0,0,0,0,0,0,0,0,1,1,1,1,1,1,1,1,1,1,1,1,1,0,0,0,0,0,0,0,0,0,1,0,0,0,0,0,0,0,0,0,0,0,0,0,0,0,0,0,0,0,0,0,0,13,0,0,0,0,0,0,0,0,0,0,0,0,0,0,0,0,0,0,0,0,0,0,0,0,0,0,0,0,0,0,0,0,0,0,0,0,0,0,0,0,0,0,0,0,0,0,0,0
0.335257,0.642614,0.670813,0,0,0,0,6.64403e-10,-8.44037e-08,-7.18083e-08,2049,445,446,455,456,457,465,466,2038,2039,2048,2050,2058,2059,0,0,0,0,0,0,0,0,0,445,446,455,456,457,465,466,2038,2039,2048,2050,2058,2059,0,0,0,0,0,0,0,0,0,0.111241,0.107698,0.11138,0.100002,0.111067,0.10806,0.111368,0.0515596,0.042699,0.0514832,0.0505131,0.0437416,0.0517889,0,0,0,0,0,0,0,0,0,0.111275,0.107684,0.111417,0.1,0.111049,0.108072,0.111352,0.0513864,0.0420893,0.051712,0.0508084,0.0431758,0.0515659,0,0,0,0,0,0,0,0,0,1,1,1,1,1,1,1,1,1,1,1,1,1,0,0,0,0,0,0,0,0,0,1,1,1,1,1,1,1,1,1,1,1,1,1,0,0,0,0,0,0,0,0,0,1,0,0,0,0,0,0,0,0,0,0,0,0,0,0,0,0,0,0,0,0,0,0,13,0,0,0,0,0,0,0,0,0,0,0,0,0,0,0,0,0,0,0,0,0,0,0,0,0,0,0,0,0,0,0,0,0,0,0,0,0,0,0,0,0,0,0,0,0,0,0,0
0.31444,0.629241,0.714852,0,0,0,0,-1.21465e-09,-7.5639e-08,-7.02966e-08,2050,446,447,456,457,458,466,467,2039,2040,2049,2051,2059,2060,0,0,0,0,0,0,0,0,0,446,447,456,457,458,466,467,2039,2040,2049,2051,2059,2060,0,0,0,0,0,0,0,0,0,0.111319,0.10763,0.110985,0.0999816,0.110612,0.108005,0.111417,0.0517633,0.0425964,0.0505131,0.0494123,0.0436575,0.0519486,0,0,0,0,0,0,0,0,0,0.111328,0.10761,0.111041,0.1,0.110623,0.108006,0.111382,0.0515132,0.0418749,0.0508084,0.0497721,0.0429895,0.0516368,0,0,0,0,0,0,0,0,0,1,1,1,1,1,1,1,1,1,1,1,1,1,0,0,0,0,0,0,0,0,0,1,1,1,1,1,1,1,1,1,1,1,1,1,0,0,0,0,0,0,0,0,0,1,0,0,0,0,0,0,0,0,0,0,0,0,0,0,0,0,0,0,0,0,0,0,13,0,0,0,0,0,0,0,0,0,0,0,0,0,0,0,0,0,0,0,0,0,0,0,0,0,0,0,0,0,0,0,0,0,0,0,0,0,0,0,0,0,0,0,0,0,0,0,0
0.292968,0.614642,0.756892,0,0,0,0,-2.52316e-09,-6.74831e-08,-6.83796e-08,2051,447,448,457,458,459,467,468,2040,2041,2050,2052,2060,2061,0,0,0,0,0,0,0,0,0,447,448,457,458,459,467,468,2040,2041,2050,2052,2060,2061,0,0,0,0,0,0,0,0,0,0.111365,0.107538,0.110545,0.0999601,0.110119,0.107928,0.111438,0.0518919,0.0424404,0.0494123,0.0482283,0.0435075,0.0520556,0,0,0,0,0,0,0,0,0,0.111341,0.107518,0.110617,0.1,0.110169,0.107919,0.111379,0.0515408,0.0416101,0.0497721,0.0486467,0.0427445,0.0516267,0,0,0,0,0,0,0,0,0,1,1,1,1,1,1,1,1,1,1,1,1,1,0,0,0,0,0,0,0,0,0,1,1,1,1,1,1,1,1,1,1,1,1,1,0,0,0,0,0,0,0,0,0,1,0,0,0,0,0,0,0,0,0,0,0,0,0,0,0,0,0,0,0,0,0,0,13,0,0,0,0,0,0,0,0,0,0,0,0,0,0,0,0,0,0,0,0,0,0,0,0,0,0,0,0,0,0,0,0,0,0,0,0,0,0,0,0,0,0,0,0,0,0,0,0
0.271034,0.599,0.796895,0,0,0,0,-3.36395e-09,-5.98883e-08,-6.61026e-08,2052,448,449,458,459,460,468,469,2041,2042,2051,2053,2061,2062,0,0,0,0,0,0,0,0,0,448,449,458,459,460,468,469,2041,2042,2051,2053,2061,2062,0,0,0,0,0,0,0,0,0,0.111394,0.107419,0.110081,0.0999369,0.109615,0.107829,0.111448,0.0519828,0.0422308,0.0482283,0.0470356,0.0432999,0.0521535,0,0,0,0,0,0,0,0,0,0.111323,0.107411,0.110164,0.1,0.109714,0.107813,0.111358,0.0514958,0.0412981,0.0486467,0.0474953,0.0424458,0.051576,0,0,0,0,0,0,0,0,0,1,1,1,1,1,1,1,1,1,1,1,1,1,0,0,0,0,0,0,0,0,0,1,1,1,1,1,1,1,1,1,1,1,1,1,0,0,0,0,0,0,0,0,0,1,0,0,0,0,0,0,0,0,0,0,0,0,0,0,0,0,0,0,0,0,0,0,13,0,0,0,0,0,0,0,0,0,0,0,0,0,0,0,0,0,0,0,0,0,0,0,0,0,0,0,0,0,0,0,0,0,0,0,0,0,0,0,0,0,0,0,0,0,0,0,0
0.248792,0.582461,0.834896,0,0,0,0,-3.82403e-09,-5.27983e-08,-6.35057e-08,2053,449,450,459,460,461,469,470,2042,2043,2052,2054,2062,2063,0,0,0,0,0,0,0,0,0,449,450,459,460,461,469,470,2042,2043,2052,2054,2062,2063,0,0,0,0,0,0,0,0,0,0.111421,0.107276,0.10962,0.09991,0.109141,0.107716,0.111482,0.0520717,0.0419936,0.0470356,0.0459629,0.0430496,0.0523222,0,0,0,0,0,0,0,0,0,0.111292,0.107288,0.109709,0.1,0.109307,0.10769,0.111351,0.051421,0.0409381,0.0474953,0.0464481,0.0420959,0.0515561,0,0,0,0,0,0,0,0,0,1,1,1,1,1,1,1,1,1,1,1,1,1,0,0,0,0,0,0,0,0,0,1,1,1,1,1,1,1,1,1,1,1,1,1,0,0,0,0,0,0,0,0,0,1,0,0,0,0,0,0,0,0,0,0,0,0,0,0,0,0,0,0,0,0,0,0,13,0,0,0,0,0,0,0,0,0,0,0,0,0,0,0,0,0,0,0,0,0,0,0,0,0,0,0,0,0,0,0,0,0,0,0,0,0,0,0,0,0,0,0,0,0,0,0,0
0.22635,0.565083,0.871048,0,0,0,0,-3.96074e-09,-4.61392e-08,-6.06075e-08,2054,74,75,450,451,460,461,470,1667,1668,2043,2044,2053,2063,0,0,0,0,0,0,0,0,0,74,75,450,451,460,461,470,1667,1668,2043,2044,2053,2063,0,0,0,0,0,0,0,0,0,0.108844,0.11161,0.111491,0.107085,0.109214,0.0998822,0.10759,0.0454448,0.0526813,0.0522682,0.0416682,0.0459629,0.0427475,0,0,0,0,0,0,0,0,0,0.109095,0.111422,0.111285,0.107145,0.109303,0.1,0.107549,0.0458935,0.0517233,0.0514032,0.0405186,0.0464481,0.0416927,0,0,0,0,0,0,0,0,0,1,1,1,1,1,1,1,1,1,1,1,1,1,0,0,0,0,0,0,0,0,0,1,1,1,1,1,1,1,1,1,1,1,1,1,0,0,0,0,0,0,0,0,0,1,0,0,0,0,0,0,0,0,0,0,0,0,0,0,0,0,0,0,0,0,0,0,13,0,0,0,0,0,0,0,0,0,0,0,0,0,0,0,0,0,0,0,0,0,0,0,0,0,0,0,0,0,0,0,0,0,0,0,0,0,0,0,0,0,0,0,0,0,0,0,0
0.428942,0.654644,0.515685,0,0,0,0,1.90285e-08,-1.06309e-07,-5.91395e-08,2055,452,453,462,463,471,472,2045,2046,2056,2064,2065,0,0,0,0,0,0,0,0,0,0,0,452,453,462,463,471,472,2045,2046,2056,2064,2065,0,0,0,0,0,0,0,0,0,0,0,0.110529,0.108077,0.10014,0.112425,0.108365,0.110824,0.0499359,0.0434505,0.0536709,0.0442859,0.0503175,0,0,0,0,0,0,0,0,0,0,0,0.110675,0.108119,0.1,0.11231,0.108438,0.110831,0.0499404,0.0433196,0.0537806,0.0441915,0.050319,0,0,0,0,0,0,0,0,0,0,0,1,1,1,1,1,1,1,1,1,1,1,0,0,0,0,0,0,0,0,0,0,0,1,1,1,1,1,1,1,1,1,1,1,0,0,0,0,0,0,0,0,0,0,0,1,0,0,0,0,0,0,0,0,0,0,0,0,0,0,0,0,0,0,0,0,0,0,11,0,0,0,0,0,0,0,0,0,0,0,0,0,0,0,0,0,0,0,0,0,0,0,0,0,0,0,0,0,0,0,0,0,0,0,0,0,0,0,0,0,0,0,0,0,0,0,0
0.412081,0.646507,0.565985,0,0,0,0,1.32027e-08,-9.55826e-08,-5.95183e-08,2056,453,454,462,463,464,472,473,2046,2047,2055,2057,2065,2066,0,0,0,0,0,0,0,0,0,453,454,462,463,464,472,473,2046,2047,2055,2057,2065,2066,0,0,0,0,0,0,0,0,0,0.11091,0.1081,0.112284,0.100049,0.112215,0.108443,0.111038,0.0506672,0.0436502,0.0536709,0.0532549,0.044572,0.0509531,0,0,0,0,0,0,0,0,0,0.110947,0.10813,0.112299,0.1,0.112147,0.108472,0.111062,0.0506042,0.0433486,0.0537806,0.0534041,0.0442804,0.0508789,0,0,0,0,0,0,0,0,0,1,1,1,1,1,1,1,1,1,1,1,1,1,0,0,0,0,0,0,0,0,0,1,1,1,1,1,1,1,1,1,1,1,1,1,0,0,0,0,0,0,0,0,0,1,0,0,0,0,0,0,0,0,0,0,0,0,0,0,0,0,0,0,0,0,0,0,13,0,0,0,0,0,0,0,0,0,0,0,0,0,0,0,0,0,0,0,0,0,0,0,0,0,0,0,0,0,0,0,0,0,0,0,0,0,0,0,0,0,0,0,0,0,0,0,0
0.393815,0.636502,0.614998,0,0,0,0,8.69293e-09,-8.58188e-08,-5.94814e-08,2057,454,455,463,464,465,473,474,2047,2048,2056,2058,2066,2067,0,0,0,0,0,0,0,0,0,454,455,463,464,465,473,474,2047,2048,2056,2058,2066,2067,0,0,0,0,0,0,0,0,0,0.111086,0.108112,0.112125,0.100031,0.111924,0.108454,0.111205,0.0511722,0.0437463,0.0532549,0.0525629,0.0447039,0.0513907,0,0,0,0,0,0,0,0,0,0.111143,0.108113,0.112136,0.1,0.111874,0.108474,0.111221,0.0510743,0.0432976,0.0534041,0.0527692,0.044284,0.0512607,0,0,0,0,0,0,0,0,0,1,1,1,1,1,1,1,1,1,1,1,1,1,0,0,0,0,0,0,0,0,0,1,1,1,1,1,1,1,1,1,1,1,1,1,0,0,0,0,0,0,0,0,0,1,0,0,0,0,0,0,0,0,0,0,0,0,0,0,0,0,0,0,0,0,0,0,13,0,0,0,0,0,0,0,0,0,0,0,0,0,0,0,0,0,0,0,0,0,0,0,0,0,0,0,0,0,0,0,0,0,0,0,0,0,0,0,0,0,0,0,0,0,0,0,0
0.374305,0.624797,0.662382,0,0,0,0,5.1691e-09,-7.68099e-08,-5.89854e-08,2058,455,456,464,465,466,474,475,2048,2049,2057,2059,2067,2068,0,0,0,0,0,0,0,0,0,455,456,464,465,466,474,475,2048,2049,2057,2059,2067,2068,0,0,0,0,0,0,0,0,0,0.111225,0.108086,0.111839,0.10001,0.111553,0.108439,0.111316,0.05154,0.0437416,0.0525629,0.0516737,0.044742,0.0516916,0,0,0,0,0,0,0,0,0,0.111273,0.108071,0.111864,0.1,0.111521,0.108448,0.111321,0.0513862,0.0431758,0.0527692,0.0519382,0.0442106,0.0514972,0,0,0,0,0,0,0,0,0,1,1,1,1,1,1,1,1,1,1,1,1,1,0,0,0,0,0,0,0,0,0,1,1,1,1,1,1,1,1,1,1,1,1,1,0,0,0,0,0,0,0,0,0,1,0,0,0,0,0,0,0,0,0,0,0,0,0,0,0,0,0,0,0,0,0,0,13,0,0,0,0,0,0,0,0,0,0,0,0,0,0,0,0,0,0,0,0,0,0,0,0,0,0,0,0,0,0,0,0,0,0,0,0,0,0,0,0,0,0,0,0,0,0,0,0
0.353763,0.611587,0.70792,0,0,0,0,2.44752e-09,-6.84835e-08,-5.80658e-08,2059,456,457,465,466,467,475,476,2049,2050,2058,2060,2068,2069,0,0,0,0,0,0,0,0,0,456,457,465,466,467,475,476,2049,2050,2058,2060,2068,2069,0,0,0,0,0,0,0,0,0,0.111321,0.108028,0.111471,0.0999904,0.11112,0.108396,0.11138,0.0517889,0.0436575,0.0516737,0.0506372,0.0446926,0.0518888,0,0,0,0,0,0,0,0,0,0.111349,0.108005,0.111513,0.1,0.111111,0.108396,0.111371,0.0515659,0.0429895,0.0519382,0.0509572,0.0440648,0.0516162,0,0,0,0,0,0,0,0,0,1,1,1,1,1,1,1,1,1,1,1,1,1,0,0,0,0,0,0,0,0,0,1,1,1,1,1,1,1,1,1,1,1,1,1,0,0,0,0,0,0,0,0,0,1,0,0,0,0,0,0,0,0,0,0,0,0,0,0,0,0,0,0,0,0,0,0,13,0,0,0,0,0,0,0,0,0,0,0,0,0,0,0,0,0,0,0,0,0,0,0,0,0,0,0,0,0,0,0,0,0,0,0,0,0,0,0,0,0,0,0,0,0,0,0,0
0.332399,0.597072,0.751475,0,0,0,0,3.97976e-10,-6.07879e-08,-5.67628e-08,2060,457,458,466,467,468,476,477,2050,2051,2059,2061,2069,2070,0,0,0,0,0,0,0,0,0,457,458,466,467,468,476,477,2050,2051,2059,2061,2069,2070,0,0,0,0,0,0,0,0,0,0.111379,0.107942,0.111049,0.0999699,0.110645,0.108326,0.111411,0.0519486,0.0435075,0.0506372,0.049504,0.0445663,0.0520203,0,0,0,0,0,0,0,0,0,0.111379,0.107918,0.111103,0.1,0.110664,0.108319,0.111385,0.0516368,0.0427445,0.0509572,0.0498725,0.0438519,0.0516477,0,0,0,0,0,0,0,0,0,1,1,1,1,1,1,1,1,1,1,1,1,1,0,0,0,0,0,0,0,0,0,1,1,1,1,1,1,1,1,1,1,1,1,1,0,0,0,0,0,0,0,0,0,1,0,0,0,0,0,0,0,0,0,0,0,0,0,0,0,0,0,0,0,0,0,0,13,0,0,0,0,0,0,0,0,0,0,0,0,0,0,0,0,0,0,0,0,0,0,0,0,0,0,0,0,0,0,0,0,0,0,0,0,0,0,0,0,0,0,0,0,0,0,0,0
0.310417,0.581434,0.792983,0,0,0,0,-1.08998e-09,-5.36677e-08,-5.51151e-08,2061,458,459,467,468,469,477,478,2051,2052,2060,2062,2070,2071,0,0,0,0,0,0,0,0,0,458,459,467,468,469,477,478,2051,2052,2060,2062,2070,2071,0,0,0,0,0,0,0,0,0,0.111415,0.107828,0.110597,0.0999476,0.110152,0.108233,0.111428,0.0520556,0.0432999,0.049504,0.0483437,0.0443737,0.0521325,0,0,0,0,0,0,0,0,0,0.111376,0.107813,0.110658,0.1,0.110209,0.10822,0.111379,0.0516267,0.0424458,0.0498725,0.0487459,0.0435776,0.0516316,0,0,0,0,0,0,0,0,0,1,1,1,1,1,1,1,1,1,1,1,1,1,0,0,0,0,0,0,0,0,0,1,1,1,1,1,1,1,1,1,1,1,1,1,0,0,0,0,0,0,0,0,0,1,0,0,0,0,0,0,0,0,0,0,0,0,0,0,0,0,0,0,0,0,0,0,13,0,0,0,0,0,0,0,0,0,0,0,0,0,0,0,0,0,0,0,0,0,0,0,0,0,0,0,0,0,0,0,0,0,0,0,0,0,0,0,0,0,0,0,0,0,0,0,0
0.28799,0.564829,0.832459,0,0,0,0,-2.11007e-09,-4.70597e-08,-5.31557e-08,2062,459,460,468,469,470,478,479,2052,2053,2061,2063,2071,2072,0,0,0,0,0,0,0,0,0,459,460,468,469,470,478,479,2052,2053,2061,2063,2071,2072,0,0,0,0,0,0,0,0,0,0.111443,0.107685,0.110141,0.0999223,0.109683,0.108121,0.111459,0.0521535,0.0430496,0.0483437,0.0472772,0.0441279,0.052293,0,0,0,0,0,0,0,0,0,0.111356,0.10769,0.110204,0.1,0.109791,0.108101,0.111379,0.051576,0.0420959,0.0487459,0.0476926,0.0432467,0.0516292,0,0,0,0,0,0,0,0,0,1,1,1,1,1,1,1,1,1,1,1,1,1,0,0,0,0,0,0,0,0,0,1,1,1,1,1,1,1,1,1,1,1,1,1,0,0,0,0,0,0,0,0,0,1,0,0,0,0,0,0,0,0,0,0,0,0,0,0,0,0,0,0,0,0,0,0,13,0,0,0,0,0,0,0,0,0,0,0,0,0,0,0,0,0,0,0,0,0,0,0,0,0,0,0,0,0,0,0,0,0,0,0,0,0,0,0,0,0,0,0,0,0,0,0,0
0.265228,0.54734,0.870025,0,0,0,0,-2.73096e-09,-4.08907e-08,-5.09054e-08,2063,75,76,460,461,469,470,479,1668,1669,2053,2054,2062,2072,0,0,0,0,0,0,0,0,0,75,76,460,461,469,470,479,1668,1669,2053,2054,2062,2072,0,0,0,0,0,0,0,0,0,0.109336,0.111561,0.111497,0.107503,0.109727,0.0998928,0.107996,0.0465975,0.0525999,0.0523222,0.0427475,0.0472772,0.0438358,0,0,0,0,0,0,0,0,0,0.109514,0.111432,0.111348,0.10755,0.109787,0.1,0.107963,0.046983,0.0517528,0.0515561,0.0416927,0.0476926,0.0428613,0,0,0,0,0,0,0,0,0,1,1,1,1,1,1,1,1,1,1,1,1,1,0,0,0,0,0,0,0,0,0,1,1,1,1,1,1,1,1,1,1,1,1,1,0,0,0,0,0,0,0,0,0,1,0,0,0,0,0,0,0,0,0,0,0,0,0,0,0,0,0,0,0,0,0,0,13,0,0,0,0,0,0,0,0,0,0,0,0,0,0,0,0,0,0,0,0,0,0,0,0,0,0,0,0,0,0,0,0,0,0,0,0,0,0,0,0,0,0,0,0,0,0,0,0
0.465299,0.634361,0.500583,0,0,0,0,2.94426e-08,-9.79875e-08,-4.31681e-08,2064,462,471,472,480,481,2055,2065,2073,2074,0,0,0,0,0,0,0,0,0,0,0,0,0,462,471,472,480,481,2055,2065,2073,2074,0,0,0,0,0,0,0,0,0,0,0,0,0,0.108398,0.10005,0.112694,0.108695,0.110565,0.0442859,0.0544341,0.045025,0.0498979,0,0,0,0,0,0,0,0,0,0,0,0,0,0.108436,0.1,0.112616,0.108717,0.110639,0.0441915,0.0544812,0.0449481,0.0498531,0,0,0,0,0,0,0,0,0,0,0,0,0,1,1,1,1,1,1,1,1,1,0,0,0,0,0,0,0,0,0,0,0,0,0,1,1,1,1,1,1,1,1,1,0,0,0,0,0,0,0,0,0,0,0,0,0,1,0,0,0,0,0,0,0,0,0,0,0,0,0,0,0,0,0,0,0,0,0,0,9,0,0,0,0,0,0,0,0,0,0,0,0,0,0,0,0,0,0,0,0,0,0,0,0,0,0,0,0,0,0,0,0,0,0,0,0,0,0,0,0,0,0,0,0,0,0,0,0
0.449468,0.626615,0.552085,0,0,0,0,2.16354e-08,-8.73178e-08,-4.44442e-08,2065,462,463,471,472,473,481,482,2055,2056,2064,2066,2074,2075,0,0,0,0,0,0,0,0,0,462,463,471,472,473,481,482,2055,2056,2064,2066,2074,2075,0,0,0,0,0,0,0,0,0,0.110719,0.108439,0.112695,0.100051,0.112584,0.108736,0.11087,0.0503175,0.044572,0.0544341,0.0541355,0.0453199,0.0505828,0,0,0,0,0,0,0,0,0,0.110829,0.10847,0.112604,0.1,0.112517,0.108774,0.110914,0.050319,0.0442804,0.0544812,0.0542554,0.0450975,0.0505234,0,0,0,0,0,0,0,0,0,1,1,1,1,1,1,1,1,1,1,1,1,1,0,0,0,0,0,0,0,0,0,1,1,1,1,1,1,1,1,1,1,1,1,1,0,0,0,0,0,0,0,0,0,1,0,0,0,0,0,0,0,0,0,0,0,0,0,0,0,0,0,0,0,0,0,0,13,0,0,0,0,0,0,0,0,0,0,0,0,0,0,0,0,0,0,0,0,0,0,0,0,0,0,0,0,0,0,0,0,0,0,0,0,0,0,0,0,0,0,0,0,0,0,0,0
0.431995,0.616954,0.602404,0,0,0,0,1.58808e-08,-7.78526e-08,-4.49775e-08,2066,463,464,472,473,474,482,483,2056,2057,2065,2067,2075,2076,0,0,0,0,0,0,0,0,0,463,464,472,473,474,482,483,2056,2057,2065,2067,2075,2076,0,0,0,0,0,0,0,0,0,0.110976,0.108469,0.112528,0.100036,0.11234,0.108785,0.111073,0.0509531,0.0447039,0.0541355,0.0535468,0.0455424,0.0511004,0,0,0,0,0,0,0,0,0,0.11106,0.108472,0.112505,0.1,0.112287,0.108801,0.111105,0.0508789,0.044284,0.0542554,0.0537269,0.0451652,0.0509858,0,0,0,0,0,0,0,0,0,1,1,1,1,1,1,1,1,1,1,1,1,1,0,0,0,0,0,0,0,0,0,1,1,1,1,1,1,1,1,1,1,1,1,1,0,0,0,0,0,0,0,0,0,1,0,0,0,0,0,0,0,0,0,0,0,0,0,0,0,0,0,0,0,0,0,0,13,0,0,0,0,0,0,0,0,0,0,0,0,0,0,0,0,0,0,0,0,0,0,0,0,0,0,0,0,0,0,0,0,0,0,0,0,0,0,0,0,0,0,0,0,0,0,0,0
0.413102,0.605527,0.651186,0,0,0,0,1.1272e-08,-6.92052e-08,-4.50344e-08,2067,464,465,473,474,475,483,484,2057,2058,2066,2068,2076,2077,0,0,0,0,0,0,0,0,0,464,465,473,474,475,483,484,2057,2058,2066,2068,2076,2077,0,0,0,0,0,0,0,0,0,0.111154,0.108463,0.112268,0.100017,0.112002,0.108791,0.111207,0.0513907,0.044742,0.0535468,0.0527394,0.045648,0.0514588,0,0,0,0,0,0,0,0,0,0.11122,0.108446,0.112276,0.1,0.111964,0.108798,0.11123,0.0512607,0.0442106,0.0537269,0.0529781,0.0451535,0.0512858,0,0,0,0,0,0,0,0,0,1,1,1,1,1,1,1,1,1,1,1,1,1,0,0,0,0,0,0,0,0,0,1,1,1,1,1,1,1,1,1,1,1,1,1,0,0,0,0,0,0,0,0,0,1,0,0,0,0,0,0,0,0,0,0,0,0,0,0,0,0,0,0,0,0,0,0,13,0,0,0,0,0,0,0,0,0,0,0,0,0,0,0,0,0,0,0,0,0,0,0,0,0,0,0,0,0,0,0,0,0,0,0,0,0,0,0,0,0,0,0,0,0,0,0,0
0.392995,0.592525,0.698177,0,0,0,0,7.57992e-09,-6.12926e-08,-4.46957e-08,2068,465,466,474,475,476,484,485,2058,2059,2067,2069,2077,2078,0,0,0,0,0,0,0,0,0,465,466,474,475,476,484,485,2058,2059,2067,2069,2077,2078,0,0,0,0,0,0,0,0,0,0.111272,0.108423,0.111925,0.0999993,0.111594,0.108768,0.111289,0.0516916,0.0446926,0.0527394,0.0517702,0.0456549,0.0516996,0,0,0,0,0,0,0,0,0,0.111319,0.108394,0.111954,0.1,0.111574,0.108765,0.111303,0.0514972,0.0440648,0.0529781,0.0520623,0.0450628,0.0514586,0,0,0,0,0,0,0,0,0,1,1,1,1,1,1,1,1,1,1,1,1,1,0,0,0,0,0,0,0,0,0,1,1,1,1,1,1,1,1,1,1,1,1,1,0,0,0,0,0,0,0,0,0,1,0,0,0,0,0,0,0,0,0,0,0,0,0,0,0,0,0,0,0,0,0,0,13,0,0,0,0,0,0,0,0,0,0,0,0,0,0,0,0,0,0,0,0,0,0,0,0,0,0,0,0,0,0,0,0,0,0,0,0,0,0,0,0,0,0,0,0,0,0,0,0
0.37189,0.578143,0.743209,0,0,0,0,4.66168e-09,-5.40479e-08,-4.40062e-08,2069,466,467,475,476,477,485,486,2059,2060,2068,2070,2078,2079,0,0,0,0,0,0,0,0,0,466,467,475,476,477,485,486,2059,2060,2068,2070,2078,2079,0,0,0,0,0,0,0,0,0,0.111346,0.10835,0.111524,0.0999803,0.111139,0.108715,0.111335,0.0518888,0.0445663,0.0517702,0.0506919,0.0455726,0.0518639,0,0,0,0,0,0,0,0,0,0.11137,0.108317,0.111565,0.1,0.111141,0.108704,0.111337,0.0516162,0.0438519,0.0520623,0.0510285,0.0448967,0.0515383,0,0,0,0,0,0,0,0,0,1,1,1,1,1,1,1,1,1,1,1,1,1,0,0,0,0,0,0,0,0,0,1,1,1,1,1,1,1,1,1,1,1,1,1,0,0,0,0,0,0,0,0,0,1,0,0,0,0,0,0,0,0,0,0,0,0,0,0,0,0,0,0,0,0,0,0,13,0,0,0,0,0,0,0,0,0,0,0,0,0,0,0,0,0,0,0,0,0,0,0,0,0,0,0,0,0,0,0,0,0,0,0,0,0,0,0,0,0,0,0,0,0,0,0,0
0.350001,0.562563,0.786195,0,0,0,0,2.39974e-09,-4.74033e-08,-4.2999e-08,2070,467,468,476,477,478,486,487,2060,2061,2069,2071,2079,2080,0,0,0,0,0,0,0,0,0,467,468,476,477,478,486,487,2060,2061,2069,2071,2079,2080,0,0,0,0,0,0,0,0,0,0.111392,0.108246,0.111086,0.0999597,0.110662,0.108634,0.111362,0.0520203,0.0443737,0.0506919,0.0495717,0.045413,0.0519998,0,0,0,0,0,0,0,0,0,0.111384,0.108219,0.111133,0.1,0.110692,0.108617,0.111349,0.0516477,0.0435776,0.0510285,0.0499386,0.0446607,0.0515662,0,0,0,0,0,0,0,0,0,1,1,1,1,1,1,1,1,1,1,1,1,1,0,0,0,0,0,0,0,0,0,1,1,1,1,1,1,1,1,1,1,1,1,1,0,0,0,0,0,0,0,0,0,1,0,0,0,0,0,0,0,0,0,0,0,0,0,0,0,0,0,0,0,0,0,0,13,0,0,0,0,0,0,0,0,0,0,0,0,0,0,0,0,0,0,0,0,0,0,0,0,0,0,0,0,0,0,0,0,0,0,0,0,0,0,0,0,0,0,0,0,0,0,0,0
0.327514,0.545943,0.827128,0,0,0,0,6.94075e-10,-4.12865e-08,-4.17004e-08,2071,468,469,477,478,479,487,488,2061,2062,2070,2072,2080,2081,0,0,0,0,0,0,0,0,0,468,469,477,478,479,487,488,2061,2062,2070,2072,2080,2081,0,0,0,0,0,0,0,0,0,0.111425,0.108111,0.110639,0.0999365,0.110203,0.10853,0.111398,0.0521325,0.0441279,0.0495717,0.0485212,0.0451894,0.0521685,0,0,0,0,0,0,0,0,0,0.111378,0.1081,0.110685,0.1,0.11027,0.108507,0.111363,0.0516316,0.0432467,0.0499386,0.0488973,0.0443605,0.0515981,0,0,0,0,0,0,0,0,0,1,1,1,1,1,1,1,1,1,1,1,1,1,0,0,0,0,0,0,0,0,0,1,1,1,1,1,1,1,1,1,1,1,1,1,0,0,0,0,0,0,0,0,0,1,0,0,0,0,0,0,0,0,0,0,0,0,0,0,0,0,0,0,0,0,0,0,13,0,0,0,0,0,0,0,0,0,0,0,0,0,0,0,0,0,0,0,0,0,0,0,0,0,0,0,0,0,0,0,0,0,0,0,0,0,0,0,0,0,0,0,0,0,0,0,0
0.304558,0.528385,0.866103,0,0,0,0,-5.33941e-10,-3.56203e-08,-4.01281e-08,2072,76,77,469,470,478,479,488,1669,1670,2062,2063,2071,2081,0,0,0,0,0,0,0,0,0,76,77,469,470,478,479,488,1669,1670,2062,2063,2071,2081,0,0,0,0,0,0,0,0,0,0.109831,0.111486,0.111474,0.107938,0.110224,0.0999088,0.10841,0.0477542,0.0524487,0.052293,0.0438358,0.0485212,0.0449134,0,0,0,0,0,0,0,0,0,0.109953,0.111414,0.111377,0.107963,0.110264,0.1,0.108376,0.048103,0.051718,0.0516292,0.0428613,0.0488973,0.044,0,0,0,0,0,0,0,0,0,1,1,1,1,1,1,1,1,1,1,1,1,1,0,0,0,0,0,0,0,0,0,1,1,1,1,1,1,1,1,1,1,1,1,1,0,0,0,0,0,0,0,0,0,1,0,0,0,0,0,0,0,0,0,0,0,0,0,0,0,0,0,0,0,0,0,0,13,0,0,0,0,0,0,0,0,0,0,0,0,0,0,0,0,0,0,0,0,0,0,0,0,0,0,0,0,0,0,0,0,0,0,0,0,0,0,0,0,0,0,0,0,0,0,0,0
0.500666,0.612651,0.483116,0,0,0,0,4.13364e-08,-9.04804e-08,-2.76356e-08,2073,471,480,481,489,2064,2074,2082,0,0,0,0,0,0,0,0,0,0,0,0,0,0,0,471,480,481,489,2064,2074,2082,0,0,0,0,0,0,0,0,0,0,0,0,0,0,0,0.108648,0.100013,0.112902,0.110363,0.045025,0.0549606,0.0491923,0,0,0,0,0,0,0,0,0,0,0,0,0,0,0,0.108715,0.1,0.112863,0.110349,0.0449481,0.0550399,0.0491407,0,0,0,0,0,0,0,0,0,0,0,0,0,0,0,1,1,1,1,1,1,1,0,0,0,0,0,0,0,0,0,0,0,0,0,0,0,1,1,1,1,1,1,1,0,0,0,0,0,0,0,0,0,0,0,0,0,0,0,1,0,0,0,0,0,0,0,0,0,0,0,0,0,0,0,0,0,0,0,0,0,0,7,0,0,0,0,0,0,0,0,0,0,0,0,0,0,0,0,0,0,0,0,0,0,0,0,0,0,0,0,0,0,0,0,0,0,0,0,0,0,0,0,0,0,0,0,0,0,0,0
0.485902,0.605331,0.535548,0,0,0,0,3.21662e-08,-7.95357e-08,-2.87066e-08,2074,471,472,480,481,482,489,490,2064,2065,2073,2075,2082,2083,0,0,0,0,0,0,0,0,0,471,472,480,481,482,489,490,2064,2065,2073,2075,2082,2083,0,0,0,0,0,0,0,0,0,0.110599,0.108699,0.112955,0.100043,0.112894,0.10897,0.110632,0.0498979,0.0453199,0.0549606,0.0548939,0.0459236,0.0500665,0,0,0,0,0,0,0,0,0,0.110637,0.108772,0.112849,0.1,0.112839,0.109018,0.110687,0.0498531,0.0450975,0.0550399,0.0549875,0.0457451,0.0499732,0,0,0,0,0,0,0,0,0,1,1,1,1,1,1,1,1,1,1,1,1,1,0,0,0,0,0,0,0,0,0,1,1,1,1,1,1,1,1,1,1,1,1,1,0,0,0,0,0,0,0,0,0,1,0,0,0,0,0,0,0,0,0,0,0,0,0,0,0,0,0,0,0,0,0,0,13,0,0,0,0,0,0,0,0,0,0,0,0,0,0,0,0,0,0,0,0,0,0,0,0,0,0,0,0,0,0,0,0,0,0,0,0,0,0,0,0,0,0,0,0,0,0,0,0
0.469419,0.596014,0.587073,0,0,0,0,2.49343e-08,-7.01232e-08,-2.96065e-08,2075,472,473,481,482,483,490,491,2065,2066,2074,2076,2083,2084,0,0,0,0,0,0,0,0,0,472,473,481,482,483,490,491,2065,2066,2074,2076,2083,2084,0,0,0,0,0,0,0,0,0,0.110818,0.108784,0.112902,0.10004,0.112708,0.109037,0.110876,0.0505828,0.0455424,0.0548939,0.0544175,0.0462073,0.0506598,0,0,0,0,0,0,0,0,0,0.110912,0.108799,0.112826,0.1,0.112656,0.109074,0.110919,0.0505234,0.0451652,0.0549875,0.0545733,0.0458899,0.0505388,0,0,0,0,0,0,0,0,0,1,1,1,1,1,1,1,1,1,1,1,1,1,0,0,0,0,0,0,0,0,0,1,1,1,1,1,1,1,1,1,1,1,1,1,0,0,0,0,0,0,0,0,0,1,0,0,0,0,0,0,0,0,0,0,0,0,0,0,0,0,0,0,0,0,0,0,13,0,0,0,0,0,0,0,0,0,0,0,0,0,0,0,0,0,0,0,0,0,0,0,0,0,0,0,0,0,0,0,0,0,0,0,0,0,0,0,0,0,0,0,0,0,0,0,0
0.451327,0.584882,0.637173,0,0,0,0,1.91045e-08,-6.17619e-08,-3.01311e-08,2076,473,474,482,483,484,491,492,2066,2067,2075,2077,2084,2085,0,0,0,0,0,0,0,0,0,473,474,482,483,484,491,492,2066,2067,2075,2077,2084,2085,0,0,0,0,0,0,0,0,0,0.111027,0.10881,0.11266,0.100023,0.112407,0.109092,0.111038,0.0511004,0.045648,0.0544175,0.0536966,0.0464087,0.0510806,0,0,0,0,0,0,0,0,0,0.111104,0.108795,0.112644,0.1,0.112368,0.109101,0.111074,0.0509858,0.0451535,0.0545733,0.0539135,0.0459592,0.0509139,0,0,0,0,0,0,0,0,0,1,1,1,1,1,1,1,1,1,1,1,1,1,0,0,0,0,0,0,0,0,0,1,1,1,1,1,1,1,1,1,1,1,1,1,0,0,0,0,0,0,0,0,0,1,0,0,0,0,0,0,0,0,0,0,0,0,0,0,0,0,0,0,0,0,0,0,13,0,0,0,0,0,0,0,0,0,0,0,0,0,0,0,0,0,0,0,0,0,0,0,0,0,0,0,0,0,0,0,0,0,0,0,0,0,0,0,0,0,0,0,0,0,0,0,0
0.431835,0.572118,0.685551,0,0,0,0,1.432e-08,-5.42177e-08,-3.03265e-08,2077,474,475,483,484,485,492,493,2067,2068,2076,2078,2085,2086,0,0,0,0,0,0,0,0,0,474,475,483,484,485,492,493,2067,2068,2076,2078,2085,2086,0,0,0,0,0,0,0,0,0,0.111168,0.108796,0.112341,0.100007,0.112029,0.109102,0.111142,0.0514588,0.0456549,0.0536966,0.052799,0.046498,0.0513716,0,0,0,0,0,0,0,0,0,0.11123,0.108763,0.112357,0.1,0.112004,0.109097,0.111172,0.0512858,0.0450628,0.0539135,0.0530713,0.0459437,0.0511487,0,0,0,0,0,0,0,0,0,1,1,1,1,1,1,1,1,1,1,1,1,1,0,0,0,0,0,0,0,0,0,1,1,1,1,1,1,1,1,1,1,1,1,1,0,0,0,0,0,0,0,0,0,1,0,0,0,0,0,0,0,0,0,0,0,0,0,0,0,0,0,0,0,0,0,0,13,0,0,0,0,0,0,0,0,0,0,0,0,0,0,0,0,0,0,0,0,0,0,0,0,0,0,0,0,0,0,0,0,0,0,0,0,0,0,0,0,0,0,0,0,0,0,0,0
0.41116,0.557911,0.73201,0,0,0,0,1.04115e-08,-4.73941e-08,-3.02238e-08,2078,475,476,484,485,486,493,494,2068,2069,2077,2079,2086,2087,0,0,0,0,0,0,0,0,0,475,476,484,485,486,493,494,2068,2069,2077,2079,2086,2087,0,0,0,0,0,0,0,0,0,0.11126,0.108744,0.111962,0.0999904,0.111597,0.109075,0.111206,0.0516996,0.0455726,0.052799,0.0517806,0.046484,0.0515782,0,0,0,0,0,0,0,0,0,0.111302,0.108702,0.111994,0.1,0.11159,0.10906,0.111229,0.0514586,0.0448967,0.0530713,0.0520987,0.0458438,0.051285,0,0,0,0,0,0,0,0,0,1,1,1,1,1,1,1,1,1,1,1,1,1,0,0,0,0,0,0,0,0,0,1,1,1,1,1,1,1,1,1,1,1,1,1,0,0,0,0,0,0,0,0,0,1,0,0,0,0,0,0,0,0,0,0,0,0,0,0,0,0,0,0,0,0,0,0,13,0,0,0,0,0,0,0,0,0,0,0,0,0,0,0,0,0,0,0,0,0,0,0,0,0,0,0,0,0,0,0,0,0,0,0,0,0,0,0,0,0,0,0,0,0,0,0,0
0.389524,0.542438,0.776437,0,0,0,0,7.25263e-09,-4.12076e-08,-2.98467e-08,2079,476,477,485,486,487,494,495,2069,2070,2078,2080,2087,2088,0,0,0,0,0,0,0,0,0,476,477,485,486,487,494,495,2069,2070,2078,2080,2087,2088,0,0,0,0,0,0,0,0,0,0.111319,0.108657,0.111542,0.099972,0.111139,0.109016,0.11125,0.0518639,0.045413,0.0517806,0.0507079,0.0463794,0.0517511,0,0,0,0,0,0,0,0,0,0.111337,0.108615,0.111581,0.1,0.111154,0.108993,0.111264,0.0515383,0.0446607,0.0520987,0.0510581,0.0456643,0.0513682,0,0,0,0,0,0,0,0,0,1,1,1,1,1,1,1,1,1,1,1,1,1,0,0,0,0,0,0,0,0,0,1,1,1,1,1,1,1,1,1,1,1,1,1,0,0,0,0,0,0,0,0,0,1,0,0,0,0,0,0,0,0,0,0,0,0,0,0,0,0,0,0,0,0,0,0,13,0,0,0,0,0,0,0,0,0,0,0,0,0,0,0,0,0,0,0,0,0,0,0,0,0,0,0,0,0,0,0,0,0,0,0,0,0,0,0,0,0,0,0,0,0,0,0,0
0.367127,0.525854,0.8188,0,0,0,0,4.73811e-09,-3.5574e-08,-2.92122e-08,2080,477,478,486,487,488,495,496,2070,2071,2079,2081,2088,2089,0,0,0,0,0,0,0,0,0,477,478,486,487,488,495,496,2070,2071,2079,2081,2088,2089,0,0,0,0,0,0,0,0,0,0.111363,0.108536,0.111107,0.0999514,0.110693,0.108928,0.111298,0.0519998,0.0451894,0.0507079,0.0496856,0.0461984,0.0519487,0,0,0,0,0,0,0,0,0,0.111349,0.108506,0.111146,0.1,0.110737,0.108899,0.1113,0.0515662,0.0443605,0.0510581,0.0500482,0.0454115,0.0514519,0,0,0,0,0,0,0,0,0,1,1,1,1,1,1,1,1,1,1,1,1,1,0,0,0,0,0,0,0,0,0,1,1,1,1,1,1,1,1,1,1,1,1,1,0,0,0,0,0,0,0,0,0,1,0,0,0,0,0,0,0,0,0,0,0,0,0,0,0,0,0,0,0,0,0,0,13,0,0,0,0,0,0,0,0,0,0,0,0,0,0,0,0,0,0,0,0,0,0,0,0,0,0,0,0,0,0,0,0,0,0,0,0,0,0,0,0,0,0,0,0,0,0,0,0
0.344113,0.50827,0.859171,0,0,0,0,2.78109e-09,-3.04082e-08,-2.83322e-08,2081,77,78,478,479,487,488,496,1670,1671,2071,2072,2080,2089,0,0,0,0,0,0,0,0,0,77,78,478,479,487,488,496,1670,1671,2071,2072,2080,2089,0,0,0,0,0,0,0,0,0,0.110313,0.111387,0.111415,0.108379,0.110699,0.0999267,0.10882,0.0488776,0.0522315,0.0521685,0.0449134,0.0496856,0.0459534,0,0,0,0,0,0,0,0,0,0.110401,0.111362,0.111363,0.108374,0.11073,0.1,0.108779,0.0492207,0.0515997,0.0515981,0.044,0.0500482,0.0450889,0,0,0,0,0,0,0,0,0,1,1,1,1,1,1,1,1,1,1,1,1,1,0,0,0,0,0,0,0,0,0,1,1,1,1,1,1,1,1,1,1,1,1,1,0,0,0,0,0,0,0,0,0,1,0,0,0,0,0,0,0,0,0,0,0,0,0,0,0,0,0,0,0,0,0,0,13,0,0,0,0,0,0,0,0,0,0,0,0,0,0,0,0,0,0,0,0,0,0,0,0,0,0,0,0,0,0,0,0,0,0,0,0,0,0,0,0,0,0,0,0,0,0,0,0
0.521099,0.582828,0.516476,0,0,0,0,4.44749e-08,-7.22334e-08,-1.26762e-08,2082,480,481,489,490,497,498,2073,2074,2083,2090,2091,0,0,0,0,0,0,0,0,0,0,0,480,481,489,490,497,498,2073,2074,2083,2090,2091,0,0,0,0,0,0,0,0,0,0,0,0.110241,0.108971,0.1001,0.113196,0.109141,0.110331,0.0491923,0.0459236,0.0555002,0.0462018,0.0492784,0,0,0,0,0,0,0,0,0,0,0,0.110348,0.109015,0.1,0.113114,0.109151,0.110366,0.0491407,0.0457451,0.0556079,0.0460974,0.0491857,0,0,0,0,0,0,0,0,0,0,0,1,1,1,1,1,1,1,1,1,1,1,0,0,0,0,0,0,0,0,0,0,0,1,1,1,1,1,1,1,1,1,1,1,0,0,0,0,0,0,0,0,0,0,0,1,0,0,0,0,0,0,0,0,0,0,0,0,0,0,0,0,0,0,0,0,0,0,11,0,0,0,0,0,0,0,0,0,0,0,0,0,0,0,0,0,0,0,0,0,0,0,0,0,0,0,0,0,0,0,0,0,0,0,0,0,0,0,0,0,0,0,0,0,0,0,0
0.505725,0.573837,0.569041,0,0,0,0,3.58536e-08,-6.2834e-08,-1.36643e-08,2083,481,482,489,490,491,498,499,2074,2075,2082,2084,2091,2092,0,0,0,0,0,0,0,0,0,481,482,489,490,491,498,499,2074,2075,2082,2084,2091,2092,0,0,0,0,0,0,0,0,0,0.110643,0.109048,0.113122,0.100043,0.113029,0.109232,0.110608,0.0500665,0.0462073,0.0555002,0.0551537,0.0466513,0.0500305,0,0,0,0,0,0,0,0,0,0.110686,0.109071,0.1131,0.1,0.112978,0.109255,0.110654,0.0499732,0.0458899,0.0556079,0.0553033,0.0463652,0.0498963,0,0,0,0,0,0,0,0,0,1,1,1,1,1,1,1,1,1,1,1,1,1,0,0,0,0,0,0,0,0,0,1,1,1,1,1,1,1,1,1,1,1,1,1,0,0,0,0,0,0,0,0,0,1,0,0,0,0,0,0,0,0,0,0,0,0,0,0,0,0,0,0,0,0,0,0,13,0,0,0,0,0,0,0,0,0,0,0,0,0,0,0,0,0,0,0,0,0,0,0,0,0,0,0,0,0,0,0,0,0,0,0,0,0,0,0,0,0,0,0,0,0,0,0,0
0.488627,0.562991,0.620344,0,0,0,0,2.87278e-08,-5.4659e-08,-1.45144e-08,2084,482,483,490,491,492,499,500,2075,2076,2083,2085,2092,2093,0,0,0,0,0,0,0,0,0,482,483,490,491,492,499,500,2075,2076,2083,2085,2092,2093,0,0,0,0,0,0,0,0,0,0.110849,0.109111,0.11298,0.10003,0.112764,0.109319,0.110804,0.0506598,0.0464087,0.0551537,0.0545274,0.046967,0.0505351,0,0,0,0,0,0,0,0,0,0.110918,0.109099,0.112965,0.1,0.112726,0.10933,0.110845,0.0505388,0.0459592,0.0553033,0.0547326,0.0465579,0.0503641,0,0,0,0,0,0,0,0,0,1,1,1,1,1,1,1,1,1,1,1,1,1,0,0,0,0,0,0,0,0,0,1,1,1,1,1,1,1,1,1,1,1,1,1,0,0,0,0,0,0,0,0,0,1,0,0,0,0,0,0,0,0,0,0,0,0,0,0,0,0,0,0,0,0,0,0,13,0,0,0,0,0,0,0,0,0,0,0,0,0,0,0,0,0,0,0,0,0,0,0,0,0,0,0,0,0,0,0,0,0,0,0,0,0,0,0,0,0,0,0,0,0,0,0,0
0.469944,0.550475,0.670018,0,0,0,0,2.27592e-08,-4.74201e-08,-1.5154e-08,2085,483,484,491,492,493,500,501,2076,2077,2084,2086,2093,2094,0,0,0,0,0,0,0,0,0,483,484,491,492,493,500,501,2076,2077,2084,2086,2093,2094,0,0,0,0,0,0,0,0,0,0.111007,0.109129,0.112706,0.100015,0.112416,0.109374,0.110934,0.0510806,0.046498,0.0545274,0.0537092,0.0471686,0.0508897,0,0,0,0,0,0,0,0,0,0.111074,0.109094,0.112714,0.1,0.112392,0.109368,0.110972,0.0509139,0.0459437,0.0547326,0.053969,0.0466525,0.0506718,0,0,0,0,0,0,0,0,0,1,1,1,1,1,1,1,1,1,1,1,1,1,0,0,0,0,0,0,0,0,0,1,1,1,1,1,1,1,1,1,1,1,1,1,0,0,0,0,0,0,0,0,0,1,0,0,0,0,0,0,0,0,0,0,0,0,0,0,0,0,0,0,0,0,0,0,13,0,0,0,0,0,0,0,0,0,0,0,0,0,0,0,0,0,0,0,0,0,0,0,0,0,0,0,0,0,0,0,0,0,0,0,0,0,0,0,0,0,0,0,0,0,0,0,0
0.449889,0.536468,0.717833,0,0,0,0,1.77561e-08,-4.09702e-08,-1.55791e-08,2086,484,485,492,493,494,501,502,2077,2078,2085,2087,2094,2095,0,0,0,0,0,0,0,0,0,484,485,492,493,494,501,502,2077,2078,2085,2087,2094,2095,0,0,0,0,0,0,0,0,0,0.111118,0.109106,0.112355,0.0999995,0.11201,0.109386,0.111021,0.0513716,0.046484,0.0537092,0.0527584,0.0472524,0.0511523,0,0,0,0,0,0,0,0,0,0.111172,0.109057,0.112381,0.1,0.112002,0.109367,0.111057,0.0511487,0.0458438,0.053969,0.0530665,0.0466485,0.0508756,0,0,0,0,0,0,0,0,0,1,1,1,1,1,1,1,1,1,1,1,1,1,0,0,0,0,0,0,0,0,0,1,1,1,1,1,1,1,1,1,1,1,1,1,0,0,0,0,0,0,0,0,0,1,0,0,0,0,0,0,0,0,0,0,0,0,0,0,0,0,0,0,0,0,0,0,13,0,0,0,0,0,0,0,0,0,0,0,0,0,0,0,0,0,0,0,0,0,0,0,0,0,0,0,0,0,0,0,0,0,0,0,0,0,0,0,0,0,0,0,0,0,0,0,0
0.428687,0.521137,0.763646,0,0,0,0,1.35886e-08,-3.52061e-08,-1.5794e-08,2087,485,486,493,494,495,502,503,2078,2079,2086,2088,2095,2096,0,0,0,0,0,0,0,0,0,485,486,493,494,495,502,503,2078,2079,2086,2088,2095,2096,0,0,0,0,0,0,0,0,0,0.111193,0.109045,0.111957,0.0999835,0.111575,0.10936,0.111089,0.0515782,0.0463794,0.0527584,0.0517432,0.0472306,0.0513811,0,0,0,0,0,0,0,0,0,0.11123,0.10899,0.111992,0.1,0.111586,0.109331,0.111121,0.051285,0.0456643,0.0530665,0.0520884,0.0465522,0.0510293,0,0,0,0,0,0,0,0,0,1,1,1,1,1,1,1,1,1,1,1,1,1,0,0,0,0,0,0,0,0,0,1,1,1,1,1,1,1,1,1,1,1,1,1,0,0,0,0,0,0,0,0,0,1,0,0,0,0,0,0,0,0,0,0,0,0,0,0,0,0,0,0,0,0,0,0,13,0,0,0,0,0,0,0,0,0,0,0,0,0,0,0,0,0,0,0,0,0,0,0,0,0,0,0,0,0,0,0,0,0,0,0,0,0,0,0,0,0,0,0,0,0,0,0,0
0.406548,0.50463,0.807404,0,0,0,0,1.01492e-08,-3.00297e-08,-1.58025e-08,2088,486,487,494,495,496,503,504,2079,2080,2087,2089,2096,2097,0,0,0,0,0,0,0,0,0,486,487,494,495,496,503,504,2079,2080,2087,2089,2096,2097,0,0,0,0,0,0,0,0,0,0.111253,0.108947,0.11154,0.0999657,0.111149,0.109301,0.111162,0.0517511,0.0461984,0.0517432,0.0507648,0.047118,0.0516353,0,0,0,0,0,0,0,0,0,0.111265,0.108896,0.111577,0.1,0.111184,0.109263,0.111188,0.0513682,0.0454115,0.0520884,0.0511305,0.0463707,0.0511882,0,0,0,0,0,0,0,0,0,1,1,1,1,1,1,1,1,1,1,1,1,1,0,0,0,0,0,0,0,0,0,1,1,1,1,1,1,1,1,1,1,1,1,1,0,0,0,0,0,0,0,0,0,1,0,0,0,0,0,0,0,0,0,0,0,0,0,0,0,0,0,0,0,0,0,0,13,0,0,0,0,0,0,0,0,0,0,0,0,0,0,0,0,0,0,0,0,0,0,0,0,0,0,0,0,0,0,0,0,0,0,0,0,0,0,0,0,0,0,0,0,0,0,0,0
0.383629,0.487061,0.849155,0,0,0,0,7.34573e-09,-2.53455e-08,-1.56076e-08,2089,78,79,487,488,495,496,504,1671,1672,2080,2081,2088,2097,0,0,0,0,0,0,0,0,0,78,79,487,488,495,496,504,1671,1672,2080,2081,2088,2097,0,0,0,0,0,0,0,0,0,0.110774,0.111267,0.111318,0.10881,0.111145,0.0999448,0.109213,0.0499538,0.0519572,0.0519487,0.0459534,0.0507648,0.0469256,0,0,0,0,0,0,0,0,0,0.110846,0.111275,0.111301,0.108776,0.111176,0.1,0.109163,0.0503133,0.0513964,0.0514519,0.0450889,0.0511305,0.0461062,0,0,0,0,0,0,0,0,0,1,1,1,1,1,1,1,1,1,1,1,1,1,0,0,0,0,0,0,0,0,0,1,1,1,1,1,1,1,1,1,1,1,1,1,0,0,0,0,0,0,0,0,0,1,0,0,0,0,0,0,0,0,0,0,0,0,0,0,0,0,0,0,0,0,0,0,13,0,0,0,0,0,0,0,0,0,0,0,0,0,0,0,0,0,0,0,0,0,0,0,0,0,0,0,0,0,0,0,0,0,0,0,0,0,0,0,0,0,0,0,0,0,0,0,0
0.554509,0.559407,0.4948,0,0,0,0,5.90268e-08,-6.61617e-08,3.79989e-09,2090,489,497,498,505,2082,2091,2098,0,0,0,0,0,0,0,0,0,0,0,0,0,0,0,489,497,498,505,2082,2091,2098,0,0,0,0,0,0,0,0,0,0,0,0,0,0,0,0.109096,0.100005,0.113398,0.109966,0.0462018,0.0560348,0.0482536,0,0,0,0,0,0,0,0,0,0,0,0,0,0,0,0.109149,0.1,0.113359,0.109959,0.0460974,0.0561532,0.0481669,0,0,0,0,0,0,0,0,0,0,0,0,0,0,0,1,1,1,1,1,1,1,0,0,0,0,0,0,0,0,0,0,0,0,0,0,0,1,1,1,1,1,1,1,0,0,0,0,0,0,0,0,0,0,0,0,0,0,0,1,0,0,0,0,0,0,0,0,0,0,0,0,0,0,0,0,0,0,0,0,0,0,7,0,0,0,0,0,0,0,0,0,0,0,0,0,0,0,0,0,0,0,0,0,0,0,0,0,0,0,0,0,0,0,0,0,0,0,0,0,0,0,0,0,0,0,0,0,0,0,0
0.540519,0.550651,0.548349,0,0,0,0,4.85684e-08,-5.61537e-08,2.59864e-09,2091,489,490,497,498,499,505,506,2082,2083,2090,2092,2098,2099,0,0,0,0,0,0,0,0,0,489,490,497,498,499,505,506,2082,2083,2090,2092,2098,2099,0,0,0,0,0,0,0,0,0,0.110268,0.10923,0.113444,0.100044,0.113293,0.109217,0.110268,0.0492784,0.0466513,0.0560348,0.0557653,0.046587,0.0491922,0,0,0,0,0,0,0,0,0,0.110366,0.109252,0.113344,0.1,0.113253,0.10925,0.110313,0.0491857,0.0463652,0.0561532,0.0559179,0.0463533,0.0490549,0,0,0,0,0,0,0,0,0,1,1,1,1,1,1,1,1,1,1,1,1,1,0,0,0,0,0,0,0,0,0,1,1,1,1,1,1,1,1,1,1,1,1,1,0,0,0,0,0,0,0,0,0,1,0,0,0,0,0,0,0,0,0,0,0,0,0,0,0,0,0,0,0,0,0,0,13,0,0,0,0,0,0,0,0,0,0,0,0,0,0,0,0,0,0,0,0,0,0,0,0,0,0,0,0,0,0,0,0,0,0,0,0,0,0,0,0,0,0,0,0,0,0,0,0
0.524616,0.54005,0.600737,0,0,0,0,4.01271e-08,-4.8074e-08,1.54903e-09,2092,490,491,498,499,500,506,507,2083,2084,2091,2093,2099,2100,0,0,0,0,0,0,0,0,0,490,491,498,499,500,506,507,2083,2084,2091,2093,2099,2100,0,0,0,0,0,0,0,0,0,0.110583,0.109337,0.113271,0.100034,0.113065,0.109405,0.1105,0.0500305,0.046967,0.0557653,0.0552251,0.047177,0.0498054,0,0,0,0,0,0,0,0,0,0.110654,0.109327,0.113239,0.1,0.113032,0.109425,0.110542,0.0498963,0.0465579,0.0559179,0.0554239,0.0468054,0.0496237,0,0,0,0,0,0,0,0,0,1,1,1,1,1,1,1,1,1,1,1,1,1,0,0,0,0,0,0,0,0,0,1,1,1,1,1,1,1,1,1,1,1,1,1,0,0,0,0,0,0,0,0,0,1,0,0,0,0,0,0,0,0,0,0,0,0,0,0,0,0,0,0,0,0,0,0,13,0,0,0,0,0,0,0,0,0,0,0,0,0,0,0,0,0,0,0,0,0,0,0,0,0,0,0,0,0,0,0,0,0,0,0,0,0,0,0,0,0,0,0,0,0,0,0,0
0.506953,0.527762,0.651598,0,0,0,0,3.29253e-08,-4.10643e-08,5.78196e-10,2093,491,492,499,500,501,507,508,2084,2085,2092,2094,2100,2101,0,0,0,0,0,0,0,0,0,491,492,499,500,501,507,508,2084,2085,2092,2094,2100,2101,0,0,0,0,0,0,0,0,0,0.110778,0.1094,0.113017,0.100021,0.112749,0.109541,0.110659,0.0505351,0.0471686,0.0552251,0.0544875,0.0475684,0.0502336,0,0,0,0,0,0,0,0,0,0.110846,0.109364,0.113019,0.1,0.112729,0.109537,0.1107,0.0503641,0.0466525,0.0554239,0.0547391,0.0470909,0.050011,0,0,0,0,0,0,0,0,0,1,1,1,1,1,1,1,1,1,1,1,1,1,0,0,0,0,0,0,0,0,0,1,1,1,1,1,1,1,1,1,1,1,1,1,0,0,0,0,0,0,0,0,0,1,0,0,0,0,0,0,0,0,0,0,0,0,0,0,0,0,0,0,0,0,0,0,13,0,0,0,0,0,0,0,0,0,0,0,0,0,0,0,0,0,0,0,0,0,0,0,0,0,0,0,0,0,0,0,0,0,0,0,0,0,0,0,0,0,0,0,0,0,0,0,0
0.487725,0.513954,0.700675,0,0,0,0,2.67551e-08,-3.49253e-08,-2.84369e-10,2094,492,493,500,501,502,508,509,2085,2086,2093,2095,2101,2102,0,0,0,0,0,0,0,0,0,492,493,500,501,502,508,509,2085,2086,2093,2095,2101,2102,0,0,0,0,0,0,0,0,0,0.110913,0.109417,0.112694,0.100007,0.112373,0.109617,0.110775,0.0508897,0.0472524,0.0544875,0.0536122,0.0478048,0.0505669,0,0,0,0,0,0,0,0,0,0.110974,0.109364,0.112717,0.1,0.112369,0.109595,0.110816,0.0506718,0.0466485,0.0547391,0.0539143,0.0472391,0.0502937,0,0,0,0,0,0,0,0,0,1,1,1,1,1,1,1,1,1,1,1,1,1,0,0,0,0,0,0,0,0,0,1,1,1,1,1,1,1,1,1,1,1,1,1,0,0,0,0,0,0,0,0,0,1,0,0,0,0,0,0,0,0,0,0,0,0,0,0,0,0,0,0,0,0,0,0,13,0,0,0,0,0,0,0,0,0,0,0,0,0,0,0,0,0,0,0,0,0,0,0,0,0,0,0,0,0,0,0,0,0,0,0,0,0,0,0,0,0,0,0,0,0,0,0,0
0.467156,0.498781,0.747802,0,0,0,0,2.1489e-08,-2.95311e-08,-1.02251e-09,2095,493,494,501,502,503,509,510,2086,2087,2094,2096,2102,2103,0,0,0,0,0,0,0,0,0,493,494,501,502,503,509,510,2086,2087,2094,2096,2102,2103,0,0,0,0,0,0,0,0,0,0.111011,0.109392,0.112323,0.0999935,0.111967,0.109643,0.110876,0.0511523,0.0472306,0.0536122,0.0526678,0.0479099,0.0508767,0,0,0,0,0,0,0,0,0,0.111059,0.109328,0.112358,0.1,0.11198,0.109609,0.110917,0.0508756,0.0465522,0.0539143,0.0530127,0.0472707,0.0505389,0,0,0,0,0,0,0,0,0,1,1,1,1,1,1,1,1,1,1,1,1,1,0,0,0,0,0,0,0,0,0,1,1,1,1,1,1,1,1,1,1,1,1,1,0,0,0,0,0,0,0,0,0,1,0,0,0,0,0,0,0,0,0,0,0,0,0,0,0,0,0,0,0,0,0,0,13,0,0,0,0,0,0,0,0,0,0,0,0,0,0,0,0,0,0,0,0,0,0,0,0,0,0,0,0,0,0,0,0,0,0,0,0,0,0,0,0,0,0,0,0,0,0,0,0
0.445465,0.482375,0.792904,0,0,0,0,1.70237e-08,-2.47687e-08,-1.62402e-09,2096,494,495,502,503,504,510,511,2087,2088,2095,2097,2103,2104,0,0,0,0,0,0,0,0,0,494,495,502,503,504,510,511,2087,2088,2095,2097,2103,2104,0,0,0,0,0,0,0,0,0,0.111093,0.109325,0.111931,0.0999786,0.111569,0.109628,0.11099,0.0513811,0.047118,0.0526678,0.0517558,0.0479047,0.0512287,0,0,0,0,0,0,0,0,0,0.111123,0.109259,0.11197,0.1,0.111604,0.109582,0.111029,0.0510293,0.0463707,0.0530127,0.0521311,0.0471996,0.050809,0,0,0,0,0,0,0,0,0,1,1,1,1,1,1,1,1,1,1,1,1,1,0,0,0,0,0,0,0,0,0,1,1,1,1,1,1,1,1,1,1,1,1,1,0,0,0,0,0,0,0,0,0,1,0,0,0,0,0,0,0,0,0,0,0,0,0,0,0,0,0,0,0,0,0,0,13,0,0,0,0,0,0,0,0,0,0,0,0,0,0,0,0,0,0,0,0,0,0,0,0,0,0,0,0,0,0,0,0,0,0,0,0,0,0,0,0,0,0,0,0,0,0,0,0
0.422817,0.464842,0.836012,0,0,0,0,1.32662e-08,-2.05305e-08,-2.08066e-09,2097,79,80,495,496,503,504,511,1672,1673,2088,2089,2096,2104,0,0,0,0,0,0,0,0,0,79,80,495,496,503,504,511,1672,1673,2088,2089,2096,2104,0,0,0,0,0,0,0,0,0,0.111216,0.111131,0.111183,0.109217,0.111559,0.0999613,0.109575,0.0509831,0.0516402,0.0516353,0.0469256,0.0517558,0.0477979,0,0,0,0,0,0,0,0,0,0.111284,0.111159,0.11119,0.109159,0.111595,0.1,0.109516,0.0513679,0.0511224,0.0511882,0.0461062,0.0521311,0.0470261,0,0,0,0,0,0,0,0,0,1,1,1,1,1,1,1,1,1,1,1,1,1,0,0,0,0,0,0,0,0,0,1,1,1,1,1,1,1,1,1,1,1,1,1,0,0,0,0,0,0,0,0,0,1,0,0,0,0,0,0,0,0,0,0,0,0,0,0,0,0,0,0,0,0,0,0,13,0,0,0,0,0,0,0,0,0,0,0,0,0,0,0,0,0,0,0,0,0,0,0,0,0,0,0,0,0,0,0,0,0,0,0,0,0,0,0,0,0,0,0,0,0,0,0,0
0.573241,0.52693,0.525177,0,0,0,0,6.30903e-08,-5.04602e-08,1.88459e-08,2098,497,498,505,506,512,513,2090,2091,2099,2105,2106,0,0,0,0,0,0,0,0,0,0,0,497,498,505,506,512,513,2090,2091,2099,2105,2106,0,0,0,0,0,0,0,0,0,0,0,0.109854,0.109212,0.100088,0.113528,0.108855,0.109942,0.0482536,0.046587,0.0562404,0.0454718,0.0483502,0,0,0,0,0,0,0,0,0,0,0,0.109959,0.109248,0.1,0.113458,0.108865,0.109971,0.0481669,0.0463533,0.0563738,0.0453348,0.0481986,0,0,0,0,0,0,0,0,0,0,0,1,1,1,1,1,1,1,1,1,1,1,0,0,0,0,0,0,0,0,0,0,0,1,1,1,1,1,1,1,1,1,1,1,0,0,0,0,0,0,0,0,0,0,0,1,0,0,0,0,0,0,0,0,0,0,0,0,0,0,0,0,0,0,0,0,0,0,11,0,0,0,0,0,0,0,0,0,0,0,0,0,0,0,0,0,0,0,0,0,0,0,0,0,0,0,0,0,0,0,0,0,0,0,0,0,0,0,0,0,0,0,0,0,0,0,0
0.558833,0.516372,0.578506,0,0,0,0,5.32102e-08,-4.21833e-08,1.77378e-08,2099,498,499,505,506,507,513,514,2091,2092,2098,2100,2106,2107,0,0,0,0,0,0,0,0,0,498,499,505,506,507,513,514,2091,2092,2098,2100,2106,2107,0,0,0,0,0,0,0,0,0,0.110245,0.10943,0.11345,0.100041,0.113301,0.109261,0.110151,0.0491922,0.047177,0.0562404,0.0557558,0.0467262,0.0489307,0,0,0,0,0,0,0,0,0,0.110313,0.109422,0.113443,0.1,0.113267,0.109269,0.110189,0.0490549,0.0468054,0.0563738,0.0559502,0.0463982,0.0487476,0,0,0,0,0,0,0,0,0,1,1,1,1,1,1,1,1,1,1,1,1,1,0,0,0,0,0,0,0,0,0,1,1,1,1,1,1,1,1,1,1,1,1,1,0,0,0,0,0,0,0,0,0,1,0,0,0,0,0,0,0,0,0,0,0,0,0,0,0,0,0,0,0,0,0,0,13,0,0,0,0,0,0,0,0,0,0,0,0,0,0,0,0,0,0,0,0,0,0,0,0,0,0,0,0,0,0,0,0,0,0,0,0,0,0,0,0,0,0,0,0,0,0,0,0
0.542439,0.504226,0.630394,0,0,0,0,4.47697e-08,-3.53108e-08,1.65752e-08,2100,499,500,506,507,508,514,515,2092,2093,2099,2101,2107,2108,0,0,0,0,0,0,0,0,0,499,500,506,507,508,514,515,2092,2093,2099,2101,2107,2108,0,0,0,0,0,0,0,0,0,0.110479,0.109568,0.113243,0.100027,0.113015,0.109529,0.110318,0.0498054,0.0475684,0.0557558,0.0551044,0.0474966,0.0493935,0,0,0,0,0,0,0,0,0,0.110544,0.109533,0.113253,0.1,0.113,0.109523,0.110357,0.0496237,0.0470909,0.0559502,0.0553501,0.0470544,0.049166,0,0,0,0,0,0,0,0,0,1,1,1,1,1,1,1,1,1,1,1,1,1,0,0,0,0,0,0,0,0,0,1,1,1,1,1,1,1,1,1,1,1,1,1,0,0,0,0,0,0,0,0,0,1,0,0,0,0,0,0,0,0,0,0,0,0,0,0,0,0,0,0,0,0,0,0,13,0,0,0,0,0,0,0,0,0,0,0,0,0,0,0,0,0,0,0,0,0,0,0,0,0,0,0,0,0,0,0,0,0,0,0,0,0,0,0,0,0,0,0,0,0,0,0,0
0.524274,0.49058,0.680597,0,0,0,0,3.74037e-08,-2.94073e-08,1.53966e-08,2101,500,501,507,508,509,515,516,2093,2094,2100,2102,2108,2109,0,0,0,0,0,0,0,0,0,500,501,507,508,509,515,516,2093,2094,2100,2102,2108,2109,0,0,0,0,0,0,0,0,0,0.110639,0.109646,0.112962,0.100014,0.112675,0.109707,0.110458,0.0502336,0.0478048,0.0551044,0.0543182,0.047995,0.0497913,0,0,0,0,0,0,0,0,0,0.110702,0.109592,0.112987,0.1,0.112675,0.109684,0.110498,0.050011,0.0472391,0.0553501,0.0546146,0.0474677,0.0495154,0,0,0,0,0,0,0,0,0,1,1,1,1,1,1,1,1,1,1,1,1,1,0,0,0,0,0,0,0,0,0,1,1,1,1,1,1,1,1,1,1,1,1,1,0,0,0,0,0,0,0,0,0,1,0,0,0,0,0,0,0,0,0,0,0,0,0,0,0,0,0,0,0,0,0,0,13,0,0,0,0,0,0,0,0,0,0,0,0,0,0,0,0,0,0,0,0,0,0,0,0,0,0,0,0,0,0,0,0,0,0,0,0,0,0,0,0,0,0,0,0,0,0,0,0
0.504566,0.475549,0.728931,0,0,0,0,3.09835e-08,-2.43159e-08,1.42381e-08,2102,501,502,508,509,510,516,517,2094,2095,2101,2103,2109,2110,0,0,0,0,0,0,0,0,0,501,502,508,509,510,516,517,2094,2095,2101,2103,2109,2110,0,0,0,0,0,0,0,0,0,0.110764,0.109674,0.112626,0.100002,0.112306,0.109818,0.110601,0.0505669,0.0479099,0.0543182,0.0534655,0.0483093,0.0502072,0,0,0,0,0,0,0,0,0,0.110818,0.109605,0.112663,0.1,0.112323,0.109781,0.110643,0.0502937,0.0472707,0.0546146,0.0538092,0.0477121,0.0498722,0,0,0,0,0,0,0,0,0,1,1,1,1,1,1,1,1,1,1,1,1,1,0,0,0,0,0,0,0,0,0,1,1,1,1,1,1,1,1,1,1,1,1,1,0,0,0,0,0,0,0,0,0,1,0,0,0,0,0,0,0,0,0,0,0,0,0,0,0,0,0,0,0,0,0,0,13,0,0,0,0,0,0,0,0,0,0,0,0,0,0,0,0,0,0,0,0,0,0,0,0,0,0,0,0,0,0,0,0,0,0,0,0,0,0,0,0,0,0,0,0,0,0,0,0
0.48354,0.459238,0.775303,0,0,0,0,2.5417e-08,-1.99084e-08,1.31274e-08,2103,502,503,509,510,511,517,518,2095,2096,2102,2104,2110,2111,0,0,0,0,0,0,0,0,0,502,503,509,510,511,517,518,2095,2096,2102,2104,2110,2111,0,0,0,0,0,0,0,0,0,0.11088,0.109654,0.11227,0.0999895,0.111951,0.109877,0.110781,0.0508767,0.0479047,0.0534655,0.0526552,0.0484831,0.0507216,0,0,0,0,0,0,0,0,0,0.11092,0.109578,0.112312,0.1,0.111991,0.109827,0.110823,0.0505389,0.0471996,0.0538092,0.0530384,0.0478252,0.0503124,0,0,0,0,0,0,0,0,0,1,1,1,1,1,1,1,1,1,1,1,1,1,0,0,0,0,0,0,0,0,0,1,1,1,1,1,1,1,1,1,1,1,1,1,0,0,0,0,0,0,0,0,0,1,0,0,0,0,0,0,0,0,0,0,0,0,0,0,0,0,0,0,0,0,0,0,13,0,0,0,0,0,0,0,0,0,0,0,0,0,0,0,0,0,0,0,0,0,0,0,0,0,0,0,0,0,0,0,0,0,0,0,0,0,0,0,0,0,0,0,0,0,0,0,0
0.46136,0.441733,0.819735,0,0,0,0,2.06162e-08,-1.60637e-08,1.20846e-08,2104,80,81,503,504,510,511,518,1673,1674,2096,2097,2103,2111,0,0,0,0,0,0,0,0,0,80,81,503,504,510,511,518,1673,1674,2096,2097,2103,2111,0,0,0,0,0,0,0,0,0,0.111642,0.110993,0.11101,0.109586,0.111938,0.0999756,0.109886,0.0519776,0.0513092,0.0512287,0.0477979,0.0526552,0.0485246,0,0,0,0,0,0,0,0,0,0.111712,0.111029,0.111032,0.109512,0.111981,0.1,0.10982,0.0523852,0.050812,0.050809,0.0470261,0.0530384,0.0478063,0,0,0,0,0,0,0,0,0,1,1,1,1,1,1,1,1,1,1,1,1,1,0,0,0,0,0,0,0,0,0,1,1,1,1,1,1,1,1,1,1,1,1,1,0,0,0,0,0,0,0,0,0,1,0,0,0,0,0,0,0,0,0,0,0,0,0,0,0,0,0,0,0,0,0,0,13,0,0,0,0,0,0,0,0,0,0,0,0,0,0,0,0,0,0,0,0,0,0,0,0,0,0,0,0,0,0,0,0,0,0,0,0,0,0,0,0,0,0,0,0,0,0,0,0
0.603109,0.503142,0.500485,0,0,0,0,7.92092e-08,-4.61737e-08,3.46848e-08,2105,505,512,513,519,2098,2106,2112,0,0,0,0,0,0,0,0,0,0,0,0,0,0,0,505,512,513,519,2098,2106,2112,0,0,0,0,0,0,0,0,0,0,0,0,0,0,0,0.108825,0.100007,0.113442,0.109894,0.0454718,0.0561281,0.0481149,0,0,0,0,0,0,0,0,0,0,0,0,0,0,0,0.108863,0.1,0.11342,0.109886,0.0453348,0.0562887,0.047987,0,0,0,0,0,0,0,0,0,0,0,0,0,0,0,1,1,1,1,1,1,1,0,0,0,0,0,0,0,0,0,0,0,0,0,0,0,1,1,1,1,1,1,1,0,0,0,0,0,0,0,0,0,0,0,0,0,0,0,1,0,0,0,0,0,0,0,0,0,0,0,0,0,0,0,0,0,0,0,0,0,0,7,0,0,0,0,0,0,0,0,0,0,0,0,0,0,0,0,0,0,0,0,0,0,0,0,0,0,0,0,0,0,0,0,0,0,0,0,0,0,0,0,0,0,0,0,0,0,0,0
0.590669,0.492363,0.554146,0,0,0,0,6.77644e-08,-3.72089e-08,3.36791e-08,2106,505,506,512,513,514,519,520,2098,2099,2105,2107,2112,2113,0,0,0,0,0,0,0,0,0,505,506,512,513,514,519,520,2098,2099,2105,2107,2112,2113,0,0,0,0,0,0,0,0,0,0.10988,0.109259,0.113488,0.100038,0.113371,0.10883,0.109875,0.0483502,0.0467262,0.0561281,0.0559461,0.0455929,0.0482334,0,0,0,0,0,0,0,0,0,0.109972,0.109266,0.113405,0.1,0.113348,0.108855,0.109912,0.0481986,0.0463982,0.0562887,0.0561299,0.0453059,0.0480524,0,0,0,0,0,0,0,0,0,1,1,1,1,1,1,1,1,1,1,1,1,1,0,0,0,0,0,0,0,0,0,1,1,1,1,1,1,1,1,1,1,1,1,1,0,0,0,0,0,0,0,0,0,1,0,0,0,0,0,0,0,0,0,0,0,0,0,0,0,0,0,0,0,0,0,0,13,0,0,0,0,0,0,0,0,0,0,0,0,0,0,0,0,0,0,0,0,0,0,0,0,0,0,0,0,0,0,0,0,0,0,0,0,0,0,0,0,0,0,0,0,0,0,0,0
0.575884,0.480211,0.606717,0,0,0,0,5.81289e-08,-3.03092e-08,3.24806e-08,2107,506,507,513,514,515,520,521,2099,2100,2106,2108,2113,2114,0,0,0,0,0,0,0,0,0,506,507,513,514,515,520,521,2099,2100,2106,2108,2113,2114,0,0,0,0,0,0,0,0,0,0.110115,0.109548,0.11335,0.10003,0.113164,0.109244,0.109953,0.0489307,0.0474966,0.0559461,0.05546,0.046737,0.048474,0,0,0,0,0,0,0,0,0,0.11019,0.10952,0.113334,0.1,0.113153,0.109247,0.109989,0.0487476,0.0470544,0.0561299,0.0556947,0.0463373,0.0482452,0,0,0,0,0,0,0,0,0,1,1,1,1,1,1,1,1,1,1,1,1,1,0,0,0,0,0,0,0,0,0,1,1,1,1,1,1,1,1,1,1,1,1,1,0,0,0,0,0,0,0,0,0,1,0,0,0,0,0,0,0,0,0,0,0,0,0,0,0,0,0,0,0,0,0,0,13,0,0,0,0,0,0,0,0,0,0,0,0,0,0,0,0,0,0,0,0,0,0,0,0,0,0,0,0,0,0,0,0,0,0,0,0,0,0,0,0,0,0,0,0,0,0,0,0
0.559069,0.466645,0.657795,0,0,0,0,4.96033e-08,-2.45547e-08,3.11383e-08,2108,507,508,514,515,516,521,522,2100,2101,2107,2109,2114,2115,0,0,0,0,0,0,0,0,0,507,508,514,515,516,521,522,2100,2101,2107,2109,2114,2115,0,0,0,0,0,0,0,0,0,0.110294,0.109733,0.113119,0.100019,0.112881,0.109564,0.110064,0.0493935,0.047995,0.05546,0.0548072,0.0475909,0.0488035,0,0,0,0,0,0,0,0,0,0.110359,0.109681,0.11314,0.1,0.112886,0.109543,0.1101,0.049166,0.0474677,0.0556947,0.0550936,0.0471044,0.0485251,0,0,0,0,0,0,0,0,0,1,1,1,1,1,1,1,1,1,1,1,1,1,0,0,0,0,0,0,0,0,0,1,1,1,1,1,1,1,1,1,1,1,1,1,0,0,0,0,0,0,0,0,0,1,0,0,0,0,0,0,0,0,0,0,0,0,0,0,0,0,0,0,0,0,0,0,13,0,0,0,0,0,0,0,0,0,0,0,0,0,0,0,0,0,0,0,0,0,0,0,0,0,0,0,0,0,0,0,0,0,0,0,0,0,0,0,0,0,0,0,0,0,0,0,0
0.540492,0.451705,0.707146,0,0,0,0,4.20287e-08,-1.96881e-08,2.97001e-08,2109,508,509,515,516,517,522,523,2101,2102,2108,2110,2115,2116,0,0,0,0,0,0,0,0,0,508,509,515,516,517,522,523,2101,2102,2108,2110,2115,2116,0,0,0,0,0,0,0,0,0,0.110444,0.109847,0.112836,0.100009,0.112569,0.109804,0.110236,0.0497913,0.0483093,0.0548072,0.054089,0.0482279,0.049296,0,0,0,0,0,0,0,0,0,0.110501,0.109777,0.112873,0.1,0.112592,0.109767,0.110273,0.0495154,0.0477121,0.0550936,0.0544259,0.0476758,0.0489591,0,0,0,0,0,0,0,0,0,1,1,1,1,1,1,1,1,1,1,1,1,1,0,0,0,0,0,0,0,0,0,1,1,1,1,1,1,1,1,1,1,1,1,1,0,0,0,0,0,0,0,0,0,1,0,0,0,0,0,0,0,0,0,0,0,0,0,0,0,0,0,0,0,0,0,0,13,0,0,0,0,0,0,0,0,0,0,0,0,0,0,0,0,0,0,0,0,0,0,0,0,0,0,0,0,0,0,0,0,0,0,0,0,0,0,0,0,0,0,0,0,0,0,0,0
0.520392,0.435442,0.754655,0,0,0,0,3.53292e-08,-1.55633e-08,2.82061e-08,2110,509,510,516,517,518,523,524,2102,2103,2109,2111,2116,2117,0,0,0,0,0,0,0,0,0,509,510,516,517,518,523,524,2102,2103,2109,2111,2116,2117,0,0,0,0,0,0,0,0,0,0.110601,0.109902,0.112534,0.0999984,0.112287,0.109992,0.11052,0.0502072,0.0484831,0.054089,0.0534473,0.0487159,0.0500763,0,0,0,0,0,0,0,0,0,0.110646,0.109822,0.112581,0.1,0.112333,0.109939,0.110559,0.0498722,0.0478252,0.0544259,0.0538307,0.0481106,0.049668,0,0,0,0,0,0,0,0,0,1,1,1,1,1,1,1,1,1,1,1,1,1,0,0,0,0,0,0,0,0,0,1,1,1,1,1,1,1,1,1,1,1,1,1,0,0,0,0,0,0,0,0,0,1,0,0,0,0,0,0,0,0,0,0,0,0,0,0,0,0,0,0,0,0,0,0,13,0,0,0,0,0,0,0,0,0,0,0,0,0,0,0,0,0,0,0,0,0,0,0,0,0,0,0,0,0,0,0,0,0,0,0,0,0,0,0,0,0,0,0,0,0,0,0,0
0.498924,0.417902,0.800351,0,0,0,0,2.94279e-08,-1.20434e-08,2.66849e-08,2111,81,82,510,511,517,518,524,1674,1675,2103,2104,2110,2117,0,0,0,0,0,0,0,0,0,81,82,510,511,517,518,524,1674,1675,2103,2104,2110,2117,0,0,0,0,0,0,0,0,0,0.112064,0.110878,0.110796,0.109897,0.112272,0.0999874,0.110123,0.0529618,0.0510282,0.0507216,0.0485246,0.0534473,0.0490545,0,0,0,0,0,0,0,0,0,0.112139,0.110914,0.110827,0.109816,0.112322,0.1,0.110053,0.0533831,0.0505362,0.0503124,0.0478063,0.0538307,0.048397,0,0,0,0,0,0,0,0,0,1,1,1,1,1,1,1,1,1,1,1,1,1,0,0,0,0,0,0,0,0,0,1,1,1,1,1,1,1,1,1,1,1,1,1,0,0,0,0,0,0,0,0,0,1,0,0,0,0,0,0,0,0,0,0,0,0,0,0,0,0,0,0,0,0,0,0,13,0,0,0,0,0,0,0,0,0,0,0,0,0,0,0,0,0,0,0,0,0,0,0,0,0,0,0,0,0,0,0,0,0,0,0,0,0,0,0,0,0,0,0,0,0,0,0,0
0.619789,0.468046,0.52886,0,0,0,0,8.35389e-08,-3.31266e-08,4.91237e-08,2112,512,513,519,520,525,526,2105,2106,2113,2118,2119,0,0,0,0,0,0,0,0,0,0,0,512,513,519,520,525,526,2105,2106,2113,2118,2119,0,0,0,0,0,0,0,0,0,0,0,0.109798,0.108831,0.100068,0.113155,0.10877,0.10984,0.0481149,0.0455929,0.0554426,0.0452796,0.0481314,0,0,0,0,0,0,0,0,0,0,0,0.109887,0.108853,0.1,0.113107,0.108778,0.10986,0.047987,0.0453059,0.0555875,0.0451023,0.0479225,0,0,0,0,0,0,0,0,0,0,0,1,1,1,1,1,1,1,1,1,1,1,0,0,0,0,0,0,0,0,0,0,0,1,1,1,1,1,1,1,1,1,1,1,0,0,0,0,0,0,0,0,0,0,0,1,0,0,0,0,0,0,0,0,0,0,0,0,0,0,0,0,0,0,0,0,0,0,11,0,0,0,0,0,0,0,0,0,0,0,0,0,0,0,0,0,0,0,0,0,0,0,0,0,0,0,0,0,0,0,0,0,0,0,0,0,0,0,0,0,0,0,0,0,0,0,0
0.606777,0.45596,0.581381,0,0,0,0,7.2707e-08,-2.61195e-08,4.79652e-08,2113,513,514,519,520,521,526,527,2106,2107,2112,2114,2119,2120,0,0,0,0,0,0,0,0,0,513,514,519,520,521,526,527,2106,2107,2112,2114,2119,2120,0,0,0,0,0,0,0,0,0,0.109853,0.109263,0.113085,0.100034,0.113079,0.108971,0.109738,0.0482334,0.046737,0.0554426,0.0552869,0.0459381,0.0479153,0,0,0,0,0,0,0,0,0,0.109914,0.109244,0.113092,0.1,0.113068,0.108963,0.109769,0.0480524,0.0463373,0.0555875,0.0555013,0.0455915,0.0476886,0,0,0,0,0,0,0,0,0,1,1,1,1,1,1,1,1,1,1,1,1,1,0,0,0,0,0,0,0,0,0,1,1,1,1,1,1,1,1,1,1,1,1,1,0,0,0,0,0,0,0,0,0,1,0,0,0,0,0,0,0,0,0,0,0,0,0,0,0,0,0,0,0,0,0,0,13,0,0,0,0,0,0,0,0,0,0,0,0,0,0,0,0,0,0,0,0,0,0,0,0,0,0,0,0,0,0,0,0,0,0,0,0,0,0,0,0,0,0,0,0,0,0,0,0
0.591568,0.442482,0.632798,0,0,0,0,6.31182e-08,-2.04594e-08,4.65777e-08,2114,514,515,520,521,522,527,528,2107,2108,2113,2115,2120,2121,0,0,0,0,0,0,0,0,0,514,515,520,521,522,527,528,2107,2108,2113,2115,2120,2121,0,0,0,0,0,0,0,0,0,0.109931,0.109586,0.113034,0.100023,0.112899,0.109219,0.10968,0.048474,0.0475909,0.0552869,0.0548726,0.0466437,0.0478218,0,0,0,0,0,0,0,0,0,0.109991,0.10954,0.113054,0.1,0.112909,0.109196,0.109713,0.0482452,0.0471044,0.0555013,0.0551435,0.0462017,0.0475466,0,0,0,0,0,0,0,0,0,1,1,1,1,1,1,1,1,1,1,1,1,1,0,0,0,0,0,0,0,0,0,1,1,1,1,1,1,1,1,1,1,1,1,1,0,0,0,0,0,0,0,0,0,1,0,0,0,0,0,0,0,0,0,0,0,0,0,0,0,0,0,0,0,0,0,0,13,0,0,0,0,0,0,0,0,0,0,0,0,0,0,0,0,0,0,0,0,0,0,0,0,0,0,0,0,0,0,0,0,0,0,0,0,0,0,0,0,0,0,0,0,0,0,0,0
0.574418,0.427618,0.682757,0,0,0,0,5.44672e-08,-1.57561e-08,4.50118e-08,2115,515,516,521,522,523,528,529,2108,2109,2114,2116,2121,2122,0,0,0,0,0,0,0,0,0,515,516,521,522,523,528,529,2108,2109,2114,2116,2121,2122,0,0,0,0,0,0,0,0,0,0.110048,0.109829,0.11286,0.100014,0.112684,0.109487,0.109749,0.0488035,0.0482279,0.0548726,0.0543776,0.0473719,0.0480516,0,0,0,0,0,0,0,0,0,0.110103,0.109763,0.112896,0.1,0.112713,0.109451,0.109781,0.0485251,0.0476758,0.0551435,0.0546994,0.0468637,0.0477192,0,0,0,0,0,0,0,0,0,1,1,1,1,1,1,1,1,1,1,1,1,1,0,0,0,0,0,0,0,0,0,1,1,1,1,1,1,1,1,1,1,1,1,1,0,0,0,0,0,0,0,0,0,1,0,0,0,0,0,0,0,0,0,0,0,0,0,0,0,0,0,0,0,0,0,0,13,0,0,0,0,0,0,0,0,0,0,0,0,0,0,0,0,0,0,0,0,0,0,0,0,0,0,0,0,0,0,0,0,0,0,0,0,0,0,0,0,0,0,0,0,0,0,0,0
0.555572,0.411345,0.731099,0,0,0,0,4.66787e-08,-1.18406e-08,4.33026e-08,2116,516,517,522,523,524,529,530,2109,2110,2115,2117,2122,2123,0,0,0,0,0,0,0,0,0,516,517,522,523,524,529,530,2109,2110,2115,2117,2122,2123,0,0,0,0,0,0,0,0,0,0.11023,0.110013,0.112651,0.100005,0.112541,0.109805,0.110135,0.049296,0.0487159,0.0543776,0.0540521,0.0481869,0.0491017,0,0,0,0,0,0,0,0,0,0.110277,0.109935,0.1127,0.1,0.112592,0.109754,0.110166,0.0489591,0.0481106,0.0546994,0.0544253,0.0476387,0.0486923,0,0,0,0,0,0,0,0,0,1,1,1,1,1,1,1,1,1,1,1,1,1,0,0,0,0,0,0,0,0,0,1,1,1,1,1,1,1,1,1,1,1,1,1,0,0,0,0,0,0,0,0,0,1,0,0,0,0,0,0,0,0,0,0,0,0,0,0,0,0,0,0,0,0,0,0,13,0,0,0,0,0,0,0,0,0,0,0,0,0,0,0,0,0,0,0,0,0,0,0,0,0,0,0,0,0,0,0,0,0,0,0,0,0,0,0,0,0,0,0,0,0,0,0,0
0.535153,0.393617,0.777901,0,0,0,0,3.96845e-08,-8.56258e-09,4.1476e-08,2117,82,83,517,518,523,524,530,1675,1676,2110,2111,2116,2123,0,0,0,0,0,0,0,0,0,82,83,517,518,523,524,530,1675,1676,2110,2111,2116,2123,0,0,0,0,0,0,0,0,0,0.112516,0.110849,0.110528,0.11013,0.112525,0.0999967,0.110192,0.0540115,0.0509453,0.0500763,0.0490545,0.0540521,0.0491631,0,0,0,0,0,0,0,0,0,0.112595,0.110878,0.110563,0.110049,0.11258,0.1,0.110123,0.0544338,0.0504508,0.049668,0.048397,0.0544253,0.0485729,0,0,0,0,0,0,0,0,0,1,1,1,1,1,1,1,1,1,1,1,1,1,0,0,0,0,0,0,0,0,0,1,1,1,1,1,1,1,1,1,1,1,1,1,0,0,0,0,0,0,0,0,0,1,0,0,0,0,0,0,0,0,0,0,0,0,0,0,0,0,0,0,0,0,0,0,13,0,0,0,0,0,0,0,0,0,0,0,0,0,0,0,0,0,0,0,0,0,0,0,0,0,0,0,0,0,0,0,0,0,0,0,0,0,0,0,0,0,0,0,0,0,0,0,0
0.646873,0.442429,0.50316,0,0,0,0,1.00713e-07,-2.99611e-08,6.43992e-08,2118,519,525,526,531,2112,2119,2124,0,0,0,0,0,0,0,0,0,0,0,0,0,0,0,519,525,526,531,2112,2119,2124,0,0,0,0,0,0,0,0,0,0,0,0,0,0,0,0.108751,0.10001,0.112805,0.109718,0.0452796,0.0547158,0.0476981,0,0,0,0,0,0,0,0,0,0,0,0,0,0,0,0.108777,0.1,0.112808,0.109704,0.0451023,0.0549109,0.0475286,0,0,0,0,0,0,0,0,0,0,0,0,0,0,0,1,1,1,1,1,1,1,0,0,0,0,0,0,0,0,0,0,0,0,0,0,0,1,1,1,1,1,1,1,0,0,0,0,0,0,0,0,0,0,0,0,0,0,0,1,0,0,0,0,0,0,0,0,0,0,0,0,0,0,0,0,0,0,0,0,0,0,7,0,0,0,0,0,0,0,0,0,0,0,0,0,0,0,0,0,0,0,0,0,0,0,0,0,0,0,0,0,0,0,0,0,0,0,0,0,0,0,0,0,0,0,0,0,0,0,0
0.635214,0.430955,0.555374,0,0,0,0,8.83393e-08,-2.26219e-08,6.30428e-08,2119,519,520,525,526,527,531,532,2112,2113,2118,2120,2124,2125,0,0,0,0,0,0,0,0,0,519,520,525,526,527,531,532,2112,2113,2118,2120,2124,2125,0,0,0,0,0,0,0,0,0,0.10979,0.108959,0.112856,0.100031,0.112783,0.109145,0.109657,0.0481314,0.0459381,0.0547158,0.0546624,0.0464194,0.0476953,0,0,0,0,0,0,0,0,0,0.109862,0.108961,0.112794,0.1,0.112786,0.109157,0.109682,0.0479225,0.0455915,0.0549109,0.0548623,0.0461041,0.0474704,0,0,0,0,0,0,0,0,0,1,1,1,1,1,1,1,1,1,1,1,1,1,0,0,0,0,0,0,0,0,0,1,1,1,1,1,1,1,1,1,1,1,1,1,0,0,0,0,0,0,0,0,0,1,0,0,0,0,0,0,0,0,0,0,0,0,0,0,0,0,0,0,0,0,0,0,13,0,0,0,0,0,0,0,0,0,0,0,0,0,0,0,0,0,0,0,0,0,0,0,0,0,0,0,0,0,0,0,0,0,0,0,0,0,0,0,0,0,0,0,0,0,0,0,0
0.621441,0.417988,0.606658,0,0,0,0,7.76438e-08,-1.70702e-08,6.15045e-08,2120,520,521,526,527,528,532,533,2113,2114,2119,2121,2125,2126,0,0,0,0,0,0,0,0,0,520,521,526,527,528,532,533,2113,2114,2119,2121,2125,2126,0,0,0,0,0,0,0,0,0,0.10971,0.109224,0.11278,0.100024,0.11265,0.109157,0.109524,0.0479153,0.0466437,0.0546624,0.0543459,0.0464429,0.0474159,0,0,0,0,0,0,0,0,0,0.109771,0.109194,0.112772,0.1,0.112668,0.109139,0.109556,0.0476886,0.0462017,0.0548623,0.054594,0.0460517,0.0471452,0,0,0,0,0,0,0,0,0,1,1,1,1,1,1,1,1,1,1,1,1,1,0,0,0,0,0,0,0,0,0,1,1,1,1,1,1,1,1,1,1,1,1,1,0,0,0,0,0,0,0,0,0,1,0,0,0,0,0,0,0,0,0,0,0,0,0,0,0,0,0,0,0,0,0,0,13,0,0,0,0,0,0,0,0,0,0,0,0,0,0,0,0,0,0,0,0,0,0,0,0,0,0,0,0,0,0,0,0,0,0,0,0,0,0,0,0,0,0,0,0,0,0,0,0
0.605754,0.403532,0.656643,0,0,0,0,6.79735e-08,-1.25397e-08,5.98196e-08,2121,521,522,527,528,529,533,534,2114,2115,2120,2122,2126,2127,0,0,0,0,0,0,0,0,0,521,522,527,528,529,533,534,2114,2115,2120,2122,2126,2127,0,0,0,0,0,0,0,0,0,0.109667,0.109505,0.112632,0.100017,0.112484,0.10915,0.109339,0.0478218,0.0473719,0.0543459,0.0539572,0.0464548,0.0469923,0,0,0,0,0,0,0,0,0,0.109716,0.109448,0.112655,0.1,0.112519,0.109117,0.109373,0.0475466,0.0468637,0.054594,0.0542567,0.0459907,0.0466681,0,0,0,0,0,0,0,0,0,1,1,1,1,1,1,1,1,1,1,1,1,1,0,0,0,0,0,0,0,0,0,1,1,1,1,1,1,1,1,1,1,1,1,1,0,0,0,0,0,0,0,0,0,1,0,0,0,0,0,0,0,0,0,0,0,0,0,0,0,0,0,0,0,0,0,0,13,0,0,0,0,0,0,0,0,0,0,0,0,0,0,0,0,0,0,0,0,0,0,0,0,0,0,0,0,0,0,0,0,0,0,0,0,0,0,0,0,0,0,0,0,0,0,0,0
0.588415,0.387472,0.705149,0,0,0,0,5.92059e-08,-8.82444e-09,5.80113e-08,2122,522,523,528,529,530,534,535,2115,2116,2121,2123,2127,2128,0,0,0,0,0,0,0,0,0,522,523,528,529,530,534,535,2115,2116,2121,2123,2127,2128,0,0,0,0,0,0,0,0,0,0.109742,0.109821,0.112464,0.10001,0.112526,0.10919,0.10993,0.0480516,0.0481869,0.0539572,0.0540441,0.046566,0.048562,0,0,0,0,0,0,0,0,0,0.109785,0.10975,0.112507,0.1,0.112579,0.109142,0.109959,0.0477192,0.0476387,0.0542567,0.0543959,0.0460549,0.0481716,0,0,0,0,0,0,0,0,0,1,1,1,1,1,1,1,1,1,1,1,1,1,0,0,0,0,0,0,0,0,0,1,1,1,1,1,1,1,1,1,1,1,1,1,0,0,0,0,0,0,0,0,0,1,0,0,0,0,0,0,0,0,0,0,0,0,0,0,0,0,0,0,0,0,0,0,13,0,0,0,0,0,0,0,0,0,0,0,0,0,0,0,0,0,0,0,0,0,0,0,0,0,0,0,0,0,0,0,0,0,0,0,0,0,0,0,0,0,0,0,0,0,0,0,0
0.569575,0.369416,0.752475,0,0,0,0,5.12769e-08,-5.71886e-09,5.61201e-08,2123,83,84,523,524,529,530,535,1676,1677,2116,2117,2122,2128,0,0,0,0,0,0,0,0,0,83,84,523,524,529,530,535,1676,1677,2116,2117,2122,2128,0,0,0,0,0,0,0,0,0,0.11306,0.110643,0.110136,0.110197,0.112512,0.100005,0.109168,0.0552539,0.0504078,0.0491017,0.0491631,0.0540441,0.0465063,0,0,0,0,0,0,0,0,0,0.113137,0.110669,0.11017,0.110119,0.112567,0.1,0.109103,0.0556633,0.0499397,0.0486923,0.0485729,0.0543959,0.0459496,0,0,0,0,0,0,0,0,0,1,1,1,1,1,1,1,1,1,1,1,1,1,0,0,0,0,0,0,0,0,0,1,1,1,1,1,1,1,1,1,1,1,1,1,0,0,0,0,0,0,0,0,0,1,0,0,0,0,0,0,0,0,0,0,0,0,0,0,0,0,0,0,0,0,0,0,13,0,0,0,0,0,0,0,0,0,0,0,0,0,0,0,0,0,0,0,0,0,0,0,0,0,0,0,0,0,0,0,0,0,0,0,0,0,0,0,0,0,0,0,0,0,0,0,0
0.661951,0.404632,0.528043,0,0,0,0,1.0542e-07,-1.98269e-08,7.79009e-08,2124,525,526,531,532,536,537,2118,2119,2125,2129,2130,0,0,0,0,0,0,0,0,0,0,0,525,526,531,532,536,537,2118,2119,2125,2129,2130,0,0,0,0,0,0,0,0,0,0,0,0.109634,0.10914,0.100048,0.112741,0.109472,0.109422,0.0476981,0.0464194,0.0545595,0.0471497,0.0470597,0,0,0,0,0,0,0,0,0,0,0,0.109706,0.109155,0.1,0.112718,0.109485,0.109418,0.0475286,0.0461041,0.054706,0.0469594,0.046793,0,0,0,0,0,0,0,0,0,0,0,1,1,1,1,1,1,1,1,1,1,1,0,0,0,0,0,0,0,0,0,0,0,1,1,1,1,1,1,1,1,1,1,1,0,0,0,0,0,0,0,0,0,0,0,1,0,0,0,0,0,0,0,0,0,0,0,0,0,0,0,0,0,0,0,0,0,0,11,0,0,0,0,0,0,0,0,0,0,0,0,0,0,0,0,0,0,0,0,0,0,0,0,0,0,0,0,0,0,0,0,0,0,0,0,0,0,0,0,0,0,0,0,0,0,0,0
0.649237,0.39238,0.579666,0,0,0,0,9.32643e-08,-1.42544e-08,7.61103e-08,2125,526,527,531,532,533,537,538,2119,2120,2124,2126,2130,2131,0,0,0,0,0,0,0,0,0,526,527,531,532,533,537,538,2119,2120,2124,2126,2130,2131,0,0,0,0,0,0,0,0,0,0.109638,0.10915,0.112682,0.100026,0.112512,0.109514,0.109405,0.0476953,0.0464429,0.0545595,0.0540562,0.047234,0.0471016,0,0,0,0,0,0,0,0,0,0.109684,0.109136,0.112704,0.1,0.11253,0.109474,0.109426,0.0474704,0.0460517,0.054706,0.0542789,0.0469257,0.0468121,0,0,0,0,0,0,0,0,0,1,1,1,1,1,1,1,1,1,1,1,1,1,0,0,0,0,0,0,0,0,0,1,1,1,1,1,1,1,1,1,1,1,1,1,0,0,0,0,0,0,0,0,0,1,0,0,0,0,0,0,0,0,0,0,0,0,0,0,0,0,0,0,0,0,0,0,13,0,0,0,0,0,0,0,0,0,0,0,0,0,0,0,0,0,0,0,0,0,0,0,0,0,0,0,0,0,0,0,0,0,0,0,0,0,0,0,0,0,0,0,0,0,0,0,0
0.634556,0.378785,0.629883,0,0,0,0,8.2356e-08,-9.87931e-09,7.4136e-08,2126,527,528,532,533,534,538,539,2120,2121,2125,2127,2131,2132,0,0,0,0,0,0,0,0,0,527,528,532,533,534,538,539,2120,2121,2125,2127,2131,2132,0,0,0,0,0,0,0,0,0,0.109519,0.109156,0.1125,0.100019,0.112188,0.109388,0.109312,0.0474159,0.0464548,0.0540562,0.0533103,0.0470322,0.0469109,0,0,0,0,0,0,0,0,0,0.109559,0.109114,0.112517,0.1,0.112227,0.109357,0.109341,0.0471452,0.0459907,0.0542789,0.0535819,0.0466189,0.046589,0,0,0,0,0,0,0,0,0,1,1,1,1,1,1,1,1,1,1,1,1,1,0,0,0,0,0,0,0,0,0,1,1,1,1,1,1,1,1,1,1,1,1,1,0,0,0,0,0,0,0,0,0,1,0,0,0,0,0,0,0,0,0,0,0,0,0,0,0,0,0,0,0,0,0,0,13,0,0,0,0,0,0,0,0,0,0,0,0,0,0,0,0,0,0,0,0,0,0,0,0,0,0,0,0,0,0,0,0,0,0,0,0,0,0,0,0,0,0,0,0,0,0,0,0
0.618234,0.363772,0.678362,0,0,0,0,7.24724e-08,-6.43039e-09,7.1982e-08,2127,528,529,533,534,535,539,540,2121,2122,2126,2128,2132,2133,0,0,0,0,0,0,0,0,0,528,529,533,534,535,539,540,2121,2122,2126,2128,2132,2133,0,0,0,0,0,0,0,0,0,0.109344,0.1092,0.112184,0.100013,0.112831,0.109085,0.109846,0.0469923,0.046566,0.0533103,0.054779,0.0462618,0.048345,0,0,0,0,0,0,0,0,0,0.109376,0.10914,0.112215,0.1,0.112891,0.109041,0.109877,0.0466681,0.0460549,0.0535819,0.0551053,0.0457896,0.0479648,0,0,0,0,0,0,0,0,0,1,1,1,1,1,1,1,1,1,1,1,1,1,0,0,0,0,0,0,0,0,0,1,1,1,1,1,1,1,1,1,1,1,1,1,0,0,0,0,0,0,0,0,0,1,0,0,0,0,0,0,0,0,0,0,0,0,0,0,0,0,0,0,0,0,0,0,13,0,0,0,0,0,0,0,0,0,0,0,0,0,0,0,0,0,0,0,0,0,0,0,0,0,0,0,0,0,0,0,0,0,0,0,0,0,0,0,0,0,0,0,0,0,0,0,0
0.60028,0.345681,0.72685,0,0,0,0,6.33799e-08,-3.46911e-09,6.98533e-08,2128,84,85,529,530,534,535,540,1677,1678,2122,2123,2127,2133,0,0,0,0,0,0,0,0,0,84,85,529,530,534,535,540,1677,1678,2122,2123,2127,2133,0,0,0,0,0,0,0,0,0,0.113192,0.110391,0.109935,0.109169,0.11283,0.100009,0.108949,0.0555816,0.0497766,0.048562,0.0465063,0.054779,0.0458955,0,0,0,0,0,0,0,0,0,0.113271,0.110414,0.109963,0.1091,0.112878,0.1,0.108891,0.0559646,0.0493132,0.0481716,0.0459496,0.0551053,0.0453887,0,0,0,0,0,0,0,0,0,1,1,1,1,1,1,1,1,1,1,1,1,1,0,0,0,0,0,0,0,0,0,1,1,1,1,1,1,1,1,1,1,1,1,1,0,0,0,0,0,0,0,0,0,1,0,0,0,0,0,0,0,0,0,0,0,0,0,0,0,0,0,0,0,0,0,0,13,0,0,0,0,0,0,0,0,0,0,0,0,0,0,0,0,0,0,0,0,0,0,0,0,0,0,0,0,0,0,0,0,0,0,0,0,0,0,0,0,0,0,0,0,0,0,0,0
0.686881,0.37746,0.498661,0,0,0,0,1.23913e-07,-1.82219e-08,9.22576e-08,2129,531,536,537,541,2124,2130,2134,0,0,0,0,0,0,0,0,0,0,0,0,0,0,0,531,536,537,541,2124,2130,2134,0,0,0,0,0,0,0,0,0,0,0,0,0,0,0,0.109473,0.100013,0.112756,0.10903,0.0471497,0.0546547,0.045909,0,0,0,0,0,0,0,0,0,0,0,0,0,0,0,0.109484,0.1,0.112783,0.109012,0.0469594,0.0548536,0.0457324,0,0,0,0,0,0,0,0,0,0,0,0,0,0,0,1,1,1,1,1,1,1,0,0,0,0,0,0,0,0,0,0,0,0,0,0,0,1,1,1,1,1,1,1,0,0,0,0,0,0,0,0,0,0,0,0,0,0,0,1,0,0,0,0,0,0,0,0,0,0,0,0,0,0,0,0,0,0,0,0,0,0,7,0,0,0,0,0,0,0,0,0,0,0,0,0,0,0,0,0,0,0,0,0,0,0,0,0,0,0,0,0,0,0,0,0,0,0,0,0,0,0,0,0,0,0,0,0,0,0,0
0.675371,0.365673,0.550774,0,0,0,0,1.10205e-07,-1.21876e-08,9.0335e-08,2130,531,532,536,537,538,541,542,2124,2125,2129,2131,2134,2135,0,0,0,0,0,0,0,0,0,531,532,536,537,538,541,542,2124,2125,2129,2131,2134,2135,0,0,0,0,0,0,0,0,0,0.109357,0.109453,0.11281,0.100024,0.112615,0.109755,0.109076,0.0470597,0.047234,0.0546547,0.0543265,0.0477448,0.0462605,0,0,0,0,0,0,0,0,0,0.10942,0.109472,0.112769,0.1,0.112649,0.109707,0.109095,0.046793,0.0469257,0.0548536,0.0545505,0.0475249,0.045948,0,0,0,0,0,0,0,0,0,1,1,1,1,1,1,1,1,1,1,1,1,1,0,0,0,0,0,0,0,0,0,1,1,1,1,1,1,1,1,1,1,1,1,1,0,0,0,0,0,0,0,0,0,1,0,0,0,0,0,0,0,0,0,0,0,0,0,0,0,0,0,0,0,0,0,0,13,0,0,0,0,0,0,0,0,0,0,0,0,0,0,0,0,0,0,0,0,0,0,0,0,0,0,0,0,0,0,0,0,0,0,0,0,0,0,0,0,0,0,0,0,0,0,0,0
0.661699,0.352669,0.601718,0,0,0,0,9.79384e-08,-7.7312e-09,8.82211e-08,2131,532,533,537,538,539,542,543,2125,2126,2130,2132,2135,2136,0,0,0,0,0,0,0,0,0,532,533,537,538,539,542,543,2125,2126,2130,2132,2135,2136,0,0,0,0,0,0,0,0,0,0.109388,0.109379,0.112649,0.100019,0.112393,0.109751,0.109138,0.0471016,0.0470322,0.0543265,0.0538094,0.0479569,0.0464534,0,0,0,0,0,0,0,0,0,0.109429,0.109354,0.112636,0.1,0.112435,0.109736,0.109159,0.0468121,0.0466189,0.0545505,0.0540609,0.0475974,0.0461134,0,0,0,0,0,0,0,0,0,1,1,1,1,1,1,1,1,1,1,1,1,1,0,0,0,0,0,0,0,0,0,1,1,1,1,1,1,1,1,1,1,1,1,1,0,0,0,0,0,0,0,0,0,1,0,0,0,0,0,0,0,0,0,0,0,0,0,0,0,0,0,0,0,0,0,0,13,0,0,0,0,0,0,0,0,0,0,0,0,0,0,0,0,0,0,0,0,0,0,0,0,0,0,0,0,0,0,0,0,0,0,0,0,0,0,0,0,0,0,0,0,0,0,0,0
0.645964,0.338591,0.651212,0,0,0,0,8.66442e-08,-4.41884e-09,8.56748e-08,2132,533,534,538,539,540,543,544,2126,2127,2131,2133,2136,2137,0,0,0,0,0,0,0,0,0,533,534,538,539,540,543,544,2126,2127,2131,2133,2136,2137,0,0,0,0,0,0,0,0,0,0.109318,0.109086,0.112402,0.100014,0.112615,0.109684,0.109284,0.0469109,0.0462618,0.0538094,0.0543183,0.0477903,0.0468946,0,0,0,0,0,0,0,0,0,0.109344,0.109039,0.112422,0.1,0.112675,0.109648,0.109309,0.046589,0.0457896,0.0540609,0.054615,0.04737,0.0465035,0,0,0,0,0,0,0,0,0,1,1,1,1,1,1,1,1,1,1,1,1,1,0,0,0,0,0,0,0,0,0,1,1,1,1,1,1,1,1,1,1,1,1,1,0,0,0,0,0,0,0,0,0,1,0,0,0,0,0,0,0,0,0,0,0,0,0,0,0,0,0,0,0,0,0,0,13,0,0,0,0,0,0,0,0,0,0,0,0,0,0,0,0,0,0,0,0,0,0,0,0,0,0,0,0,0,0,0,0,0,0,0,0,0,0,0,0,0,0,0,0,0,0,0,0
0.62873,0.321785,0.699905,0,0,0,0,7.63381e-08,-1.74566e-09,8.30827e-08,2133,85,86,534,535,539,540,544,1678,1679,2127,2128,2132,2137,0,0,0,0,0,0,0,0,0,85,86,534,535,539,540,544,1678,1679,2127,2128,2132,2137,0,0,0,0,0,0,0,0,0,0.113164,0.110048,0.109863,0.108949,0.112624,0.100012,0.109155,0.0555493,0.0489208,0.048345,0.0458955,0.0543183,0.0464127,0,0,0,0,0,0,0,0,0,0.113243,0.110071,0.109881,0.108889,0.112663,0.1,0.109109,0.0559016,0.0484558,0.0479648,0.0453887,0.054615,0.0459646,0,0,0,0,0,0,0,0,0,1,1,1,1,1,1,1,1,1,1,1,1,1,0,0,0,0,0,0,0,0,0,1,1,1,1,1,1,1,1,1,1,1,1,1,0,0,0,0,0,0,0,0,0,1,0,0,0,0,0,0,0,0,0,0,0,0,0,0,0,0,0,0,0,0,0,0,13,0,0,0,0,0,0,0,0,0,0,0,0,0,0,0,0,0,0,0,0,0,0,0,0,0,0,0,0,0,0,0,0,0,0,0,0,0,0,0,0,0,0,0,0,0,0,0,0
0.699498,0.338644,0.519679,0,0,0,0,1.2827e-07,-1.11465e-08,1.03728e-07,2134,536,537,541,542,545,2129,2130,2135,2138,0,0,0,0,0,0,0,0,0,0,0,0,0,536,537,541,542,545,2129,2130,2135,2138,0,0,0,0,0,0,0,0,0,0,0,0,0,0.108966,0.10965,0.100025,0.112698,0.10874,0.045909,0.0477448,0.054473,0.0451329,0,0,0,0,0,0,0,0,0,0,0,0,0,0.109014,0.109705,0.1,0.112708,0.108668,0.0457324,0.0475249,0.054685,0.0448138,0,0,0,0,0,0,0,0,0,0,0,0,0,1,1,1,1,1,1,1,1,1,0,0,0,0,0,0,0,0,0,0,0,0,0,1,1,1,1,1,1,1,1,1,0,0,0,0,0,0,0,0,0,0,0,0,0,1,0,0,0,0,0,0,0,0,0,0,0,0,0,0,0,0,0,0,0,0,0,0,9,0,0,0,0,0,0,0,0,0,0,0,0,0,0,0,0,0,0,0,0,0,0,0,0,0,0,0,0,0,0,0,0,0,0,0,0,0,0,0,0,0,0,0,0,0,0,0,0
0.68716,0.325862,0.571173,0,0,0,0,1.14778e-07,-6.26659e-09,1.01853e-07,2135,537,538,541,542,543,545,546,2130,2131,2134,2136,2138,2139,0,0,0,0,0,0,0,0,0,537,538,541,542,543,545,546,2130,2131,2134,2136,2138,2139,0,0,0,0,0,0,0,0,0,0.109068,0.10975,0.11269,0.100022,0.112599,0.109856,0.108769,0.0462605,0.0479569,0.054473,0.0542791,0.0482454,0.0454148,0,0,0,0,0,0,0,0,0,0.109097,0.109734,0.112694,0.1,0.11263,0.109861,0.108766,0.045948,0.0475974,0.054685,0.0545075,0.0479159,0.0450751,0,0,0,0,0,0,0,0,0,1,1,1,1,1,1,1,1,1,1,1,1,1,0,0,0,0,0,0,0,0,0,1,1,1,1,1,1,1,1,1,1,1,1,1,0,0,0,0,0,0,0,0,0,1,0,0,0,0,0,0,0,0,0,0,0,0,0,0,0,0,0,0,0,0,0,0,13,0,0,0,0,0,0,0,0,0,0,0,0,0,0,0,0,0,0,0,0,0,0,0,0,0,0,0,0,0,0,0,0,0,0,0,0,0,0,0,0,0,0,0,0,0,0,0,0
0.672512,0.312098,0.621594,0,0,0,0,1.02227e-07,-2.94292e-09,9.92166e-08,2136,538,539,542,543,544,546,547,2131,2132,2135,2137,2139,2140,0,0,0,0,0,0,0,0,0,538,539,542,543,544,546,547,2131,2132,2135,2137,2139,2140,0,0,0,0,0,0,0,0,0,0.10914,0.109679,0.112591,0.100016,0.112644,0.109988,0.10895,0.0464534,0.0477903,0.0542791,0.0543915,0.0485332,0.0459785,0,0,0,0,0,0,0,0,0,0.109161,0.109646,0.112617,0.1,0.112697,0.109964,0.108956,0.0461134,0.04737,0.0545075,0.054664,0.0481745,0.0455778,0,0,0,0,0,0,0,0,0,1,1,1,1,1,1,1,1,1,1,1,1,1,0,0,0,0,0,0,0,0,0,1,1,1,1,1,1,1,1,1,1,1,1,1,0,0,0,0,0,0,0,0,0,1,0,0,0,0,0,0,0,0,0,0,0,0,0,0,0,0,0,0,0,0,0,0,13,0,0,0,0,0,0,0,0,0,0,0,0,0,0,0,0,0,0,0,0,0,0,0,0,0,0,0,0,0,0,0,0,0,0,0,0,0,0,0,0,0,0,0,0,0,0,0,0
0.655566,0.297217,0.671089,0,0,0,0,9.0367e-08,-5.12332e-10,9.59908e-08,2137,86,87,539,540,543,544,547,1679,1680,2132,2133,2136,2140,0,0,0,0,0,0,0,0,0,86,87,539,540,543,544,547,1679,1680,2132,2133,2136,2140,0,0,0,0,0,0,0,0,0,0.113082,0.109579,0.109301,0.109159,0.112647,0.100012,0.11012,0.0553804,0.0477216,0.0468946,0.0464127,0.0543915,0.0488676,0,0,0,0,0,0,0,0,0,0.113154,0.109597,0.109312,0.109107,0.112685,0.1,0.110083,0.0557026,0.0472512,0.0465035,0.0459646,0.054664,0.0484723,0,0,0,0,0,0,0,0,0,1,1,1,1,1,1,1,1,1,1,1,1,1,0,0,0,0,0,0,0,0,0,1,1,1,1,1,1,1,1,1,1,1,1,1,0,0,0,0,0,0,0,0,0,1,0,0,0,0,0,0,0,0,0,0,0,0,0,0,0,0,0,0,0,0,0,0,13,0,0,0,0,0,0,0,0,0,0,0,0,0,0,0,0,0,0,0,0,0,0,0,0,0,0,0,0,0,0,0,0,0,0,0,0,0,0,0,0,0,0,0,0,0,0,0,0
0.710417,0.299086,0.538465,0,0,0,0,1.32722e-07,-5.60503e-09,1.14855e-07,2138,541,542,545,546,548,549,2134,2135,2139,2141,2142,0,0,0,0,0,0,0,0,0,0,0,541,542,545,546,548,549,2134,2135,2139,2141,2142,0,0,0,0,0,0,0,0,0,0,0,0.108561,0.109872,0.100025,0.11263,0.109759,0.108361,0.0451329,0.0482454,0.0543316,0.0479194,0.0442432,0,0,0,0,0,0,0,0,0,0,0,0.10867,0.109861,0.1,0.112614,0.109779,0.108317,0.0448138,0.0479159,0.0544724,0.0477056,0.0438602,0,0,0,0,0,0,0,0,0,0,0,1,1,1,1,1,1,1,1,1,1,1,0,0,0,0,0,0,0,0,0,0,0,1,1,1,1,1,1,1,1,1,1,1,0,0,0,0,0,0,0,0,0,0,0,1,0,0,0,0,0,0,0,0,0,0,0,0,0,0,0,0,0,0,0,0,0,0,11,0,0,0,0,0,0,0,0,0,0,0,0,0,0,0,0,0,0,0,0,0,0,0,0,0,0,0,0,0,0,0,0,0,0,0,0,0,0,0,0,0,0,0,0,0,0,0,0
0.697204,0.285487,0.589381,0,0,0,0,1.18931e-07,-2.18569e-09,1.12151e-07,2139,542,543,545,546,547,549,550,2135,2136,2138,2140,2142,2143,0,0,0,0,0,0,0,0,0,542,543,545,546,547,549,550,2135,2136,2138,2140,2142,2143,0,0,0,0,0,0,0,0,0,0.108743,0.109986,0.112528,0.100018,0.112661,0.110008,0.108489,0.0454148,0.0485332,0.0543316,0.0544226,0.0484388,0.0446886,0,0,0,0,0,0,0,0,0,0.108769,0.109963,0.112601,0.1,0.112696,0.109964,0.108472,0.0450751,0.0481745,0.0544724,0.0546603,0.0481735,0.0442825,0,0,0,0,0,0,0,0,0,1,1,1,1,1,1,1,1,1,1,1,1,1,0,0,0,0,0,0,0,0,0,1,1,1,1,1,1,1,1,1,1,1,1,1,0,0,0,0,0,0,0,0,0,1,0,0,0,0,0,0,0,0,0,0,0,0,0,0,0,0,0,0,0,0,0,0,13,0,0,0,0,0,0,0,0,0,0,0,0,0,0,0,0,0,0,0,0,0,0,0,0,0,0,0,0,0,0,0,0,0,0,0,0,0,0,0,0,0,0,0,0,0,0,0,0
0.681666,0.270708,0.639401,0,0,0,0,1.05995e-07,2.80922e-10,1.08927e-07,2140,87,88,543,544,546,547,550,1680,1681,2136,2137,2139,2143,0,0,0,0,0,0,0,0,0,87,88,543,544,546,547,550,1680,1681,2136,2137,2139,2143,0,0,0,0,0,0,0,0,0,0.113133,0.108832,0.108943,0.110122,0.112633,0.100014,0.110195,0.0554871,0.0457175,0.0459785,0.0488676,0.0544226,0.0489918,0,0,0,0,0,0,0,0,0,0.113191,0.108831,0.108959,0.110082,0.112683,0.1,0.110161,0.0557837,0.045247,0.0455778,0.0484723,0.0546603,0.0486669,0,0,0,0,0,0,0,0,0,1,1,1,1,1,1,1,1,1,1,1,1,1,0,0,0,0,0,0,0,0,0,1,1,1,1,1,1,1,1,1,1,1,1,1,0,0,0,0,0,0,0,0,0,1,0,0,0,0,0,0,0,0,0,0,0,0,0,0,0,0,0,0,0,0,0,0,13,0,0,0,0,0,0,0,0,0,0,0,0,0,0,0,0,0,0,0,0,0,0,0,0,0,0,0,0,0,0,0,0,0,0,0,0,0,0,0,0,0,0,0,0,0,0,0,0
0.731151,0.272508,0.504407,0,0,0,0,1.51421e-07,-6.14328e-09,1.26735e-07,2141,545,548,549,551,2138,2142,2144,0,0,0,0,0,0,0,0,0,0,0,0,0,0,0,545,548,549,551,2138,2142,2144,0,0,0,0,0,0,0,0,0,0,0,0,0,0,0,0.109785,0.100015,0.112427,0.107876,0.0479194,0.0539158,0.0427938,0,0,0,0,0,0,0,0,0,0,0,0,0,0,0,0.109779,0.1,0.112468,0.107862,0.0477056,0.0541378,0.0426005,0,0,0,0,0,0,0,0,0,0,0,0,0,0,0,1,1,1,1,1,1,1,0,0,0,0,0,0,0,0,0,0,0,0,0,0,0,1,1,1,1,1,1,1,0,0,0,0,0,0,0,0,0,0,0,0,0,0,0,1,0,0,0,0,0,0,0,0,0,0,0,0,0,0,0,0,0,0,0,0,0,0,7,0,0,0,0,0,0,0,0,0,0,0,0,0,0,0,0,0,0,0,0,0,0,0,0,0,0,0,0,0,0,0,0,0,0,0,0,0,0,0,0,0,0,0,0,0,0,0,0
0.719499,0.259209,0.555341,0,0,0,0,1.36362e-07,-2.15208e-09,1.24033e-07,2142,545,546,548,549,550,551,552,2138,2139,2141,2143,2144,2145,0,0,0,0,0,0,0,0,0,545,546,548,549,550,551,552,2138,2139,2141,2143,2144,2145,0,0,0,0,0,0,0,0,0,0.108252,0.109952,0.112469,0.100019,0.11248,0.109841,0.108013,0.0442432,0.0484388,0.0539158,0.0540451,0.0479497,0.0433428,0,0,0,0,0,0,0,0,0,0.108319,0.109964,0.112455,0.1,0.112526,0.109796,0.10799,0.0438602,0.0481735,0.0541378,0.0542711,0.0477453,0.0429555,0,0,0,0,0,0,0,0,0,1,1,1,1,1,1,1,1,1,1,1,1,1,0,0,0,0,0,0,0,0,0,1,1,1,1,1,1,1,1,1,1,1,1,1,0,0,0,0,0,0,0,0,0,1,0,0,0,0,0,0,0,0,0,0,0,0,0,0,0,0,0,0,0,0,0,0,13,0,0,0,0,0,0,0,0,0,0,0,0,0,0,0,0,0,0,0,0,0,0,0,0,0,0,0,0,0,0,0,0,0,0,0,0,0,0,0,0,0,0,0,0,0,0,0,0
0.705546,0.244643,0.605481,0,0,0,0,1.22454e-07,4.49658e-10,1.2096e-07,2143,88,89,546,547,549,550,552,1681,1682,2139,2140,2142,2145,0,0,0,0,0,0,0,0,0,88,89,546,547,549,550,552,1681,1682,2139,2140,2142,2145,0,0,0,0,0,0,0,0,0,0.112703,0.108233,0.108448,0.110182,0.11249,0.100014,0.110047,0.0545274,0.0440688,0.0446886,0.0489918,0.0540451,0.0485638,0,0,0,0,0,0,0,0,0,0.112753,0.108229,0.108475,0.110161,0.112513,0.1,0.110017,0.0547935,0.0436152,0.0442825,0.0486669,0.0542711,0.048303,0,0,0,0,0,0,0,0,0,1,1,1,1,1,1,1,1,1,1,1,1,1,0,0,0,0,0,0,0,0,0,1,1,1,1,1,1,1,1,1,1,1,1,1,0,0,0,0,0,0,0,0,0,1,0,0,0,0,0,0,0,0,0,0,0,0,0,0,0,0,0,0,0,0,0,0,13,0,0,0,0,0,0,0,0,0,0,0,0,0,0,0,0,0,0,0,0,0,0,0,0,0,0,0,0,0,0,0,0,0,0,0,0,0,0,0,0,0,0,0,0,0,0,0,0
0.739233,0.233489,0.520012,0,0,0,0,1.54228e-07,-2.87006e-09,1.34633e-07,2144,548,549,551,552,553,2141,2142,2145,2146,0,0,0,0,0,0,0,0,0,0,0,0,0,548,549,551,552,553,2141,2142,2145,2146,0,0,0,0,0,0,0,0,0,0,0,0,0,0.10785,0.10975,0.100012,0.112257,0.107591,0.0427938,0.0479497,0.0535459,0.0419729,0,0,0,0,0,0,0,0,0,0,0,0,0,0.107864,0.109797,0.1,0.112291,0.107525,0.0426005,0.0477453,0.0537314,0.0416428,0,0,0,0,0,0,0,0,0,0,0,0,0,1,1,1,1,1,1,1,1,1,0,0,0,0,0,0,0,0,0,0,0,0,0,1,1,1,1,1,1,1,1,1,0,0,0,0,0,0,0,0,0,0,0,0,0,1,0,0,0,0,0,0,0,0,0,0,0,0,0,0,0,0,0,0,0,0,0,0,9,0,0,0,0,0,0,0,0,0,0,0,0,0,0,0,0,0,0,0,0,0,0,0,0,0,0,0,0,0,0,0,0,0,0,0,0,0,0,0,0,0,0,0,0,0,0,0,0
0.726913,0.219139,0.570106,0,0,0,0,1.39424e-07,1.08337e-10,1.31897e-07,2145,89,90,549,550,551,552,553,1682,1683,2142,2143,2144,2146,0,0,0,0,0,0,0,0,0,89,90,549,550,551,552,553,1682,1683,2142,2143,2144,2146,0,0,0,0,0,0,0,0,0,0.11237,0.107718,0.107971,0.110021,0.112257,0.100016,0.109795,0.0537807,0.0425961,0.0433428,0.0485638,0.0535459,0.0478534,0,0,0,0,0,0,0,0,0,0.112413,0.107708,0.107992,0.110018,0.112279,0.1,0.109767,0.0540146,0.0421615,0.0429555,0.048303,0.0537314,0.0476663,0,0,0,0,0,0,0,0,0,1,1,1,1,1,1,1,1,1,1,1,1,1,0,0,0,0,0,0,0,0,0,1,1,1,1,1,1,1,1,1,1,1,1,1,0,0,0,0,0,0,0,0,0,1,0,0,0,0,0,0,0,0,0,0,0,0,0,0,0,0,0,0,0,0,0,0,13,0,0,0,0,0,0,0,0,0,0,0,0,0,0,0,0,0,0,0,0,0,0,0,0,0,0,0,0,0,0,0,0,0,0,0,0,0,0,0,0,0,0,0,0,0,0,0,0
0.745682,0.194349,0.533731,0,0,0,0,1.56716e-07,-7.7018e-10,1.41731e-07,2146,90,91,551,552,553,1683,1684,2144,2145,0,0,0,0,0,0,0,0,0,0,0,0,0,90,91,551,552,553,1683,1684,2144,2145,0,0,0,0,0,0,0,0,0,0,0,0,0,0.112084,0.107301,0.107463,0.109747,0.10001,0.0531049,0.0412387,0.0419729,0.0478534,0,0,0,0,0,0,0,0,0,0,0,0,0,0.112098,0.107234,0.107527,0.109768,0.1,0.0532867,0.0407995,0.0416428,0.0476663,0,0,0,0,0,0,0,0,0,0,0,0,0,1,1,1,1,1,1,1,1,1,0,0,0,0,0,0,0,0,0,0,0,0,0,1,1,1,1,1,1,1,1,1,0,0,0,0,0,0,0,0,0,0,0,0,0,1,0,0,0,0,0,0,0,0,0,0,0,0,0,0,0,0,0,0,0,0,0,0,9,0,0,0,0,0,0,0,0,0,0,0,0,0,0,0,0,0,0,0,0,0,0,0,0,0,0,0,0,0,0,0,0,0,0,0,0,0,0,0,0,0,0,0,0,0,0,0,0
0.0244882,0.567096,0.933478,0,0,0,0,-1.06786e-09,-4.3882e-08,-7.21618e-08,2147,69,70,138,139,554,555,580,1662,1663,1731,1732,2148,2173,0,0,0,0,0,0,0,0,0,69,70,138,139,554,555,580,1662,1663,1731,1732,2148,2173,0,0,0,0,0,0,0,0,0,0.109426,0.106407,0.109992,0.109714,0.10021,0.10578,0.109184,0.047295,0.0380897,0.0470177,0.0474236,0.0372029,0.0460155,0,0,0,0,0,0,0,0,0,0.109227,0.106193,0.11023,0.10942,0.1,0.105797,0.109917,0.0460421,0.037315,0.0488254,0.046568,0.036071,0.0479713,0,0,0,0,0,0,0,0,0,1,1,1,1,1,1,1,1,1,1,1,1,1,0,0,0,0,0,0,0,0,0,1,1,1,1,1,1,1,1,1,1,1,1,1,0,0,0,0,0,0,0,0,0,1,0,0,0,0,0,0,0,0,0,0,0,0,0,0,0,0,0,0,0,0,0,0,13,0,0,0,0,0,0,0,0,0,0,0,0,0,0,0,0,0,0,0,0,0,0,0,0,0,0,0,0,0,0,0,0,0,0,0,0,0,0,0,0,0,0,0,0,0,0,0,0
-0.00918696,0.557609,0.946128,0,0,0,0,-5.34049e-12,-4.08246e-08,-6.95567e-08,2148,139,140,554,555,556,580,581,1732,1733,2147,2149,2173,2174,0,0,0,0,0,0,0,0,0,139,140,554,555,556,580,581,1732,1733,2147,2149,2173,2174,0,0,0,0,0,0,0,0,0,0.109945,0.109627,0.106061,0.100239,0.106247,0.109217,0.109732,0.0468863,0.0469596,0.0372029,0.0386241,0.0469136,0.0474267,0,0,0,0,0,0,0,0,0,0.110235,0.109309,0.105797,0.1,0.106134,0.109143,0.110543,0.0488361,0.0462795,0.036071,0.0371519,0.0458322,0.0495349,0,0,0,0,0,0,0,0,0,1,1,1,1,1,1,1,1,1,1,1,1,1,0,0,0,0,0,0,0,0,0,1,1,1,1,1,1,1,1,1,1,1,1,1,0,0,0,0,0,0,0,0,0,1,0,0,0,0,0,0,0,0,0,0,0,0,0,0,0,0,0,0,0,0,0,0,13,0,0,0,0,0,0,0,0,0,0,0,0,0,0,0,0,0,0,0,0,0,0,0,0,0,0,0,0,0,0,0,0,0,0,0,0,0,0,0,0,0,0,0,0,0,0,0,0
-0.0435827,0.545261,0.958629,0,0,0,0,1.06749e-09,-3.72251e-08,-6.57261e-08,2149,140,141,555,556,557,581,582,1733,1734,2148,2150,2174,2175,0,0,0,0,0,0,0,0,0,140,141,555,556,557,581,582,1733,1734,2148,2150,2174,2175,0,0,0,0,0,0,0,0,0,0.110251,0.109676,0.106412,0.100269,0.10689,0.109183,0.110242,0.0476651,0.0466657,0.0386241,0.0401733,0.0468819,0.0486609,0,0,0,0,0,0,0,0,0,0.110614,0.109358,0.106134,0.1,0.106521,0.109246,0.111147,0.0497762,0.0464061,0.0371519,0.0383579,0.0461052,0.051004,0,0,0,0,0,0,0,0,0,1,1,1,1,1,1,1,1,1,1,1,1,1,0,0,0,0,0,0,0,0,0,1,1,1,1,1,1,1,1,1,1,1,1,1,0,0,0,0,0,0,0,0,0,1,0,0,0,0,0,0,0,0,0,0,0,0,0,0,0,0,0,0,0,0,0,0,13,0,0,0,0,0,0,0,0,0,0,0,0,0,0,0,0,0,0,0,0,0,0,0,0,0,0,0,0,0,0,0,0,0,0,0,0,0,0,0,0,0,0,0,0,0,0,0,0
-0.0786926,0.529908,0.970691,0,0,0,0,2.03607e-09,-3.31517e-08,-6.06108e-08,2150,141,142,556,557,558,582,583,1734,1735,2149,2151,2175,2176,0,0,0,0,0,0,0,0,0,141,142,556,557,558,582,583,1734,1735,2149,2151,2175,2176,0,0,0,0,0,0,0,0,0,0.110683,0.110043,0.106879,0.100454,0.10814,0.109214,0.110849,0.0485156,0.0475733,0.0401733,0.0440716,0.0467857,0.0497052,0,0,0,0,0,0,0,0,0,0.111076,0.109954,0.106521,0.1,0.107675,0.109399,0.111761,0.0509035,0.0479456,0.0383579,0.0417558,0.0465056,0.0524639,0,0,0,0,0,0,0,0,0,1,1,1,1,1,1,1,1,1,1,1,1,1,0,0,0,0,0,0,0,0,0,1,1,1,1,1,1,1,1,1,1,1,1,1,0,0,0,0,0,0,0,0,0,1,0,0,0,0,0,0,0,0,0,0,0,0,0,0,0,0,0,0,0,0,0,0,13,0,0,0,0,0,0,0,0,0,0,0,0,0,0,0,0,0,0,0,0,0,0,0,0,0,0,0,0,0,0,0,0,0,0,0,0,0,0,0,0,0,0,0,0,0,0,0,0
-0.116754,0.510459,0.981433,0,0,0,0,2.66438e-09,-2.8725e-08,-5.38853e-08,2151,142,143,557,558,559,583,584,1735,1736,2150,2152,2176,2177,0,0,0,0,0,0,0,0,0,142,143,557,558,559,583,584,1735,1736,2150,2152,2176,2177,0,0,0,0,0,0,0,0,0,0.110291,0.110843,0.10775,0.0996946,0.109023,0.109502,0.110554,0.0491421,0.050436,0.0440716,0.047288,0.0483489,0.0507688,0,0,0,0,0,0,0,0,0,0.110037,0.11088,0.107516,0.1,0.108864,0.110043,0.11048,0.0483214,0.0504353,0.0417558,0.0453195,0.0484772,0.0494114,0,0,0,0,0,0,0,0,0,1,1,1,1,1,1,1,1,1,1,1,1,1,0,0,0,0,0,0,0,0,0,1,1,1,1,1,1,1,1,1,1,1,1,1,0,0,0,0,0,0,0,0,0,1,0,0,0,0,0,0,0,0,0,0,0,0,0,0,0,0,0,0,0,0,0,0,13,0,0,0,0,0,0,0,0,0,0,0,0,0,0,0,0,0,0,0,0,0,0,0,0,0,0,0,0,0,0,0,0,0,0,0,0,0,0,0,0,0,0,0,0,0,0,0,0
-0.15806,0.48887,0.989427,0,0,0,0,2.8317e-09,-2.41739e-08,-4.5909e-08,2152,143,144,558,559,560,584,585,1736,1737,2151,2153,2177,2178,0,0,0,0,0,0,0,0,0,143,144,558,559,560,584,585,1736,1737,2151,2153,2177,2178,0,0,0,0,0,0,0,0,0,0.110841,0.111311,0.108708,0.0998133,0.109427,0.1106,0.111159,0.0505804,0.0513555,0.047288,0.0481474,0.0514032,0.0519478,0,0,0,0,0,0,0,0,0,0.1104,0.111356,0.108868,0.1,0.10927,0.111276,0.110889,0.0492315,0.051581,0.0453195,0.0463874,0.0514027,0.0504173,0,0,0,0,0,0,0,0,0,1,1,1,1,1,1,1,1,1,1,1,1,1,0,0,0,0,0,0,0,0,0,1,1,1,1,1,1,1,1,1,1,1,1,1,0,0,0,0,0,0,0,0,0,1,0,0,0,0,0,0,0,0,0,0,0,0,0,0,0,0,0,0,0,0,0,0,13,0,0,0,0,0,0,0,0,0,0,0,0,0,0,0,0,0,0,0,0,0,0,0,0,0,0,0,0,0,0,0,0,0,0,0,0,0,0,0,0,0,0,0,0,0,0,0,0
-0.199858,0.465431,0.994085,0,0,0,0,2.40272e-09,-1.97497e-08,-3.68461e-08,2153,144,145,559,560,561,585,586,1737,1738,2152,2154,2178,2179,0,0,0,0,0,0,0,0,0,144,145,559,560,561,585,586,1737,1738,2152,2154,2178,2179,0,0,0,0,0,0,0,0,0,0.111102,0.111774,0.109144,0.099801,0.109778,0.111275,0.111464,0.0513873,0.0523845,0.0481474,0.0489613,0.0524596,0.0527682,0,0,0,0,0,0,0,0,0,0.110728,0.111833,0.109273,0.1,0.109657,0.111791,0.111233,0.0500415,0.0527093,0.0463874,0.0473886,0.0526217,0.0512541,0,0,0,0,0,0,0,0,0,1,1,1,1,1,1,1,1,1,1,1,1,1,0,0,0,0,0,0,0,0,0,1,1,1,1,1,1,1,1,1,1,1,1,1,0,0,0,0,0,0,0,0,0,1,0,0,0,0,0,0,0,0,0,0,0,0,0,0,0,0,0,0,0,0,0,0,13,0,0,0,0,0,0,0,0,0,0,0,0,0,0,0,0,0,0,0,0,0,0,0,0,0,0,0,0,0,0,0,0,0,0,0,0,0,0,0,0,0,0,0,0,0,0,0,0
-0.241978,0.440495,0.995207,0,0,0,0,1.20785e-09,-1.55059e-08,-2.67809e-08,2154,145,146,560,561,562,586,587,1738,1739,2153,2155,2179,2180,0,0,0,0,0,0,0,0,0,145,146,560,561,562,586,587,1738,1739,2153,2155,2179,2180,0,0,0,0,0,0,0,0,0,0.111313,0.112243,0.109548,0.0998319,0.110122,0.111864,0.11169,0.0519738,0.0533939,0.0489613,0.0497024,0.0535051,0.0533176,0,0,0,0,0,0,0,0,0,0.111006,0.112294,0.10966,0.1,0.110023,0.11229,0.111501,0.0507241,0.0537831,0.0473886,0.0483176,0.0537787,0.0519003,0,0,0,0,0,0,0,0,0,1,1,1,1,1,1,1,1,1,1,1,1,1,0,0,0,0,0,0,0,0,0,1,1,1,1,1,1,1,1,1,1,1,1,1,0,0,0,0,0,0,0,0,0,1,0,0,0,0,0,0,0,0,0,0,0,0,0,0,0,0,0,0,0,0,0,0,13,0,0,0,0,0,0,0,0,0,0,0,0,0,0,0,0,0,0,0,0,0,0,0,0,0,0,0,0,0,0,0,0,0,0,0,0,0,0,0,0,0,0,0,0,0,0,0,0
-0.284151,0.414319,0.992641,0,0,0,0,-9.02883e-10,-1.15195e-08,-1.58077e-08,2155,146,147,561,562,563,587,588,1739,1740,2154,2156,2180,2181,0,0,0,0,0,0,0,0,0,146,147,561,562,563,587,588,1739,1740,2154,2156,2180,2181,0,0,0,0,0,0,0,0,0,0.111466,0.11268,0.109953,0.0998627,0.110444,0.112413,0.111817,0.0523994,0.0543364,0.0497024,0.0503781,0.0544632,0.0536375,0,0,0,0,0,0,0,0,0,0.111231,0.112727,0.110024,0.1,0.110361,0.112749,0.111686,0.0512696,0.0547744,0.0483176,0.0491624,0.0548256,0.0523482,0,0,0,0,0,0,0,0,0,1,1,1,1,1,1,1,1,1,1,1,1,1,0,0,0,0,0,0,0,0,0,1,1,1,1,1,1,1,1,1,1,1,1,1,0,0,0,0,0,0,0,0,0,1,0,0,0,0,0,0,0,0,0,0,0,0,0,0,0,0,0,0,0,0,0,0,13,0,0,0,0,0,0,0,0,0,0,0,0,0,0,0,0,0,0,0,0,0,0,0,0,0,0,0,0,0,0,0,0,0,0,0,0,0,0,0,0,0,0,0,0,0,0,0,0
-0.326097,0.387137,0.986347,0,0,0,0,-4.04748e-09,-7.86034e-09,-4.04485e-09,2156,147,148,562,563,564,588,589,1740,1741,2155,2157,2181,2182,0,0,0,0,0,0,0,0,0,147,148,562,563,564,588,589,1740,1741,2155,2157,2181,2182,0,0,0,0,0,0,0,0,0,0.11158,0.113078,0.110331,0.0998965,0.110729,0.112872,0.111872,0.0527063,0.055196,0.0503781,0.0509535,0.0552796,0.0537705,0,0,0,0,0,0,0,0,0,0.111406,0.113126,0.11036,0.1,0.110654,0.113145,0.111792,0.0516922,0.0556755,0.0491624,0.049885,0.0557127,0.0526086,0,0,0,0,0,0,0,0,0,1,1,1,1,1,1,1,1,1,1,1,1,1,0,0,0,0,0,0,0,0,0,1,1,1,1,1,1,1,1,1,1,1,1,1,0,0,0,0,0,0,0,0,0,1,0,0,0,0,0,0,0,0,0,0,0,0,0,0,0,0,0,0,0,0,0,0,13,0,0,0,0,0,0,0,0,0,0,0,0,0,0,0,0,0,0,0,0,0,0,0,0,0,0,0,0,0,0,0,0,0,0,0,0,0,0,0,0,0,0,0,0,0,0,0,0
-0.367492,0.359146,0.976384,0,0,0,0,-8.30868e-09,-4.59214e-09,8.36163e-09,2157,148,149,563,564,565,589,590,1741,1742,2156,2158,2182,2183,0,0,0,0,0,0,0,0,0,148,149,563,564,565,589,590,1741,1742,2156,2158,2182,2183,0,0,0,0,0,0,0,0,0,0.111675,0.113453,0.110661,0.0999284,0.110943,0.11322,0.111868,0.0529548,0.0560137,0.0509535,0.05136,0.0558968,0.0537535,0,0,0,0,0,0,0,0,0,0.111549,0.113508,0.110651,0.1,0.110872,0.113451,0.111828,0.052037,0.056527,0.049885,0.0504184,0.0563876,0.0527013,0,0,0,0,0,0,0,0,0,1,1,1,1,1,1,1,1,1,1,1,1,1,0,0,0,0,0,0,0,0,0,1,1,1,1,1,1,1,1,1,1,1,1,1,0,0,0,0,0,0,0,0,0,1,0,0,0,0,0,0,0,0,0,0,0,0,0,0,0,0,0,0,0,0,0,0,13,0,0,0,0,0,0,0,0,0,0,0,0,0,0,0,0,0,0,0,0,0,0,0,0,0,0,0,0,0,0,0,0,0,0,0,0,0,0,0,0,0,0,0,0,0,0,0,0
-0.407942,0.330486,0.962957,0,0,0,0,-1.37239e-08,-1.76408e-09,2.12332e-08,2158,149,150,564,565,566,590,591,1742,1743,2157,2159,2183,2184,0,0,0,0,0,0,0,0,0,149,150,564,565,566,590,591,1742,1743,2157,2159,2183,2184,0,0,0,0,0,0,0,0,0,0.111799,0.113872,0.110908,0.0999559,0.110964,0.113428,0.111803,0.0532664,0.0569463,0.05136,0.0513019,0.0562476,0.0535702,0,0,0,0,0,0,0,0,0,0.11171,0.11394,0.110867,0.1,0.110893,0.113631,0.111785,0.0524213,0.0574796,0.0504184,0.0504702,0.0567795,0.0526091,0,0,0,0,0,0,0,0,0,1,1,1,1,1,1,1,1,1,1,1,1,1,0,0,0,0,0,0,0,0,0,1,1,1,1,1,1,1,1,1,1,1,1,1,0,0,0,0,0,0,0,0,0,1,0,0,0,0,0,0,0,0,0,0,0,0,0,0,0,0,0,0,0,0,0,0,13,0,0,0,0,0,0,0,0,0,0,0,0,0,0,0,0,0,0,0,0,0,0,0,0,0,0,0,0,0,0,0,0,0,0,0,0,0,0,0,0,0,0,0,0,0,0,0,0
-0.446811,0.301286,0.946573,0,0,0,0,-2.02383e-08,5.97997e-10,3.43032e-08,2159,150,151,565,566,567,591,592,1743,1744,2158,2160,2184,2185,0,0,0,0,0,0,0,0,0,150,151,565,566,567,591,592,1743,1744,2158,2160,2184,2185,0,0,0,0,0,0,0,0,0,0.112038,0.113833,0.110946,0.0999792,0.109958,0.113395,0.111544,0.0538486,0.0568871,0.0513019,0.0486858,0.0561036,0.0528937,0,0,0,0,0,0,0,0,0,0.111985,0.113911,0.110888,0.1,0.109893,0.113574,0.111528,0.0530696,0.0574135,0.0504702,0.047983,0.0566491,0.0520037,0,0,0,0,0,0,0,0,0,1,1,1,1,1,1,1,1,1,1,1,1,1,0,0,0,0,0,0,0,0,0,1,1,1,1,1,1,1,1,1,1,1,1,1,0,0,0,0,0,0,0,0,0,1,0,0,0,0,0,0,0,0,0,0,0,0,0,0,0,0,0,0,0,0,0,0,13,0,0,0,0,0,0,0,0,0,0,0,0,0,0,0,0,0,0,0,0,0,0,0,0,0,0,0,0,0,0,0,0,0,0,0,0,0,0,0,0,0,0,0,0,0,0,0,0
-0.482469,0.274166,0.927512,0,0,0,0,-2.74581e-08,2.30801e-09,4.67423e-08,2160,151,152,566,567,568,592,593,1744,1745,2159,2161,2185,2186,0,0,0,0,0,0,0,0,0,151,152,566,567,568,592,593,1744,1745,2159,2161,2185,2186,0,0,0,0,0,0,0,0,0,0.111922,0.113772,0.10995,0.0999955,0.10978,0.113327,0.111554,0.0535552,0.0567738,0.0486858,0.048154,0.0559306,0.0528921,0,0,0,0,0,0,0,0,0,0.111876,0.113849,0.109888,0.1,0.109727,0.11349,0.111544,0.0528164,0.0572777,0.047983,0.0475608,0.0564587,0.0520473,0,0,0,0,0,0,0,0,0,1,1,1,1,1,1,1,1,1,1,1,1,1,0,0,0,0,0,0,0,0,0,1,1,1,1,1,1,1,1,1,1,1,1,1,0,0,0,0,0,0,0,0,0,1,0,0,0,0,0,0,0,0,0,0,0,0,0,0,0,0,0,0,0,0,0,0,13,0,0,0,0,0,0,0,0,0,0,0,0,0,0,0,0,0,0,0,0,0,0,0,0,0,0,0,0,0,0,0,0,0,0,0,0,0,0,0,0,0,0,0,0,0,0,0,0
-0.516329,0.247746,0.905734,0,0,0,0,-3.56059e-08,3.53696e-09,5.89544e-08,2161,152,153,567,568,569,593,594,1745,1746,2160,2162,2186,2187,0,0,0,0,0,0,0,0,0,152,153,567,568,569,593,594,1745,1746,2160,2162,2186,2187,0,0,0,0,0,0,0,0,0,0.11165,0.113594,0.109788,0.100005,0.110077,0.113393,0.111022,0.0528979,0.0564044,0.048154,0.0488251,0.0560894,0.0516191,0,0,0,0,0,0,0,0,0,0.111604,0.113669,0.109723,0.1,0.110035,0.113546,0.111018,0.0521786,0.0568793,0.0475608,0.0483418,0.0565835,0.0507885,0,0,0,0,0,0,0,0,0,1,1,1,1,1,1,1,1,1,1,1,1,1,0,0,0,0,0,0,0,0,0,1,1,1,1,1,1,1,1,1,1,1,1,1,0,0,0,0,0,0,0,0,0,1,0,0,0,0,0,0,0,0,0,0,0,0,0,0,0,0,0,0,0,0,0,0,13,0,0,0,0,0,0,0,0,0,0,0,0,0,0,0,0,0,0,0,0,0,0,0,0,0,0,0,0,0,0,0,0,0,0,0,0,0,0,0,0,0,0,0,0,0,0,0,0
-0.549115,0.221453,0.880882,0,0,0,0,-4.48509e-08,4.33518e-09,7.11093e-08,2162,153,154,568,569,570,594,595,1746,1747,2161,2163,2187,2188,0,0,0,0,0,0,0,0,0,153,154,568,569,570,594,595,1746,1747,2161,2163,2187,2188,0,0,0,0,0,0,0,0,0,0.11128,0.113233,0.11009,0.100011,0.111267,0.112859,0.110673,0.0520137,0.0556312,0.0488251,0.0516608,0.0549048,0.0507529,0,0,0,0,0,0,0,0,0,0.111236,0.113306,0.110031,0.1,0.111237,0.112998,0.110667,0.0513022,0.0560727,0.0483418,0.0513,0.0553561,0.0499322,0,0,0,0,0,0,0,0,0,1,1,1,1,1,1,1,1,1,1,1,1,1,0,0,0,0,0,0,0,0,0,1,1,1,1,1,1,1,1,1,1,1,1,1,0,0,0,0,0,0,0,0,0,1,0,0,0,0,0,0,0,0,0,0,0,0,0,0,0,0,0,0,0,0,0,0,13,0,0,0,0,0,0,0,0,0,0,0,0,0,0,0,0,0,0,0,0,0,0,0,0,0,0,0,0,0,0,0,0,0,0,0,0,0,0,0,0,0,0,0,0,0,0,0,0
-0.582076,0.194574,0.851557,0,0,0,0,-5.56578e-08,4.72336e-09,8.35878e-08,2163,154,155,569,570,571,595,596,1747,1748,2162,2164,2188,2189,0,0,0,0,0,0,0,0,0,154,155,569,570,571,595,596,1747,1748,2162,2164,2188,2189,0,0,0,0,0,0,0,0,0,0.110885,0.112473,0.111281,0.100014,0.111271,0.112664,0.110453,0.0510724,0.0539519,0.0516608,0.0516229,0.0544641,0.0501597,0,0,0,0,0,0,0,0,0,0.110842,0.112547,0.111234,0.1,0.111249,0.112785,0.110439,0.0503518,0.0543523,0.0513,0.0513274,0.0548764,0.0493717,0,0,0,0,0,0,0,0,0,1,1,1,1,1,1,1,1,1,1,1,1,1,0,0,0,0,0,0,0,0,0,1,1,1,1,1,1,1,1,1,1,1,1,1,0,0,0,0,0,0,0,0,0,1,0,0,0,0,0,0,0,0,0,0,0,0,0,0,0,0,0,0,0,0,0,0,13,0,0,0,0,0,0,0,0,0,0,0,0,0,0,0,0,0,0,0,0,0,0,0,0,0,0,0,0,0,0,0,0,0,0,0,0,0,0,0,0,0,0,0,0,0,0,0,0
-0.612895,0.167484,0.820233,0,0,0,0,-6.73573e-08,4.71004e-09,9.55825e-08,2164,155,156,570,571,572,596,597,1748,1749,2163,2165,2189,2190,0,0,0,0,0,0,0,0,0,155,156,570,571,572,596,597,1748,1749,2163,2165,2189,2190,0,0,0,0,0,0,0,0,0,0.11029,0.11182,0.111282,0.100015,0.11108,0.112202,0.110118,0.0495996,0.0524786,0.0516229,0.0511163,0.053407,0.0492702,0,0,0,0,0,0,0,0,0,0.110255,0.11189,0.111246,0.1,0.111064,0.112303,0.110098,0.0489055,0.0528286,0.0513274,0.0508814,0.0537724,0.0485188,0,0,0,0,0,0,0,0,0,1,1,1,1,1,1,1,1,1,1,1,1,1,0,0,0,0,0,0,0,0,0,1,1,1,1,1,1,1,1,1,1,1,1,1,0,0,0,0,0,0,0,0,0,1,0,0,0,0,0,0,0,0,0,0,0,0,0,0,0,0,0,0,0,0,0,0,13,0,0,0,0,0,0,0,0,0,0,0,0,0,0,0,0,0,0,0,0,0,0,0,0,0,0,0,0,0,0,0,0,0,0,0,0,0,0,0,0,0,0,0,0,0,0,0,0
-0.641307,0.140767,0.78719,0,0,0,0,-7.97389e-08,4.33381e-09,1.06841e-07,2165,156,157,571,572,573,597,598,1749,1750,2164,2166,2190,2191,0,0,0,0,0,0,0,0,0,156,157,571,572,573,597,598,1749,1750,2164,2166,2190,2191,0,0,0,0,0,0,0,0,0,0.109818,0.111213,0.111086,0.100014,0.110789,0.111664,0.109756,0.0483874,0.0510788,0.0511163,0.0503742,0.052168,0.0482993,0,0,0,0,0,0,0,0,0,0.109787,0.111276,0.111063,0.1,0.110782,0.111747,0.109731,0.0477241,0.0513731,0.0508814,0.0501935,0.0524779,0.0475889,0,0,0,0,0,0,0,0,0,1,1,1,1,1,1,1,1,1,1,1,1,1,0,0,0,0,0,0,0,0,0,1,1,1,1,1,1,1,1,1,1,1,1,1,0,0,0,0,0,0,0,0,0,1,0,0,0,0,0,0,0,0,0,0,0,0,0,0,0,0,0,0,0,0,0,0,13,0,0,0,0,0,0,0,0,0,0,0,0,0,0,0,0,0,0,0,0,0,0,0,0,0,0,0,0,0,0,0,0,0,0,0,0,0,0,0,0,0,0,0,0,0,0,0,0
-0.667214,0.114703,0.752736,0,0,0,0,-9.26228e-08,3.66858e-09,1.17214e-07,2166,157,158,572,573,574,598,599,1750,1751,2165,2167,2191,2192,0,0,0,0,0,0,0,0,0,157,158,572,573,574,598,599,1750,1751,2165,2167,2191,2192,0,0,0,0,0,0,0,0,0,0.109399,0.110622,0.110794,0.100013,0.110423,0.111097,0.109384,0.0472834,0.0496846,0.0503742,0.0494439,0.0508378,0.0472904,0,0,0,0,0,0,0,0,0,0.10937,0.110677,0.110781,0.1,0.110423,0.111162,0.109357,0.046655,0.0499214,0.0501935,0.0493089,0.0510879,0.0466252,0,0,0,0,0,0,0,0,0,1,1,1,1,1,1,1,1,1,1,1,1,1,0,0,0,0,0,0,0,0,0,1,1,1,1,1,1,1,1,1,1,1,1,1,0,0,0,0,0,0,0,0,0,1,0,0,0,0,0,0,0,0,0,0,0,0,0,0,0,0,0,0,0,0,0,0,13,0,0,0,0,0,0,0,0,0,0,0,0,0,0,0,0,0,0,0,0,0,0,0,0,0,0,0,0,0,0,0,0,0,0,0,0,0,0,0,0,0,0,0,0,0,0,0,0
-0.690576,0.0894697,0.717209,0,0,0,0,-1.05834e-07,2.80109e-09,1.26603e-07,2167,158,159,573,574,575,599,600,1751,1752,2166,2168,2192,2193,0,0,0,0,0,0,0,0,0,158,159,573,574,575,599,600,1751,1752,2166,2168,2192,2193,0,0,0,0,0,0,0,0,0,0.109008,0.110041,0.110428,0.100011,0.110001,0.110515,0.10901,0.0462248,0.0482839,0.0494439,0.0483663,0.0494447,0.0462575,0,0,0,0,0,0,0,0,0,0.108981,0.11009,0.110424,0.1,0.110008,0.110565,0.108982,0.045636,0.0484638,0.0493089,0.0482683,0.0496348,0.0456413,0,0,0,0,0,0,0,0,0,1,1,1,1,1,1,1,1,1,1,1,1,1,0,0,0,0,0,0,0,0,0,1,1,1,1,1,1,1,1,1,1,1,1,1,0,0,0,0,0,0,0,0,0,1,0,0,0,0,0,0,0,0,0,0,0,0,0,0,0,0,0,0,0,0,0,0,13,0,0,0,0,0,0,0,0,0,0,0,0,0,0,0,0,0,0,0,0,0,0,0,0,0,0,0,0,0,0,0,0,0,0,0,0,0,0,0,0,0,0,0,0,0,0,0,0
-0.711407,0.0651855,0.680937,0,0,0,0,-1.19211e-07,1.82746e-09,1.34939e-07,2168,159,160,574,575,576,600,601,1752,1753,2167,2169,2193,2194,0,0,0,0,0,0,0,0,0,159,160,574,575,576,600,601,1752,1753,2167,2169,2193,2194,0,0,0,0,0,0,0,0,0,0.108633,0.109474,0.110007,0.100009,0.109539,0.109928,0.108636,0.0451872,0.0468784,0.0483663,0.0471658,0.0480046,0.0452086,0,0,0,0,0,0,0,0,0,0.108608,0.109516,0.11001,0.1,0.10955,0.109964,0.108608,0.0446424,0.047003,0.0482683,0.0470979,0.0481372,0.0446445,0,0,0,0,0,0,0,0,0,1,1,1,1,1,1,1,1,1,1,1,1,1,0,0,0,0,0,0,0,0,0,1,1,1,1,1,1,1,1,1,1,1,1,1,0,0,0,0,0,0,0,0,0,1,0,0,0,0,0,0,0,0,0,0,0,0,0,0,0,0,0,0,0,0,0,0,13,0,0,0,0,0,0,0,0,0,0,0,0,0,0,0,0,0,0,0,0,0,0,0,0,0,0,0,0,0,0,0,0,0,0,0,0,0,0,0,0,0,0,0,0,0,0,0,0
-0.729754,0.0419298,0.644233,0,0,0,0,-1.32609e-07,8.59885e-10,1.42182e-07,2169,160,161,575,576,577,601,602,1753,1754,2168,2170,2194,2195,0,0,0,0,0,0,0,0,0,160,161,575,576,577,601,602,1753,1754,2168,2170,2194,2195,0,0,0,0,0,0,0,0,0,0.10827,0.108928,0.109542,0.100007,0.109049,0.109341,0.108266,0.0441659,0.0454703,0.0471658,0.0458685,0.0465299,0.0441514,0,0,0,0,0,0,0,0,0,0.10825,0.10896,0.109552,0.1,0.109062,0.109367,0.108241,0.043668,0.0455511,0.0470979,0.0458232,0.0466109,0.0436438,0,0,0,0,0,0,0,0,0,1,1,1,1,1,1,1,1,1,1,1,1,1,0,0,0,0,0,0,0,0,0,1,1,1,1,1,1,1,1,1,1,1,1,1,0,0,0,0,0,0,0,0,0,1,0,0,0,0,0,0,0,0,0,0,0,0,0,0,0,0,0,0,0,0,0,0,13,0,0,0,0,0,0,0,0,0,0,0,0,0,0,0,0,0,0,0,0,0,0,0,0,0,0,0,0,0,0,0,0,0,0,0,0,0,0,0,0,0,0,0,0,0,0,0,0
-0.745701,0.0197525,0.607385,0,0,0,0,-1.45912e-07,1.11178e-11,1.48354e-07,2170,161,162,576,577,578,602,603,1754,1755,2169,2171,2195,2196,0,0,0,0,0,0,0,0,0,161,162,576,577,578,602,603,1754,1755,2169,2171,2195,2196,0,0,0,0,0,0,0,0,0,0.107926,0.108407,0.109049,0.100006,0.108542,0.108761,0.107905,0.0431619,0.0440822,0.0458685,0.0445002,0.0450346,0.0430996,0,0,0,0,0,0,0,0,0,0.107907,0.108429,0.109065,0.1,0.108556,0.108781,0.107883,0.0427179,0.044125,0.0458232,0.0444702,0.0450694,0.0426524,0,0,0,0,0,0,0,0,0,1,1,1,1,1,1,1,1,1,1,1,1,1,0,0,0,0,0,0,0,0,0,1,1,1,1,1,1,1,1,1,1,1,1,1,0,0,0,0,0,0,0,0,0,1,0,0,0,0,0,0,0,0,0,0,0,0,0,0,0,0,0,0,0,0,0,0,13,0,0,0,0,0,0,0,0,0,0,0,0,0,0,0,0,0,0,0,0,0,0,0,0,0,0,0,0,0,0,0,0,0,0,0,0,0,0,0,0,0,0,0,0,0,0,0,0
-0.759361,-0.00132502,0.570651,0,0,0,0,-1.59038e-07,-6.22236e-10,1.53525e-07,2171,162,163,577,578,579,603,604,1755,1756,2170,2172,2196,2197,0,0,0,0,0,0,0,0,0,162,163,577,578,579,603,604,1755,1756,2170,2172,2196,2197,0,0,0,0,0,0,0,0,0,0.107607,0.107909,0.108542,0.100006,0.108029,0.108195,0.10756,0.0421868,0.0427577,0.0445002,0.0430786,0.0435323,0.042083,0,0,0,0,0,0,0,0,0,0.107584,0.107928,0.108559,0.1,0.108045,0.10821,0.107544,0.0418088,0.0427464,0.0444702,0.0430693,0.0435226,0.0416924,0,0,0,0,0,0,0,0,0,1,1,1,1,1,1,1,1,1,1,1,1,1,0,0,0,0,0,0,0,0,0,1,1,1,1,1,1,1,1,1,1,1,1,1,0,0,0,0,0,0,0,0,0,1,0,0,0,0,0,0,0,0,0,0,0,0,0,0,0,0,0,0,0,0,0,0,13,0,0,0,0,0,0,0,0,0,0,0,0,0,0,0,0,0,0,0,0,0,0,0,0,0,0,0,0,0,0,0,0,0,0,0,0,0,0,0,0,0,0,0,0,0,0,0,0
-0.770856,-0.0213377,0.534276,0,0,0,0,-1.71979e-07,-9.66596e-10,1.57784e-07,2172,163,164,578,579,604,605,1756,1757,2171,2197,2198,0,0,0,0,0,0,0,0,0,0,0,163,164,578,579,604,605,1756,1757,2171,2197,2198,0,0,0,0,0,0,0,0,0,0,0,0.10732,0.107476,0.108031,0.100002,0.107633,0.107221,0.0413111,0.0414527,0.0430786,0.0420082,0.0411497,0,0,0,0,0,0,0,0,0,0,0,0.107294,0.107468,0.108049,0.1,0.107655,0.107237,0.0409761,0.0414444,0.0430693,0.0419733,0.0408067,0,0,0,0,0,0,0,0,0,0,0,1,1,1,1,1,1,1,1,1,1,1,0,0,0,0,0,0,0,0,0,0,0,1,1,1,1,1,1,1,1,1,1,1,0,0,0,0,0,0,0,0,0,0,0,1,0,0,0,0,0,0,0,0,0,0,0,0,0,0,0,0,0,0,0,0,0,0,11,0,0,0,0,0,0,0,0,0,0,0,0,0,0,0,0,0,0,0,0,0,0,0,0,0,0,0,0,0,0,0,0,0,0,0,0,0,0,0,0,0,0,0,0,0,0,0,0
0.0267285,0.537616,0.968739,0,0,0,0,-1.12173e-09,-3.50222e-08,-6.34772e-08,2173,68,69,554,555,580,581,606,1661,1662,2147,2148,2174,2199,0,0,0,0,0,0,0,0,0,68,69,554,555,580,581,606,1661,1662,2147,2148,2174,2199,0,0,0,0,0,0,0,0,0,0.109429,0.106318,0.109668,0.109445,0.100245,0.106061,0.109859,0.0473876,0.0377245,0.0460155,0.0469136,0.0382897,0.0478691,0,0,0,0,0,0,0,0,0,0.109179,0.106072,0.109893,0.109138,0.1,0.106116,0.11072,0.0459264,0.036952,0.0479713,0.0458322,0.0371075,0.0499676,0,0,0,0,0,0,0,0,0,1,1,1,1,1,1,1,1,1,1,1,1,1,0,0,0,0,0,0,0,0,0,1,1,1,1,1,1,1,1,1,1,1,1,1,0,0,0,0,0,0,0,0,0,1,0,0,0,0,0,0,0,0,0,0,0,0,0,0,0,0,0,0,0,0,0,0,13,0,0,0,0,0,0,0,0,0,0,0,0,0,0,0,0,0,0,0,0,0,0,0,0,0,0,0,0,0,0,0,0,0,0,0,0,0,0,0,0,0,0,0,0,0,0,0,0
-0.00746857,0.526778,0.982125,0,0,0,0,-8.89915e-11,-3.20487e-08,-6.06847e-08,2174,555,556,580,581,582,606,607,2148,2149,2173,2175,2199,2200,0,0,0,0,0,0,0,0,0,555,556,580,581,582,606,607,2148,2149,2173,2175,2199,2200,0,0,0,0,0,0,0,0,0,0.110256,0.109539,0.106433,0.100288,0.106572,0.109345,0.110406,0.0474267,0.0468819,0.0382897,0.0397948,0.0473822,0.0492526,0,0,0,0,0,0,0,0,0,0.110517,0.109241,0.106116,0.1,0.106456,0.109246,0.111378,0.0495349,0.0461052,0.0371075,0.0381723,0.0461097,0.0515577,0,0,0,0,0,0,0,0,0,1,1,1,1,1,1,1,1,1,1,1,1,1,0,0,0,0,0,0,0,0,0,1,1,1,1,1,1,1,1,1,1,1,1,1,0,0,0,0,0,0,0,0,0,1,0,0,0,0,0,0,0,0,0,0,0,0,0,0,0,0,0,0,0,0,0,0,13,0,0,0,0,0,0,0,0,0,0,0,0,0,0,0,0,0,0,0,0,0,0,0,0,0,0,0,0,0,0,0,0,0,0,0,0,0,0,0,0,0,0,0,0,0,0,0,0
-0.0424941,0.512969,0.995015,0,0,0,0,9.2506e-10,-2.86529e-08,-5.6693e-08,2175,556,557,581,582,583,607,608,2149,2150,2174,2176,2200,2201,0,0,0,0,0,0,0,0,0,556,557,581,582,583,607,608,2149,2150,2174,2176,2200,2201,0,0,0,0,0,0,0,0,0,0.110745,0.109707,0.106815,0.100321,0.107298,0.109342,0.110906,0.0486609,0.0467857,0.0397948,0.0414699,0.0474604,0.0504616,0,0,0,0,0,0,0,0,0,0.111119,0.109395,0.106456,0.1,0.106852,0.1094,0.112035,0.051004,0.0465056,0.0381723,0.0393752,0.0465157,0.0531056,0,0,0,0,0,0,0,0,0,1,1,1,1,1,1,1,1,1,1,1,1,1,0,0,0,0,0,0,0,0,0,1,1,1,1,1,1,1,1,1,1,1,1,1,0,0,0,0,0,0,0,0,0,1,0,0,0,0,0,0,0,0,0,0,0,0,0,0,0,0,0,0,0,0,0,0,13,0,0,0,0,0,0,0,0,0,0,0,0,0,0,0,0,0,0,0,0,0,0,0,0,0,0,0,0,0,0,0,0,0,0,0,0,0,0,0,0,0,0,0,0,0,0,0,0
-0.0783789,0.49603,1.00706,0,0,0,0,1.8111e-09,-2.49141e-08,-5.1452e-08,2176,557,558,582,583,584,608,609,2150,2151,2175,2177,2201,2202,0,0,0,0,0,0,0,0,0,557,558,582,583,584,608,609,2150,2151,2175,2177,2201,2202,0,0,0,0,0,0,0,0,0,0.111269,0.110282,0.107314,0.100525,0.10865,0.109404,0.111584,0.0497052,0.0483489,0.0414699,0.0456463,0.0474825,0.0516104,0,0,0,0,0,0,0,0,0,0.111731,0.110177,0.106851,0.1,0.108157,0.109581,0.112704,0.0524639,0.0484772,0.0393752,0.0430759,0.0469843,0.0546462,0,0,0,0,0,0,0,0,0,1,1,1,1,1,1,1,1,1,1,1,1,1,0,0,0,0,0,0,0,0,0,1,1,1,1,1,1,1,1,1,1,1,1,1,0,0,0,0,0,0,0,0,0,1,0,0,0,0,0,0,0,0,0,0,0,0,0,0,0,0,0,0,0,0,0,0,13,0,0,0,0,0,0,0,0,0,0,0,0,0,0,0,0,0,0,0,0,0,0,0,0,0,0,0,0,0,0,0,0,0,0,0,0,0,0,0,0,0,0,0,0,0,0,0,0
-0.117345,0.47461,1.01738,0,0,0,0,2.33399e-09,-2.09486e-08,-4.46035e-08,2177,558,559,583,584,585,609,610,2151,2152,2176,2178,2202,2203,0,0,0,0,0,0,0,0,0,558,559,583,584,585,609,610,2151,2152,2176,2178,2202,2203,0,0,0,0,0,0,0,0,0,0.110852,0.111174,0.108224,0.0995961,0.109683,0.109718,0.111183,0.0507688,0.0514032,0.0456463,0.0492872,0.0492498,0.0527304,0,0,0,0,0,0,0,0,0,0.110473,0.111281,0.107969,0.1,0.109499,0.110341,0.111082,0.0494114,0.0514027,0.0430759,0.0469823,0.0492566,0.0508842,0,0,0,0,0,0,0,0,0,1,1,1,1,1,1,1,1,1,1,1,1,1,0,0,0,0,0,0,0,0,0,1,1,1,1,1,1,1,1,1,1,1,1,1,0,0,0,0,0,0,0,0,0,1,0,0,0,0,0,0,0,0,0,0,0,0,0,0,0,0,0,0,0,0,0,0,13,0,0,0,0,0,0,0,0,0,0,0,0,0,0,0,0,0,0,0,0,0,0,0,0,0,0,0,0,0,0,0,0,0,0,0,0,0,0,0,0,0,0,0,0,0,0,0,0
-0.159875,0.450815,1.02474,0,0,0,0,2.37277e-09,-1.68894e-08,-3.64796e-08,2178,559,560,584,585,586,610,611,2152,2153,2177,2179,2203,2204,0,0,0,0,0,0,0,0,0,559,560,584,585,586,610,611,2152,2153,2177,2179,2203,2204,0,0,0,0,0,0,0,0,0,0.111385,0.111747,0.109359,0.0997759,0.110082,0.110947,0.1118,0.0519478,0.0524596,0.0492872,0.0499869,0.0525537,0.0537632,0,0,0,0,0,0,0,0,0,0.110882,0.111795,0.109503,0.1,0.109909,0.11176,0.111498,0.0504173,0.0526217,0.0469823,0.0480315,0.0525536,0.0518848,0,0,0,0,0,0,0,0,0,1,1,1,1,1,1,1,1,1,1,1,1,1,0,0,0,0,0,0,0,0,0,1,1,1,1,1,1,1,1,1,1,1,1,1,0,0,0,0,0,0,0,0,0,1,0,0,0,0,0,0,0,0,0,0,0,0,0,0,0,0,0,0,0,0,0,0,13,0,0,0,0,0,0,0,0,0,0,0,0,0,0,0,0,0,0,0,0,0,0,0,0,0,0,0,0,0,0,0,0,0,0,0,0,0,0,0,0,0,0,0,0,0,0,0,0
-0.202722,0.425308,1.02824,0,0,0,0,1.79384e-09,-1.30712e-08,-2.73478e-08,2179,560,561,585,586,587,611,612,2153,2154,2178,2180,2204,2205,0,0,0,0,0,0,0,0,0,560,561,585,586,587,611,612,2153,2154,2178,2180,2204,2205,0,0,0,0,0,0,0,0,0,0.111642,0.112239,0.109788,0.0997713,0.110417,0.111708,0.112078,0.0527682,0.0535051,0.0499869,0.0506727,0.0536427,0.0544767,0,0,0,0,0,0,0,0,0,0.111227,0.112292,0.109913,0.1,0.110298,0.1123,0.111829,0.0512541,0.0537787,0.0480315,0.0490069,0.0538077,0.0526735,0,0,0,0,0,0,0,0,0,1,1,1,1,1,1,1,1,1,1,1,1,1,0,0,0,0,0,0,0,0,0,1,1,1,1,1,1,1,1,1,1,1,1,1,0,0,0,0,0,0,0,0,0,1,0,0,0,0,0,0,0,0,0,0,0,0,0,0,0,0,0,0,0,0,0,0,13,0,0,0,0,0,0,0,0,0,0,0,0,0,0,0,0,0,0,0,0,0,0,0,0,0,0,0,0,0,0,0,0,0,0,0,0,0,0,0,0,0,0,0,0,0,0,0,0
-0.245703,0.398471,1.02781,0,0,0,0,4.31652e-10,-9.51254e-09,-1.72921e-08,2180,561,562,586,587,588,612,613,2154,2155,2179,2181,2205,2206,0,0,0,0,0,0,0,0,0,561,562,586,587,588,612,613,2154,2155,2179,2181,2205,2206,0,0,0,0,0,0,0,0,0,0.111841,0.112702,0.110178,0.0998157,0.11075,0.112332,0.112264,0.0533176,0.0544632,0.0506727,0.0513091,0.0546863,0.0548884,0,0,0,0,0,0,0,0,0,0.111496,0.112749,0.1103,0.1,0.110659,0.112807,0.112062,0.0519003,0.0548256,0.0490069,0.0498983,0.0549621,0.0532255,0,0,0,0,0,0,0,0,0,1,1,1,1,1,1,1,1,1,1,1,1,1,0,0,0,0,0,0,0,0,0,1,1,1,1,1,1,1,1,1,1,1,1,1,0,0,0,0,0,0,0,0,0,1,0,0,0,0,0,0,0,0,0,0,0,0,0,0,0,0,0,0,0,0,0,0,13,0,0,0,0,0,0,0,0,0,0,0,0,0,0,0,0,0,0,0,0,0,0,0,0,0,0,0,0,0,0,0,0,0,0,0,0,0,0,0,0,0,0,0,0,0,0,0,0
-0.288546,0.370588,1.02339,0,0,0,0,-1.8581e-09,-6.2712e-09,-6.41334e-09,2181,562,563,587,588,589,613,614,2155,2156,2180,2182,2206,2207,0,0,0,0,0,0,0,0,0,562,563,587,588,589,613,614,2155,2156,2180,2182,2206,2207,0,0,0,0,0,0,0,0,0,0.111953,0.113094,0.110575,0.0998566,0.111053,0.112875,0.112332,0.0536375,0.0552796,0.0513091,0.051877,0.0555777,0.0550342,0,0,0,0,0,0,0,0,0,0.111683,0.113142,0.110659,0.1,0.110979,0.113248,0.11219,0.0523482,0.0557127,0.0498983,0.0506781,0.0559495,0.0535352,0,0,0,0,0,0,0,0,0,1,1,1,1,1,1,1,1,1,1,1,1,1,0,0,0,0,0,0,0,0,0,1,1,1,1,1,1,1,1,1,1,1,1,1,0,0,0,0,0,0,0,0,0,1,0,0,0,0,0,0,0,0,0,0,0,0,0,0,0,0,0,0,0,0,0,0,13,0,0,0,0,0,0,0,0,0,0,0,0,0,0,0,0,0,0,0,0,0,0,0,0,0,0,0,0,0,0,0,0,0,0,0,0,0,0,0,0,0,0,0,0,0,0,0,0
-0.330958,0.341909,1.01502,0,0,0,0,-5.18104e-09,-3.39853e-09,5.15946e-09,2182,563,564,588,589,590,614,615,2156,2157,2181,2183,2207,2208,0,0,0,0,0,0,0,0,0,563,564,588,589,590,614,615,2156,2157,2181,2183,2207,2208,0,0,0,0,0,0,0,0,0,0.111998,0.113389,0.110937,0.0998983,0.111289,0.11328,0.112311,0.0537705,0.0558968,0.051877,0.0522885,0.056242,0.0549598,0,0,0,0,0,0,0,0,0,0.111792,0.113445,0.110977,0.1,0.111223,0.113587,0.11222,0.0526086,0.0563876,0.0506781,0.0512659,0.0566944,0.0536156,0,0,0,0,0,0,0,0,0,1,1,1,1,1,1,1,1,1,1,1,1,1,0,0,0,0,0,0,0,0,0,1,1,1,1,1,1,1,1,1,1,1,1,1,0,0,0,0,0,0,0,0,0,1,0,0,0,0,0,0,0,0,0,0,0,0,0,0,0,0,0,0,0,0,0,0,13,0,0,0,0,0,0,0,0,0,0,0,0,0,0,0,0,0,0,0,0,0,0,0,0,0,0,0,0,0,0,0,0,0,0,0,0,0,0,0,0,0,0,0,0,0,0,0,0
-0.372557,0.312649,1.00288,0,0,0,0,-9.59846e-09,-9.39239e-10,1.72615e-08,2183,564,565,589,590,591,615,616,2157,2158,2182,2184,2208,2209,0,0,0,0,0,0,0,0,0,564,565,589,590,591,615,616,2157,2158,2182,2184,2208,2209,0,0,0,0,0,0,0,0,0,0.111985,0.113555,0.111219,0.0999352,0.111379,0.113516,0.112211,0.0537535,0.0562476,0.0522885,0.0523649,0.0565936,0.0546842,0,0,0,0,0,0,0,0,0,0.11183,0.113622,0.111219,0.1,0.111317,0.113779,0.112155,0.0527013,0.0567795,0.0512659,0.051491,0.0571095,0.0534711,0,0,0,0,0,0,0,0,0,1,1,1,1,1,1,1,1,1,1,1,1,1,0,0,0,0,0,0,0,0,0,1,1,1,1,1,1,1,1,1,1,1,1,1,0,0,0,0,0,0,0,0,0,1,0,0,0,0,0,0,0,0,0,0,0,0,0,0,0,0,0,0,0,0,0,0,13,0,0,0,0,0,0,0,0,0,0,0,0,0,0,0,0,0,0,0,0,0,0,0,0,0,0,0,0,0,0,0,0,0,0,0,0,0,0,0,0,0,0,0,0,0,0,0,0
-0.412829,0.28302,0.987306,0,0,0,0,-1.51081e-08,1.07502e-09,2.96718e-08,2184,565,566,590,591,592,616,617,2158,2159,2183,2185,2209,2210,0,0,0,0,0,0,0,0,0,565,566,590,591,592,616,617,2158,2159,2183,2185,2209,2210,0,0,0,0,0,0,0,0,0,0.111904,0.113484,0.111341,0.0999648,0.111131,0.113532,0.111994,0.0535702,0.0561036,0.0523649,0.0516473,0.0565165,0.0541148,0,0,0,0,0,0,0,0,0,0.111789,0.113564,0.111311,0.1,0.111073,0.113763,0.111954,0.0526091,0.0566491,0.051491,0.0509036,0.0570678,0.0530097,0,0,0,0,0,0,0,0,0,1,1,1,1,1,1,1,1,1,1,1,1,1,0,0,0,0,0,0,0,0,0,1,1,1,1,1,1,1,1,1,1,1,1,1,0,0,0,0,0,0,0,0,0,1,0,0,0,0,0,0,0,0,0,0,0,0,0,0,0,0,0,0,0,0,0,0,13,0,0,0,0,0,0,0,0,0,0,0,0,0,0,0,0,0,0,0,0,0,0,0,0,0,0,0,0,0,0,0,0,0,0,0,0,0,0,0,0,0,0,0,0,0,0,0,0
-0.450997,0.253508,0.968877,0,0,0,0,-2.15916e-08,2.62046e-09,4.20429e-08,2185,566,567,591,592,593,617,618,2159,2160,2184,2186,2210,2211,0,0,0,0,0,0,0,0,0,566,567,591,592,593,617,618,2159,2160,2184,2186,2210,2211,0,0,0,0,0,0,0,0,0,0.111612,0.113394,0.111111,0.0999873,0.110508,0.113261,0.111518,0.0528937,0.0559306,0.0516473,0.0499897,0.0558505,0.0529232,0,0,0,0,0,0,0,0,0,0.111533,0.113479,0.111067,0.1,0.110455,0.113463,0.111483,0.0520037,0.0564587,0.0509036,0.0493903,0.0563995,0.0519014,0,0,0,0,0,0,0,0,0,1,1,1,1,1,1,1,1,1,1,1,1,1,0,0,0,0,0,0,0,0,0,1,1,1,1,1,1,1,1,1,1,1,1,1,0,0,0,0,0,0,0,0,0,1,0,0,0,0,0,0,0,0,0,0,0,0,0,0,0,0,0,0,0,0,0,0,13,0,0,0,0,0,0,0,0,0,0,0,0,0,0,0,0,0,0,0,0,0,0,0,0,0,0,0,0,0,0,0,0,0,0,0,0,0,0,0,0,0,0,0,0,0,0,0,0
-0.486581,0.225469,0.947743,0,0,0,0,-2.8869e-08,3.66218e-09,5.4002e-08,2186,567,568,592,593,594,618,619,2160,2161,2185,2187,2211,2212,0,0,0,0,0,0,0,0,0,567,568,592,593,594,618,619,2160,2161,2185,2187,2211,2212,0,0,0,0,0,0,0,0,0,0.111618,0.113453,0.110492,0.100002,0.110645,0.112916,0.110933,0.0528921,0.0560894,0.0499897,0.0502055,0.0550646,0.0514807,0,0,0,0,0,0,0,0,0,0.11155,0.113535,0.11045,0.1,0.110603,0.113096,0.110901,0.0520473,0.0565835,0.0493903,0.0497564,0.0555768,0.0505022,0,0,0,0,0,0,0,0,0,1,1,1,1,1,1,1,1,1,1,1,1,1,0,0,0,0,0,0,0,0,0,1,1,1,1,1,1,1,1,1,1,1,1,1,0,0,0,0,0,0,0,0,0,1,0,0,0,0,0,0,0,0,0,0,0,0,0,0,0,0,0,0,0,0,0,0,13,0,0,0,0,0,0,0,0,0,0,0,0,0,0,0,0,0,0,0,0,0,0,0,0,0,0,0,0,0,0,0,0,0,0,0,0,0,0,0,0,0,0,0,0,0,0,0,0
-0.521181,0.199196,0.922582,0,0,0,0,-3.7264e-08,4.24412e-09,6.58198e-08,2187,568,569,593,594,595,619,620,2161,2162,2186,2188,2212,2213,0,0,0,0,0,0,0,0,0,568,569,593,594,595,619,620,2161,2162,2186,2188,2212,2213,0,0,0,0,0,0,0,0,0,0.111091,0.112914,0.110634,0.100012,0.111418,0.113027,0.110796,0.0516191,0.0549048,0.0502055,0.051979,0.0553294,0.0511244,0,0,0,0,0,0,0,0,0,0.111024,0.112988,0.110599,0.1,0.111387,0.113191,0.110771,0.0507885,0.0553561,0.0497564,0.051656,0.0557933,0.0501863,0,0,0,0,0,0,0,0,0,1,1,1,1,1,1,1,1,1,1,1,1,1,0,0,0,0,0,0,0,0,0,1,1,1,1,1,1,1,1,1,1,1,1,1,0,0,0,0,0,0,0,0,0,1,0,0,0,0,0,0,0,0,0,0,0,0,0,0,0,0,0,0,0,0,0,0,13,0,0,0,0,0,0,0,0,0,0,0,0,0,0,0,0,0,0,0,0,0,0,0,0,0,0,0,0,0,0,0,0,0,0,0,0,0,0,0,0,0,0,0,0,0,0,0,0
-0.555286,0.172719,0.89364,0,0,0,0,-4.69735e-08,4.45648e-09,7.78048e-08,2188,569,570,594,595,596,620,621,2162,2163,2187,2189,2213,2214,0,0,0,0,0,0,0,0,0,569,570,594,595,596,620,621,2162,2163,2187,2189,2213,2214,0,0,0,0,0,0,0,0,0,0.110733,0.112707,0.111408,0.100017,0.111717,0.113007,0.110705,0.0507529,0.0544641,0.051979,0.0526323,0.0552884,0.0508547,0,0,0,0,0,0,0,0,0,0.110672,0.112776,0.111383,0.1,0.111693,0.113153,0.110679,0.0499322,0.0548764,0.051656,0.0523838,0.0557092,0.0499607,0,0,0,0,0,0,0,0,0,1,1,1,1,1,1,1,1,1,1,1,1,1,0,0,0,0,0,0,0,0,0,1,1,1,1,1,1,1,1,1,1,1,1,1,0,0,0,0,0,0,0,0,0,1,0,0,0,0,0,0,0,0,0,0,0,0,0,0,0,0,0,0,0,0,0,0,13,0,0,0,0,0,0,0,0,0,0,0,0,0,0,0,0,0,0,0,0,0,0,0,0,0,0,0,0,0,0,0,0,0,0,0,0,0,0,0,0,0,0,0,0,0,0,0,0
-0.587755,0.145865,0.862099,0,0,0,0,-5.77575e-08,4.31623e-09,8.95515e-08,2189,570,571,595,596,597,621,622,2163,2164,2188,2190,2214,2215,0,0,0,0,0,0,0,0,0,570,571,595,596,597,621,622,2163,2164,2188,2190,2214,2215,0,0,0,0,0,0,0,0,0,0.110493,0.112231,0.111705,0.100019,0.111654,0.112667,0.110474,0.0501597,0.053407,0.0526323,0.0524374,0.0545159,0.0502226,0,0,0,0,0,0,0,0,0,0.110444,0.112294,0.111691,0.1,0.111639,0.112788,0.110443,0.0493717,0.0537724,0.0523838,0.052255,0.0548876,0.0493777,0,0,0,0,0,0,0,0,0,1,1,1,1,1,1,1,1,1,1,1,1,1,0,0,0,0,0,0,0,0,0,1,1,1,1,1,1,1,1,1,1,1,1,1,0,0,0,0,0,0,0,0,0,1,0,0,0,0,0,0,0,0,0,0,0,0,0,0,0,0,0,0,0,0,0,0,13,0,0,0,0,0,0,0,0,0,0,0,0,0,0,0,0,0,0,0,0,0,0,0,0,0,0,0,0,0,0,0,0,0,0,0,0,0,0,0,0,0,0,0,0,0,0,0,0
-0.617974,0.119189,0.82856,0,0,0,0,-6.93585e-08,3.85277e-09,1.00729e-07,2190,571,572,596,597,598,622,623,2164,2165,2189,2191,2215,2216,0,0,0,0,0,0,0,0,0,571,572,596,597,598,622,623,2164,2165,2189,2191,2215,2216,0,0,0,0,0,0,0,0,0,0.110141,0.111683,0.111642,0.100019,0.111418,0.112181,0.110161,0.0492702,0.052168,0.0524374,0.0518374,0.0534069,0.0493827,0,0,0,0,0,0,0,0,0,0.110101,0.11174,0.111638,0.1,0.111411,0.112278,0.110127,0.0485188,0.0524779,0.052255,0.0517115,0.0537204,0.0485897,0,0,0,0,0,0,0,0,0,1,1,1,1,1,1,1,1,1,1,1,1,1,0,0,0,0,0,0,0,0,0,1,1,1,1,1,1,1,1,1,1,1,1,1,0,0,0,0,0,0,0,0,0,1,0,0,0,0,0,0,0,0,0,0,0,0,0,0,0,0,0,0,0,0,0,0,13,0,0,0,0,0,0,0,0,0,0,0,0,0,0,0,0,0,0,0,0,0,0,0,0,0,0,0,0,0,0,0,0,0,0,0,0,0,0,0,0,0,0,0,0,0,0,0,0
-0.645717,0.0930732,0.793412,0,0,0,0,-8.15829e-08,3.13048e-09,1.11134e-07,2191,572,573,597,598,599,623,624,2165,2166,2190,2192,2216,2217,0,0,0,0,0,0,0,0,0,572,573,597,598,599,623,624,2165,2166,2190,2192,2216,2217,0,0,0,0,0,0,0,0,0,0.109767,0.111107,0.111405,0.100017,0.111073,0.11163,0.109809,0.0482993,0.0508378,0.0518374,0.0509773,0.0521376,0.0484338,0,0,0,0,0,0,0,0,0,0.109733,0.111156,0.111411,0.1,0.111072,0.111706,0.109773,0.0475889,0.0510879,0.0517115,0.0508975,0.0523876,0.0476951,0,0,0,0,0,0,0,0,0,1,1,1,1,1,1,1,1,1,1,1,1,1,0,0,0,0,0,0,0,0,0,1,1,1,1,1,1,1,1,1,1,1,1,1,0,0,0,0,0,0,0,0,0,1,0,0,0,0,0,0,0,0,0,0,0,0,0,0,0,0,0,0,0,0,0,0,13,0,0,0,0,0,0,0,0,0,0,0,0,0,0,0,0,0,0,0,0,0,0,0,0,0,0,0,0,0,0,0,0,0,0,0,0,0,0,0,0,0,0,0,0,0,0,0,0
-0.670889,0.0677511,0.757027,0,0,0,0,-9.42512e-08,2.23112e-09,1.20629e-07,2192,573,574,598,599,600,624,625,2166,2167,2191,2193,2217,2218,0,0,0,0,0,0,0,0,0,573,574,598,599,600,624,625,2166,2167,2191,2193,2217,2218,0,0,0,0,0,0,0,0,0,0.109387,0.110519,0.11106,0.100015,0.110654,0.111047,0.109436,0.0472904,0.0494447,0.0509773,0.0499333,0.0507696,0.0474192,0,0,0,0,0,0,0,0,0,0.109359,0.11056,0.111074,0.1,0.11066,0.111105,0.109401,0.0466252,0.0496348,0.0508975,0.0498898,0.0509553,0.046737,0,0,0,0,0,0,0,0,0,1,1,1,1,1,1,1,1,1,1,1,1,1,0,0,0,0,0,0,0,0,0,1,1,1,1,1,1,1,1,1,1,1,1,1,0,0,0,0,0,0,0,0,0,1,0,0,0,0,0,0,0,0,0,0,0,0,0,0,0,0,0,0,0,0,0,0,13,0,0,0,0,0,0,0,0,0,0,0,0,0,0,0,0,0,0,0,0,0,0,0,0,0,0,0,0,0,0,0,0,0,0,0,0,0,0,0,0,0,0,0,0,0,0,0,0
-0.693471,0.0433731,0.719756,0,0,0,0,-1.07197e-07,1.2469e-09,1.29127e-07,2193,574,575,599,600,601,625,626,2167,2168,2192,2194,2218,2219,0,0,0,0,0,0,0,0,0,574,575,599,600,601,625,626,2167,2168,2192,2194,2218,2219,0,0,0,0,0,0,0,0,0,0.109007,0.109928,0.110642,0.100012,0.110183,0.110447,0.109052,0.0462575,0.0480046,0.0499333,0.0487455,0.0493312,0.0463616,0,0,0,0,0,0,0,0,0,0.108983,0.10996,0.110662,0.1,0.110193,0.11049,0.109019,0.0456413,0.0481372,0.0498898,0.0487298,0.0494556,0.0457375,0,0,0,0,0,0,0,0,0,1,1,1,1,1,1,1,1,1,1,1,1,1,0,0,0,0,0,0,0,0,0,1,1,1,1,1,1,1,1,1,1,1,1,1,0,0,0,0,0,0,0,0,0,1,0,0,0,0,0,0,0,0,0,0,0,0,0,0,0,0,0,0,0,0,0,0,13,0,0,0,0,0,0,0,0,0,0,0,0,0,0,0,0,0,0,0,0,0,0,0,0,0,0,0,0,0,0,0,0,0,0,0,0,0,0,0,0,0,0,0,0,0,0,0,0
-0.713494,0.0200361,0.681933,0,0,0,0,-1.20271e-07,2.79233e-10,1.36581e-07,2194,575,576,600,601,602,626,627,2168,2169,2193,2195,2219,2220,0,0,0,0,0,0,0,0,0,575,576,600,601,602,626,627,2168,2169,2193,2195,2219,2220,0,0,0,0,0,0,0,0,0,0.108629,0.10934,0.110171,0.10001,0.109677,0.109841,0.108664,0.0452086,0.0465299,0.0487455,0.0474459,0.0478417,0.0452774,0,0,0,0,0,0,0,0,0,0.108609,0.109364,0.110196,0.1,0.109689,0.109872,0.108634,0.0446445,0.0466109,0.0487298,0.0474508,0.04791,0.0447132,0,0,0,0,0,0,0,0,0,1,1,1,1,1,1,1,1,1,1,1,1,1,0,0,0,0,0,0,0,0,0,1,1,1,1,1,1,1,1,1,1,1,1,1,0,0,0,0,0,0,0,0,0,1,0,0,0,0,0,0,0,0,0,0,0,0,0,0,0,0,0,0,0,0,0,0,13,0,0,0,0,0,0,0,0,0,0,0,0,0,0,0,0,0,0,0,0,0,0,0,0,0,0,0,0,0,0,0,0,0,0,0,0,0,0,0,0,0,0,0,0,0,0,0,0
-0.731028,-0.00220169,0.643865,0,0,0,0,-1.33344e-07,-5.71456e-10,1.42993e-07,2195,576,577,601,602,603,627,628,2169,2170,2194,2196,2220,2221,0,0,0,0,0,0,0,0,0,576,577,601,602,603,627,628,2169,2170,2194,2196,2220,2221,0,0,0,0,0,0,0,0,0,0.108258,0.108763,0.109663,0.100008,0.109151,0.109236,0.10828,0.0441514,0.0450346,0.0474459,0.0460651,0.0463172,0.0441836,0,0,0,0,0,0,0,0,0,0.108241,0.108778,0.109692,0.1,0.109163,0.10926,0.108254,0.0436438,0.0450694,0.0474508,0.0460854,0.046336,0.0436805,0,0,0,0,0,0,0,0,0,1,1,1,1,1,1,1,1,1,1,1,1,1,0,0,0,0,0,0,0,0,0,1,1,1,1,1,1,1,1,1,1,1,1,1,0,0,0,0,0,0,0,0,0,1,0,0,0,0,0,0,0,0,0,0,0,0,0,0,0,0,0,0,0,0,0,0,13,0,0,0,0,0,0,0,0,0,0,0,0,0,0,0,0,0,0,0,0,0,0,0,0,0,0,0,0,0,0,0,0,0,0,0,0,0,0,0,0,0,0,0,0,0,0,0,0
-0.746175,-0.0233165,0.60583,0,0,0,0,-1.46327e-07,-1.21766e-09,1.48414e-07,2196,577,578,602,603,604,628,629,2170,2171,2195,2197,2221,2222,0,0,0,0,0,0,0,0,0,577,578,602,603,604,628,629,2170,2171,2195,2197,2221,2222,0,0,0,0,0,0,0,0,0,0.107899,0.108198,0.109136,0.100007,0.108621,0.108641,0.107908,0.0430996,0.0435323,0.0460651,0.0446355,0.0447715,0.0431044,0,0,0,0,0,0,0,0,0,0.107883,0.108208,0.109166,0.1,0.108631,0.108659,0.107887,0.0426524,0.0435226,0.0460854,0.0446709,0.0447467,0.0426613,0,0,0,0,0,0,0,0,0,1,1,1,1,1,1,1,1,1,1,1,1,1,0,0,0,0,0,0,0,0,0,1,1,1,1,1,1,1,1,1,1,1,1,1,0,0,0,0,0,0,0,0,0,1,0,0,0,0,0,0,0,0,0,0,0,0,0,0,0,0,0,0,0,0,0,0,13,0,0,0,0,0,0,0,0,0,0,0,0,0,0,0,0,0,0,0,0,0,0,0,0,0,0,0,0,0,0,0,0,0,0,0,0,0,0,0,0,0,0,0,0,0,0,0,0
-0.759061,-0.0433277,0.56807,0,0,0,0,-1.59167e-07,-1.58537e-09,1.52922e-07,2197,578,579,603,604,605,629,630,2171,2172,2196,2198,2222,2223,0,0,0,0,0,0,0,0,0,578,579,603,604,605,629,630,2171,2172,2196,2198,2222,2223,0,0,0,0,0,0,0,0,0,0.107561,0.107653,0.108605,0.100008,0.1081,0.108057,0.10756,0.042083,0.0420082,0.0446355,0.0432239,0.0432079,0.0420754,0,0,0,0,0,0,0,0,0,0.107543,0.107653,0.108635,0.1,0.108117,0.108073,0.107544,0.0416924,0.0419733,0.0446709,0.0432649,0.0431502,0.0416926,0,0,0,0,0,0,0,0,0,1,1,1,1,1,1,1,1,1,1,1,1,1,0,0,0,0,0,0,0,0,0,1,1,1,1,1,1,1,1,1,1,1,1,1,0,0,0,0,0,0,0,0,0,1,0,0,0,0,0,0,0,0,0,0,0,0,0,0,0,0,0,0,0,0,0,0,13,0,0,0,0,0,0,0,0,0,0,0,0,0,0,0,0,0,0,0,0,0,0,0,0,0,0,0,0,0,0,0,0,0,0,0,0,0,0,0,0,0,0,0,0,0,0,0,0
-0.769834,-0.0623249,0.530769,0,0,0,0,-1.71916e-07,-1.64896e-09,1.56658e-07,2198,579,604,605,630,631,2172,2197,2223,2224,0,0,0,0,0,0,0,0,0,0,0,0,0,579,604,605,630,631,2172,2197,2223,2224,0,0,0,0,0,0,0,0,0,0,0,0,0,0.107268,0.108097,0.1,0.107481,0.107251,0.0411497,0.0432239,0.0416171,0.041157,0,0,0,0,0,0,0,0,0,0,0,0,0,0.107236,0.108121,0.1,0.107504,0.107254,0.0408067,0.0432649,0.0415458,0.040858,0,0,0,0,0,0,0,0,0,0,0,0,0,1,1,1,1,1,1,1,1,1,0,0,0,0,0,0,0,0,0,0,0,0,0,1,1,1,1,1,1,1,1,1,0,0,0,0,0,0,0,0,0,0,0,0,0,1,0,0,0,0,0,0,0,0,0,0,0,0,0,0,0,0,0,0,0,0,0,0,9,0,0,0,0,0,0,0,0,0,0,0,0,0,0,0,0,0,0,0,0,0,0,0,0,0,0,0,0,0,0,0,0,0,0,0,0,0,0,0,0,0,0,0,0,0,0,0,0
0.0286646,0.505432,1.00412,0,0,0,0,-1.17415e-09,-2.68834e-08,-5.46709e-08,2199,67,68,580,581,606,607,632,1660,1661,2173,2174,2200,2225,0,0,0,0,0,0,0,0,0,67,68,580,581,606,607,632,1660,1661,2173,2174,2200,2225,0,0,0,0,0,0,0,0,0,0.109615,0.106562,0.110418,0.109588,0.100288,0.106362,0.110647,0.047977,0.0384073,0.0478691,0.0473822,0.0393886,0.0499757,0,0,0,0,0,0,0,0,0,0.109301,0.106269,0.110694,0.109241,0.1,0.106428,0.111669,0.0462564,0.0375948,0.0499676,0.0461097,0.038098,0.0522466,0,0,0,0,0,0,0,0,0,1,1,1,1,1,1,1,1,1,1,1,1,1,0,0,0,0,0,0,0,0,0,1,1,1,1,1,1,1,1,1,1,1,1,1,0,0,0,0,0,0,0,0,0,1,0,0,0,0,0,0,0,0,0,0,0,0,0,0,0,0,0,0,0,0,0,0,13,0,0,0,0,0,0,0,0,0,0,0,0,0,0,0,0,0,0,0,0,0,0,0,0,0,0,0,0,0,0,0,0,0,0,0,0,0,0,0,0,0,0,0,0,0,0,0,0
-0.0060582,0.493143,1.01808,0,0,0,0,-1.96802e-10,-2.4082e-08,-5.17419e-08,2200,581,582,606,607,608,632,633,2174,2175,2199,2201,2225,2226,0,0,0,0,0,0,0,0,0,581,582,606,607,608,632,633,2174,2175,2199,2201,2225,2226,0,0,0,0,0,0,0,0,0,0.111028,0.109753,0.106803,0.100337,0.106927,0.109581,0.111175,0.0492526,0.0474604,0.0393886,0.0410246,0.0481713,0.0513063,0,0,0,0,0,0,0,0,0,0.11135,0.109396,0.106428,0.1,0.106787,0.109436,0.112361,0.0515577,0.0465157,0.038098,0.0391938,0.0466139,0.0538597,0,0,0,0,0,0,0,0,0,1,1,1,1,1,1,1,1,1,1,1,1,1,0,0,0,0,0,0,0,0,0,1,1,1,1,1,1,1,1,1,1,1,1,1,0,0,0,0,0,0,0,0,0,1,0,0,0,0,0,0,0,0,0,0,0,0,0,0,0,0,0,0,0,0,0,0,13,0,0,0,0,0,0,0,0,0,0,0,0,0,0,0,0,0,0,0,0,0,0,0,0,0,0,0,0,0,0,0,0,0,0,0,0,0,0,0,0,0,0,0,0,0,0,0,0
-0.0417697,0.477759,1.03116,0,0,0,0,7.47132e-10,-2.09783e-08,-4.765e-08,2201,582,583,607,608,609,633,634,2175,2176,2200,2202,2226,2227,0,0,0,0,0,0,0,0,0,582,583,607,608,609,633,634,2175,2176,2200,2202,2226,2227,0,0,0,0,0,0,0,0,0,0.111522,0.110018,0.107211,0.100365,0.107711,0.10958,0.111672,0.0504616,0.0474825,0.0410246,0.0427437,0.0483183,0.0525293,0,0,0,0,0,0,0,0,0,0.112005,0.109577,0.106786,0.1,0.107196,0.109617,0.113062,0.0531056,0.0469843,0.0391938,0.0404117,0.0470827,0.0554535,0,0,0,0,0,0,0,0,0,1,1,1,1,1,1,1,1,1,1,1,1,1,0,0,0,0,0,0,0,0,0,1,1,1,1,1,1,1,1,1,1,1,1,1,0,0,0,0,0,0,0,0,0,1,0,0,0,0,0,0,0,0,0,0,0,0,0,0,0,0,0,0,0,0,0,0,13,0,0,0,0,0,0,0,0,0,0,0,0,0,0,0,0,0,0,0,0,0,0,0,0,0,0,0,0,0,0,0,0,0,0,0,0,0,0,0,0,0,0,0,0,0,0,0,0
-0.0783092,0.459046,1.04306,0,0,0,0,1.55594e-09,-1.76418e-08,-4.23421e-08,2202,583,584,608,609,610,634,635,2176,2177,2201,2203,2227,2228,0,0,0,0,0,0,0,0,0,583,584,608,609,610,634,635,2176,2177,2201,2203,2227,2228,0,0,0,0,0,0,0,0,0,0.112126,0.110674,0.107724,0.10061,0.109209,0.109619,0.112421,0.0516104,0.0492498,0.0427437,0.0472521,0.0482774,0.0537401,0,0,0,0,0,0,0,0,0,0.112672,0.110501,0.107195,0.1,0.108654,0.10981,0.113775,0.0546462,0.0492566,0.0404117,0.0444029,0.0475791,0.0570412,0,0,0,0,0,0,0,0,0,1,1,1,1,1,1,1,1,1,1,1,1,1,0,0,0,0,0,0,0,0,0,1,1,1,1,1,1,1,1,1,1,1,1,1,0,0,0,0,0,0,0,0,0,1,0,0,0,0,0,0,0,0,0,0,0,0,0,0,0,0,0,0,0,0,0,0,13,0,0,0,0,0,0,0,0,0,0,0,0,0,0,0,0,0,0,0,0,0,0,0,0,0,0,0,0,0,0,0,0,0,0,0,0,0,0,0,0,0,0,0,0,0,0,0,0
-0.118104,0.435458,1.05269,0,0,0,0,1.98571e-09,-1.42084e-08,-3.54517e-08,2203,584,585,609,610,611,635,636,2177,2178,2202,2204,2228,2229,0,0,0,0,0,0,0,0,0,584,585,609,610,611,635,636,2177,2178,2202,2204,2228,2229,0,0,0,0,0,0,0,0,0,0.111573,0.111634,0.108695,0.0995019,0.110361,0.109931,0.111888,0.0527304,0.0525537,0.0472521,0.0512078,0.0501747,0.054857,0,0,0,0,0,0,0,0,0,0.111074,0.111766,0.108437,0.1,0.110152,0.110678,0.111745,0.0508842,0.0525536,0.0444029,0.0486439,0.0501214,0.052468,0,0,0,0,0,0,0,0,0,1,1,1,1,1,1,1,1,1,1,1,1,1,0,0,0,0,0,0,0,0,0,1,1,1,1,1,1,1,1,1,1,1,1,1,0,0,0,0,0,0,0,0,0,1,0,0,0,0,0,0,0,0,0,0,0,0,0,0,0,0,0,0,0,0,0,0,13,0,0,0,0,0,0,0,0,0,0,0,0,0,0,0,0,0,0,0,0,0,0,0,0,0,0,0,0,0,0,0,0,0,0,0,0,0,0,0,0,0,0,0,0,0,0,0,0
-0.161737,0.409402,1.05898,0,0,0,0,1.91077e-09,-1.07461e-08,-2.73023e-08,2204,585,586,610,611,612,636,637,2178,2179,2203,2205,2229,2230,0,0,0,0,0,0,0,0,0,585,586,610,611,612,636,637,2178,2179,2203,2205,2229,2230,0,0,0,0,0,0,0,0,0,0.112083,0.112255,0.109971,0.0997399,0.110758,0.111315,0.112523,0.0537632,0.0536427,0.0512078,0.0517659,0.0537802,0.0557666,0,0,0,0,0,0,0,0,0,0.111491,0.112304,0.110156,0.1,0.110564,0.112286,0.112156,0.0518848,0.0538077,0.0486439,0.0496687,0.0537804,0.0534338,0,0,0,0,0,0,0,0,0,1,1,1,1,1,1,1,1,1,1,1,1,1,0,0,0,0,0,0,0,0,0,1,1,1,1,1,1,1,1,1,1,1,1,1,0,0,0,0,0,0,0,0,0,1,0,0,0,0,0,0,0,0,0,0,0,0,0,0,0,0,0,0,0,0,0,0,13,0,0,0,0,0,0,0,0,0,0,0,0,0,0,0,0,0,0,0,0,0,0,0,0,0,0,0,0,0,0,0,0,0,0,0,0,0,0,0,0,0,0,0,0,0,0,0,0
-0.205488,0.381802,1.06091,0,0,0,0,1.1992e-09,-7.60348e-09,-1.82255e-08,2205,586,587,611,612,613,637,638,2179,2180,2204,2206,2230,2231,0,0,0,0,0,0,0,0,0,586,587,611,612,613,637,638,2179,2180,2204,2206,2230,2231,0,0,0,0,0,0,0,0,0,0.112295,0.112759,0.110412,0.0997446,0.111076,0.11216,0.112752,0.0544767,0.0546863,0.0517659,0.0523304,0.0548783,0.0563157,0,0,0,0,0,0,0,0,0,0.111823,0.112808,0.110568,0.1,0.110951,0.112845,0.11246,0.0526735,0.0549621,0.0496687,0.0506122,0.0550557,0.0541425,0,0,0,0,0,0,0,0,0,1,1,1,1,1,1,1,1,1,1,1,1,1,0,0,0,0,0,0,0,0,0,1,1,1,1,1,1,1,1,1,1,1,1,1,0,0,0,0,0,0,0,0,0,1,0,0,0,0,0,0,0,0,0,0,0,0,0,0,0,0,0,0,0,0,0,0,13,0,0,0,0,0,0,0,0,0,0,0,0,0,0,0,0,0,0,0,0,0,0,0,0,0,0,0,0,0,0,0,0,0,0,0,0,0,0,0,0,0,0,0,0,0,0,0,0
-0.249194,0.35312,1.05853,0,0,0,0,-3.08966e-10,-4.77918e-09,-8.31341e-09,2206,587,588,612,613,614,638,639,2180,2181,2205,2207,2231,2232,0,0,0,0,0,0,0,0,0,587,588,612,613,614,638,639,2180,2181,2205,2207,2231,2232,0,0,0,0,0,0,0,0,0,0.112444,0.113203,0.110799,0.099804,0.111395,0.112815,0.112875,0.0548884,0.0555777,0.0523304,0.0528603,0.0559046,0.0565297,0,0,0,0,0,0,0,0,0,0.112057,0.113247,0.110952,0.1,0.111303,0.113353,0.112642,0.0532255,0.0559495,0.0506122,0.051459,0.0561913,0.0545698,0,0,0,0,0,0,0,0,0,1,1,1,1,1,1,1,1,1,1,1,1,1,0,0,0,0,0,0,0,0,0,1,1,1,1,1,1,1,1,1,1,1,1,1,0,0,0,0,0,0,0,0,0,1,0,0,0,0,0,0,0,0,0,0,0,0,0,0,0,0,0,0,0,0,0,0,13,0,0,0,0,0,0,0,0,0,0,0,0,0,0,0,0,0,0,0,0,0,0,0,0,0,0,0,0,0,0,0,0,0,0,0,0,0,0,0,0,0,0,0,0,0,0,0,0
-0.29258,0.323668,1.05186,0,0,0,0,-2.74934e-09,-2.31168e-09,2.32714e-09,2207,588,589,613,614,615,639,640,2181,2182,2206,2208,2232,2233,0,0,0,0,0,0,0,0,0,588,589,613,614,615,639,640,2181,2182,2206,2208,2232,2233,0,0,0,0,0,0,0,0,0,0.112491,0.113532,0.111193,0.0998559,0.111671,0.113343,0.112868,0.0550342,0.056242,0.0528603,0.053307,0.0567087,0.0564625,0,0,0,0,0,0,0,0,0,0.112189,0.113582,0.111302,0.1,0.111598,0.113766,0.112703,0.0535352,0.0566944,0.051459,0.0521602,0.0570974,0.0547217,0,0,0,0,0,0,0,0,0,1,1,1,1,1,1,1,1,1,1,1,1,1,0,0,0,0,0,0,0,0,0,1,1,1,1,1,1,1,1,1,1,1,1,1,0,0,0,0,0,0,0,0,0,1,0,0,0,0,0,0,0,0,0,0,0,0,0,0,0,0,0,0,0,0,0,0,13,0,0,0,0,0,0,0,0,0,0,0,0,0,0,0,0,0,0,0,0,0,0,0,0,0,0,0,0,0,0,0,0,0,0,0,0,0,0,0,0,0,0,0,0,0,0,0,0
-0.335329,0.29371,1.04106,0,0,0,0,-6.21307e-09,-2.31345e-10,1.35599e-08,2208,589,590,614,615,616,640,641,2182,2183,2207,2209,2233,2234,0,0,0,0,0,0,0,0,0,589,590,614,615,616,640,641,2182,2183,2207,2209,2233,2234,0,0,0,0,0,0,0,0,0,0.112455,0.113709,0.111533,0.0999053,0.111842,0.113685,0.112772,0.0549598,0.0565936,0.053307,0.0535234,0.0572011,0.0561751,0,0,0,0,0,0,0,0,0,0.112222,0.113771,0.111594,0.1,0.111779,0.114035,0.112657,0.0536156,0.0571095,0.0521602,0.0525866,0.0576775,0.0546263,0,0,0,0,0,0,0,0,0,1,1,1,1,1,1,1,1,1,1,1,1,1,0,0,0,0,0,0,0,0,0,1,1,1,1,1,1,1,1,1,1,1,1,1,0,0,0,0,0,0,0,0,0,1,0,0,0,0,0,0,0,0,0,0,0,0,0,0,0,0,0,0,0,0,0,0,13,0,0,0,0,0,0,0,0,0,0,0,0,0,0,0,0,0,0,0,0,0,0,0,0,0,0,0,0,0,0,0,0,0,0,0,0,0,0,0,0,0,0,0,0,0,0,0,0
-0.377003,0.263488,1.02641,0,0,0,0,-1.07391e-08,1.43898e-09,2.52045e-08,2209,590,591,615,616,617,641,642,2183,2184,2208,2210,2234,2235,0,0,0,0,0,0,0,0,0,590,591,615,616,617,641,642,2183,2184,2208,2210,2234,2235,0,0,0,0,0,0,0,0,0,0.112337,0.113677,0.111752,0.0999462,0.111799,0.113812,0.11259,0.0546842,0.0565165,0.0535234,0.0532576,0.0572999,0.0556773,0,0,0,0,0,0,0,0,0,0.112159,0.113753,0.111773,0.1,0.111742,0.114113,0.112505,0.0534711,0.0570678,0.0525866,0.0525006,0.0578387,0.054285,0,0,0,0,0,0,0,0,0,1,1,1,1,1,1,1,1,1,1,1,1,1,0,0,0,0,0,0,0,0,0,1,1,1,1,1,1,1,1,1,1,1,1,1,0,0,0,0,0,0,0,0,0,1,0,0,0,0,0,0,0,0,0,0,0,0,0,0,0,0,0,0,0,0,0,0,13,0,0,0,0,0,0,0,0,0,0,0,0,0,0,0,0,0,0,0,0,0,0,0,0,0,0,0,0,0,0,0,0,0,0,0,0,0,0,0,0,0,0,0,0,0,0,0,0
-0.41702,0.233341,1.00835,0,0,0,0,-1.62936e-08,2.68863e-09,3.70134e-08,2210,591,592,616,617,618,642,643,2184,2185,2209,2211,2235,2236,0,0,0,0,0,0,0,0,0,591,592,616,617,618,642,643,2184,2185,2209,2211,2235,2236,0,0,0,0,0,0,0,0,0,0.112096,0.113366,0.111739,0.0999769,0.111437,0.113704,0.112262,0.0541148,0.0558505,0.0532576,0.052257,0.0569502,0.0548308,0,0,0,0,0,0,0,0,0,0.11196,0.113452,0.111736,0.1,0.111389,0.113964,0.112191,0.0530097,0.0563995,0.0525006,0.0516619,0.0575096,0.0535639,0,0,0,0,0,0,0,0,0,1,1,1,1,1,1,1,1,1,1,1,1,1,0,0,0,0,0,0,0,0,0,1,1,1,1,1,1,1,1,1,1,1,1,1,0,0,0,0,0,0,0,0,0,1,0,0,0,0,0,0,0,0,0,0,0,0,0,0,0,0,0,0,0,0,0,0,13,0,0,0,0,0,0,0,0,0,0,0,0,0,0,0,0,0,0,0,0,0,0,0,0,0,0,0,0,0,0,0,0,0,0,0,0,0,0,0,0,0,0,0,0,0,0,0,0
-0.454821,0.20404,0.987294,0,0,0,0,-2.27695e-08,3.51177e-09,4.86762e-08,2211,592,593,617,618,619,643,644,2185,2186,2210,2212,2236,2237,0,0,0,0,0,0,0,0,0,592,593,617,618,619,643,644,2185,2186,2210,2212,2236,2237,0,0,0,0,0,0,0,0,0,0.111594,0.113001,0.111394,0.0999977,0.111191,0.113458,0.111715,0.0529232,0.0550646,0.052257,0.0515299,0.056352,0.0534746,0,0,0,0,0,0,0,0,0,0.111489,0.113085,0.111383,0.1,0.111152,0.113681,0.111652,0.0519014,0.0555768,0.0516619,0.0510928,0.0568856,0.0523021,0,0,0,0,0,0,0,0,0,1,1,1,1,1,1,1,1,1,1,1,1,1,0,0,0,0,0,0,0,0,0,1,1,1,1,1,1,1,1,1,1,1,1,1,0,0,0,0,0,0,0,0,0,1,0,0,0,0,0,0,0,0,0,0,0,0,0,0,0,0,0,0,0,0,0,0,13,0,0,0,0,0,0,0,0,0,0,0,0,0,0,0,0,0,0,0,0,0,0,0,0,0,0,0,0,0,0,0,0,0,0,0,0,0,0,0,0,0,0,0,0,0,0,0,0
-0.490847,0.176449,0.962878,0,0,0,0,-3.02085e-08,3.92381e-09,6.01085e-08,2212,593,594,618,619,620,644,645,2186,2187,2211,2213,2237,2238,0,0,0,0,0,0,0,0,0,593,594,618,619,620,644,645,2186,2187,2211,2213,2237,2238,0,0,0,0,0,0,0,0,0,0.110997,0.113106,0.111154,0.100011,0.111643,0.113413,0.111264,0.0514807,0.0553294,0.0515299,0.0524946,0.0562465,0.0523497,0,0,0,0,0,0,0,0,0,0.110907,0.113181,0.111147,0.1,0.111613,0.113608,0.11121,0.0505022,0.0557933,0.0510928,0.0521925,0.056725,0.0512499,0,0,0,0,0,0,0,0,0,1,1,1,1,1,1,1,1,1,1,1,1,1,0,0,0,0,0,0,0,0,0,1,1,1,1,1,1,1,1,1,1,1,1,1,0,0,0,0,0,0,0,0,0,1,0,0,0,0,0,0,0,0,0,0,0,0,0,0,0,0,0,0,0,0,0,0,13,0,0,0,0,0,0,0,0,0,0,0,0,0,0,0,0,0,0,0,0,0,0,0,0,0,0,0,0,0,0,0,0,0,0,0,0,0,0,0,0,0,0,0,0,0,0,0,0
-0.526098,0.149746,0.934593,0,0,0,0,-3.88485e-08,3.97822e-09,7.15685e-08,2213,594,595,619,620,621,645,646,2187,2188,2212,2214,2238,2239,0,0,0,0,0,0,0,0,0,594,595,619,620,621,645,646,2187,2188,2212,2214,2238,2239,0,0,0,0,0,0,0,0,0,0.110859,0.113078,0.111606,0.100019,0.1121,0.113436,0.111074,0.0511244,0.0552884,0.0524946,0.0534936,0.0562992,0.0518345,0,0,0,0,0,0,0,0,0,0.110776,0.113143,0.111609,0.1,0.112081,0.113606,0.111028,0.0501863,0.0557092,0.0521925,0.0532914,0.0567235,0.0508092,0,0,0,0,0,0,0,0,0,1,1,1,1,1,1,1,1,1,1,1,1,1,0,0,0,0,0,0,0,0,0,1,1,1,1,1,1,1,1,1,1,1,1,1,0,0,0,0,0,0,0,0,0,1,0,0,0,0,0,0,0,0,0,0,0,0,0,0,0,0,0,0,0,0,0,0,13,0,0,0,0,0,0,0,0,0,0,0,0,0,0,0,0,0,0,0,0,0,0,0,0,0,0,0,0,0,0,0,0,0,0,0,0,0,0,0,0,0,0,0,0,0,0,0,0
-0.560105,0.122992,0.90314,0,0,0,0,-4.86428e-08,3.71502e-09,8.29506e-08,2214,595,596,620,621,622,646,647,2188,2189,2213,2215,2239,2240,0,0,0,0,0,0,0,0,0,595,596,620,621,622,646,647,2188,2189,2213,2215,2239,2240,0,0,0,0,0,0,0,0,0,0.110752,0.112719,0.112069,0.100023,0.112186,0.11318,0.110877,0.0508547,0.0545159,0.0534936,0.0536378,0.0557195,0.0512851,0,0,0,0,0,0,0,0,0,0.110683,0.11278,0.112078,0.1,0.112176,0.113319,0.110831,0.0499607,0.0548876,0.0532914,0.0535123,0.0560882,0.0503306,0,0,0,0,0,0,0,0,0,1,1,1,1,1,1,1,1,1,1,1,1,1,0,0,0,0,0,0,0,0,0,1,1,1,1,1,1,1,1,1,1,1,1,1,0,0,0,0,0,0,0,0,0,1,0,0,0,0,0,0,0,0,0,0,0,0,0,0,0,0,0,0,0,0,0,0,13,0,0,0,0,0,0,0,0,0,0,0,0,0,0,0,0,0,0,0,0,0,0,0,0,0,0,0,0,0,0,0,0,0,0,0,0,0,0,0,0,0,0,0,0,0,0,0,0
-0.592096,0.0963534,0.869317,0,0,0,0,-5.93699e-08,3.16712e-09,9.39367e-08,2215,596,597,621,622,623,647,648,2189,2190,2214,2216,2240,2241,0,0,0,0,0,0,0,0,0,596,597,621,622,623,647,648,2189,2190,2214,2216,2240,2241,0,0,0,0,0,0,0,0,0,0.110501,0.112217,0.112158,0.100024,0.112024,0.112729,0.110598,0.0502226,0.0534069,0.0536378,0.0532186,0.0547041,0.0505311,0,0,0,0,0,0,0,0,0,0.110446,0.112271,0.112175,0.1,0.112022,0.112839,0.110552,0.0493777,0.0537204,0.0535123,0.0531541,0.055011,0.0496458,0,0,0,0,0,0,0,0,0,1,1,1,1,1,1,1,1,1,1,1,1,1,0,0,0,0,0,0,0,0,0,1,1,1,1,1,1,1,1,1,1,1,1,1,0,0,0,0,0,0,0,0,0,1,0,0,0,0,0,0,0,0,0,0,0,0,0,0,0,0,0,0,0,0,0,0,13,0,0,0,0,0,0,0,0,0,0,0,0,0,0,0,0,0,0,0,0,0,0,0,0,0,0,0,0,0,0,0,0,0,0,0,0,0,0,0,0,0,0,0,0,0,0,0,0
-0.62169,0.0702093,0.83364,0,0,0,0,-7.08355e-08,2.39203e-09,1.04283e-07,2216,597,598,622,623,624,648,649,2190,2191,2215,2217,2241,2242,0,0,0,0,0,0,0,0,0,597,598,622,623,624,648,649,2190,2191,2215,2217,2241,2242,0,0,0,0,0,0,0,0,0,0.110174,0.111655,0.111999,0.100022,0.111711,0.11219,0.110261,0.0493827,0.0521376,0.0532186,0.0524528,0.0534806,0.0496304,0,0,0,0,0,0,0,0,0,0.110129,0.1117,0.112023,0.1,0.111717,0.112275,0.110217,0.0485897,0.0523876,0.0531541,0.0524353,0.0537199,0.0488131,0,0,0,0,0,0,0,0,0,1,1,1,1,1,1,1,1,1,1,1,1,1,0,0,0,0,0,0,0,0,0,1,1,1,1,1,1,1,1,1,1,1,1,1,0,0,0,0,0,0,0,0,0,1,0,0,0,0,0,0,0,0,0,0,0,0,0,0,0,0,0,0,0,0,0,0,13,0,0,0,0,0,0,0,0,0,0,0,0,0,0,0,0,0,0,0,0,0,0,0,0,0,0,0,0,0,0,0,0,0,0,0,0,0,0,0,0,0,0,0,0,0,0,0,0
-0.648717,0.0448332,0.796533,0,0,0,0,-8.28619e-08,1.46622e-09,1.13823e-07,2217,598,599,623,624,625,649,650,2191,2192,2216,2218,2242,2243,0,0,0,0,0,0,0,0,0,598,599,623,624,625,649,650,2191,2192,2216,2218,2242,2243,0,0,0,0,0,0,0,0,0,0.109812,0.111064,0.111688,0.100019,0.111302,0.111606,0.109889,0.0484338,0.0507696,0.0524528,0.0514579,0.0521364,0.048633,0,0,0,0,0,0,0,0,0,0.109775,0.1111,0.111719,0.1,0.111314,0.111669,0.109848,0.0476951,0.0509553,0.0524353,0.0514756,0.0523072,0.0478828,0,0,0,0,0,0,0,0,0,1,1,1,1,1,1,1,1,1,1,1,1,1,0,0,0,0,0,0,0,0,0,1,1,1,1,1,1,1,1,1,1,1,1,1,0,0,0,0,0,0,0,0,0,1,0,0,0,0,0,0,0,0,0,0,0,0,0,0,0,0,0,0,0,0,0,0,13,0,0,0,0,0,0,0,0,0,0,0,0,0,0,0,0,0,0,0,0,0,0,0,0,0,0,0,0,0,0,0,0,0,0,0,0,0,0,0,0,0,0,0,0,0,0,0,0
-0.673117,0.0204036,0.758379,0,0,0,0,-9.5283e-08,4.76748e-10,1.22446e-07,2218,599,600,624,625,626,650,651,2192,2193,2217,2219,2243,2244,0,0,0,0,0,0,0,0,0,599,600,624,625,626,650,651,2192,2193,2217,2219,2243,2244,0,0,0,0,0,0,0,0,0,0.109432,0.110459,0.111282,0.100016,0.110827,0.110997,0.109497,0.0474192,0.0493312,0.0514579,0.0502927,0.0507076,0.047571,0,0,0,0,0,0,0,0,0,0.109401,0.110486,0.111317,0.1,0.110843,0.111043,0.109459,0.046737,0.0494556,0.0514756,0.0503354,0.0508131,0.0468873,0,0,0,0,0,0,0,0,0,1,1,1,1,1,1,1,1,1,1,1,1,1,0,0,0,0,0,0,0,0,0,1,1,1,1,1,1,1,1,1,1,1,1,1,0,0,0,0,0,0,0,0,0,1,0,0,0,0,0,0,0,0,0,0,0,0,0,0,0,0,0,0,0,0,0,0,13,0,0,0,0,0,0,0,0,0,0,0,0,0,0,0,0,0,0,0,0,0,0,0,0,0,0,0,0,0,0,0,0,0,0,0,0,0,0,0,0,0,0,0,0,0,0,0,0
-0.694897,-0.00296608,0.719535,0,0,0,0,-1.07945e-07,-4.82827e-10,1.30088e-07,2219,600,601,625,626,627,651,652,2193,2194,2218,2220,2244,2245,0,0,0,0,0,0,0,0,0,600,601,625,626,627,651,652,2193,2194,2218,2220,2244,2245,0,0,0,0,0,0,0,0,0,0.109045,0.109851,0.110808,0.100013,0.110308,0.110377,0.109094,0.0463616,0.0478417,0.0502927,0.048998,0.0492166,0.0464673,0,0,0,0,0,0,0,0,0,0.109019,0.109869,0.110847,0.1,0.110326,0.110409,0.109061,0.0457375,0.04791,0.0503354,0.0490578,0.0492625,0.045849,0,0,0,0,0,0,0,0,0,1,1,1,1,1,1,1,1,1,1,1,1,1,0,0,0,0,0,0,0,0,0,1,1,1,1,1,1,1,1,1,1,1,1,1,0,0,0,0,0,0,0,0,0,1,0,0,0,0,0,0,0,0,0,0,0,0,0,0,0,0,0,0,0,0,0,0,13,0,0,0,0,0,0,0,0,0,0,0,0,0,0,0,0,0,0,0,0,0,0,0,0,0,0,0,0,0,0,0,0,0,0,0,0,0,0,0,0,0,0,0,0,0,0,0,0
-0.714109,-0.0252087,0.680331,0,0,0,0,-1.20714e-07,-1.32002e-09,1.36733e-07,2220,601,602,626,627,628,652,653,2194,2195,2219,2221,2245,2246,0,0,0,0,0,0,0,0,0,601,602,626,627,628,652,653,2194,2195,2219,2221,2245,2246,0,0,0,0,0,0,0,0,0,0.108656,0.109246,0.11029,0.10001,0.109763,0.109754,0.10869,0.0452774,0.0463172,0.048998,0.0476096,0.0476811,0.0453425,0,0,0,0,0,0,0,0,0,0.108634,0.109257,0.11033,0.1,0.10978,0.109777,0.108663,0.0447132,0.046336,0.0490578,0.047681,0.0476749,0.0447886,0,0,0,0,0,0,0,0,0,1,1,1,1,1,1,1,1,1,1,1,1,1,0,0,0,0,0,0,0,0,0,1,1,1,1,1,1,1,1,1,1,1,1,1,0,0,0,0,0,0,0,0,0,1,0,0,0,0,0,0,0,0,0,0,0,0,0,0,0,0,0,0,0,0,0,0,13,0,0,0,0,0,0,0,0,0,0,0,0,0,0,0,0,0,0,0,0,0,0,0,0,0,0,0,0,0,0,0,0,0,0,0,0,0,0,0,0,0,0,0,0,0,0,0,0
-0.730843,-0.0462959,0.641063,0,0,0,0,-1.33484e-07,-1.95265e-09,1.42409e-07,2221,602,603,627,628,629,653,654,2195,2196,2220,2222,2246,2247,0,0,0,0,0,0,0,0,0,602,603,627,628,629,653,654,2195,2196,2220,2222,2246,2247,0,0,0,0,0,0,0,0,0,0.108273,0.108652,0.109745,0.100008,0.109211,0.109137,0.108293,0.0441836,0.0447715,0.0476096,0.0461658,0.046116,0.0442211,0,0,0,0,0,0,0,0,0,0.108254,0.108657,0.109785,0.1,0.109225,0.109154,0.108272,0.0436805,0.0447467,0.047681,0.0462467,0.0460656,0.0437295,0,0,0,0,0,0,0,0,0,1,1,1,1,1,1,1,1,1,1,1,1,1,0,0,0,0,0,0,0,0,0,1,1,1,1,1,1,1,1,1,1,1,1,1,0,0,0,0,0,0,0,0,0,1,0,0,0,0,0,0,0,0,0,0,0,0,0,0,0,0,0,0,0,0,0,0,13,0,0,0,0,0,0,0,0,0,0,0,0,0,0,0,0,0,0,0,0,0,0,0,0,0,0,0,0,0,0,0,0,0,0,0,0,0,0,0,0,0,0,0,0,0,0,0,0
-0.745218,-0.0662386,0.601987,0,0,0,0,-1.46189e-07,-2.31424e-09,1.47183e-07,2222,603,604,628,629,630,654,655,2196,2197,2221,2223,2247,2248,0,0,0,0,0,0,0,0,0,603,604,628,629,630,654,655,2196,2197,2221,2223,2247,2248,0,0,0,0,0,0,0,0,0,0.107902,0.108073,0.10919,0.100007,0.108678,0.108529,0.107918,0.0431044,0.0432079,0.0461658,0.0447243,0.0445309,0.0431383,0,0,0,0,0,0,0,0,0,0.107886,0.108072,0.10923,0.1,0.108686,0.108545,0.107903,0.0426613,0.0431502,0.0462467,0.0448149,0.0444463,0.0427066,0,0,0,0,0,0,0,0,0,1,1,1,1,1,1,1,1,1,1,1,1,1,0,0,0,0,0,0,0,0,0,1,1,1,1,1,1,1,1,1,1,1,1,1,0,0,0,0,0,0,0,0,0,1,0,0,0,0,0,0,0,0,0,0,0,0,0,0,0,0,0,0,0,0,0,0,13,0,0,0,0,0,0,0,0,0,0,0,0,0,0,0,0,0,0,0,0,0,0,0,0,0,0,0,0,0,0,0,0,0,0,0,0,0,0,0,0,0,0,0,0,0,0,0,0
-0.757375,-0.0850977,0.563298,0,0,0,0,-1.5881e-07,-2.36367e-09,1.51159e-07,2223,604,605,629,630,631,655,656,2197,2198,2222,2224,2248,2249,0,0,0,0,0,0,0,0,0,604,605,629,630,631,655,656,2197,2198,2222,2224,2248,2249,0,0,0,0,0,0,0,0,0,0.107559,0.107509,0.108652,0.100008,0.108206,0.107935,0.107588,0.0420754,0.0416171,0.0447243,0.043428,0.0429289,0.0421533,0,0,0,0,0,0,0,0,0,0.107543,0.107502,0.108691,0.1,0.108211,0.107954,0.107577,0.0416926,0.0415458,0.0448149,0.0435221,0.0428226,0.0417868,0,0,0,0,0,0,0,0,0,1,1,1,1,1,1,1,1,1,1,1,1,1,0,0,0,0,0,0,0,0,0,1,1,1,1,1,1,1,1,1,1,1,1,1,0,0,0,0,0,0,0,0,0,1,0,0,0,0,0,0,0,0,0,0,0,0,0,0,0,0,0,0,0,0,0,0,13,0,0,0,0,0,0,0,0,0,0,0,0,0,0,0,0,0,0,0,0,0,0,0,0,0,0,0,0,0,0,0,0,0,0,0,0,0,0,0,0,0,0,0,0,0,0,0,0
-0.767485,-0.103015,0.525052,0,0,0,0,-1.71452e-07,-2.02398e-09,1.54438e-07,2224,118,605,630,631,656,1711,2198,2223,2249,0,0,0,0,0,0,0,0,0,0,0,0,0,118,605,630,631,656,1711,2198,2223,2249,0,0,0,0,0,0,0,0,0,0,0,0,0,0.107387,0.107266,0.108178,0.100003,0.107356,0.0413323,0.041157,0.043428,0.0413167,0,0,0,0,0,0,0,0,0,0,0,0,0,0.107355,0.107253,0.108216,0.1,0.107379,0.0411509,0.040858,0.0435221,0.0411926,0,0,0,0,0,0,0,0,0,0,0,0,0,1,1,1,1,1,1,1,1,1,0,0,0,0,0,0,0,0,0,0,0,0,0,1,1,1,1,1,1,1,1,1,0,0,0,0,0,0,0,0,0,0,0,0,0,1,0,0,0,0,0,0,0,0,0,0,0,0,0,0,0,0,0,0,0,0,0,0,9,0,0,0,0,0,0,0,0,0,0,0,0,0,0,0,0,0,0,0,0,0,0,0,0,0,0,0,0,0,0,0,0,0,0,0,0,0,0,0,0,0,0,0,0,0,0,0,0
0.0304682,0.470156,1.03948,0,0,0,0,-1.23664e-09,-1.95475e-08,-4.5808e-08,2225,66,67,606,607,632,633,657,1659,1660,2199,2200,2226,2250,0,0,0,0,0,0,0,0,0,66,67,606,607,632,633,657,1659,1660,2199,2200,2226,2250,0,0,0,0,0,0,0,0,0,0.109884,0.106866,0.111282,0.109849,0.100331,0.106668,0.111467,0.0488001,0.0392708,0.0499757,0.0481713,0.0405428,0.0521549,0,0,0,0,0,0,0,0,0,0.109481,0.106516,0.111641,0.109431,0.1,0.106752,0.112693,0.0467338,0.0383809,0.0522466,0.0466139,0.0391023,0.0546169,0,0,0,0,0,0,0,0,0,1,1,1,1,1,1,1,1,1,1,1,1,1,0,0,0,0,0,0,0,0,0,1,1,1,1,1,1,1,1,1,1,1,1,1,0,0,0,0,0,0,0,0,0,1,0,0,0,0,0,0,0,0,0,0,0,0,0,0,0,0,0,0,0,0,0,0,13,0,0,0,0,0,0,0,0,0,0,0,0,0,0,0,0,0,0,0,0,0,0,0,0,0,0,0,0,0,0,0,0,0,0,0,0,0,0,0,0,0,0,0,0,0,0,0,0
-0.0048521,0.456344,1.05381,0,0,0,0,-3.24402e-10,-1.70067e-08,-4.2816e-08,2226,607,608,632,633,634,657,658,2200,2201,2225,2227,2250,2251,0,0,0,0,0,0,0,0,0,607,608,632,633,634,657,658,2200,2201,2225,2227,2250,2251,0,0,0,0,0,0,0,0,0,0.111905,0.110077,0.107196,0.100388,0.10729,0.109873,0.111965,0.0513063,0.0483183,0.0405428,0.0423057,0.0491255,0.0534353,0,0,0,0,0,0,0,0,0,0.11233,0.109612,0.106751,0.1,0.107131,0.109654,0.113422,0.0538597,0.0470827,0.0391023,0.0402354,0.0471831,0.0562593,0,0,0,0,0,0,0,0,0,1,1,1,1,1,1,1,1,1,1,1,1,1,0,0,0,0,0,0,0,0,0,1,1,1,1,1,1,1,1,1,1,1,1,1,0,0,0,0,0,0,0,0,0,1,0,0,0,0,0,0,0,0,0,0,0,0,0,0,0,0,0,0,0,0,0,0,13,0,0,0,0,0,0,0,0,0,0,0,0,0,0,0,0,0,0,0,0,0,0,0,0,0,0,0,0,0,0,0,0,0,0,0,0,0,0,0,0,0,0,0,0,0,0,0,0
-0.041277,0.439256,1.06688,0,0,0,0,5.50427e-10,-1.4274e-08,-3.86994e-08,2227,608,609,633,634,635,658,659,2201,2202,2226,2228,2251,2252,0,0,0,0,0,0,0,0,0,608,609,633,634,635,658,659,2201,2202,2226,2228,2251,2252,0,0,0,0,0,0,0,0,0,0.112424,0.110385,0.107633,0.10042,0.108161,0.10982,0.112473,0.0525293,0.0482774,0.0423057,0.0440914,0.0492065,0.0547027,0,0,0,0,0,0,0,0,0,0.113028,0.109806,0.10713,0.1,0.107556,0.10985,0.114163,0.0554535,0.0475791,0.0402354,0.0414715,0.0476865,0.0578896,0,0,0,0,0,0,0,0,0,1,1,1,1,1,1,1,1,1,1,1,1,1,0,0,0,0,0,0,0,0,0,1,1,1,1,1,1,1,1,1,1,1,1,1,0,0,0,0,0,0,0,0,0,1,0,0,0,0,0,0,0,0,0,0,0,0,0,0,0,0,0,0,0,0,0,0,13,0,0,0,0,0,0,0,0,0,0,0,0,0,0,0,0,0,0,0,0,0,0,0,0,0,0,0,0,0,0,0,0,0,0,0,0,0,0,0,0,0,0,0,0,0,0,0,0
-0.0784709,0.418574,1.07841,0,0,0,0,1.29457e-09,-1.1409e-08,-3.34009e-08,2228,609,610,634,635,636,659,660,2202,2203,2227,2229,2252,2253,0,0,0,0,0,0,0,0,0,609,610,634,635,636,659,660,2202,2203,2227,2229,2252,2253,0,0,0,0,0,0,0,0,0,0.113098,0.111106,0.108166,0.100721,0.109802,0.109787,0.113331,0.0537401,0.0501747,0.0440914,0.0488607,0.0489917,0.0560193,0,0,0,0,0,0,0,0,0,0.11374,0.110865,0.107555,0.1,0.109166,0.11005,0.114916,0.0570412,0.0501214,0.0414715,0.0457353,0.0481941,0.0595104,0,0,0,0,0,0,0,0,0,1,1,1,1,1,1,1,1,1,1,1,1,1,0,0,0,0,0,0,0,0,0,1,1,1,1,1,1,1,1,1,1,1,1,1,0,0,0,0,0,0,0,0,0,1,0,0,0,0,0,0,0,0,0,0,0,0,0,0,0,0,0,0,0,0,0,0,13,0,0,0,0,0,0,0,0,0,0,0,0,0,0,0,0,0,0,0,0,0,0,0,0,0,0,0,0,0,0,0,0,0,0,0,0,0,0,0,0,0,0,0,0,0,0,0,0
-0.118992,0.392653,1.08699,0,0,0,0,1.6436e-09,-8.57806e-09,-2.65736e-08,2229,610,611,635,636,637,660,661,2203,2204,2228,2230,2253,2254,0,0,0,0,0,0,0,0,0,610,611,635,636,637,660,661,2203,2204,2228,2230,2253,2254,0,0,0,0,0,0,0,0,0,0.11236,0.112148,0.109162,0.099407,0.111049,0.110117,0.112641,0.054857,0.0537802,0.0488607,0.053055,0.0510697,0.0570906,0,0,0,0,0,0,0,0,0,0.111737,0.112292,0.10892,0.1,0.110821,0.111023,0.112422,0.052468,0.0537804,0.0457353,0.0503007,0.0509962,0.0540457,0,0,0,0,0,0,0,0,0,1,1,1,1,1,1,1,1,1,1,1,1,1,0,0,0,0,0,0,0,0,0,1,1,1,1,1,1,1,1,1,1,1,1,1,0,0,0,0,0,0,0,0,0,1,0,0,0,0,0,0,0,0,0,0,0,0,0,0,0,0,0,0,0,0,0,0,13,0,0,0,0,0,0,0,0,0,0,0,0,0,0,0,0,0,0,0,0,0,0,0,0,0,0,0,0,0,0,0,0,0,0,0,0,0,0,0,0,0,0,0,0,0,0,0,0
-0.163583,0.364295,1.09171,0,0,0,0,1.46835e-09,-5.78856e-09,-1.85317e-08,2230,611,612,636,637,638,661,662,2204,2205,2229,2231,2254,2255,0,0,0,0,0,0,0,0,0,611,612,636,637,638,661,662,2204,2205,2229,2231,2254,2255,0,0,0,0,0,0,0,0,0,0.112851,0.112802,0.110557,0.0997049,0.111439,0.111687,0.113281,0.0557666,0.0548783,0.053055,0.0534607,0.055035,0.0578308,0,0,0,0,0,0,0,0,0,0.112149,0.112849,0.110827,0.1,0.111233,0.112828,0.112817,0.0534338,0.0550557,0.0503007,0.0512951,0.0550225,0.0549537,0,0,0,0,0,0,0,0,0,1,1,1,1,1,1,1,1,1,1,1,1,1,0,0,0,0,0,0,0,0,0,1,1,1,1,1,1,1,1,1,1,1,1,1,0,0,0,0,0,0,0,0,0,1,0,0,0,0,0,0,0,0,0,0,0,0,0,0,0,0,0,0,0,0,0,0,13,0,0,0,0,0,0,0,0,0,0,0,0,0,0,0,0,0,0,0,0,0,0,0,0,0,0,0,0,0,0,0,0,0,0,0,0,0,0,0,0,0,0,0,0,0,0,0,0
-0.20808,0.334664,1.09161,0,0,0,0,6.41881e-10,-3.3717e-09,-9.65491e-09,2231,612,613,637,638,639,662,663,2205,2206,2230,2232,2255,2256,0,0,0,0,0,0,0,0,0,612,613,637,638,639,662,663,2205,2206,2230,2232,2255,2256,0,0,0,0,0,0,0,0,0,0.112997,0.113305,0.111017,0.0997208,0.111741,0.11262,0.113432,0.0563157,0.0559046,0.0534607,0.053911,0.0561367,0.0581465,0,0,0,0,0,0,0,0,0,0.112454,0.113354,0.111237,0.1,0.111615,0.113402,0.113076,0.0541425,0.0561913,0.0512951,0.0522036,0.0563076,0.0555503,0,0,0,0,0,0,0,0,0,1,1,1,1,1,1,1,1,1,1,1,1,1,0,0,0,0,0,0,0,0,0,1,1,1,1,1,1,1,1,1,1,1,1,1,0,0,0,0,0,0,0,0,0,1,0,0,0,0,0,0,0,0,0,0,0,0,0,0,0,0,0,0,0,0,0,0,13,0,0,0,0,0,0,0,0,0,0,0,0,0,0,0,0,0,0,0,0,0,0,0,0,0,0,0,0,0,0,0,0,0,0,0,0,0,0,0,0,0,0,0,0,0,0,0,0
-0.252366,0.304293,1.08684,0,0,0,0,-9.88546e-10,-1.30612e-09,-3.78696e-11,2232,613,614,638,639,640,663,664,2206,2207,2231,2233,2256,2257,0,0,0,0,0,0,0,0,0,613,614,638,639,640,663,664,2206,2207,2231,2233,2256,2257,0,0,0,0,0,0,0,0,0,0.113075,0.113717,0.111413,0.0997976,0.112046,0.113294,0.113468,0.0565297,0.0567087,0.053911,0.0543409,0.0571185,0.0581037,0,0,0,0,0,0,0,0,0,0.112639,0.113764,0.111616,0.1,0.111956,0.113902,0.11319,0.0545698,0.0570974,0.0522036,0.0530031,0.0574023,0.0558197,0,0,0,0,0,0,0,0,0,1,1,1,1,1,1,1,1,1,1,1,1,1,0,0,0,0,0,0,0,0,0,1,1,1,1,1,1,1,1,1,1,1,1,1,0,0,0,0,0,0,0,0,0,1,0,0,0,0,0,0,0,0,0,0,0,0,0,0,0,0,0,0,0,0,0,0,13,0,0,0,0,0,0,0,0,0,0,0,0,0,0,0,0,0,0,0,0,0,0,0,0,0,0,0,0,0,0,0,0,0,0,0,0,0,0,0,0,0,0,0,0,0,0,0,0
-0.296166,0.273505,1.07753,0,0,0,0,-3.54845e-09,3.90865e-10,1.02121e-08,2233,614,615,639,640,641,664,665,2207,2208,2232,2234,2257,2258,0,0,0,0,0,0,0,0,0,614,615,639,640,641,664,665,2207,2208,2232,2234,2257,2258,0,0,0,0,0,0,0,0,0,0.113041,0.113971,0.111808,0.0998611,0.112288,0.113789,0.113377,0.0564625,0.0572011,0.0543409,0.0546573,0.0577903,0.0577932,0,0,0,0,0,0,0,0,0,0.112704,0.114029,0.111954,0.1,0.112218,0.114267,0.113174,0.0547217,0.0576775,0.0530031,0.0536127,0.0581888,0.0557952,0,0,0,0,0,0,0,0,0,1,1,1,1,1,1,1,1,1,1,1,1,1,0,0,0,0,0,0,0,0,0,1,1,1,1,1,1,1,1,1,1,1,1,1,0,0,0,0,0,0,0,0,0,1,0,0,0,0,0,0,0,0,0,0,0,0,0,0,0,0,0,0,0,0,0,0,13,0,0,0,0,0,0,0,0,0,0,0,0,0,0,0,0,0,0,0,0,0,0,0,0,0,0,0,0,0,0,0,0,0,0,0,0,0,0,0,0,0,0,0,0,0,0,0,0
-0.339124,0.242555,1.06396,0,0,0,0,-7.1135e-09,1.71119e-09,2.09561e-08,2234,615,616,640,641,642,665,666,2208,2209,2233,2235,2258,2259,0,0,0,0,0,0,0,0,0,615,616,640,641,642,665,666,2208,2209,2233,2235,2258,2259,0,0,0,0,0,0,0,0,0,0.112922,0.114031,0.112121,0.0999174,0.112375,0.114044,0.113207,0.0561751,0.0572999,0.0546573,0.0546441,0.0580646,0.0572962,0,0,0,0,0,0,0,0,0,0.112661,0.114103,0.112213,0.1,0.112318,0.114442,0.113053,0.0546263,0.0578387,0.0536127,0.0538427,0.0585578,0.0555323,0,0,0,0,0,0,0,0,0,1,1,1,1,1,1,1,1,1,1,1,1,1,0,0,0,0,0,0,0,0,0,1,1,1,1,1,1,1,1,1,1,1,1,1,0,0,0,0,0,0,0,0,0,1,0,0,0,0,0,0,0,0,0,0,0,0,0,0,0,0,0,0,0,0,0,0,13,0,0,0,0,0,0,0,0,0,0,0,0,0,0,0,0,0,0,0,0,0,0,0,0,0,0,0,0,0,0,0,0,0,0,0,0,0,0,0,0,0,0,0,0,0,0,0,0
-0.380736,0.211715,1.04655,0,0,0,0,-1.17004e-08,2.6541e-09,3.20034e-08,2235,616,617,641,642,643,666,667,2209,2210,2234,2236,2259,2260,0,0,0,0,0,0,0,0,0,616,617,641,642,643,666,667,2209,2210,2234,2236,2259,2260,0,0,0,0,0,0,0,0,0,0.112714,0.113868,0.112257,0.0999603,0.112188,0.114057,0.112951,0.0556773,0.0569502,0.0546441,0.0540346,0.057902,0.0565945,0,0,0,0,0,0,0,0,0,0.112511,0.113954,0.112311,0.1,0.112145,0.114394,0.112824,0.054285,0.0575096,0.0538427,0.0534402,0.0584468,0.0550176,0,0,0,0,0,0,0,0,0,1,1,1,1,1,1,1,1,1,1,1,1,1,0,0,0,0,0,0,0,0,0,1,1,1,1,1,1,1,1,1,1,1,1,1,0,0,0,0,0,0,0,0,0,1,0,0,0,0,0,0,0,0,0,0,0,0,0,0,0,0,0,0,0,0,0,0,13,0,0,0,0,0,0,0,0,0,0,0,0,0,0,0,0,0,0,0,0,0,0,0,0,0,0,0,0,0,0,0,0,0,0,0,0,0,0,0,0,0,0,0,0,0,0,0,0
-0.420414,0.181471,1.02579,0,0,0,0,-1.72565e-08,3.22809e-09,4.31007e-08,2236,617,618,642,643,644,667,668,2210,2211,2235,2237,2260,2261,0,0,0,0,0,0,0,0,0,617,618,642,643,644,667,668,2210,2211,2235,2237,2260,2261,0,0,0,0,0,0,0,0,0,0.112357,0.113582,0.112103,0.0999897,0.111827,0.113881,0.112508,0.0548308,0.056352,0.0540346,0.0530444,0.0574059,0.0554721,0,0,0,0,0,0,0,0,0,0.112197,0.113671,0.112138,0.1,0.111798,0.114162,0.112399,0.0535639,0.0568856,0.0534402,0.0526282,0.0579428,0.0540468,0,0,0,0,0,0,0,0,0,1,1,1,1,1,1,1,1,1,1,1,1,1,0,0,0,0,0,0,0,0,0,1,1,1,1,1,1,1,1,1,1,1,1,1,0,0,0,0,0,0,0,0,0,1,0,0,0,0,0,0,0,0,0,0,0,0,0,0,0,0,0,0,0,0,0,0,13,0,0,0,0,0,0,0,0,0,0,0,0,0,0,0,0,0,0,0,0,0,0,0,0,0,0,0,0,0,0,0,0,0,0,0,0,0,0,0,0,0,0,0,0,0,0,0,0
-0.458017,0.152695,1.00189,0,0,0,0,-2.37418e-08,3.44898e-09,5.40367e-08,2237,618,619,643,644,645,668,669,2211,2212,2236,2238,2261,2262,0,0,0,0,0,0,0,0,0,618,619,643,644,645,668,669,2211,2212,2236,2238,2261,2262,0,0,0,0,0,0,0,0,0,0.111787,0.113518,0.111762,0.100008,0.111929,0.113768,0.111906,0.0534746,0.0562465,0.0530444,0.0531565,0.0571154,0.0539896,0,0,0,0,0,0,0,0,0,0.111658,0.113598,0.111792,0.1,0.11191,0.114002,0.111816,0.0523021,0.056725,0.0526282,0.0528923,0.0575948,0.0526879,0,0,0,0,0,0,0,0,0,1,1,1,1,1,1,1,1,1,1,1,1,1,0,0,0,0,0,0,0,0,0,1,1,1,1,1,1,1,1,1,1,1,1,1,0,0,0,0,0,0,0,0,0,1,0,0,0,0,0,0,0,0,0,0,0,0,0,0,0,0,0,0,0,0,0,0,13,0,0,0,0,0,0,0,0,0,0,0,0,0,0,0,0,0,0,0,0,0,0,0,0,0,0,0,0,0,0,0,0,0,0,0,0,0,0,0,0,0,0,0,0,0,0,0,0
-0.494419,0.125488,0.974312,0,0,0,0,-3.13126e-08,3.35141e-09,6.4916e-08,2238,619,620,644,645,646,669,670,2212,2213,2237,2239,2262,2263,0,0,0,0,0,0,0,0,0,619,620,644,645,646,669,670,2212,2213,2237,2239,2262,2263,0,0,0,0,0,0,0,0,0,0.111326,0.11353,0.111872,0.10002,0.112426,0.113829,0.111523,0.0523497,0.0562992,0.0531565,0.0542165,0.0572391,0.0530075,0,0,0,0,0,0,0,0,0,0.111216,0.113597,0.111906,0.1,0.112417,0.114025,0.111449,0.0512499,0.0567235,0.0528923,0.054068,0.05765,0.051818,0,0,0,0,0,0,0,0,0,1,1,1,1,1,1,1,1,1,1,1,1,1,0,0,0,0,0,0,0,0,0,1,1,1,1,1,1,1,1,1,1,1,1,1,0,0,0,0,0,0,0,0,0,1,0,0,0,0,0,0,0,0,0,0,0,0,0,0,0,0,0,0,0,0,0,0,13,0,0,0,0,0,0,0,0,0,0,0,0,0,0,0,0,0,0,0,0,0,0,0,0,0,0,0,0,0,0,0,0,0,0,0,0,0,0,0,0,0,0,0,0,0,0,0,0
-0.529851,0.0987641,0.943169,0,0,0,0,-4.00624e-08,2.97302e-09,7.58151e-08,2239,620,621,645,646,647,670,671,2213,2214,2238,2240,2263,2264,0,0,0,0,0,0,0,0,0,620,621,645,646,647,670,671,2213,2214,2238,2240,2263,2264,0,0,0,0,0,0,0,0,0,0.111124,0.113252,0.112375,0.100026,0.11267,0.113671,0.111304,0.0518345,0.0557195,0.0542165,0.0547115,0.0568725,0.0523968,0,0,0,0,0,0,0,0,0,0.111032,0.113311,0.112414,0.1,0.112671,0.113829,0.111237,0.0508092,0.0560882,0.054068,0.0546503,0.0572234,0.0513112,0,0,0,0,0,0,0,0,0,1,1,1,1,1,1,1,1,1,1,1,1,1,0,0,0,0,0,0,0,0,0,1,1,1,1,1,1,1,1,1,1,1,1,1,0,0,0,0,0,0,0,0,0,1,0,0,0,0,0,0,0,0,0,0,0,0,0,0,0,0,0,0,0,0,0,0,13,0,0,0,0,0,0,0,0,0,0,0,0,0,0,0,0,0,0,0,0,0,0,0,0,0,0,0,0,0,0,0,0,0,0,0,0,0,0,0,0,0,0,0,0,0,0,0,0
-0.563567,0.0721902,0.909252,0,0,0,0,-4.98377e-08,2.34636e-09,8.64909e-08,2240,621,622,646,647,648,671,672,2214,2215,2239,2241,2264,2265,0,0,0,0,0,0,0,0,0,621,622,646,647,648,671,672,2214,2215,2239,2241,2264,2265,0,0,0,0,0,0,0,0,0,0.110908,0.112781,0.112627,0.100028,0.112603,0.11326,0.111047,0.0512851,0.0547041,0.0547115,0.0545113,0.0559499,0.051696,0,0,0,0,0,0,0,0,0,0.110834,0.112833,0.11267,0.1,0.112612,0.113382,0.110986,0.0503306,0.055011,0.0546503,0.0545158,0.0562367,0.0507048,0,0,0,0,0,0,0,0,0,1,1,1,1,1,1,1,1,1,1,1,1,1,0,0,0,0,0,0,0,0,0,1,1,1,1,1,1,1,1,1,1,1,1,1,0,0,0,0,0,0,0,0,0,1,0,0,0,0,0,0,0,0,0,0,0,0,0,0,0,0,0,0,0,0,0,0,13,0,0,0,0,0,0,0,0,0,0,0,0,0,0,0,0,0,0,0,0,0,0,0,0,0,0,0,0,0,0,0,0,0,0,0,0,0,0,0,0,0,0,0,0,0,0,0,0
-0.595016,0.0460566,0.873204,0,0,0,0,-6.04521e-08,1.52443e-09,9.66768e-08,2241,622,623,647,648,649,672,673,2215,2216,2240,2242,2265,2266,0,0,0,0,0,0,0,0,0,622,623,647,648,649,672,673,2215,2216,2240,2242,2265,2266,0,0,0,0,0,0,0,0,0,0.110612,0.112227,0.112567,0.100027,0.112335,0.112733,0.110726,0.0505311,0.0534806,0.0545113,0.0538618,0.0547663,0.0508387,0,0,0,0,0,0,0,0,0,0.110554,0.112269,0.112614,0.1,0.112351,0.112823,0.11067,0.0496458,0.0537199,0.0545158,0.0539142,0.0549825,0.049935,0,0,0,0,0,0,0,0,0,1,1,1,1,1,1,1,1,1,1,1,1,1,0,0,0,0,0,0,0,0,0,1,1,1,1,1,1,1,1,1,1,1,1,1,0,0,0,0,0,0,0,0,0,1,0,0,0,0,0,0,0,0,0,0,0,0,0,0,0,0,0,0,0,0,0,0,13,0,0,0,0,0,0,0,0,0,0,0,0,0,0,0,0,0,0,0,0,0,0,0,0,0,0,0,0,0,0,0,0,0,0,0,0,0,0,0,0,0,0,0,0,0,0,0,0
-0.623931,0.0206651,0.835517,0,0,0,0,-7.17353e-08,5.78356e-10,1.06178e-07,2242,623,624,648,649,650,673,674,2216,2217,2241,2243,2266,2267,0,0,0,0,0,0,0,0,0,623,624,648,649,650,673,674,2216,2217,2241,2243,2266,2267,0,0,0,0,0,0,0,0,0,0.110265,0.111632,0.112304,0.100024,0.111944,0.11215,0.110358,0.0496304,0.0521364,0.0538618,0.0529294,0.0534469,0.0498601,0,0,0,0,0,0,0,0,0,0.110217,0.111665,0.112354,0.1,0.111965,0.112216,0.110307,0.0488131,0.0523072,0.0539142,0.0530152,0.0535912,0.0490386,0,0,0,0,0,0,0,0,0,1,1,1,1,1,1,1,1,1,1,1,1,1,0,0,0,0,0,0,0,0,0,1,1,1,1,1,1,1,1,1,1,1,1,1,0,0,0,0,0,0,0,0,0,1,0,0,0,0,0,0,0,0,0,0,0,0,0,0,0,0,0,0,0,0,0,0,13,0,0,0,0,0,0,0,0,0,0,0,0,0,0,0,0,0,0,0,0,0,0,0,0,0,0,0,0,0,0,0,0,0,0,0,0,0,0,0,0,0,0,0,0,0,0,0,0
-0.650205,-0.0037769,0.79661,0,0,0,0,-8.35275e-08,-4.10461e-10,1.14864e-07,2243,624,625,649,650,651,674,675,2217,2218,2242,2244,2267,2268,0,0,0,0,0,0,0,0,0,624,625,649,650,651,674,675,2217,2218,2242,2244,2267,2268,0,0,0,0,0,0,0,0,0,0.109887,0.111017,0.111916,0.10002,0.11147,0.111537,0.109959,0.048633,0.0507076,0.0529294,0.0517961,0.0520347,0.0487975,0,0,0,0,0,0,0,0,0,0.109848,0.11104,0.111969,0.1,0.111495,0.111583,0.109915,0.0478828,0.0508131,0.0530152,0.0519034,0.0521104,0.0480535,0,0,0,0,0,0,0,0,0,1,1,1,1,1,1,1,1,1,1,1,1,1,0,0,0,0,0,0,0,0,0,1,1,1,1,1,1,1,1,1,1,1,1,1,0,0,0,0,0,0,0,0,0,1,0,0,0,0,0,0,0,0,0,0,0,0,0,0,0,0,0,0,0,0,0,0,13,0,0,0,0,0,0,0,0,0,0,0,0,0,0,0,0,0,0,0,0,0,0,0,0,0,0,0,0,0,0,0,0,0,0,0,0,0,0,0,0,0,0,0,0,0,0,0,0
-0.673814,-0.0271382,0.756864,0,0,0,0,-9.56767e-08,-1.3551e-09,1.22652e-07,2244,625,626,650,651,652,675,676,2218,2219,2243,2245,2268,2269,0,0,0,0,0,0,0,0,0,625,626,650,651,652,675,676,2218,2219,2243,2245,2268,2269,0,0,0,0,0,0,0,0,0,0.109491,0.110393,0.111446,0.100016,0.110941,0.110908,0.109543,0.047571,0.0492166,0.0517961,0.0505135,0.0505525,0.047679,0,0,0,0,0,0,0,0,0,0.109459,0.110406,0.111499,0.1,0.110967,0.110938,0.109506,0.0468873,0.0492625,0.0519034,0.0506333,0.050566,0.0470085,0,0,0,0,0,0,0,0,0,1,1,1,1,1,1,1,1,1,1,1,1,1,0,0,0,0,0,0,0,0,0,1,1,1,1,1,1,1,1,1,1,1,1,1,0,0,0,0,0,0,0,0,0,1,0,0,0,0,0,0,0,0,0,0,0,0,0,0,0,0,0,0,0,0,0,0,13,0,0,0,0,0,0,0,0,0,0,0,0,0,0,0,0,0,0,0,0,0,0,0,0,0,0,0,0,0,0,0,0,0,0,0,0,0,0,0,0,0,0,0,0,0,0,0,0
-0.694789,-0.0493425,0.716632,0,0,0,0,-1.08045e-07,-2.16916e-09,1.29506e-07,2245,626,627,651,652,653,676,677,2219,2220,2244,2246,2269,2270,0,0,0,0,0,0,0,0,0,626,627,651,652,653,676,677,2219,2220,2244,2246,2269,2270,0,0,0,0,0,0,0,0,0,0.109087,0.109769,0.11092,0.100013,0.110378,0.110273,0.10912,0.0464673,0.0476811,0.0505135,0.0491234,0.0490181,0.0465289,0,0,0,0,0,0,0,0,0,0.10906,0.109775,0.110972,0.1,0.110404,0.110292,0.109091,0.045849,0.0476749,0.0506333,0.0492492,0.0489775,0.0459282,0,0,0,0,0,0,0,0,0,1,1,1,1,1,1,1,1,1,1,1,1,1,0,0,0,0,0,0,0,0,0,1,1,1,1,1,1,1,1,1,1,1,1,1,0,0,0,0,0,0,0,0,0,1,0,0,0,0,0,0,0,0,0,0,0,0,0,0,0,0,0,0,0,0,0,0,13,0,0,0,0,0,0,0,0,0,0,0,0,0,0,0,0,0,0,0,0,0,0,0,0,0,0,0,0,0,0,0,0,0,0,0,0,0,0,0,0,0,0,0,0,0,0,0,0
-0.713204,-0.0703562,0.676229,0,0,0,0,-1.20516e-07,-2.77412e-09,1.35434e-07,2246,627,628,652,653,654,677,678,2220,2221,2245,2247,2270,2271,0,0,0,0,0,0,0,0,0,627,628,652,653,654,677,678,2220,2221,2245,2247,2270,2271,0,0,0,0,0,0,0,0,0,0.108685,0.109153,0.11036,0.10001,0.109804,0.109639,0.108702,0.0453425,0.046116,0.0491234,0.0476687,0.0474471,0.0453735,0,0,0,0,0,0,0,0,0,0.108661,0.109152,0.110409,0.1,0.109827,0.109652,0.108681,0.0447886,0.0460656,0.0492492,0.0477964,0.0473615,0.0448386,0,0,0,0,0,0,0,0,0,1,1,1,1,1,1,1,1,1,1,1,1,1,0,0,0,0,0,0,0,0,0,1,1,1,1,1,1,1,1,1,1,1,1,1,0,0,0,0,0,0,0,0,0,1,0,0,0,0,0,0,0,0,0,0,0,0,0,0,0,0,0,0,0,0,0,0,13,0,0,0,0,0,0,0,0,0,0,0,0,0,0,0,0,0,0,0,0,0,0,0,0,0,0,0,0,0,0,0,0,0,0,0,0,0,0,0,0,0,0,0,0,0,0,0,0
-0.729168,-0.0901858,0.635927,0,0,0,0,-1.33009e-07,-3.10596e-09,1.40483e-07,2247,628,629,653,654,655,678,679,2221,2222,2246,2248,2271,2272,0,0,0,0,0,0,0,0,0,628,629,653,654,655,678,679,2221,2222,2246,2248,2271,2272,0,0,0,0,0,0,0,0,0,0.108292,0.10855,0.109786,0.100009,0.109243,0.109014,0.1083,0.0442211,0.0445309,0.0476687,0.0462078,0.0458515,0.0442482,0,0,0,0,0,0,0,0,0,0.108271,0.108544,0.109832,0.1,0.109261,0.109025,0.108289,0.0437295,0.0444463,0.0477964,0.0463359,0.045731,0.0437745,0,0,0,0,0,0,0,0,0,1,1,1,1,1,1,1,1,1,1,1,1,1,0,0,0,0,0,0,0,0,0,1,1,1,1,1,1,1,1,1,1,1,1,1,0,0,0,0,0,0,0,0,0,1,0,0,0,0,0,0,0,0,0,0,0,0,0,0,0,0,0,0,0,0,0,0,13,0,0,0,0,0,0,0,0,0,0,0,0,0,0,0,0,0,0,0,0,0,0,0,0,0,0,0,0,0,0,0,0,0,0,0,0,0,0,0,0,0,0,0,0,0,0,0,0
-0.742815,-0.108883,0.595935,0,0,0,0,-1.45488e-07,-3.12141e-09,1.44746e-07,2248,629,630,654,655,656,679,680,2222,2223,2247,2249,2272,2273,0,0,0,0,0,0,0,0,0,629,630,654,655,656,679,680,2222,2223,2247,2249,2272,2273,0,0,0,0,0,0,0,0,0,0.10792,0.107966,0.109224,0.100007,0.108744,0.108402,0.107933,0.0431383,0.0429289,0.0462078,0.0448567,0.0442371,0.0432121,0,0,0,0,0,0,0,0,0,0.107902,0.107953,0.109266,0.1,0.108752,0.108414,0.107934,0.0427066,0.0428226,0.0463359,0.0449899,0.0440952,0.0427923,0,0,0,0,0,0,0,0,0,1,1,1,1,1,1,1,1,1,1,1,1,1,0,0,0,0,0,0,0,0,0,1,1,1,1,1,1,1,1,1,1,1,1,1,0,0,0,0,0,0,0,0,0,1,0,0,0,0,0,0,0,0,0,0,0,0,0,0,0,0,0,0,0,0,0,0,13,0,0,0,0,0,0,0,0,0,0,0,0,0,0,0,0,0,0,0,0,0,0,0,0,0,0,0,0,0,0,0,0,0,0,0,0,0,0,0,0,0,0,0,0,0,0,0,0
-0.754312,-0.12656,0.556344,0,0,0,0,-1.57993e-07,-2.77847e-09,1.4834e-07,2249,117,118,630,631,655,656,680,1710,1711,2223,2224,2248,2273,0,0,0,0,0,0,0,0,0,117,118,630,631,655,656,680,1710,1711,2223,2224,2248,2273,0,0,0,0,0,0,0,0,0,0.107647,0.108434,0.107593,0.107394,0.108717,0.100009,0.107808,0.0423938,0.0439576,0.0421533,0.0413167,0.0448567,0.0425997,0,0,0,0,0,0,0,0,0,0.107657,0.108431,0.107576,0.107378,0.108758,0.1,0.107822,0.0420158,0.0441215,0.0417868,0.0411926,0.0449899,0.0424586,0,0,0,0,0,0,0,0,0,1,1,1,1,1,1,1,1,1,1,1,1,1,0,0,0,0,0,0,0,0,0,1,1,1,1,1,1,1,1,1,1,1,1,1,0,0,0,0,0,0,0,0,0,1,0,0,0,0,0,0,0,0,0,0,0,0,0,0,0,0,0,0,0,0,0,0,13,0,0,0,0,0,0,0,0,0,0,0,0,0,0,0,0,0,0,0,0,0,0,0,0,0,0,0,0,0,0,0,0,0,0,0,0,0,0,0,0,0,0,0,0,0,0,0,0
0.0321639,0.431506,1.07445,0,0,0,0,-1.30796e-09,-1.31313e-08,-3.70122e-08,2250,65,66,632,633,657,658,681,1658,1659,2225,2226,2251,2274,0,0,0,0,0,0,0,0,0,65,66,632,633,657,658,681,1658,1659,2225,2226,2251,2274,0,0,0,0,0,0,0,0,0,0.110233,0.107219,0.112196,0.110162,0.100376,0.106979,0.11226,0.0498112,0.0402466,0.0521549,0.0491255,0.0417956,0.054304,0,0,0,0,0,0,0,0,0,0.109681,0.106804,0.112661,0.109649,0.1,0.107094,0.113766,0.0472573,0.0392712,0.0546169,0.0471831,0.0401372,0.0570183,0,0,0,0,0,0,0,0,0,1,1,1,1,1,1,1,1,1,1,1,1,1,0,0,0,0,0,0,0,0,0,1,1,1,1,1,1,1,1,1,1,1,1,1,0,0,0,0,0,0,0,0,0,1,0,0,0,0,0,0,0,0,0,0,0,0,0,0,0,0,0,0,0,0,0,0,13,0,0,0,0,0,0,0,0,0,0,0,0,0,0,0,0,0,0,0,0,0,0,0,0,0,0,0,0,0,0,0,0,0,0,0,0,0,0,0,0,0,0,0,0,0,0,0,0
-0.00388348,0.416104,1.08895,0,0,0,0,-4.65674e-10,-1.09322e-08,-3.40475e-08,2251,633,634,657,658,659,681,682,2226,2227,2250,2252,2274,2275,0,0,0,0,0,0,0,0,0,633,634,657,658,659,681,682,2226,2227,2250,2252,2274,2275,0,0,0,0,0,0,0,0,0,0.112841,0.110418,0.107642,0.10045,0.107691,0.110171,0.112731,0.0534353,0.0492065,0.0417956,0.0437266,0.0500877,0.0555604,0,0,0,0,0,0,0,0,0,0.113388,0.109845,0.107093,0.1,0.107494,0.109875,0.114532,0.0562593,0.0476865,0.0401372,0.0413031,0.0477561,0.0586878,0,0,0,0,0,0,0,0,0,1,1,1,1,1,1,1,1,1,1,1,1,1,0,0,0,0,0,0,0,0,0,1,1,1,1,1,1,1,1,1,1,1,1,1,0,0,0,0,0,0,0,0,0,1,0,0,0,0,0,0,0,0,0,0,0,0,0,0,0,0,0,0,0,0,0,0,13,0,0,0,0,0,0,0,0,0,0,0,0,0,0,0,0,0,0,0,0,0,0,0,0,0,0,0,0,0,0,0,0,0,0,0,0,0,0,0,0,0,0,0,0,0,0,0,0
-0.041133,0.397144,1.1018,0,0,0,0,3.53516e-10,-8.63748e-09,-2.999e-08,2252,634,635,658,659,660,682,683,2227,2228,2251,2253,2275,2276,0,0,0,0,0,0,0,0,0,634,635,658,659,660,682,683,2227,2228,2251,2253,2275,2276,0,0,0,0,0,0,0,0,0,0.113403,0.11075,0.108119,0.100499,0.10864,0.109949,0.113352,0.0547027,0.0489917,0.0437266,0.045456,0.0498559,0.0570638,0,0,0,0,0,0,0,0,0,0.114127,0.110045,0.107492,0.1,0.107933,0.11008,0.115309,0.0578896,0.0481941,0.0413031,0.0425544,0.0482747,0.0603435,0,0,0,0,0,0,0,0,0,1,1,1,1,1,1,1,1,1,1,1,1,1,0,0,0,0,0,0,0,0,0,1,1,1,1,1,1,1,1,1,1,1,1,1,0,0,0,0,0,0,0,0,0,1,0,0,0,0,0,0,0,0,0,0,0,0,0,0,0,0,0,0,0,0,0,0,13,0,0,0,0,0,0,0,0,0,0,0,0,0,0,0,0,0,0,0,0,0,0,0,0,0,0,0,0,0,0,0,0,0,0,0,0,0,0,0,0,0,0,0,0,0,0,0,0
-0.0788674,0.374247,1.11266,0,0,0,0,1.04613e-09,-6.2996e-09,-2.47845e-08,2253,635,636,659,660,661,683,684,2228,2229,2252,2254,2276,2277,0,0,0,0,0,0,0,0,0,635,636,659,660,661,683,684,2228,2229,2252,2254,2276,2277,0,0,0,0,0,0,0,0,0,0.114153,0.111547,0.108611,0.100851,0.110407,0.109895,0.114316,0.0560193,0.0510697,0.045456,0.0503986,0.0495997,0.0584437,0,0,0,0,0,0,0,0,0,0.114877,0.111238,0.107932,0.1,0.109691,0.11028,0.116095,0.0595104,0.0509962,0.0425544,0.0470676,0.0487803,0.061983,0,0,0,0,0,0,0,0,0,1,1,1,1,1,1,1,1,1,1,1,1,1,0,0,0,0,0,0,0,0,0,1,1,1,1,1,1,1,1,1,1,1,1,1,0,0,0,0,0,0,0,0,0,1,0,0,0,0,0,0,0,0,0,0,0,0,0,0,0,0,0,0,0,0,0,0,13,0,0,0,0,0,0,0,0,0,0,0,0,0,0,0,0,0,0,0,0,0,0,0,0,0,0,0,0,0,0,0,0,0,0,0,0,0,0,0,0,0,0,0,0,0,0,0,0
-0.119923,0.345876,1.1197,0,0,0,0,1.32426e-09,-4.12489e-09,-1.81494e-08,2254,636,637,660,661,662,684,685,2229,2230,2253,2255,2277,2278,0,0,0,0,0,0,0,0,0,636,637,660,661,662,684,685,2229,2230,2253,2255,2277,2278,0,0,0,0,0,0,0,0,0,0.113184,0.112681,0.109595,0.0993082,0.111734,0.110274,0.113424,0.0570906,0.055035,0.0503986,0.0547901,0.0519388,0.0593755,0,0,0,0,0,0,0,0,0,0.112413,0.112835,0.109414,0.1,0.111504,0.111358,0.113083,0.0540457,0.0550225,0.0470676,0.0519446,0.0518356,0.0555525,0,0,0,0,0,0,0,0,0,1,1,1,1,1,1,1,1,1,1,1,1,1,0,0,0,0,0,0,0,0,0,1,1,1,1,1,1,1,1,1,1,1,1,1,0,0,0,0,0,0,0,0,0,1,0,0,0,0,0,0,0,0,0,0,0,0,0,0,0,0,0,0,0,0,0,0,13,0,0,0,0,0,0,0,0,0,0,0,0,0,0,0,0,0,0,0,0,0,0,0,0,0,0,0,0,0,0,0,0,0,0,0,0,0,0,0,0,0,0,0,0,0,0,0,0
-0.165288,0.315265,1.12233,0,0,0,0,1.0623e-09,-2.05509e-09,-1.03678e-08,2255,637,638,661,662,663,685,686,2230,2231,2254,2256,2278,2279,0,0,0,0,0,0,0,0,0,637,638,661,662,663,685,686,2230,2231,2254,2256,2278,2279,0,0,0,0,0,0,0,0,0,0.113638,0.113362,0.111108,0.0996736,0.112117,0.11206,0.114037,0.0578308,0.0561367,0.0547901,0.055044,0.0563077,0.0598524,0,0,0,0,0,0,0,0,0,0.112809,0.113406,0.11151,0.1,0.111911,0.113367,0.113446,0.0549537,0.0563076,0.0519446,0.0529037,0.0562364,0.0563734,0,0,0,0,0,0,0,0,0,1,1,1,1,1,1,1,1,1,1,1,1,1,0,0,0,0,0,0,0,0,0,1,1,1,1,1,1,1,1,1,1,1,1,1,0,0,0,0,0,0,0,0,0,1,0,0,0,0,0,0,0,0,0,0,0,0,0,0,0,0,0,0,0,0,0,0,13,0,0,0,0,0,0,0,0,0,0,0,0,0,0,0,0,0,0,0,0,0,0,0,0,0,0,0,0,0,0,0,0,0,0,0,0,0,0,0,0,0,0,0,0,0,0,0,0
-0.210368,0.283791,1.11968,0,0,0,0,1.41183e-10,-3.81752e-10,-1.8529e-09,2256,638,639,662,663,664,686,687,2231,2232,2255,2257,2279,2280,0,0,0,0,0,0,0,0,0,638,639,662,663,664,686,687,2231,2232,2255,2257,2279,2280,0,0,0,0,0,0,0,0,0,0.113692,0.113851,0.111602,0.0997034,0.112408,0.113078,0.114074,0.0581465,0.0571185,0.055044,0.0553981,0.0573902,0.0598489,0,0,0,0,0,0,0,0,0,0.113071,0.113901,0.111915,0.1,0.112289,0.113948,0.113639,0.0555503,0.0574023,0.0529037,0.0537784,0.0575132,0.056814,0,0,0,0,0,0,0,0,0,1,1,1,1,1,1,1,1,1,1,1,1,1,0,0,0,0,0,0,0,0,0,1,1,1,1,1,1,1,1,1,1,1,1,1,0,0,0,0,0,0,0,0,0,1,0,0,0,0,0,0,0,0,0,0,0,0,0,0,0,0,0,0,0,0,0,0,13,0,0,0,0,0,0,0,0,0,0,0,0,0,0,0,0,0,0,0,0,0,0,0,0,0,0,0,0,0,0,0,0,0,0,0,0,0,0,0,0,0,0,0,0,0,0,0,0
-0.255104,0.252018,1.11206,0,0,0,0,-1.58449e-09,9.3858e-10,7.30957e-09,2257,639,640,663,664,665,687,688,2232,2233,2256,2258,2280,2281,0,0,0,0,0,0,0,0,0,639,640,663,664,665,687,688,2232,2233,2256,2258,2280,2281,0,0,0,0,0,0,0,0,0,0.113678,0.114209,0.112019,0.0997992,0.1127,0.113746,0.114001,0.0581037,0.0577903,0.0553981,0.0557385,0.0582693,0.0594932,0,0,0,0,0,0,0,0,0,0.11319,0.114262,0.112289,0.1,0.112617,0.114419,0.113664,0.0558197,0.0581888,0.0537784,0.0545288,0.0585252,0.0568861,0,0,0,0,0,0,0,0,0,1,1,1,1,1,1,1,1,1,1,1,1,1,0,0,0,0,0,0,0,0,0,1,1,1,1,1,1,1,1,1,1,1,1,1,0,0,0,0,0,0,0,0,0,1,0,0,0,0,0,0,0,0,0,0,0,0,0,0,0,0,0,0,0,0,0,0,13,0,0,0,0,0,0,0,0,0,0,0,0,0,0,0,0,0,0,0,0,0,0,0,0,0,0,0,0,0,0,0,0,0,0,0,0,0,0,0,0,0,0,0,0,0,0,0,0
-0.299201,0.220232,1.09973,0,0,0,0,-4.22996e-09,1.9101e-09,1.70185e-08,2258,640,641,664,665,666,688,689,2233,2234,2257,2259,2281,2282,0,0,0,0,0,0,0,0,0,640,641,664,665,666,688,689,2233,2234,2257,2259,2281,2282,0,0,0,0,0,0,0,0,0,0.113553,0.114363,0.11242,0.0998737,0.112891,0.114167,0.113821,0.0577932,0.0580646,0.0557385,0.0559013,0.0587253,0.0589298,0,0,0,0,0,0,0,0,0,0.113177,0.114433,0.112612,0.1,0.112832,0.114701,0.113565,0.0557952,0.0585578,0.0545288,0.0550184,0.0591193,0.0566772,0,0,0,0,0,0,0,0,0,1,1,1,1,1,1,1,1,1,1,1,1,1,0,0,0,0,0,0,0,0,0,1,1,1,1,1,1,1,1,1,1,1,1,1,0,0,0,0,0,0,0,0,0,1,0,0,0,0,0,0,0,0,0,0,0,0,0,0,0,0,0,0,0,0,0,0,13,0,0,0,0,0,0,0,0,0,0,0,0,0,0,0,0,0,0,0,0,0,0,0,0,0,0,0,0,0,0,0,0,0,0,0,0,0,0,0,0,0,0,0,0,0,0,0,0
-0.342234,0.188649,1.08313,0,0,0,0,-7.85402e-09,2.54508e-09,2.71352e-08,2259,641,642,665,666,667,689,690,2234,2235,2258,2260,2282,2283,0,0,0,0,0,0,0,0,0,641,642,665,666,667,689,690,2234,2235,2258,2260,2282,2283,0,0,0,0,0,0,0,0,0,0.113353,0.114297,0.112691,0.0999342,0.112852,0.114299,0.113589,0.0572962,0.057902,0.0559013,0.0555855,0.0587035,0.0582488,0,0,0,0,0,0,0,0,0,0.11306,0.114383,0.112825,0.1,0.112813,0.114739,0.113382,0.0555323,0.0584468,0.0550184,0.0549739,0.0591929,0.056274,0,0,0,0,0,0,0,0,0,1,1,1,1,1,1,1,1,1,1,1,1,1,0,0,0,0,0,0,0,0,0,1,1,1,1,1,1,1,1,1,1,1,1,1,0,0,0,0,0,0,0,0,0,1,0,0,0,0,0,0,0,0,0,0,0,0,0,0,0,0,0,0,0,0,0,0,13,0,0,0,0,0,0,0,0,0,0,0,0,0,0,0,0,0,0,0,0,0,0,0,0,0,0,0,0,0,0,0,0,0,0,0,0,0,0,0,0,0,0,0,0,0,0,0,0
-0.383608,0.157583,1.06281,0,0,0,0,-1.24496e-08,2.86089e-09,3.74579e-08,2260,642,643,666,667,668,690,691,2235,2236,2259,2261,2283,2284,0,0,0,0,0,0,0,0,0,642,643,666,667,668,690,691,2235,2236,2259,2261,2283,2284,0,0,0,0,0,0,0,0,0,0.113061,0.114058,0.112705,0.0999759,0.112502,0.114186,0.113253,0.0565945,0.0574059,0.0555855,0.0546098,0.0582601,0.0573418,0,0,0,0,0,0,0,0,0,0.112831,0.114151,0.112805,0.1,0.112482,0.114544,0.113078,0.0550176,0.0579428,0.0549739,0.0542192,0.0587721,0.0555935,0,0,0,0,0,0,0,0,0,1,1,1,1,1,1,1,1,1,1,1,1,1,0,0,0,0,0,0,0,0,0,1,1,1,1,1,1,1,1,1,1,1,1,1,0,0,0,0,0,0,0,0,0,1,0,0,0,0,0,0,0,0,0,0,0,0,0,0,0,0,0,0,0,0,0,0,13,0,0,0,0,0,0,0,0,0,0,0,0,0,0,0,0,0,0,0,0,0,0,0,0,0,0,0,0,0,0,0,0,0,0,0,0,0,0,0,0,0,0,0,0,0,0,0,0
-0.422826,0.127723,1.0393,0,0,0,0,-1.79622e-08,2.88104e-09,4.77467e-08,2261,643,644,667,668,669,691,692,2236,2237,2260,2262,2284,2285,0,0,0,0,0,0,0,0,0,643,644,667,668,669,691,692,2236,2237,2260,2262,2284,2285,0,0,0,0,0,0,0,0,0,0.112588,0.113906,0.112392,0.100002,0.112264,0.114012,0.112655,0.0554721,0.0571154,0.0546098,0.0539226,0.0577789,0.055858,0,0,0,0,0,0,0,0,0,0.112406,0.113992,0.112476,0.1,0.11226,0.114296,0.11251,0.0540468,0.0575948,0.0542192,0.0537058,0.0582405,0.0543006,0,0,0,0,0,0,0,0,0,1,1,1,1,1,1,1,1,1,1,1,1,1,0,0,0,0,0,0,0,0,0,1,1,1,1,1,1,1,1,1,1,1,1,1,0,0,0,0,0,0,0,0,0,1,0,0,0,0,0,0,0,0,0,0,0,0,0,0,0,0,0,0,0,0,0,0,13,0,0,0,0,0,0,0,0,0,0,0,0,0,0,0,0,0,0,0,0,0,0,0,0,0,0,0,0,0,0,0,0,0,0,0,0,0,0,0,0,0,0,0,0,0,0,0,0
-0.460339,0.0998012,1.01246,0,0,0,0,-2.4455e-08,2.63387e-09,5.79456e-08,2262,644,645,668,669,670,692,693,2237,2238,2261,2263,2285,2286,0,0,0,0,0,0,0,0,0,644,645,668,669,670,692,693,2237,2238,2261,2263,2285,2286,0,0,0,0,0,0,0,0,0,0.11197,0.113946,0.112177,0.100017,0.112661,0.114088,0.112031,0.0539896,0.0572391,0.0539226,0.0547276,0.0579065,0.0543136,0,0,0,0,0,0,0,0,0,0.111821,0.114017,0.112256,0.1,0.112668,0.114314,0.111917,0.0526879,0.05765,0.0537058,0.0546425,0.0582846,0.0529225,0,0,0,0,0,0,0,0,0,1,1,1,1,1,1,1,1,1,1,1,1,1,0,0,0,0,0,0,0,0,0,1,1,1,1,1,1,1,1,1,1,1,1,1,0,0,0,0,0,0,0,0,0,1,0,0,0,0,0,0,0,0,0,0,0,0,0,0,0,0,0,0,0,0,0,0,13,0,0,0,0,0,0,0,0,0,0,0,0,0,0,0,0,0,0,0,0,0,0,0,0,0,0,0,0,0,0,0,0,0,0,0,0,0,0,0,0,0,0,0,0,0,0,0,0
-0.497006,0.073083,0.98185,0,0,0,0,-3.21073e-08,2.15055e-09,6.82205e-08,2263,645,646,669,670,671,693,694,2238,2239,2262,2264,2286,2287,0,0,0,0,0,0,0,0,0,645,646,669,670,671,693,694,2238,2239,2262,2264,2286,2287,0,0,0,0,0,0,0,0,0,0.111574,0.113763,0.112588,0.100027,0.113081,0.114085,0.111721,0.0530075,0.0568725,0.0547276,0.0556015,0.0578663,0.0534799,0,0,0,0,0,0,0,0,0,0.111453,0.113822,0.112666,0.1,0.113096,0.114263,0.111626,0.051818,0.0572234,0.0546425,0.0556132,0.0581773,0.0522365,0,0,0,0,0,0,0,0,0,1,1,1,1,1,1,1,1,1,1,1,1,1,0,0,0,0,0,0,0,0,0,1,1,1,1,1,1,1,1,1,1,1,1,1,0,0,0,0,0,0,0,0,0,1,0,0,0,0,0,0,0,0,0,0,0,0,0,0,0,0,0,0,0,0,0,0,13,0,0,0,0,0,0,0,0,0,0,0,0,0,0,0,0,0,0,0,0,0,0,0,0,0,0,0,0,0,0,0,0,0,0,0,0,0,0,0,0,0,0,0,0,0,0,0,0
-0.532354,0.0466537,0.948034,0,0,0,0,-4.08613e-08,1.45655e-09,7.8451e-08,2264,646,647,670,671,672,694,695,2239,2240,2263,2265,2287,2288,0,0,0,0,0,0,0,0,0,646,647,670,671,672,694,695,2239,2240,2263,2265,2287,2288,0,0,0,0,0,0,0,0,0,0.111335,0.113327,0.113019,0.100031,0.113143,0.113737,0.111483,0.0523968,0.0559499,0.0556015,0.0556874,0.0570738,0.0528132,0,0,0,0,0,0,0,0,0,0.11124,0.113376,0.113096,0.1,0.113166,0.113869,0.1114,0.0513112,0.0562367,0.0556132,0.0557691,0.0573214,0.0516993,0,0,0,0,0,0,0,0,0,1,1,1,1,1,1,1,1,1,1,1,1,1,0,0,0,0,0,0,0,0,0,1,1,1,1,1,1,1,1,1,1,1,1,1,0,0,0,0,0,0,0,0,0,1,0,0,0,0,0,0,0,0,0,0,0,0,0,0,0,0,0,0,0,0,0,0,13,0,0,0,0,0,0,0,0,0,0,0,0,0,0,0,0,0,0,0,0,0,0,0,0,0,0,0,0,0,0,0,0,0,0,0,0,0,0,0,0,0,0,0,0,0,0,0,0
-0.565639,0.0205976,0.91178,0,0,0,0,-5.05407e-08,5.9804e-10,8.83577e-08,2265,647,648,671,672,673,695,696,2240,2241,2264,2266,2288,2289,0,0,0,0,0,0,0,0,0,647,648,671,672,673,695,696,2240,2241,2264,2266,2288,2289,0,0,0,0,0,0,0,0,0,0.111061,0.11278,0.113092,0.100031,0.112936,0.113224,0.111184,0.051696,0.0547663,0.0556874,0.0551857,0.0559281,0.0520105,0,0,0,0,0,0,0,0,0,0.110987,0.112819,0.113168,0.1,0.112965,0.113319,0.111113,0.0507048,0.0549825,0.0557691,0.0553154,0.056105,0.0510109,0,0,0,0,0,0,0,0,0,1,1,1,1,1,1,1,1,1,1,1,1,1,0,0,0,0,0,0,0,0,0,1,1,1,1,1,1,1,1,1,1,1,1,1,0,0,0,0,0,0,0,0,0,1,0,0,0,0,0,0,0,0,0,0,0,0,0,0,0,0,0,0,0,0,0,0,13,0,0,0,0,0,0,0,0,0,0,0,0,0,0,0,0,0,0,0,0,0,0,0,0,0,0,0,0,0,0,0,0,0,0,0,0,0,0,0,0,0,0,0,0,0,0,0,0
-0.596459,-0.00475945,0.873667,0,0,0,0,-6.09834e-08,-3.58742e-10,9.7719e-08,2266,648,649,672,673,674,696,697,2241,2242,2265,2267,2289,2290,0,0,0,0,0,0,0,0,0,648,649,672,673,674,696,697,2241,2242,2265,2267,2289,2290,0,0,0,0,0,0,0,0,0,0.110729,0.112184,0.112894,0.100028,0.112571,0.112647,0.110825,0.0508387,0.0534469,0.0551857,0.054331,0.054636,0.0510618,0,0,0,0,0,0,0,0,0,0.11067,0.112212,0.112969,0.1,0.112604,0.112713,0.110764,0.049935,0.0535912,0.0553154,0.0544912,0.0547392,0.0501645,0,0,0,0,0,0,0,0,0,1,1,1,1,1,1,1,1,1,1,1,1,1,0,0,0,0,0,0,0,0,0,1,1,1,1,1,1,1,1,1,1,1,1,1,0,0,0,0,0,0,0,0,0,1,0,0,0,0,0,0,0,0,0,0,0,0,0,0,0,0,0,0,0,0,0,0,13,0,0,0,0,0,0,0,0,0,0,0,0,0,0,0,0,0,0,0,0,0,0,0,0,0,0,0,0,0,0,0,0,0,0,0,0,0,0,0,0,0,0,0,0,0,0,0,0
-0.624646,-0.0291712,0.834152,0,0,0,0,-7.20403e-08,-1.33812e-09,1.06383e-07,2267,649,650,673,674,675,697,698,2242,2243,2266,2268,2290,2291,0,0,0,0,0,0,0,0,0,649,650,673,674,675,697,698,2242,2243,2266,2268,2290,2291,0,0,0,0,0,0,0,0,0,0.110353,0.111563,0.112535,0.100024,0.112104,0.112037,0.110424,0.0498601,0.0520347,0.054331,0.0532396,0.0532495,0.0500069,0,0,0,0,0,0,0,0,0,0.110307,0.11158,0.112608,0.1,0.112139,0.112079,0.110374,0.0490386,0.0521104,0.0544912,0.053417,0.0532823,0.0492021,0,0,0,0,0,0,0,0,0,1,1,1,1,1,1,1,1,1,1,1,1,1,0,0,0,0,0,0,0,0,0,1,1,1,1,1,1,1,1,1,1,1,1,1,0,0,0,0,0,0,0,0,0,1,0,0,0,0,0,0,0,0,0,0,0,0,0,0,0,0,0,0,0,0,0,0,13,0,0,0,0,0,0,0,0,0,0,0,0,0,0,0,0,0,0,0,0,0,0,0,0,0,0,0,0,0,0,0,0,0,0,0,0,0,0,0,0,0,0,0,0,0,0,0,0
-0.65014,-0.0524841,0.793643,0,0,0,0,-8.35664e-08,-2.25961e-09,1.1425e-07,2268,650,651,674,675,676,698,699,2243,2244,2267,2269,2291,2292,0,0,0,0,0,0,0,0,0,650,651,674,675,676,698,699,2243,2244,2267,2269,2291,2292,0,0,0,0,0,0,0,0,0,0.109952,0.110928,0.112073,0.100019,0.111569,0.111406,0.109998,0.0487975,0.0505525,0.0532396,0.0519772,0.0517885,0.0488806,0,0,0,0,0,0,0,0,0,0.109914,0.110936,0.112144,0.1,0.111605,0.111432,0.109958,0.0480535,0.050566,0.053417,0.0521617,0.051758,0.0481599,0,0,0,0,0,0,0,0,0,1,1,1,1,1,1,1,1,1,1,1,1,1,0,0,0,0,0,0,0,0,0,1,1,1,1,1,1,1,1,1,1,1,1,1,0,0,0,0,0,0,0,0,0,1,0,0,0,0,0,0,0,0,0,0,0,0,0,0,0,0,0,0,0,0,0,0,13,0,0,0,0,0,0,0,0,0,0,0,0,0,0,0,0,0,0,0,0,0,0,0,0,0,0,0,0,0,0,0,0,0,0,0,0,0,0,0,0,0,0,0,0,0,0,0,0
-0.672948,-0.0746102,0.752511,0,0,0,0,-9.54248e-08,-3.04272e-09,1.21263e-07,2269,651,652,675,676,677,699,700,2244,2245,2268,2270,2292,2293,0,0,0,0,0,0,0,0,0,651,652,675,676,677,699,700,2244,2245,2268,2270,2292,2293,0,0,0,0,0,0,0,0,0,0.109536,0.11029,0.111544,0.100015,0.110993,0.110765,0.10956,0.047679,0.0490181,0.0519772,0.0505923,0.050269,0.0477119,0,0,0,0,0,0,0,0,0,0.109505,0.11029,0.111611,0.1,0.111027,0.110779,0.10953,0.0470085,0.0489775,0.0521617,0.0507765,0.0501838,0.0470683,0,0,0,0,0,0,0,0,0,1,1,1,1,1,1,1,1,1,1,1,1,1,0,0,0,0,0,0,0,0,0,1,1,1,1,1,1,1,1,1,1,1,1,1,0,0,0,0,0,0,0,0,0,1,0,0,0,0,0,0,0,0,0,0,0,0,0,0,0,0,0,0,0,0,0,0,13,0,0,0,0,0,0,0,0,0,0,0,0,0,0,0,0,0,0,0,0,0,0,0,0,0,0,0,0,0,0,0,0,0,0,0,0,0,0,0,0,0,0,0,0,0,0,0,0
-0.693127,-0.0955104,0.711092,0,0,0,0,-1.07495e-07,-3.613e-09,1.2741e-07,2270,652,653,676,677,678,700,701,2245,2246,2269,2271,2293,2294,0,0,0,0,0,0,0,0,0,652,653,676,677,678,700,701,2245,2246,2269,2271,2293,2294,0,0,0,0,0,0,0,0,0,0.109116,0.109656,0.110972,0.100012,0.110398,0.110123,0.109124,0.0465289,0.0474471,0.0505923,0.0491323,0.048706,0.0465297,0,0,0,0,0,0,0,0,0,0.10909,0.109651,0.111034,0.1,0.11043,0.110129,0.109103,0.0459282,0.0473615,0.0507765,0.0493107,0.0485757,0.0459571,0,0,0,0,0,0,0,0,0,1,1,1,1,1,1,1,1,1,1,1,1,1,0,0,0,0,0,0,0,0,0,1,1,1,1,1,1,1,1,1,1,1,1,1,0,0,0,0,0,0,0,0,0,1,0,0,0,0,0,0,0,0,0,0,0,0,0,0,0,0,0,0,0,0,0,0,13,0,0,0,0,0,0,0,0,0,0,0,0,0,0,0,0,0,0,0,0,0,0,0,0,0,0,0,0,0,0,0,0,0,0,0,0,0,0,0,0,0,0,0,0,0,0,0,0
-0.710772,-0.115188,0.669674,0,0,0,0,-1.19685e-07,-3.90867e-09,1.32719e-07,2271,653,654,677,678,679,701,702,2246,2247,2270,2272,2294,2295,0,0,0,0,0,0,0,0,0,653,654,677,678,679,701,702,2246,2247,2270,2272,2294,2295,0,0,0,0,0,0,0,0,0,0.108702,0.109034,0.110382,0.10001,0.109809,0.109488,0.108702,0.0453735,0.0458515,0.0491323,0.047659,0.0471135,0.0453686,0,0,0,0,0,0,0,0,0,0.10868,0.109024,0.110436,0.1,0.109839,0.109489,0.10869,0.0448386,0.045731,0.0493107,0.0478261,0.0469474,0.0448623,0,0,0,0,0,0,0,0,0,1,1,1,1,1,1,1,1,1,1,1,1,1,0,0,0,0,0,0,0,0,0,1,1,1,1,1,1,1,1,1,1,1,1,1,0,0,0,0,0,0,0,0,0,1,0,0,0,0,0,0,0,0,0,0,0,0,0,0,0,0,0,0,0,0,0,0,13,0,0,0,0,0,0,0,0,0,0,0,0,0,0,0,0,0,0,0,0,0,0,0,0,0,0,0,0,0,0,0,0,0,0,0,0,0,0,0,0,0,0,0,0,0,0,0,0
-0.726012,-0.133689,0.628481,0,0,0,0,-1.31944e-07,-3.88655e-09,1.37255e-07,2272,654,655,678,679,680,702,703,2247,2248,2271,2273,2295,2296,0,0,0,0,0,0,0,0,0,654,655,678,679,680,702,703,2247,2248,2271,2273,2295,2296,0,0,0,0,0,0,0,0,0,0.108309,0.108426,0.109802,0.100008,0.109264,0.108866,0.108316,0.0442482,0.0442371,0.047659,0.0462914,0.0455029,0.0442753,0,0,0,0,0,0,0,0,0,0.108287,0.108413,0.109846,0.1,0.109299,0.108864,0.108311,0.0437745,0.0440952,0.0478261,0.0464335,0.0453096,0.0438347,0,0,0,0,0,0,0,0,0,1,1,1,1,1,1,1,1,1,1,1,1,1,0,0,0,0,0,0,0,0,0,1,1,1,1,1,1,1,1,1,1,1,1,1,0,0,0,0,0,0,0,0,0,1,0,0,0,0,0,0,0,0,0,0,0,0,0,0,0,0,0,0,0,0,0,0,13,0,0,0,0,0,0,0,0,0,0,0,0,0,0,0,0,0,0,0,0,0,0,0,0,0,0,0,0,0,0,0,0,0,0,0,0,0,0,0,0,0,0,0,0,0,0,0,0
-0.73901,-0.151114,0.587612,0,0,0,0,-1.44293e-07,-3.51403e-09,1.41097e-07,2273,116,117,655,656,679,680,703,1709,1710,2248,2249,2272,2296,0,0,0,0,0,0,0,0,0,116,117,655,656,679,680,703,1709,1710,2248,2249,2272,2296,0,0,0,0,0,0,0,0,0,0.108003,0.108835,0.107957,0.107836,0.10928,0.100008,0.108268,0.0433236,0.045321,0.0432121,0.0425997,0.0462914,0.0438869,0,0,0,0,0,0,0,0,0,0.107996,0.108903,0.107932,0.107822,0.109306,0.1,0.108256,0.0429654,0.0453883,0.0427923,0.0424586,0.0464335,0.0436694,0,0,0,0,0,0,0,0,0,1,1,1,1,1,1,1,1,1,1,1,1,1,0,0,0,0,0,0,0,0,0,1,1,1,1,1,1,1,1,1,1,1,1,1,0,0,0,0,0,0,0,0,0,1,0,0,0,0,0,0,0,0,0,0,0,0,0,0,0,0,0,0,0,0,0,0,13,0,0,0,0,0,0,0,0,0,0,0,0,0,0,0,0,0,0,0,0,0,0,0,0,0,0,0,0,0,0,0,0,0,0,0,0,0,0,0,0,0,0,0,0,0,0,0,0
0.0335929,0.389279,1.10857,0,0,0,0,-1.39131e-09,-7.75237e-09,-2.84556e-08,2274,64,65,657,658,681,682,704,1657,1658,2250,2251,2275,2297,0,0,0,0,0,0,0,0,0,64,65,657,658,681,682,704,1657,1658,2250,2251,2275,2297,0,0,0,0,0,0,0,0,0,0.110681,0.107647,0.113121,0.110467,0.100421,0.107368,0.112909,0.0509392,0.0413699,0.054304,0.0500877,0.0433396,0.0562272,0,0,0,0,0,0,0,0,0,0.109883,0.107126,0.113731,0.10987,0.1,0.107456,0.114872,0.0477786,0.0402438,0.0570183,0.0477561,0.0412056,0.0594137,0,0,0,0,0,0,0,0,0,1,1,1,1,1,1,1,1,1,1,1,1,1,0,0,0,0,0,0,0,0,0,1,1,1,1,1,1,1,1,1,1,1,1,1,0,0,0,0,0,0,0,0,0,1,0,0,0,0,0,0,0,0,0,0,0,0,0,0,0,0,0,0,0,0,0,0,13,0,0,0,0,0,0,0,0,0,0,0,0,0,0,0,0,0,0,0,0,0,0,0,0,0,0,0,0,0,0,0,0,0,0,0,0,0,0,0,0,0,0,0,0,0,0,0,0
-0.00353219,0.372208,1.12301,0,0,0,0,-6.0355e-10,-5.96096e-09,-2.56231e-08,2275,658,659,681,682,683,704,705,2251,2252,2274,2276,2297,2298,0,0,0,0,0,0,0,0,0,658,659,681,682,683,704,705,2251,2252,2274,2276,2297,2298,0,0,0,0,0,0,0,0,0,0.113826,0.110709,0.108231,0.100562,0.108112,0.110222,0.113642,0.0555604,0.0498559,0.0433396,0.0451226,0.0504681,0.0580105,0,0,0,0,0,0,0,0,0,0.114496,0.110074,0.107454,0.1,0.107873,0.110087,0.115671,0.0586878,0.0482747,0.0412056,0.0423947,0.0482997,0.0611003,0,0,0,0,0,0,0,0,0,1,1,1,1,1,1,1,1,1,1,1,1,1,0,0,0,0,0,0,0,0,0,1,1,1,1,1,1,1,1,1,1,1,1,1,0,0,0,0,0,0,0,0,0,1,0,0,0,0,0,0,0,0,0,0,0,0,0,0,0,0,0,0,0,0,0,0,13,0,0,0,0,0,0,0,0,0,0,0,0,0,0,0,0,0,0,0,0,0,0,0,0,0,0,0,0,0,0,0,0,0,0,0,0,0,0,0,0,0,0,0,0,0,0,0,0
-0.0413956,0.351009,1.13538,0,0,0,0,1.75054e-10,-4.14503e-09,-2.16865e-08,2276,659,660,682,683,684,705,706,2252,2253,2275,2277,2298,2299,0,0,0,0,0,0,0,0,0,659,660,682,683,684,705,706,2252,2253,2275,2277,2298,2299,0,0,0,0,0,0,0,0,0,0.114477,0.111087,0.108596,0.100587,0.109113,0.109992,0.11433,0.0570638,0.0495997,0.0451226,0.0467183,0.0503438,0.0596332,0,0,0,0,0,0,0,0,0,0.11527,0.110276,0.107871,0.1,0.108326,0.110292,0.116476,0.0603435,0.0487803,0.0423947,0.0436551,0.0488157,0.0627654,0,0,0,0,0,0,0,0,0,1,1,1,1,1,1,1,1,1,1,1,1,1,0,0,0,0,0,0,0,0,0,1,1,1,1,1,1,1,1,1,1,1,1,1,0,0,0,0,0,0,0,0,0,1,0,0,0,0,0,0,0,0,0,0,0,0,0,0,0,0,0,0,0,0,0,0,13,0,0,0,0,0,0,0,0,0,0,0,0,0,0,0,0,0,0,0,0,0,0,0,0,0,0,0,0,0,0,0,0,0,0,0,0,0,0,0,0,0,0,0,0,0,0,0,0
-0.0794118,0.325681,1.14517,0,0,0,0,8.21948e-10,-2.37852e-09,-1.66817e-08,2277,660,661,683,684,685,706,707,2253,2254,2276,2278,2299,2300,0,0,0,0,0,0,0,0,0,660,661,683,684,685,706,707,2253,2254,2276,2278,2299,2300,0,0,0,0,0,0,0,0,0,0.115269,0.111985,0.109009,0.100996,0.111002,0.109974,0.115364,0.0584437,0.0519388,0.0467183,0.0517853,0.050172,0.0609484,0,0,0,0,0,0,0,0,0,0.116053,0.111603,0.108323,0.1,0.110224,0.110488,0.117284,0.061983,0.0518356,0.0436551,0.0483905,0.0493048,0.0644042,0,0,0,0,0,0,0,0,0,1,1,1,1,1,1,1,1,1,1,1,1,1,0,0,0,0,0,0,0,0,0,1,1,1,1,1,1,1,1,1,1,1,1,1,0,0,0,0,0,0,0,0,0,1,0,0,0,0,0,0,0,0,0,0,0,0,0,0,0,0,0,0,0,0,0,0,13,0,0,0,0,0,0,0,0,0,0,0,0,0,0,0,0,0,0,0,0,0,0,0,0,0,0,0,0,0,0,0,0,0,0,0,0,0,0,0,0,0,0,0,0,0,0,0,0
-0.120746,0.294875,1.1501,0,0,0,0,1.03823e-09,-8.89561e-10,-1.03941e-08,2278,661,662,684,685,686,707,708,2254,2255,2277,2279,2300,2301,0,0,0,0,0,0,0,0,0,661,662,684,685,686,707,708,2254,2255,2277,2279,2300,2301,0,0,0,0,0,0,0,0,0,0.114011,0.113218,0.109968,0.0992065,0.112402,0.110422,0.114211,0.0593755,0.0563077,0.0517853,0.0563685,0.0528132,0.0616125,0,0,0,0,0,0,0,0,0,0.113074,0.113374,0.109918,0.1,0.112194,0.111667,0.113702,0.0555525,0.0562364,0.0483905,0.0535649,0.0526056,0.0569371,0,0,0,0,0,0,0,0,0,1,1,1,1,1,1,1,1,1,1,1,1,1,0,0,0,0,0,0,0,0,0,1,1,1,1,1,1,1,1,1,1,1,1,1,0,0,0,0,0,0,0,0,0,1,0,0,0,0,0,0,0,0,0,0,0,0,0,0,0,0,0,0,0,0,0,0,13,0,0,0,0,0,0,0,0,0,0,0,0,0,0,0,0,0,0,0,0,0,0,0,0,0,0,0,0,0,0,0,0,0,0,0,0,0,0,0,0,0,0,0,0,0,0,0,0
-0.166695,0.262225,1.15003,0,0,0,0,7.05941e-10,4.50753e-10,-3.04366e-09,2279,662,663,685,686,687,708,709,2255,2256,2278,2280,2301,2302,0,0,0,0,0,0,0,0,0,662,663,685,686,687,708,709,2255,2256,2278,2280,2301,2302,0,0,0,0,0,0,0,0,0,0.114398,0.113915,0.111615,0.0996497,0.112785,0.11244,0.114747,0.0598524,0.0573902,0.0563685,0.0564966,0.0575954,0.0617061,0,0,0,0,0,0,0,0,0,0.113439,0.113952,0.1122,0.1,0.112597,0.113886,0.114011,0.0563734,0.0575132,0.0535649,0.0544884,0.0573852,0.0576267,0,0,0,0,0,0,0,0,0,1,1,1,1,1,1,1,1,1,1,1,1,1,0,0,0,0,0,0,0,0,0,1,1,1,1,1,1,1,1,1,1,1,1,1,0,0,0,0,0,0,0,0,0,1,0,0,0,0,0,0,0,0,0,0,0,0,0,0,0,0,0,0,0,0,0,0,13,0,0,0,0,0,0,0,0,0,0,0,0,0,0,0,0,0,0,0,0,0,0,0,0,0,0,0,0,0,0,0,0,0,0,0,0,0,0,0,0,0,0,0,0,0,0,0,0
-0.212222,0.229268,1.14429,0,0,0,0,-2.86496e-10,1.40693e-09,4.9412e-09,2280,663,664,686,687,688,709,710,2256,2257,2279,2281,2302,2303,0,0,0,0,0,0,0,0,0,663,664,686,687,688,709,710,2256,2257,2279,2281,2302,2303,0,0,0,0,0,0,0,0,0,0.114331,0.114363,0.112169,0.0996964,0.113074,0.113522,0.114628,0.0598489,0.0582693,0.0564966,0.0567881,0.0585976,0.0612891,0,0,0,0,0,0,0,0,0,0.113636,0.114417,0.112599,0.1,0.112973,0.114459,0.114104,0.056814,0.0585252,0.0544884,0.0553386,0.0586208,0.0578478,0,0,0,0,0,0,0,0,0,1,1,1,1,1,1,1,1,1,1,1,1,1,0,0,0,0,0,0,0,0,0,1,1,1,1,1,1,1,1,1,1,1,1,1,0,0,0,0,0,0,0,0,0,1,0,0,0,0,0,0,0,0,0,0,0,0,0,0,0,0,0,0,0,0,0,0,13,0,0,0,0,0,0,0,0,0,0,0,0,0,0,0,0,0,0,0,0,0,0,0,0,0,0,0,0,0,0,0,0,0,0,0,0,0,0,0,0,0,0,0,0,0,0,0,0
-0.257319,0.196522,1.13338,0,0,0,0,-2.07873e-09,2.04258e-09,1.34964e-08,2281,664,665,687,688,689,710,711,2257,2258,2280,2282,2303,2304,0,0,0,0,0,0,0,0,0,664,665,687,688,689,710,711,2257,2258,2280,2282,2303,2304,0,0,0,0,0,0,0,0,0,0.114205,0.114626,0.112623,0.0998116,0.113349,0.114132,0.11443,0.0594932,0.0587253,0.0567881,0.0570442,0.0592643,0.0605881,0,0,0,0,0,0,0,0,0,0.113667,0.114693,0.11297,0.1,0.113283,0.114861,0.114024,0.0568861,0.0591193,0.0553386,0.056034,0.0594676,0.0576867,0,0,0,0,0,0,0,0,0,1,1,1,1,1,1,1,1,1,1,1,1,1,0,0,0,0,0,0,0,0,0,1,1,1,1,1,1,1,1,1,1,1,1,1,0,0,0,0,0,0,0,0,0,1,0,0,0,0,0,0,0,0,0,0,0,0,0,0,0,0,0,0,0,0,0,0,13,0,0,0,0,0,0,0,0,0,0,0,0,0,0,0,0,0,0,0,0,0,0,0,0,0,0,0,0,0,0,0,0,0,0,0,0,0,0,0,0,0,0,0,0,0,0,0,0
-0.301618,0.164171,1.11773,0,0,0,0,-4.77541e-09,2.37965e-09,2.2531e-08,2282,665,666,688,689,690,711,712,2258,2259,2281,2283,2304,2305,0,0,0,0,0,0,0,0,0,665,666,688,689,690,711,712,2258,2259,2281,2283,2304,2305,0,0,0,0,0,0,0,0,0,0.113986,0.114641,0.113026,0.0998935,0.113454,0.114416,0.114176,0.0589298,0.0587035,0.0570442,0.0569925,0.0593737,0.0598074,0,0,0,0,0,0,0,0,0,0.113572,0.114728,0.113276,0.1,0.113419,0.114994,0.113854,0.0566772,0.0591929,0.056034,0.0563364,0.0597399,0.0573203,0,0,0,0,0,0,0,0,0,1,1,1,1,1,1,1,1,1,1,1,1,1,0,0,0,0,0,0,0,0,0,1,1,1,1,1,1,1,1,1,1,1,1,1,0,0,0,0,0,0,0,0,0,1,0,0,0,0,0,0,0,0,0,0,0,0,0,0,0,0,0,0,0,0,0,0,13,0,0,0,0,0,0,0,0,0,0,0,0,0,0,0,0,0,0,0,0,0,0,0,0,0,0,0,0,0,0,0,0,0,0,0,0,0,0,0,0,0,0,0,0,0,0,0,0
-0.344569,0.132363,1.09794,0,0,0,0,-8.41446e-09,2.44444e-09,3.19006e-08,2283,666,667,689,690,691,712,713,2259,2260,2282,2284,2305,2306,0,0,0,0,0,0,0,0,0,666,667,689,690,691,712,713,2259,2260,2282,2284,2305,2306,0,0,0,0,0,0,0,0,0,0.113714,0.114436,0.113218,0.0999528,0.113209,0.11437,0.113904,0.0582488,0.0582601,0.0569925,0.0562224,0.0589538,0.0590015,0,0,0,0,0,0,0,0,0,0.11339,0.114533,0.11341,0.1,0.113201,0.11483,0.113638,0.056274,0.0587721,0.0563364,0.0558492,0.0593901,0.0568431,0,0,0,0,0,0,0,0,0,1,1,1,1,1,1,1,1,1,1,1,1,1,0,0,0,0,0,0,0,0,0,1,1,1,1,1,1,1,1,1,1,1,1,1,0,0,0,0,0,0,0,0,0,1,0,0,0,0,0,0,0,0,0,0,0,0,0,0,0,0,0,0,0,0,0,0,13,0,0,0,0,0,0,0,0,0,0,0,0,0,0,0,0,0,0,0,0,0,0,0,0,0,0,0,0,0,0,0,0,0,0,0,0,0,0,0,0,0,0,0,0,0,0,0,0
-0.385459,0.101528,1.07474,0,0,0,0,-1.29592e-08,2.26611e-09,4.13834e-08,2284,667,668,690,691,692,713,714,2260,2261,2283,2285,2306,2307,0,0,0,0,0,0,0,0,0,667,668,690,691,692,713,714,2260,2261,2283,2285,2306,2307,0,0,0,0,0,0,0,0,0,0.113339,0.114196,0.113032,0.0999891,0.112694,0.114128,0.113452,0.0573418,0.0577789,0.0562224,0.0548919,0.0582333,0.0578216,0,0,0,0,0,0,0,0,0,0.113086,0.114287,0.113194,0.1,0.112705,0.114481,0.113235,0.0555935,0.0582405,0.0558492,0.0547276,0.058643,0.0559428,0,0,0,0,0,0,0,0,0,1,1,1,1,1,1,1,1,1,1,1,1,1,0,0,0,0,0,0,0,0,0,1,1,1,1,1,1,1,1,1,1,1,1,1,0,0,0,0,0,0,0,0,0,1,0,0,0,0,0,0,0,0,0,0,0,0,0,0,0,0,0,0,0,0,0,0,13,0,0,0,0,0,0,0,0,0,0,0,0,0,0,0,0,0,0,0,0,0,0,0,0,0,0,0,0,0,0,0,0,0,0,0,0,0,0,0,0,0,0,0,0,0,0,0,0
-0.424099,0.0726498,1.04855,0,0,0,0,-1.83844e-08,1.87631e-09,5.07916e-08,2285,668,669,691,692,693,714,715,2261,2262,2284,2286,2307,2308,0,0,0,0,0,0,0,0,0,668,669,691,692,693,714,715,2261,2262,2284,2286,2307,2308,0,0,0,0,0,0,0,0,0,0.112714,0.114234,0.112558,0.10001,0.112771,0.114109,0.112626,0.055858,0.0579065,0.0548919,0.0549458,0.058096,0.0558109,0,0,0,0,0,0,0,0,0,0.112516,0.114307,0.112701,0.1,0.112795,0.114373,0.112456,0.0543006,0.0582846,0.0547276,0.0549301,0.0584183,0.0541721,0,0,0,0,0,0,0,0,0,1,1,1,1,1,1,1,1,1,1,1,1,1,0,0,0,0,0,0,0,0,0,1,1,1,1,1,1,1,1,1,1,1,1,1,0,0,0,0,0,0,0,0,0,1,0,0,0,0,0,0,0,0,0,0,0,0,0,0,0,0,0,0,0,0,0,0,13,0,0,0,0,0,0,0,0,0,0,0,0,0,0,0,0,0,0,0,0,0,0,0,0,0,0,0,0,0,0,0,0,0,0,0,0,0,0,0,0,0,0,0,0,0,0,0,0
-0.461688,0.0458684,1.01873,0,0,0,0,-2.48864e-08,1.30255e-09,6.02764e-08,2286,669,670,692,693,694,715,716,2262,2263,2285,2287,2308,2309,0,0,0,0,0,0,0,0,0,669,670,692,693,694,715,716,2262,2263,2285,2287,2308,2309,0,0,0,0,0,0,0,0,0,0.112078,0.1142,0.112663,0.100024,0.113365,0.114353,0.112092,0.0543136,0.0578663,0.0549458,0.0561956,0.058564,0.0544515,0,0,0,0,0,0,0,0,0,0.111921,0.114257,0.112794,0.1,0.113398,0.114551,0.111959,0.0529225,0.0581773,0.0549301,0.0562884,0.0588084,0.0530177,0,0,0,0,0,0,0,0,0,1,1,1,1,1,1,1,1,1,1,1,1,1,0,0,0,0,0,0,0,0,0,1,1,1,1,1,1,1,1,1,1,1,1,1,0,0,0,0,0,0,0,0,0,1,0,0,0,0,0,0,0,0,0,0,0,0,0,0,0,0,0,0,0,0,0,0,13,0,0,0,0,0,0,0,0,0,0,0,0,0,0,0,0,0,0,0,0,0,0,0,0,0,0,0,0,0,0,0,0,0,0,0,0,0,0,0,0,0,0,0,0,0,0,0,0
-0.49849,0.0197327,0.985262,0,0,0,0,-3.25535e-08,5.60246e-10,6.99059e-08,2287,670,671,693,694,695,716,717,2263,2264,2286,2288,2309,2310,0,0,0,0,0,0,0,0,0,670,671,693,694,695,716,717,2263,2264,2286,2288,2309,2310,0,0,0,0,0,0,0,0,0,0.11175,0.113819,0.113278,0.100032,0.11362,0.11413,0.111865,0.0534799,0.0570738,0.0561956,0.0567022,0.0580285,0.053797,0,0,0,0,0,0,0,0,0,0.111628,0.113865,0.113399,0.1,0.113659,0.114273,0.111756,0.0522365,0.0573214,0.0562884,0.0568682,0.0582095,0.0525407,0,0,0,0,0,0,0,0,0,1,1,1,1,1,1,1,1,1,1,1,1,1,0,0,0,0,0,0,0,0,0,1,1,1,1,1,1,1,1,1,1,1,1,1,0,0,0,0,0,0,0,0,0,1,0,0,0,0,0,0,0,0,0,0,0,0,0,0,0,0,0,0,0,0,0,0,13,0,0,0,0,0,0,0,0,0,0,0,0,0,0,0,0,0,0,0,0,0,0,0,0,0,0,0,0,0,0,0,0,0,0,0,0,0,0,0,0,0,0,0,0,0,0,0,0
-0.533558,-0.00613721,0.948983,0,0,0,0,-4.12249e-08,-3.16987e-10,7.94011e-08,2288,671,672,694,695,696,717,718,2264,2265,2287,2289,2310,2311,0,0,0,0,0,0,0,0,0,671,672,694,695,696,717,718,2264,2265,2287,2289,2310,2311,0,0,0,0,0,0,0,0,0,0.111492,0.113281,0.11355,0.100033,0.113502,0.113634,0.111611,0.0528132,0.0559281,0.0567022,0.0564014,0.0569136,0.0530887,0,0,0,0,0,0,0,0,0,0.111401,0.113316,0.113662,0.1,0.113545,0.113732,0.11152,0.0516993,0.056105,0.0568682,0.0566141,0.0570288,0.0519821,0,0,0,0,0,0,0,0,0,1,1,1,1,1,1,1,1,1,1,1,1,1,0,0,0,0,0,0,0,0,0,1,1,1,1,1,1,1,1,1,1,1,1,1,0,0,0,0,0,0,0,0,0,1,0,0,0,0,0,0,0,0,0,0,0,0,0,0,0,0,0,0,0,0,0,0,13,0,0,0,0,0,0,0,0,0,0,0,0,0,0,0,0,0,0,0,0,0,0,0,0,0,0,0,0,0,0,0,0,0,0,0,0,0,0,0,0,0,0,0,0,0,0,0,0
-0.566277,-0.0313958,0.910608,0,0,0,0,-5.07383e-08,-1.26862e-09,8.85036e-08,2289,672,673,695,696,697,718,719,2265,2266,2288,2290,2311,2312,0,0,0,0,0,0,0,0,0,672,673,695,696,697,718,719,2265,2266,2288,2290,2311,2312,0,0,0,0,0,0,0,0,0,0.111182,0.112688,0.113445,0.100031,0.113172,0.113068,0.111274,0.0520105,0.054636,0.0564014,0.0556432,0.0556479,0.0521974,0,0,0,0,0,0,0,0,0,0.111112,0.112711,0.11355,0.1,0.113218,0.113131,0.1112,0.0510109,0.0547392,0.0566141,0.0558827,0.0556918,0.0512194,0,0,0,0,0,0,0,0,0,1,1,1,1,1,1,1,1,1,1,1,1,1,0,0,0,0,0,0,0,0,0,1,1,1,1,1,1,1,1,1,1,1,1,1,0,0,0,0,0,0,0,0,0,1,0,0,0,0,0,0,0,0,0,0,0,0,0,0,0,0,0,0,0,0,0,0,13,0,0,0,0,0,0,0,0,0,0,0,0,0,0,0,0,0,0,0,0,0,0,0,0,0,0,0,0,0,0,0,0,0,0,0,0,0,0,0,0,0,0,0,0,0,0,0,0
-0.596394,-0.0557318,0.870648,0,0,0,0,-6.09573e-08,-2.22407e-09,9.70416e-08,2290,673,674,696,697,698,719,720,2266,2267,2289,2291,2312,2313,0,0,0,0,0,0,0,0,0,673,674,696,697,698,719,720,2266,2267,2289,2291,2312,2313,0,0,0,0,0,0,0,0,0,0.110816,0.112067,0.113126,0.100027,0.112718,0.112468,0.11088,0.0510618,0.0532495,0.0556432,0.054604,0.0542986,0.0511669,0,0,0,0,0,0,0,0,0,0.110763,0.112078,0.113224,0.1,0.112764,0.112506,0.110821,0.0501645,0.0532823,0.0558827,0.0548552,0.0542731,0.0503007,0,0,0,0,0,0,0,0,0,1,1,1,1,1,1,1,1,1,1,1,1,1,0,0,0,0,0,0,0,0,0,1,1,1,1,1,1,1,1,1,1,1,1,1,0,0,0,0,0,0,0,0,0,1,0,0,0,0,0,0,0,0,0,0,0,0,0,0,0,0,0,0,0,0,0,0,13,0,0,0,0,0,0,0,0,0,0,0,0,0,0,0,0,0,0,0,0,0,0,0,0,0,0,0,0,0,0,0,0,0,0,0,0,0,0,0,0,0,0,0,0,0,0,0,0
-0.623811,-0.0789572,0.829532,0,0,0,0,-7.17488e-08,-3.10915e-09,1.04898e-07,2291,674,675,697,698,699,720,721,2267,2268,2290,2292,2313,2314,0,0,0,0,0,0,0,0,0,674,675,697,698,699,720,721,2267,2268,2290,2292,2313,2314,0,0,0,0,0,0,0,0,0,0.110413,0.111429,0.11268,0.100022,0.112183,0.111846,0.110449,0.0500069,0.0517885,0.054604,0.0533704,0.0528753,0.0500443,0,0,0,0,0,0,0,0,0,0.110372,0.111431,0.112771,0.1,0.112229,0.111865,0.110404,0.0492021,0.051758,0.0548552,0.0536227,0.0527875,0.0492759,0,0,0,0,0,0,0,0,0,1,1,1,1,1,1,1,1,1,1,1,1,1,0,0,0,0,0,0,0,0,0,1,1,1,1,1,1,1,1,1,1,1,1,1,0,0,0,0,0,0,0,0,0,1,0,0,0,0,0,0,0,0,0,0,0,0,0,0,0,0,0,0,0,0,0,0,13,0,0,0,0,0,0,0,0,0,0,0,0,0,0,0,0,0,0,0,0,0,0,0,0,0,0,0,0,0,0,0,0,0,0,0,0,0,0,0,0,0,0,0,0,0,0,0,0
-0.648507,-0.100969,0.787652,0,0,0,0,-8.29824e-08,-3.84937e-09,1.11998e-07,2292,675,676,698,699,700,721,722,2268,2269,2291,2293,2314,2315,0,0,0,0,0,0,0,0,0,675,676,698,699,700,721,722,2268,2269,2291,2293,2314,2315,0,0,0,0,0,0,0,0,0,0.109988,0.110784,0.112152,0.100018,0.111597,0.11121,0.110001,0.0488806,0.050269,0.0533704,0.0519988,0.0513881,0.0488666,0,0,0,0,0,0,0,0,0,0.109955,0.110778,0.112236,0.1,0.111641,0.111215,0.109968,0.0481599,0.0501838,0.0536227,0.0522445,0.0512472,0.0481845,0,0,0,0,0,0,0,0,0,1,1,1,1,1,1,1,1,1,1,1,1,1,0,0,0,0,0,0,0,0,0,1,1,1,1,1,1,1,1,1,1,1,1,1,0,0,0,0,0,0,0,0,0,1,0,0,0,0,0,0,0,0,0,0,0,0,0,0,0,0,0,0,0,0,0,0,13,0,0,0,0,0,0,0,0,0,0,0,0,0,0,0,0,0,0,0,0,0,0,0,0,0,0,0,0,0,0,0,0,0,0,0,0,0,0,0,0,0,0,0,0,0,0,0,0
-0.67052,-0.12172,0.745358,0,0,0,0,-9.45381e-08,-4.37471e-09,1.18307e-07,2293,676,677,699,700,701,722,723,2269,2270,2292,2294,2315,2316,0,0,0,0,0,0,0,0,0,676,677,699,700,701,722,723,2269,2270,2292,2294,2315,2316,0,0,0,0,0,0,0,0,0,0.109554,0.11014,0.111573,0.100014,0.110987,0.110568,0.109549,0.0477119,0.048706,0.0519988,0.0505399,0.04985,0.0476678,0,0,0,0,0,0,0,0,0,0.109527,0.110129,0.111648,0.1,0.111027,0.110565,0.109528,0.0470683,0.0485757,0.0522445,0.0507738,0.0496659,0.0470624,0,0,0,0,0,0,0,0,0,1,1,1,1,1,1,1,1,1,1,1,1,1,0,0,0,0,0,0,0,0,0,1,1,1,1,1,1,1,1,1,1,1,1,1,0,0,0,0,0,0,0,0,0,1,0,0,0,0,0,0,0,0,0,0,0,0,0,0,0,0,0,0,0,0,0,0,13,0,0,0,0,0,0,0,0,0,0,0,0,0,0,0,0,0,0,0,0,0,0,0,0,0,0,0,0,0,0,0,0,0,0,0,0,0,0,0,0,0,0,0,0,0,0,0,0
-0.689926,-0.141212,0.702958,0,0,0,0,-1.06316e-07,-4.62541e-09,1.23829e-07,2294,677,678,700,701,702,723,724,2270,2271,2293,2295,2316,2317,0,0,0,0,0,0,0,0,0,677,678,700,701,702,723,724,2270,2271,2293,2295,2316,2317,0,0,0,0,0,0,0,0,0,0.109122,0.109503,0.110969,0.100011,0.110379,0.109929,0.109111,0.0465297,0.0471135,0.0505399,0.0490553,0.0482747,0.0464851,0,0,0,0,0,0,0,0,0,0.1091,0.109489,0.111035,0.1,0.110416,0.109921,0.1091,0.0459571,0.0469474,0.0507738,0.0492736,0.0480571,0.0459489,0,0,0,0,0,0,0,0,0,1,1,1,1,1,1,1,1,1,1,1,1,1,0,0,0,0,0,0,0,0,0,1,1,1,1,1,1,1,1,1,1,1,1,1,0,0,0,0,0,0,0,0,0,1,0,0,0,0,0,0,0,0,0,0,0,0,0,0,0,0,0,0,0,0,0,0,13,0,0,0,0,0,0,0,0,0,0,0,0,0,0,0,0,0,0,0,0,0,0,0,0,0,0,0,0,0,0,0,0,0,0,0,0,0,0,0,0,0,0,0,0,0,0,0,0
-0.70684,-0.159484,0.660692,0,0,0,0,-1.18248e-07,-4.55627e-09,1.28596e-07,2295,678,679,701,702,703,724,725,2271,2272,2294,2296,2317,2318,0,0,0,0,0,0,0,0,0,678,679,701,702,703,724,725,2271,2272,2294,2296,2317,2318,0,0,0,0,0,0,0,0,0,0.108706,0.108877,0.110369,0.10001,0.109814,0.109299,0.108707,0.0453686,0.0455029,0.0490553,0.0476483,0.0466738,0.0453635,0,0,0,0,0,0,0,0,0,0.108688,0.108864,0.110423,0.1,0.109849,0.109288,0.108701,0.0448623,0.0453096,0.0492736,0.0478472,0.0464319,0.0448922,0,0,0,0,0,0,0,0,0,1,1,1,1,1,1,1,1,1,1,1,1,1,0,0,0,0,0,0,0,0,0,1,1,1,1,1,1,1,1,1,1,1,1,1,0,0,0,0,0,0,0,0,0,1,0,0,0,0,0,0,0,0,0,0,0,0,0,0,0,0,0,0,0,0,0,0,13,0,0,0,0,0,0,0,0,0,0,0,0,0,0,0,0,0,0,0,0,0,0,0,0,0,0,0,0,0,0,0,0,0,0,0,0,0,0,0,0,0,0,0,0,0,0,0,0
-0.721418,-0.176623,0.618691,0,0,0,0,-1.30328e-07,-4.12788e-09,1.32663e-07,2296,115,116,679,680,702,703,725,1708,1709,2272,2273,2295,2318,0,0,0,0,0,0,0,0,0,115,116,679,680,702,703,725,1708,1709,2272,2273,2295,2318,0,0,0,0,0,0,0,0,0,0.108368,0.109357,0.108323,0.108258,0.109815,0.100008,0.108688,0.0443653,0.0465106,0.0442753,0.0438869,0.0476483,0.0450569,0,0,0,0,0,0,0,0,0,0.108358,0.109396,0.108309,0.108257,0.109856,0.1,0.10867,0.0439634,0.0466829,0.0438347,0.0436694,0.0478472,0.0447978,0,0,0,0,0,0,0,0,0,1,1,1,1,1,1,1,1,1,1,1,1,1,0,0,0,0,0,0,0,0,0,1,1,1,1,1,1,1,1,1,1,1,1,1,0,0,0,0,0,0,0,0,0,1,0,0,0,0,0,0,0,0,0,0,0,0,0,0,0,0,0,0,0,0,0,0,13,0,0,0,0,0,0,0,0,0,0,0,0,0,0,0,0,0,0,0,0,0,0,0,0,0,0,0,0,0,0,0,0,0,0,0,0,0,0,0,0,0,0,0,0,0,0,0,0
0.0337729,0.343515,1.14123,0,0,0,0,-1.47069e-09,-3.51115e-09,-2.03997e-08,2297,63,64,681,682,704,705,726,1656,1657,2274,2275,2298,2319,0,0,0,0,0,0,0,0,0,63,64,681,682,704,705,726,1656,1657,2274,2275,2298,2319,0,0,0,0,0,0,0,0,0,0.110609,0.108404,0.114029,0.110647,0.100568,0.107753,0.113941,0.0505882,0.0431514,0.0562272,0.0504681,0.0446663,0.0588448,0,0,0,0,0,0,0,0,0,0.110074,0.107478,0.114834,0.110082,0.1,0.107836,0.115993,0.0482699,0.0412836,0.0594137,0.0482997,0.0423031,0.0617706,0,0,0,0,0,0,0,0,0,1,1,1,1,1,1,1,1,1,1,1,1,1,0,0,0,0,0,0,0,0,0,1,1,1,1,1,1,1,1,1,1,1,1,1,0,0,0,0,0,0,0,0,0,1,0,0,0,0,0,0,0,0,0,0,0,0,0,0,0,0,0,0,0,0,0,0,13,0,0,0,0,0,0,0,0,0,0,0,0,0,0,0,0,0,0,0,0,0,0,0,0,0,0,0,0,0,0,0,0,0,0,0,0,0,0,0,0,0,0,0,0,0,0,0,0
-0.00386579,0.324117,1.15545,0,0,0,0,-7.17395e-10,-2.14569e-09,-1.77022e-08,2298,682,683,704,705,706,726,727,2275,2276,2297,2299,2319,2320,0,0,0,0,0,0,0,0,0,682,683,704,705,706,726,727,2275,2276,2297,2299,2319,2320,0,0,0,0,0,0,0,0,0,0.114968,0.110936,0.108742,0.100676,0.108483,0.11019,0.114726,0.0580105,0.0503438,0.0446663,0.0462864,0.0507604,0.060707,0,0,0,0,0,0,0,0,0,0.115631,0.110287,0.107835,0.1,0.108267,0.110281,0.116815,0.0611003,0.0488157,0.0423031,0.0435029,0.048792,0.0634559,0,0,0,0,0,0,0,0,0,1,1,1,1,1,1,1,1,1,1,1,1,1,0,0,0,0,0,0,0,0,0,1,1,1,1,1,1,1,1,1,1,1,1,1,0,0,0,0,0,0,0,0,0,1,0,0,0,0,0,0,0,0,0,0,0,0,0,0,0,0,0,0,0,0,0,0,13,0,0,0,0,0,0,0,0,0,0,0,0,0,0,0,0,0,0,0,0,0,0,0,0,0,0,0,0,0,0,0,0,0,0,0,0,0,0,0,0,0,0,0,0,0,0,0,0
-0.0419237,0.300394,1.16691,0,0,0,0,1.80017e-11,-8.45079e-10,-1.39835e-08,2299,683,684,705,706,707,727,728,2276,2277,2298,2300,2320,2321,0,0,0,0,0,0,0,0,0,683,684,705,706,707,727,728,2276,2277,2298,2300,2320,2321,0,0,0,0,0,0,0,0,0,0.115616,0.111402,0.108965,0.100678,0.10956,0.110044,0.115389,0.0596332,0.050172,0.0462864,0.0477816,0.0508771,0.062252,0,0,0,0,0,0,0,0,0,0.116433,0.110484,0.108265,0.1,0.10873,0.110478,0.117635,0.0627654,0.0493048,0.0435029,0.0447633,0.0492851,0.0651064,0,0,0,0,0,0,0,0,0,1,1,1,1,1,1,1,1,1,1,1,1,1,0,0,0,0,0,0,0,0,0,1,1,1,1,1,1,1,1,1,1,1,1,1,0,0,0,0,0,0,0,0,0,1,0,0,0,0,0,0,0,0,0,0,0,0,0,0,0,0,0,0,0,0,0,0,13,0,0,0,0,0,0,0,0,0,0,0,0,0,0,0,0,0,0,0,0,0,0,0,0,0,0,0,0,0,0,0,0,0,0,0,0,0,0,0,0,0,0,0,0,0,0,0,0
-0.0799013,0.272569,1.17506,0,0,0,0,6.24462e-10,3.19969e-10,-9.31907e-09,2300,684,685,706,707,708,728,729,2277,2278,2299,2301,2321,2322,0,0,0,0,0,0,0,0,0,684,685,706,707,708,728,729,2277,2278,2299,2301,2321,2322,0,0,0,0,0,0,0,0,0,0.1164,0.112415,0.109321,0.101156,0.11157,0.110064,0.116447,0.0609484,0.0528132,0.0477816,0.0529639,0.0507795,0.0633845,0,0,0,0,0,0,0,0,0,0.117239,0.111944,0.108727,0.1,0.11076,0.110662,0.11845,0.0644042,0.0526056,0.0447633,0.0496917,0.0497392,0.0667168,0,0,0,0,0,0,0,0,0,1,1,1,1,1,1,1,1,1,1,1,1,1,0,0,0,0,0,0,0,0,0,1,1,1,1,1,1,1,1,1,1,1,1,1,0,0,0,0,0,0,0,0,0,1,0,0,0,0,0,0,0,0,0,0,0,0,0,0,0,0,0,0,0,0,0,0,13,0,0,0,0,0,0,0,0,0,0,0,0,0,0,0,0,0,0,0,0,0,0,0,0,0,0,0,0,0,0,0,0,0,0,0,0,0,0,0,0,0,0,0,0,0,0,0,0
-0.121258,0.23955,1.17721,0,0,0,0,7.92552e-10,1.13181e-09,-3.55546e-09,2301,685,686,707,708,709,729,730,2278,2279,2300,2302,2322,2323,0,0,0,0,0,0,0,0,0,685,686,707,708,709,729,730,2278,2279,2300,2302,2322,2323,0,0,0,0,0,0,0,0,0,0.114795,0.113747,0.110267,0.0991068,0.113044,0.110589,0.11496,0.0616125,0.0575954,0.0529639,0.0577641,0.0537104,0.0636483,0,0,0,0,0,0,0,0,0,0.113693,0.113893,0.110424,0.1,0.112886,0.111936,0.114252,0.0569371,0.0573852,0.0496917,0.0551513,0.0532742,0.058145,0,0,0,0,0,0,0,0,0,1,1,1,1,1,1,1,1,1,1,1,1,1,0,0,0,0,0,0,0,0,0,1,1,1,1,1,1,1,1,1,1,1,1,1,0,0,0,0,0,0,0,0,0,1,0,0,0,0,0,0,0,0,0,0,0,0,0,0,0,0,0,0,0,0,0,0,13,0,0,0,0,0,0,0,0,0,0,0,0,0,0,0,0,0,0,0,0,0,0,0,0,0,0,0,0,0,0,0,0,0,0,0,0,0,0,0,0,0,0,0,0,0,0,0,0
-0.167651,0.205301,1.17383,0,0,0,0,4.10527e-10,1.78274e-09,3.18697e-09,2302,686,687,708,709,710,730,731,2279,2280,2301,2303,2323,2324,0,0,0,0,0,0,0,0,0,686,687,708,709,710,730,731,2279,2280,2301,2303,2323,2324,0,0,0,0,0,0,0,0,0,0.11508,0.114433,0.112083,0.0996388,0.113444,0.112837,0.115351,0.0617061,0.0585976,0.0577641,0.0578219,0.0588723,0.063223,0,0,0,0,0,0,0,0,0,0.114006,0.114461,0.112892,0.1,0.113289,0.114366,0.114467,0.0576267,0.0586208,0.0551513,0.0560519,0.0584302,0.0586253,0,0,0,0,0,0,0,0,0,1,1,1,1,1,1,1,1,1,1,1,1,1,0,0,0,0,0,0,0,0,0,1,1,1,1,1,1,1,1,1,1,1,1,1,0,0,0,0,0,0,0,0,0,1,0,0,0,0,0,0,0,0,0,0,0,0,0,0,0,0,0,0,0,0,0,0,13,0,0,0,0,0,0,0,0,0,0,0,0,0,0,0,0,0,0,0,0,0,0,0,0,0,0,0,0,0,0,0,0,0,0,0,0,0,0,0,0,0,0,0,0,0,0,0,0
-0.213575,0.171426,1.16451,0,0,0,0,-6.28751e-10,2.10145e-09,1.0486e-08,2303,687,688,709,710,711,731,732,2280,2281,2302,2304,2324,2325,0,0,0,0,0,0,0,0,0,687,688,709,710,711,731,732,2280,2281,2302,2304,2324,2325,0,0,0,0,0,0,0,0,0,0.114861,0.114791,0.112732,0.0997045,0.113745,0.113924,0.115032,0.0612891,0.0592643,0.0578219,0.0580953,0.0596737,0.0623089,0,0,0,0,0,0,0,0,0,0.114105,0.114855,0.113289,0.1,0.113672,0.114898,0.114417,0.0578478,0.0594676,0.0560519,0.0568992,0.0595567,0.0585386,0,0,0,0,0,0,0,0,0,1,1,1,1,1,1,1,1,1,1,1,1,1,0,0,0,0,0,0,0,0,0,1,1,1,1,1,1,1,1,1,1,1,1,1,0,0,0,0,0,0,0,0,0,1,0,0,0,0,0,0,0,0,0,0,0,0,0,0,0,0,0,0,0,0,0,0,13,0,0,0,0,0,0,0,0,0,0,0,0,0,0,0,0,0,0,0,0,0,0,0,0,0,0,0,0,0,0,0,0,0,0,0,0,0,0,0,0,0,0,0,0,0,0,0,0
-0.259009,0.138272,1.14996,0,0,0,0,-2.46083e-09,2.16354e-09,1.83086e-08,2304,688,689,710,711,712,732,733,2281,2282,2303,2305,2325,2326,0,0,0,0,0,0,0,0,0,688,689,710,711,712,732,733,2281,2282,2303,2305,2325,2326,0,0,0,0,0,0,0,0,0,0.114612,0.114898,0.113236,0.0998356,0.113984,0.114382,0.114719,0.0605881,0.0593737,0.0580953,0.0582475,0.0599404,0.0612937,0,0,0,0,0,0,0,0,0,0.114031,0.114984,0.113665,0.1,0.113952,0.115148,0.114231,0.0576867,0.0597399,0.0568992,0.0575136,0.0600714,0.0581451,0,0,0,0,0,0,0,0,0,1,1,1,1,1,1,1,1,1,1,1,1,1,0,0,0,0,0,0,0,0,0,1,1,1,1,1,1,1,1,1,1,1,1,1,0,0,0,0,0,0,0,0,0,1,0,0,0,0,0,0,0,0,0,0,0,0,0,0,0,0,0,0,0,0,0,0,13,0,0,0,0,0,0,0,0,0,0,0,0,0,0,0,0,0,0,0,0,0,0,0,0,0,0,0,0,0,0,0,0,0,0,0,0,0,0,0,0,0,0,0,0,0,0,0,0
-0.303431,0.105836,1.1308,0,0,0,0,-5.17737e-09,1.99977e-09,2.65676e-08,2305,689,690,711,712,713,733,734,2282,2283,2304,2306,2326,2327,0,0,0,0,0,0,0,0,0,689,690,711,712,713,733,734,2282,2283,2304,2306,2326,2327,0,0,0,0,0,0,0,0,0,0.114313,0.114722,0.113619,0.0999155,0.113926,0.114439,0.114421,0.0598074,0.0589538,0.0582475,0.0578488,0.0595401,0.0603812,0,0,0,0,0,0,0,0,0,0.113863,0.11482,0.113942,0.1,0.113933,0.115029,0.114032,0.0573203,0.0593901,0.0575136,0.0574733,0.0598148,0.0577092,0,0,0,0,0,0,0,0,0,1,1,1,1,1,1,1,1,1,1,1,1,1,0,0,0,0,0,0,0,0,0,1,1,1,1,1,1,1,1,1,1,1,1,1,0,0,0,0,0,0,0,0,0,1,0,0,0,0,0,0,0,0,0,0,0,0,0,0,0,0,0,0,0,0,0,0,13,0,0,0,0,0,0,0,0,0,0,0,0,0,0,0,0,0,0,0,0,0,0,0,0,0,0,0,0,0,0,0,0,0,0,0,0,0,0,0,0,0,0,0,0,0,0,0,0
-0.346083,0.0742161,1.10783,0,0,0,0,-8.78589e-09,1.64174e-09,3.50936e-08,2306,690,691,712,713,714,734,735,2283,2284,2305,2307,2327,2328,0,0,0,0,0,0,0,0,0,690,691,712,713,714,734,735,2283,2284,2305,2307,2327,2328,0,0,0,0,0,0,0,0,0,0.113995,0.11438,0.113658,0.0999662,0.113319,0.114143,0.114031,0.0590015,0.0582333,0.0578488,0.0563079,0.0585812,0.0592915,0,0,0,0,0,0,0,0,0,0.113646,0.114473,0.113925,0.1,0.113351,0.114581,0.11372,0.0568431,0.058643,0.0574733,0.0561845,0.0588643,0.0570199,0,0,0,0,0,0,0,0,0,1,1,1,1,1,1,1,1,1,1,1,1,1,0,0,0,0,0,0,0,0,0,1,1,1,1,1,1,1,1,1,1,1,1,1,0,0,0,0,0,0,0,0,0,1,0,0,0,0,0,0,0,0,0,0,0,0,0,0,0,0,0,0,0,0,0,0,13,0,0,0,0,0,0,0,0,0,0,0,0,0,0,0,0,0,0,0,0,0,0,0,0,0,0,0,0,0,0,0,0,0,0,0,0,0,0,0,0,0,0,0,0,0,0,0,0
-0.386099,0.0441684,1.08201,0,0,0,0,-1.32096e-08,1.12475e-09,4.36206e-08,2307,691,692,713,714,715,735,736,2284,2285,2306,2308,2328,2329,0,0,0,0,0,0,0,0,0,691,692,713,714,715,735,736,2284,2285,2306,2308,2328,2329,0,0,0,0,0,0,0,0,0,0.113505,0.114295,0.113118,0.0999952,0.112763,0.113767,0.112674,0.0578216,0.058096,0.0563079,0.0548935,0.0575755,0.0560689,0,0,0,0,0,0,0,0,0,0.113241,0.114368,0.113347,0.1,0.112802,0.114078,0.112441,0.0559428,0.0584183,0.0561845,0.0549454,0.0577797,0.0541334,0,0,0,0,0,0,0,0,0,1,1,1,1,1,1,1,1,1,1,1,1,1,0,0,0,0,0,0,0,0,0,1,1,1,1,1,1,1,1,1,1,1,1,1,0,0,0,0,0,0,0,0,0,1,0,0,0,0,0,0,0,0,0,0,0,0,0,0,0,0,0,0,0,0,0,0,13,0,0,0,0,0,0,0,0,0,0,0,0,0,0,0,0,0,0,0,0,0,0,0,0,0,0,0,0,0,0,0,0,0,0,0,0,0,0,0,0,0,0,0,0,0,0,0,0
-0.424181,0.017038,1.05326,0,0,0,0,-1.85222e-08,4.79981e-10,5.21299e-08,2308,692,693,714,715,716,736,737,2285,2286,2307,2309,2329,2330,0,0,0,0,0,0,0,0,0,692,693,714,715,716,736,737,2285,2286,2307,2309,2329,2330,0,0,0,0,0,0,0,0,0,0.112659,0.114493,0.112601,0.100015,0.113412,0.113536,0.112322,0.0558109,0.058564,0.0548935,0.0562535,0.0569306,0.0550859,0,0,0,0,0,0,0,0,0,0.112459,0.114547,0.112802,0.1,0.113465,0.113757,0.112136,0.0541721,0.0588084,0.0549454,0.0564347,0.0570816,0.0534254,0,0,0,0,0,0,0,0,0,1,1,1,1,1,1,1,1,1,1,1,1,1,0,0,0,0,0,0,0,0,0,1,1,1,1,1,1,1,1,1,1,1,1,1,0,0,0,0,0,0,0,0,0,1,0,0,0,0,0,0,0,0,0,0,0,0,0,0,0,0,0,0,0,0,0,0,13,0,0,0,0,0,0,0,0,0,0,0,0,0,0,0,0,0,0,0,0,0,0,0,0,0,0,0,0,0,0,0,0,0,0,0,0,0,0,0,0,0,0,0,0,0,0,0,0
-0.462069,-0.00855368,1.02049,0,0,0,0,-2.50261e-08,-2.8626e-10,6.09718e-08,2309,693,694,715,716,717,737,738,2286,2287,2308,2310,2330,2331,0,0,0,0,0,0,0,0,0,693,694,715,716,717,737,738,2286,2287,2308,2310,2330,2331,0,0,0,0,0,0,0,0,0,0.112113,0.114231,0.113289,0.100028,0.113998,0.11429,0.112122,0.0544515,0.0580285,0.0562535,0.0574854,0.0585119,0.0544811,0,0,0,0,0,0,0,0,0,0.11196,0.11427,0.113467,0.1,0.114057,0.114443,0.111979,0.0530177,0.0582095,0.0564347,0.057741,0.058586,0.0530603,0,0,0,0,0,0,0,0,0,1,1,1,1,1,1,1,1,1,1,1,1,1,0,0,0,0,0,0,0,0,0,1,1,1,1,1,1,1,1,1,1,1,1,1,0,0,0,0,0,0,0,0,0,1,0,0,0,0,0,0,0,0,0,0,0,0,0,0,0,0,0,0,0,0,0,0,13,0,0,0,0,0,0,0,0,0,0,0,0,0,0,0,0,0,0,0,0,0,0,0,0,0,0,0,0,0,0,0,0,0,0,0,0,0,0,0,0,0,0,0,0,0,0,0,0
-0.498828,-0.0340561,0.984388,0,0,0,0,-3.263e-08,-1.15439e-09,6.99141e-08,2310,694,695,716,717,718,738,739,2287,2288,2309,2311,2331,2332,0,0,0,0,0,0,0,0,0,694,695,716,717,718,738,739,2287,2288,2309,2311,2331,2332,0,0,0,0,0,0,0,0,0,0.111867,0.113703,0.113903,0.100032,0.114018,0.113926,0.111965,0.053797,0.0569136,0.0574854,0.0574877,0.0576617,0.0539834,0,0,0,0,0,0,0,0,0,0.111755,0.113731,0.114061,0.1,0.114078,0.114027,0.111849,0.0525407,0.0570288,0.057741,0.0577863,0.0576822,0.0527582,0,0,0,0,0,0,0,0,0,1,1,1,1,1,1,1,1,1,1,1,1,1,0,0,0,0,0,0,0,0,0,1,1,1,1,1,1,1,1,1,1,1,1,1,0,0,0,0,0,0,0,0,0,1,0,0,0,0,0,0,0,0,0,0,0,0,0,0,0,0,0,0,0,0,0,0,13,0,0,0,0,0,0,0,0,0,0,0,0,0,0,0,0,0,0,0,0,0,0,0,0,0,0,0,0,0,0,0,0,0,0,0,0,0,0,0,0,0,0,0,0,0,0,0,0
-0.533419,-0.0591377,0.945928,0,0,0,0,-4.11395e-08,-2.07639e-09,7.86286e-08,2311,695,696,717,718,719,739,740,2288,2289,2310,2312,2332,2333,0,0,0,0,0,0,0,0,0,695,696,717,718,719,739,740,2288,2289,2310,2312,2332,2333,0,0,0,0,0,0,0,0,0,0.111599,0.113115,0.113942,0.100032,0.113738,0.113372,0.111682,0.0530887,0.0556479,0.0574877,0.0568481,0.0564119,0.0532151,0,0,0,0,0,0,0,0,0,0.111518,0.11313,0.114084,0.1,0.113797,0.113433,0.111591,0.0519821,0.0556918,0.0577863,0.0571685,0.0563726,0.0521508,0,0,0,0,0,0,0,0,0,1,1,1,1,1,1,1,1,1,1,1,1,1,0,0,0,0,0,0,0,0,0,1,1,1,1,1,1,1,1,1,1,1,1,1,0,0,0,0,0,0,0,0,0,1,0,0,0,0,0,0,0,0,0,0,0,0,0,0,0,0,0,0,0,0,0,0,13,0,0,0,0,0,0,0,0,0,0,0,0,0,0,0,0,0,0,0,0,0,0,0,0,0,0,0,0,0,0,0,0,0,0,0,0,0,0,0,0,0,0,0,0,0,0,0,0
-0.565462,-0.0833552,0.905697,0,0,0,0,-5.04277e-08,-2.98571e-09,8.69196e-08,2312,696,697,718,719,720,740,741,2289,2290,2311,2313,2333,2334,0,0,0,0,0,0,0,0,0,696,697,718,719,720,740,741,2289,2290,2311,2313,2333,2334,0,0,0,0,0,0,0,0,0,0.111257,0.112502,0.113677,0.100029,0.113301,0.112798,0.111309,0.0521974,0.0542986,0.0568481,0.0558693,0.0551196,0.0522412,0,0,0,0,0,0,0,0,0,0.111198,0.112506,0.113804,0.1,0.113359,0.112829,0.11124,0.0512194,0.0542731,0.0571685,0.0561954,0.0550167,0.0513128,0,0,0,0,0,0,0,0,0,1,1,1,1,1,1,1,1,1,1,1,1,1,0,0,0,0,0,0,0,0,0,1,1,1,1,1,1,1,1,1,1,1,1,1,0,0,0,0,0,0,0,0,0,1,0,0,0,0,0,0,0,0,0,0,0,0,0,0,0,0,0,0,0,0,0,0,13,0,0,0,0,0,0,0,0,0,0,0,0,0,0,0,0,0,0,0,0,0,0,0,0,0,0,0,0,0,0,0,0,0,0,0,0,0,0,0,0,0,0,0,0,0,0,0,0
-0.594814,-0.10646,0.864153,0,0,0,0,-6.03779e-08,-3.81375e-09,9.4657e-08,2313,697,698,719,720,721,741,742,2290,2291,2312,2314,2334,2335,0,0,0,0,0,0,0,0,0,697,698,719,720,721,741,742,2290,2291,2312,2314,2334,2335,0,0,0,0,0,0,0,0,0,0.110861,0.111872,0.113252,0.100024,0.112771,0.1122,0.110884,0.0511669,0.0528753,0.0558693,0.0546723,0.0537598,0.0511409,0,0,0,0,0,0,0,0,0,0.110818,0.111865,0.113367,0.1,0.112826,0.11221,0.110832,0.0503007,0.0527875,0.0561954,0.0549929,0.0535993,0.0503274,0,0,0,0,0,0,0,0,0,1,1,1,1,1,1,1,1,1,1,1,1,1,0,0,0,0,0,0,0,0,0,1,1,1,1,1,1,1,1,1,1,1,1,1,0,0,0,0,0,0,0,0,0,1,0,0,0,0,0,0,0,0,0,0,0,0,0,0,0,0,0,0,0,0,0,0,13,0,0,0,0,0,0,0,0,0,0,0,0,0,0,0,0,0,0,0,0,0,0,0,0,0,0,0,0,0,0,0,0,0,0,0,0,0,0,0,0,0,0,0,0,0,0,0,0
-0.621431,-0.128327,0.821697,0,0,0,0,-7.08711e-08,-4.49201e-09,1.01751e-07,2314,698,699,720,721,722,742,743,2291,2292,2313,2315,2335,2336,0,0,0,0,0,0,0,0,0,698,699,720,721,722,742,743,2291,2292,2313,2315,2335,2336,0,0,0,0,0,0,0,0,0,0.110433,0.11123,0.112732,0.10002,0.112181,0.111584,0.110431,0.0500443,0.0513881,0.0546723,0.0533231,0.05233,0.049968,0,0,0,0,0,0,0,0,0,0.110401,0.111216,0.112835,0.1,0.112233,0.111579,0.110394,0.0492759,0.0512472,0.0549929,0.0536306,0.052121,0.0492522,0,0,0,0,0,0,0,0,0,1,1,1,1,1,1,1,1,1,1,1,1,1,0,0,0,0,0,0,0,0,0,1,1,1,1,1,1,1,1,1,1,1,1,1,0,0,0,0,0,0,0,0,0,1,0,0,0,0,0,0,0,0,0,0,0,0,0,0,0,0,0,0,0,0,0,0,13,0,0,0,0,0,0,0,0,0,0,0,0,0,0,0,0,0,0,0,0,0,0,0,0,0,0,0,0,0,0,0,0,0,0,0,0,0,0,0,0,0,0,0,0,0,0,0,0
-0.645326,-0.148902,0.778697,0,0,0,0,-8.17927e-08,-4.95474e-09,1.08148e-07,2315,699,700,721,722,723,743,744,2292,2293,2314,2316,2336,2337,0,0,0,0,0,0,0,0,0,699,700,721,722,723,743,744,2292,2293,2314,2316,2336,2337,0,0,0,0,0,0,0,0,0,0.109989,0.110585,0.112151,0.100016,0.11156,0.110956,0.10997,0.0488666,0.04985,0.0533231,0.051876,0.0508402,0.0487654,0,0,0,0,0,0,0,0,0,0.109964,0.110566,0.112242,0.1,0.111609,0.110942,0.109948,0.0481845,0.0496659,0.0536306,0.0521652,0.0505923,0.0481335,0,0,0,0,0,0,0,0,0,1,1,1,1,1,1,1,1,1,1,1,1,1,0,0,0,0,0,0,0,0,0,1,1,1,1,1,1,1,1,1,1,1,1,1,0,0,0,0,0,0,0,0,0,1,0,0,0,0,0,0,0,0,0,0,0,0,0,0,0,0,0,0,0,0,0,0,13,0,0,0,0,0,0,0,0,0,0,0,0,0,0,0,0,0,0,0,0,0,0,0,0,0,0,0,0,0,0,0,0,0,0,0,0,0,0,0,0,0,0,0,0,0,0,0,0
-0.666557,-0.168182,0.735469,0,0,0,0,-9.30411e-08,-5.14339e-09,1.13827e-07,2316,700,701,722,723,724,744,745,2293,2294,2315,2317,2337,2338,0,0,0,0,0,0,0,0,0,700,701,722,723,724,744,745,2293,2294,2315,2317,2337,2338,0,0,0,0,0,0,0,0,0,0.109544,0.109944,0.111539,0.100013,0.110937,0.110324,0.109521,0.0476678,0.0482747,0.051876,0.0503937,0.0493033,0.0475756,0,0,0,0,0,0,0,0,0,0.109525,0.109922,0.111617,0.1,0.110982,0.110305,0.10951,0.0470624,0.0480571,0.0521652,0.0506615,0.0490261,0.0470167,0,0,0,0,0,0,0,0,0,1,1,1,1,1,1,1,1,1,1,1,1,1,0,0,0,0,0,0,0,0,0,1,1,1,1,1,1,1,1,1,1,1,1,1,0,0,0,0,0,0,0,0,0,1,0,0,0,0,0,0,0,0,0,0,0,0,0,0,0,0,0,0,0,0,0,0,13,0,0,0,0,0,0,0,0,0,0,0,0,0,0,0,0,0,0,0,0,0,0,0,0,0,0,0,0,0,0,0,0,0,0,0,0,0,0,0,0,0,0,0,0,0,0,0,0
-0.685226,-0.186207,0.69227,0,0,0,0,-1.04541e-07,-5.0096e-09,1.18796e-07,2317,701,702,723,724,725,745,746,2294,2295,2316,2318,2338,2339,0,0,0,0,0,0,0,0,0,701,702,723,724,725,745,746,2294,2295,2316,2318,2338,2339,0,0,0,0,0,0,0,0,0,0.109112,0.10931,0.110926,0.100011,0.110354,0.109696,0.109103,0.0464851,0.0466738,0.0503937,0.0489744,0.0477309,0.0464436,0,0,0,0,0,0,0,0,0,0.109097,0.109289,0.11099,0.1,0.110395,0.109674,0.1091,0.0459489,0.0464319,0.0506615,0.0492181,0.0474337,0.0459506,0,0,0,0,0,0,0,0,0,1,1,1,1,1,1,1,1,1,1,1,1,1,0,0,0,0,0,0,0,0,0,1,1,1,1,1,1,1,1,1,1,1,1,1,0,0,0,0,0,0,0,0,0,1,0,0,0,0,0,0,0,0,0,0,0,0,0,0,0,0,0,0,0,0,0,0,13,0,0,0,0,0,0,0,0,0,0,0,0,0,0,0,0,0,0,0,0,0,0,0,0,0,0,0,0,0,0,0,0,0,0,0,0,0,0,0,0,0,0,0,0,0,0,0,0
-0.701474,-0.203052,0.64925,0,0,0,0,-1.16265e-07,-4.50736e-09,1.23083e-07,2318,114,115,702,703,724,725,746,1707,1708,2295,2296,2317,2339,0,0,0,0,0,0,0,0,0,114,115,702,703,724,725,746,1707,1708,2295,2296,2317,2339,0,0,0,0,0,0,0,0,0,0.108743,0.109861,0.108709,0.108682,0.110352,0.100009,0.109079,0.0454168,0.0477664,0.0453635,0.0450569,0.0489744,0.0461298,0,0,0,0,0,0,0,0,0,0.108738,0.109902,0.108699,0.108671,0.110403,0.1,0.109054,0.0449914,0.0479802,0.0448922,0.0447978,0.0492181,0.0458214,0,0,0,0,0,0,0,0,0,1,1,1,1,1,1,1,1,1,1,1,1,1,0,0,0,0,0,0,0,0,0,1,1,1,1,1,1,1,1,1,1,1,1,1,0,0,0,0,0,0,0,0,0,1,0,0,0,0,0,0,0,0,0,0,0,0,0,0,0,0,0,0,0,0,0,0,13,0,0,0,0,0,0,0,0,0,0,0,0,0,0,0,0,0,0,0,0,0,0,0,0,0,0,0,0,0,0,0,0,0,0,0,0,0,0,0,0,0,0,0,0,0,0,0,0
0.0329666,0.293341,1.17197,0,0,0,0,-1.52834e-09,-4.13657e-10,-1.29504e-08,2319,62,63,704,705,726,727,747,1655,1656,2297,2298,2320,2340,0,0,0,0,0,0,0,0,0,62,63,704,705,726,727,747,1655,1656,2297,2298,2320,2340,0,0,0,0,0,0,0,0,0,0.110829,0.108764,0.115254,0.110767,0.100694,0.10805,0.114994,0.0510419,0.0437989,0.0588448,0.0507604,0.0454864,0.0612713,0,0,0,0,0,0,0,0,0,0.110249,0.107859,0.115953,0.110276,0.1,0.108233,0.117111,0.0487151,0.0423787,0.0617706,0.048792,0.04342,0.0640549,0,0,0,0,0,0,0,0,0,1,1,1,1,1,1,1,1,1,1,1,1,1,0,0,0,0,0,0,0,0,0,1,1,1,1,1,1,1,1,1,1,1,1,1,0,0,0,0,0,0,0,0,0,1,0,0,0,0,0,0,0,0,0,0,0,0,0,0,0,0,0,0,0,0,0,0,13,0,0,0,0,0,0,0,0,0,0,0,0,0,0,0,0,0,0,0,0,0,0,0,0,0,0,0,0,0,0,0,0,0,0,0,0,0,0,0,0,0,0,0,0,0,0,0,0
-0.00449584,0.27133,1.18543,0,0,0,0,-8.22006e-10,4.88961e-10,-1.04807e-08,2320,705,706,726,727,728,747,748,2298,2299,2319,2321,2340,2341,0,0,0,0,0,0,0,0,0,705,706,726,727,728,747,748,2298,2299,2319,2321,2340,2341,0,0,0,0,0,0,0,0,0,0.116167,0.111152,0.108962,0.100813,0.108826,0.110369,0.115813,0.060707,0.0508771,0.0454864,0.0471747,0.0514233,0.0631894,0,0,0,0,0,0,0,0,0,0.116772,0.110473,0.108231,0.1,0.108671,0.110449,0.117939,0.0634559,0.0492851,0.04342,0.0446141,0.0492171,0.0657088,0,0,0,0,0,0,0,0,0,1,1,1,1,1,1,1,1,1,1,1,1,1,0,0,0,0,0,0,0,0,0,1,1,1,1,1,1,1,1,1,1,1,1,1,0,0,0,0,0,0,0,0,0,1,0,0,0,0,0,0,0,0,0,0,0,0,0,0,0,0,0,0,0,0,0,0,13,0,0,0,0,0,0,0,0,0,0,0,0,0,0,0,0,0,0,0,0,0,0,0,0,0,0,0,0,0,0,0,0,0,0,0,0,0,0,0,0,0,0,0,0,0,0,0,0
-0.0423739,0.245017,1.19534,0,0,0,0,-1.25468e-10,1.244e-09,-7.12189e-09,2321,706,707,727,728,729,748,749,2299,2300,2320,2322,2341,2342,0,0,0,0,0,0,0,0,0,706,707,727,728,729,748,749,2299,2300,2320,2322,2341,2342,0,0,0,0,0,0,0,0,0,0.116732,0.111698,0.109188,0.100779,0.109989,0.110187,0.116452,0.062252,0.0507795,0.0471747,0.0486397,0.0515429,0.0646705,0,0,0,0,0,0,0,0,0,0.11759,0.110657,0.108668,0.1,0.109139,0.110628,0.118754,0.0651064,0.0497392,0.0446141,0.0458629,0.0496602,0.0673076,0,0,0,0,0,0,0,0,0,1,1,1,1,1,1,1,1,1,1,1,1,1,0,0,0,0,0,0,0,0,0,1,1,1,1,1,1,1,1,1,1,1,1,1,0,0,0,0,0,0,0,0,0,1,0,0,0,0,0,0,0,0,0,0,0,0,0,0,0,0,0,0,0,0,0,0,13,0,0,0,0,0,0,0,0,0,0,0,0,0,0,0,0,0,0,0,0,0,0,0,0,0,0,0,0,0,0,0,0,0,0,0,0,0,0,0,0,0,0,0,0,0,0,0,0
-0.0800558,0.214825,1.2012,0,0,0,0,4.54832e-10,1.81172e-09,-2.96328e-09,2322,707,708,728,729,730,749,750,2300,2301,2321,2323,2342,2343,0,0,0,0,0,0,0,0,0,707,708,728,729,730,749,750,2300,2301,2321,2323,2342,2343,0,0,0,0,0,0,0,0,0,0.117472,0.112824,0.109542,0.101329,0.112106,0.110209,0.117507,0.0633845,0.0537104,0.0486397,0.0539246,0.0514068,0.0655681,0,0,0,0,0,0,0,0,0,0.118403,0.112245,0.109136,0.1,0.111291,0.110787,0.119551,0.0667168,0.0532742,0.0458629,0.0509544,0.0500524,0.0688463,0,0,0,0,0,0,0,0,0,1,1,1,1,1,1,1,1,1,1,1,1,1,0,0,0,0,0,0,0,0,0,1,1,1,1,1,1,1,1,1,1,1,1,1,0,0,0,0,0,0,0,0,0,1,0,0,0,0,0,0,0,0,0,0,0,0,0,0,0,0,0,0,0,0,0,0,13,0,0,0,0,0,0,0,0,0,0,0,0,0,0,0,0,0,0,0,0,0,0,0,0,0,0,0,0,0,0,0,0,0,0,0,0,0,0,0,0,0,0,0,0,0,0,0,0
-0.121276,0.180082,1.19989,0,0,0,0,5.94694e-10,2.01063e-09,2.09525e-09,2323,708,709,729,730,731,750,751,2301,2302,2322,2324,2343,2344,0,0,0,0,0,0,0,0,0,708,709,729,730,731,750,751,2301,2302,2322,2324,2343,2344,0,0,0,0,0,0,0,0,0,0.115475,0.114245,0.110504,0.0990175,0.113656,0.110806,0.115595,0.0636483,0.0588723,0.0539246,0.0589885,0.0545993,0.0652839,0,0,0,0,0,0,0,0,0,0.114243,0.114373,0.110926,0.1,0.113577,0.112147,0.114691,0.058145,0.0584302,0.0509544,0.0566986,0.0538042,0.059097,0,0,0,0,0,0,0,0,0,1,1,1,1,1,1,1,1,1,1,1,1,1,0,0,0,0,0,0,0,0,0,1,1,1,1,1,1,1,1,1,1,1,1,1,0,0,0,0,0,0,0,0,0,1,0,0,0,0,0,0,0,0,0,0,0,0,0,0,0,0,0,0,0,0,0,0,13,0,0,0,0,0,0,0,0,0,0,0,0,0,0,0,0,0,0,0,0,0,0,0,0,0,0,0,0,0,0,0,0,0,0,0,0,0,0,0,0,0,0,0,0,0,0,0,0
-0.168105,0.144949,1.19266,0,0,0,0,1.85288e-10,2.07231e-09,8.07064e-09,2324,709,710,730,731,732,751,752,2302,2303,2323,2325,2344,2345,0,0,0,0,0,0,0,0,0,709,710,730,731,732,751,752,2302,2303,2323,2325,2344,2345,0,0,0,0,0,0,0,0,0,0.115621,0.114874,0.112538,0.0996475,0.114105,0.113245,0.115747,0.063223,0.0596737,0.0589885,0.0590578,0.0600575,0.0641697,0,0,0,0,0,0,0,0,0,0.114464,0.114897,0.113582,0.1,0.113999,0.114781,0.114731,0.0586253,0.0595567,0.0566986,0.0576183,0.0593205,0.0592093,0,0,0,0,0,0,0,0,0,1,1,1,1,1,1,1,1,1,1,1,1,1,0,0,0,0,0,0,0,0,0,1,1,1,1,1,1,1,1,1,1,1,1,1,0,0,0,0,0,0,0,0,0,1,0,0,0,0,0,0,0,0,0,0,0,0,0,0,0,0,0,0,0,0,0,0,13,0,0,0,0,0,0,0,0,0,0,0,0,0,0,0,0,0,0,0,0,0,0,0,0,0,0,0,0,0,0,0,0,0,0,0,0,0,0,0,0,0,0,0,0,0,0,0,0
-0.214509,0.110922,1.17937,0,0,0,0,-8.79661e-10,1.88874e-09,1.4568e-08,2325,710,711,731,732,733,752,753,2303,2304,2324,2326,2345,2346,0,0,0,0,0,0,0,0,0,710,711,731,732,733,752,753,2303,2304,2324,2326,2345,2346,0,0,0,0,0,0,0,0,0,0.115221,0.115059,0.113319,0.0997326,0.114422,0.11421,0.115216,0.0623089,0.0599404,0.0590578,0.059339,0.0604278,0.0627559,0,0,0,0,0,0,0,0,0,0.114423,0.115139,0.113994,0.1,0.114399,0.115193,0.114508,0.0585386,0.0600714,0.0576183,0.0584874,0.0601701,0.058745,0,0,0,0,0,0,0,0,0,1,1,1,1,1,1,1,1,1,1,1,1,1,0,0,0,0,0,0,0,0,0,1,1,1,1,1,1,1,1,1,1,1,1,1,0,0,0,0,0,0,0,0,0,1,0,0,0,0,0,0,0,0,0,0,0,0,0,0,0,0,0,0,0,0,0,0,13,0,0,0,0,0,0,0,0,0,0,0,0,0,0,0,0,0,0,0,0,0,0,0,0,0,0,0,0,0,0,0,0,0,0,0,0,0,0,0,0,0,0,0,0,0,0,0,0
-0.260312,0.0779881,1.16097,0,0,0,0,-2.73024e-09,1.5326e-09,2.1581e-08,2326,711,712,732,733,734,753,754,2304,2305,2325,2327,2346,2347,0,0,0,0,0,0,0,0,0,711,712,732,733,734,753,754,2304,2305,2325,2327,2346,2347,0,0,0,0,0,0,0,0,0,0.114858,0.114926,0.113866,0.0998629,0.114585,0.114375,0.114807,0.0612937,0.0595401,0.059339,0.0593347,0.0600599,0.0614936,0,0,0,0,0,0,0,0,0,0.114241,0.115019,0.114389,0.1,0.11461,0.115134,0.114247,0.0581451,0.0598148,0.0584874,0.0589429,0.0600423,0.0581743,0,0,0,0,0,0,0,0,0,1,1,1,1,1,1,1,1,1,1,1,1,1,0,0,0,0,0,0,0,0,0,1,1,1,1,1,1,1,1,1,1,1,1,1,0,0,0,0,0,0,0,0,0,1,0,0,0,0,0,0,0,0,0,0,0,0,0,0,0,0,0,0,0,0,0,0,13,0,0,0,0,0,0,0,0,0,0,0,0,0,0,0,0,0,0,0,0,0,0,0,0,0,0,0,0,0,0,0,0,0,0,0,0,0,0,0,0,0,0,0,0,0,0,0,0
-0.304773,0.0459314,1.13825,0,0,0,0,-5.43871e-09,1.03293e-09,2.90077e-08,2327,712,713,733,734,735,754,755,2305,2306,2326,2328,2347,2348,0,0,0,0,0,0,0,0,0,712,713,733,734,735,754,755,2305,2306,2326,2328,2347,2348,0,0,0,0,0,0,0,0,0,0.114513,0.114489,0.114182,0.0999291,0.114153,0.114105,0.114184,0.0603812,0.0585812,0.0593347,0.0581531,0.0589582,0.059857,0,0,0,0,0,0,0,0,0,0.11404,0.114575,0.114602,0.1,0.114207,0.114645,0.113758,0.0577092,0.0588643,0.0589429,0.0580714,0.0590075,0.0570969,0,0,0,0,0,0,0,0,0,1,1,1,1,1,1,1,1,1,1,1,1,1,0,0,0,0,0,0,0,0,0,1,1,1,1,1,1,1,1,1,1,1,1,1,0,0,0,0,0,0,0,0,0,1,0,0,0,0,0,0,0,0,0,0,0,0,0,0,0,0,0,0,0,0,0,0,13,0,0,0,0,0,0,0,0,0,0,0,0,0,0,0,0,0,0,0,0,0,0,0,0,0,0,0,0,0,0,0,0,0,0,0,0,0,0,0,0,0,0,0,0,0,0,0,0
-0.346736,0.0151012,1.11236,0,0,0,0,-8.95723e-09,4.21285e-10,3.66022e-08,2328,713,714,734,735,736,755,756,2306,2307,2327,2329,2348,2349,0,0,0,0,0,0,0,0,0,713,714,734,735,736,755,756,2306,2307,2327,2329,2348,2349,0,0,0,0,0,0,0,0,0,0.114077,0.114012,0.113852,0.0999706,0.112996,0.113439,0.112564,0.0592915,0.0575755,0.0581531,0.055408,0.0571915,0.0559738,0,0,0,0,0,0,0,0,0,0.113725,0.114074,0.114204,0.1,0.113055,0.113811,0.112249,0.0570199,0.0577797,0.0580714,0.0555155,0.0572016,0.053685,0,0,0,0,0,0,0,0,0,1,1,1,1,1,1,1,1,1,1,1,1,1,0,0,0,0,0,0,0,0,0,1,1,1,1,1,1,1,1,1,1,1,1,1,0,0,0,0,0,0,0,0,0,1,0,0,0,0,0,0,0,0,0,0,0,0,0,0,0,0,0,0,0,0,0,0,13,0,0,0,0,0,0,0,0,0,0,0,0,0,0,0,0,0,0,0,0,0,0,0,0,0,0,0,0,0,0,0,0,0,0,0,0,0,0,0,0,0,0,0,0,0,0,0,0
-0.385971,-0.0118648,1.08401,0,0,0,0,-1.32669e-08,-2.62675e-10,4.41618e-08,2329,714,715,735,736,737,756,757,2307,2308,2328,2330,2349,2350,0,0,0,0,0,0,0,0,0,714,715,735,736,737,756,757,2307,2308,2328,2330,2349,2350,0,0,0,0,0,0,0,0,0,0.112696,0.11371,0.112764,0.099998,0.112955,0.113108,0.112321,0.0560689,0.0569306,0.055408,0.0551943,0.0562302,0.0551979,0,0,0,0,0,0,0,0,0,0.112443,0.113756,0.113056,0.1,0.11302,0.113359,0.112078,0.0541334,0.0570816,0.0555155,0.0554356,0.0562041,0.053286,0,0,0,0,0,0,0,0,0,1,1,1,1,1,1,1,1,1,1,1,1,1,0,0,0,0,0,0,0,0,0,1,1,1,1,1,1,1,1,1,1,1,1,1,0,0,0,0,0,0,0,0,0,1,0,0,0,0,0,0,0,0,0,0,0,0,0,0,0,0,0,0,0,0,0,0,13,0,0,0,0,0,0,0,0,0,0,0,0,0,0,0,0,0,0,0,0,0,0,0,0,0,0,0,0,0,0,0,0,0,0,0,0,0,0,0,0,0,0,0,0,0,0,0,0
-0.423438,-0.0380426,1.05307,0,0,0,0,-1.84035e-08,-1.02552e-09,5.18305e-08,2330,715,716,736,737,738,757,758,2308,2309,2329,2331,2350,2351,0,0,0,0,0,0,0,0,0,715,716,736,737,738,757,758,2308,2309,2329,2331,2350,2351,0,0,0,0,0,0,0,0,0,0.112317,0.114414,0.112778,0.100014,0.11414,0.112726,0.11209,0.0550859,0.0585119,0.0551943,0.0577425,0.0552233,0.0544855,0,0,0,0,0,0,0,0,0,0.112135,0.114443,0.113023,0.1,0.114213,0.11289,0.111901,0.0534254,0.058586,0.0554356,0.0580806,0.0551511,0.0528735,0,0,0,0,0,0,0,0,0,1,1,1,1,1,1,1,1,1,1,1,1,1,0,0,0,0,0,0,0,0,0,1,1,1,1,1,1,1,1,1,1,1,1,1,0,0,0,0,0,0,0,0,0,1,0,0,0,0,0,0,0,0,0,0,0,0,0,0,0,0,0,0,0,0,0,0,13,0,0,0,0,0,0,0,0,0,0,0,0,0,0,0,0,0,0,0,0,0,0,0,0,0,0,0,0,0,0,0,0,0,0,0,0,0,0,0,0,0,0,0,0,0,0,0,0
-0.461557,-0.062954,1.01756,0,0,0,0,-2.48659e-08,-1.85389e-09,6.00369e-08,2331,716,717,737,738,739,758,759,2309,2310,2330,2332,2351,2352,0,0,0,0,0,0,0,0,0,716,717,737,738,739,758,759,2309,2310,2330,2332,2351,2352,0,0,0,0,0,0,0,0,0,0.112111,0.114011,0.114003,0.100025,0.114485,0.113689,0.112171,0.0544811,0.0576617,0.0577425,0.0584483,0.0573005,0.0545201,0,0,0,0,0,0,0,0,0,0.111977,0.114027,0.11422,0.1,0.114557,0.113794,0.112025,0.0530603,0.0576822,0.0580806,0.0588266,0.0571779,0.0531649,0,0,0,0,0,0,0,0,0,1,1,1,1,1,1,1,1,1,1,1,1,1,0,0,0,0,0,0,0,0,0,1,1,1,1,1,1,1,1,1,1,1,1,1,0,0,0,0,0,0,0,0,0,1,0,0,0,0,0,0,0,0,0,0,0,0,0,0,0,0,0,0,0,0,0,0,13,0,0,0,0,0,0,0,0,0,0,0,0,0,0,0,0,0,0,0,0,0,0,0,0,0,0,0,0,0,0,0,0,0,0,0,0,0,0,0,0,0,0,0,0,0,0,0,0
-0.497991,-0.0877825,0.979193,0,0,0,0,-3.23224e-08,-2.71303e-09,6.82307e-08,2332,717,718,738,739,740,759,760,2310,2311,2331,2333,2352,2353,0,0,0,0,0,0,0,0,0,717,718,738,739,740,759,760,2310,2311,2331,2333,2352,2353,0,0,0,0,0,0,0,0,0,0.111939,0.113428,0.11438,0.100028,0.11426,0.113481,0.112015,0.0539834,0.0564119,0.0584483,0.0579388,0.0567675,0.0540393,0,0,0,0,0,0,0,0,0,0.111846,0.113434,0.114565,0.1,0.114331,0.113539,0.111903,0.0527582,0.0563726,0.0588266,0.0583357,0.056614,0.0528823,0,0,0,0,0,0,0,0,0,1,1,1,1,1,1,1,1,1,1,1,1,1,0,0,0,0,0,0,0,0,0,1,1,1,1,1,1,1,1,1,1,1,1,1,0,0,0,0,0,0,0,0,0,1,0,0,0,0,0,0,0,0,0,0,0,0,0,0,0,0,0,0,0,0,0,0,13,0,0,0,0,0,0,0,0,0,0,0,0,0,0,0,0,0,0,0,0,0,0,0,0,0,0,0,0,0,0,0,0,0,0,0,0,0,0,0,0,0,0,0,0,0,0,0,0
-0.531929,-0.111863,0.938879,0,0,0,0,-4.06034e-08,-3.54585e-09,7.6142e-08,2333,718,719,739,740,741,760,761,2311,2312,2332,2334,2353,2354,0,0,0,0,0,0,0,0,0,718,719,739,740,741,760,761,2311,2312,2332,2334,2353,2354,0,0,0,0,0,0,0,0,0,0.111651,0.112837,0.114178,0.100027,0.113843,0.11297,0.111693,0.0532151,0.0551196,0.0579388,0.0570181,0.0556011,0.0531831,0,0,0,0,0,0,0,0,0,0.111588,0.112831,0.11434,0.1,0.11391,0.112995,0.111609,0.0521508,0.0550167,0.0583357,0.0574154,0.055398,0.0521911,0,0,0,0,0,0,0,0,0,1,1,1,1,1,1,1,1,1,1,1,1,1,0,0,0,0,0,0,0,0,0,1,1,1,1,1,1,1,1,1,1,1,1,1,0,0,0,0,0,0,0,0,0,1,0,0,0,0,0,0,0,0,0,0,0,0,0,0,0,0,0,0,0,0,0,0,13,0,0,0,0,0,0,0,0,0,0,0,0,0,0,0,0,0,0,0,0,0,0,0,0,0,0,0,0,0,0,0,0,0,0,0,0,0,0,0,0,0,0,0,0,0,0,0,0
-0.5632,-0.134834,0.8971,0,0,0,0,-4.96166e-08,-4.28801e-09,8.36355e-08,2334,719,720,740,741,742,761,762,2312,2313,2333,2335,2354,2355,0,0,0,0,0,0,0,0,0,719,720,740,741,742,761,762,2312,2313,2333,2335,2354,2355,0,0,0,0,0,0,0,0,0,0.111279,0.112229,0.113778,0.100024,0.11332,0.112429,0.111286,0.0522412,0.0537598,0.0570181,0.055861,0.0543622,0.0521341,0,0,0,0,0,0,0,0,0,0.111235,0.112212,0.11392,0.1,0.113383,0.11243,0.111225,0.0513128,0.0535993,0.0574154,0.0562468,0.0541117,0.0512782,0,0,0,0,0,0,0,0,0,1,1,1,1,1,1,1,1,1,1,1,1,1,0,0,0,0,0,0,0,0,0,1,1,1,1,1,1,1,1,1,1,1,1,1,0,0,0,0,0,0,0,0,0,1,0,0,0,0,0,0,0,0,0,0,0,0,0,0,0,0,0,0,0,0,0,0,13,0,0,0,0,0,0,0,0,0,0,0,0,0,0,0,0,0,0,0,0,0,0,0,0,0,0,0,0,0,0,0,0,0,0,0,0,0,0,0,0,0,0,0,0,0,0,0,0
-0.591739,-0.156542,0.854266,0,0,0,0,-5.926e-08,-4.87744e-09,9.06119e-08,2335,720,721,741,742,743,762,763,2313,2314,2334,2336,2355,2356,0,0,0,0,0,0,0,0,0,720,721,741,742,743,762,763,2313,2314,2334,2336,2355,2356,0,0,0,0,0,0,0,0,0,0.110857,0.111605,0.113269,0.10002,0.11273,0.111856,0.110838,0.0511409,0.05233,0.055861,0.0545424,0.0530349,0.0509853,0,0,0,0,0,0,0,0,0,0.110828,0.111581,0.113393,0.1,0.11279,0.111842,0.110797,0.0503274,0.052121,0.0562468,0.0549089,0.0527444,0.0502412,0,0,0,0,0,0,0,0,0,1,1,1,1,1,1,1,1,1,1,1,1,1,0,0,0,0,0,0,0,0,0,1,1,1,1,1,1,1,1,1,1,1,1,1,0,0,0,0,0,0,0,0,0,1,0,0,0,0,0,0,0,0,0,0,0,0,0,0,0,0,0,0,0,0,0,0,13,0,0,0,0,0,0,0,0,0,0,0,0,0,0,0,0,0,0,0,0,0,0,0,0,0,0,0,0,0,0,0,0,0,0,0,0,0,0,0,0,0,0,0,0,0,0,0,0
-0.617538,-0.176925,0.810748,0,0,0,0,-6.94291e-08,-5.25308e-09,9.70016e-08,2336,721,722,742,743,744,763,764,2314,2315,2335,2337,2356,2357,0,0,0,0,0,0,0,0,0,721,722,742,743,744,763,764,2314,2315,2335,2337,2356,2357,0,0,0,0,0,0,0,0,0,0.110411,0.110972,0.112693,0.100016,0.112105,0.111261,0.110376,0.049968,0.0508402,0.0545424,0.0531187,0.0516299,0.0497966,0,0,0,0,0,0,0,0,0,0.11039,0.110944,0.1128,0.1,0.112161,0.111236,0.110351,0.0492522,0.0505923,0.0549089,0.0534609,0.0513078,0.0491452,0,0,0,0,0,0,0,0,0,1,1,1,1,1,1,1,1,1,1,1,1,1,0,0,0,0,0,0,0,0,0,1,1,1,1,1,1,1,1,1,1,1,1,1,0,0,0,0,0,0,0,0,0,1,0,0,0,0,0,0,0,0,0,0,0,0,0,0,0,0,0,0,0,0,0,0,13,0,0,0,0,0,0,0,0,0,0,0,0,0,0,0,0,0,0,0,0,0,0,0,0,0,0,0,0,0,0,0,0,0,0,0,0,0,0,0,0,0,0,0,0,0,0,0,0
-0.640637,-0.19598,0.766874,0,0,0,0,-8.00269e-08,-5.35786e-09,1.02764e-07,2337,722,723,743,744,745,764,765,2315,2316,2336,2338,2357,2358,0,0,0,0,0,0,0,0,0,722,723,743,744,745,764,765,2315,2316,2336,2338,2357,2358,0,0,0,0,0,0,0,0,0,0.109958,0.110337,0.11208,0.100013,0.111475,0.110653,0.109924,0.0487654,0.0493033,0.0531187,0.0516542,0.0501625,0.0486203,0,0,0,0,0,0,0,0,0,0.109944,0.110307,0.112171,0.1,0.111527,0.110623,0.109913,0.0481335,0.0490261,0.0534609,0.051969,0.0498177,0.0480465,0,0,0,0,0,0,0,0,0,1,1,1,1,1,1,1,1,1,1,1,1,1,0,0,0,0,0,0,0,0,0,1,1,1,1,1,1,1,1,1,1,1,1,1,0,0,0,0,0,0,0,0,0,1,0,0,0,0,0,0,0,0,0,0,0,0,0,0,0,0,0,0,0,0,0,0,13,0,0,0,0,0,0,0,0,0,0,0,0,0,0,0,0,0,0,0,0,0,0,0,0,0,0,0,0,0,0,0,0,0,0,0,0,0,0,0,0,0,0,0,0,0,0,0,0
-0.661118,-0.213746,0.722908,0,0,0,0,-9.0976e-08,-5.14108e-09,1.07884e-07,2338,723,724,744,745,746,765,766,2316,2317,2337,2339,2358,2359,0,0,0,0,0,0,0,0,0,723,724,744,745,746,765,766,2316,2317,2337,2339,2358,2359,0,0,0,0,0,0,0,0,0,0.109517,0.109704,0.111462,0.100011,0.110881,0.110041,0.109503,0.0475756,0.0477309,0.0516542,0.0502453,0.0486459,0.0475044,0,0,0,0,0,0,0,0,0,0.109506,0.109676,0.111536,0.1,0.110929,0.110008,0.109503,0.0470167,0.0474337,0.051969,0.05053,0.0482868,0.0469982,0,0,0,0,0,0,0,0,0,1,1,1,1,1,1,1,1,1,1,1,1,1,0,0,0,0,0,0,0,0,0,1,1,1,1,1,1,1,1,1,1,1,1,1,0,0,0,0,0,0,0,0,0,1,0,0,0,0,0,0,0,0,0,0,0,0,0,0,0,0,0,0,0,0,0,0,13,0,0,0,0,0,0,0,0,0,0,0,0,0,0,0,0,0,0,0,0,0,0,0,0,0,0,0,0,0,0,0,0,0,0,0,0,0,0,0,0,0,0,0,0,0,0,0,0
-0.679113,-0.230296,0.679011,0,0,0,0,-1.02241e-07,-4.55273e-09,1.1237e-07,2339,113,114,724,725,745,746,766,1706,1707,2317,2318,2338,2359,0,0,0,0,0,0,0,0,0,113,114,724,725,745,746,766,1706,1707,2317,2318,2338,2359,0,0,0,0,0,0,0,0,0,0.109135,0.110363,0.109103,0.109074,0.11088,0.10001,0.109432,0.0464802,0.0490132,0.0464436,0.0461298,0.0502453,0.0470846,0,0,0,0,0,0,0,0,0,0.109135,0.110412,0.109097,0.109055,0.110938,0.1,0.109395,0.0460416,0.0492603,0.0459506,0.0458214,0.05053,0.0467193,0,0,0,0,0,0,0,0,0,1,1,1,1,1,1,1,1,1,1,1,1,1,0,0,0,0,0,0,0,0,0,1,1,1,1,1,1,1,1,1,1,1,1,1,0,0,0,0,0,0,0,0,0,1,0,0,0,0,0,0,0,0,0,0,0,0,0,0,0,0,0,0,0,0,0,0,13,0,0,0,0,0,0,0,0,0,0,0,0,0,0,0,0,0,0,0,0,0,0,0,0,0,0,0,0,0,0,0,0,0,0,0,0,0,0,0,0,0,0,0,0,0,0,0,0
0.0325881,0.238593,1.19948,0,0,0,0,-1.60724e-09,1.51137e-09,-6.30967e-09,2340,61,62,726,727,747,748,767,1654,1655,2319,2320,2341,2360,0,0,0,0,0,0,0,0,0,61,62,726,727,747,748,767,1654,1655,2319,2320,2341,2360,0,0,0,0,0,0,0,0,0,0.111273,0.10905,0.116245,0.110971,0.100825,0.108392,0.1159,0.0518467,0.0444969,0.0612713,0.0514233,0.0463863,0.0633496,0,0,0,0,0,0,0,0,0,0.110405,0.108264,0.117068,0.110444,0.1,0.10864,0.118202,0.0491092,0.043518,0.0640549,0.0492171,0.0445396,0.0662272,0,0,0,0,0,0,0,0,0,1,1,1,1,1,1,1,1,1,1,1,1,1,0,0,0,0,0,0,0,0,0,1,1,1,1,1,1,1,1,1,1,1,1,1,0,0,0,0,0,0,0,0,0,1,0,0,0,0,0,0,0,0,0,0,0,0,0,0,0,0,0,0,0,0,0,0,13,0,0,0,0,0,0,0,0,0,0,0,0,0,0,0,0,0,0,0,0,0,0,0,0,0,0,0,0,0,0,0,0,0,0,0,0,0,0,0,0,0,0,0,0,0,0,0,0
-0.00470597,0.213818,1.2116,0,0,0,0,-9.3356e-10,1.93228e-09,-4.2204e-09,2341,727,728,747,748,749,767,768,2320,2321,2340,2342,2360,2361,0,0,0,0,0,0,0,0,0,727,728,747,748,749,767,768,2320,2321,2340,2342,2360,2361,0,0,0,0,0,0,0,0,0,0.117185,0.111354,0.109189,0.100938,0.109186,0.110632,0.116841,0.0631894,0.0515429,0.0463863,0.0480538,0.0520806,0.0654347,0,0,0,0,0,0,0,0,0,0.117894,0.110623,0.108638,0.1,0.109076,0.110587,0.119006,0.0657088,0.0496602,0.0445396,0.0457055,0.0495642,0.0677972,0,0,0,0,0,0,0,0,0,1,1,1,1,1,1,1,1,1,1,1,1,1,0,0,0,0,0,0,0,0,0,1,1,1,1,1,1,1,1,1,1,1,1,1,0,0,0,0,0,0,0,0,0,1,0,0,0,0,0,0,0,0,0,0,0,0,0,0,0,0,0,0,0,0,0,0,13,0,0,0,0,0,0,0,0,0,0,0,0,0,0,0,0,0,0,0,0,0,0,0,0,0,0,0,0,0,0,0,0,0,0,0,0,0,0,0,0,0,0,0,0,0,0,0,0
-0.0423451,0.184962,1.21934,0,0,0,0,-2.56039e-10,2.16095e-09,-1.38818e-09,2342,728,729,748,749,750,768,769,2321,2322,2341,2343,2361,2362,0,0,0,0,0,0,0,0,0,728,729,748,749,750,768,769,2321,2322,2341,2343,2361,2362,0,0,0,0,0,0,0,0,0,0.117696,0.11194,0.109391,0.100873,0.110404,0.110365,0.117484,0.0646705,0.0514068,0.0480538,0.0493858,0.0520834,0.066838,0,0,0,0,0,0,0,0,0,0.118706,0.110782,0.109074,0.1,0.109544,0.110728,0.119778,0.0673076,0.0500524,0.0457055,0.0469262,0.0499135,0.0692805,0,0,0,0,0,0,0,0,0,1,1,1,1,1,1,1,1,1,1,1,1,1,0,0,0,0,0,0,0,0,0,1,1,1,1,1,1,1,1,1,1,1,1,1,0,0,0,0,0,0,0,0,0,1,0,0,0,0,0,0,0,0,0,0,0,0,0,0,0,0,0,0,0,0,0,0,13,0,0,0,0,0,0,0,0,0,0,0,0,0,0,0,0,0,0,0,0,0,0,0,0,0,0,0,0,0,0,0,0,0,0,0,0,0,0,0,0,0,0,0,0,0,0,0,0
-0.0796478,0.152729,1.22225,0,0,0,0,3.19082e-10,2.19338e-09,2.09377e-09,2343,729,730,749,750,751,769,770,2322,2323,2342,2344,2362,2363,0,0,0,0,0,0,0,0,0,729,730,749,750,751,769,770,2322,2323,2342,2344,2362,2363,0,0,0,0,0,0,0,0,0,0.118394,0.113176,0.109735,0.1015,0.112591,0.110392,0.118474,0.0655681,0.0545993,0.0493858,0.0546979,0.0518925,0.0673725,0,0,0,0,0,0,0,0,0,0.119501,0.112491,0.109541,0.1,0.111805,0.110844,0.120513,0.0688463,0.0538042,0.0469262,0.052153,0.0502006,0.0706716,0,0,0,0,0,0,0,0,0,1,1,1,1,1,1,1,1,1,1,1,1,1,0,0,0,0,0,0,0,0,0,1,1,1,1,1,1,1,1,1,1,1,1,1,0,0,0,0,0,0,0,0,0,1,0,0,0,0,0,0,0,0,0,0,0,0,0,0,0,0,0,0,0,0,0,0,13,0,0,0,0,0,0,0,0,0,0,0,0,0,0,0,0,0,0,0,0,0,0,0,0,0,0,0,0,0,0,0,0,0,0,0,0,0,0,0,0,0,0,0,0,0,0,0,0
-0.120771,0.11706,1.21692,0,0,0,0,4.52748e-10,1.90959e-09,6.29017e-09,2344,730,731,750,751,752,770,771,2323,2324,2343,2345,2363,2364,0,0,0,0,0,0,0,0,0,730,731,750,751,752,770,771,2323,2324,2343,2345,2363,2364,0,0,0,0,0,0,0,0,0,0.115975,0.114669,0.11073,0.0989482,0.114253,0.111069,0.115998,0.0652839,0.0600575,0.0546979,0.0600959,0.0553711,0.0662612,0,0,0,0,0,0,0,0,0,0.114683,0.114787,0.111411,0.1,0.114272,0.112278,0.114935,0.059097,0.0593205,0.052153,0.0582211,0.054145,0.0596279,0,0,0,0,0,0,0,0,0,1,1,1,1,1,1,1,1,1,1,1,1,1,0,0,0,0,0,0,0,0,0,1,1,1,1,1,1,1,1,1,1,1,1,1,0,0,0,0,0,0,0,0,0,1,0,0,0,0,0,0,0,0,0,0,0,0,0,0,0,0,0,0,0,0,0,0,13,0,0,0,0,0,0,0,0,0,0,0,0,0,0,0,0,0,0,0,0,0,0,0,0,0,0,0,0,0,0,0,0,0,0,0,0,0,0,0,0,0,0,0,0,0,0,0,0
-0.168254,0.0820627,1.20543,0,0,0,0,3.45415e-11,1.54202e-09,1.13917e-08,2345,731,732,751,752,753,771,772,2324,2325,2344,2346,2364,2365,0,0,0,0,0,0,0,0,0,731,732,751,752,753,771,772,2324,2325,2344,2346,2364,2365,0,0,0,0,0,0,0,0,0,0.115932,0.115155,0.113035,0.09969,0.114781,0.1136,0.115803,0.0641697,0.0604278,0.0600959,0.0602416,0.0609602,0.0642948,0,0,0,0,0,0,0,0,0,0.114735,0.115185,0.114274,0.1,0.114745,0.115092,0.114684,0.0592093,0.0601701,0.0582211,0.0592304,0.0599691,0.0591237,0,0,0,0,0,0,0,0,0,1,1,1,1,1,1,1,1,1,1,1,1,1,0,0,0,0,0,0,0,0,0,1,1,1,1,1,1,1,1,1,1,1,1,1,0,0,0,0,0,0,0,0,0,1,0,0,0,0,0,0,0,0,0,0,0,0,0,0,0,0,0,0,0,0,0,0,13,0,0,0,0,0,0,0,0,0,0,0,0,0,0,0,0,0,0,0,0,0,0,0,0,0,0,0,0,0,0,0,0,0,0,0,0,0,0,0,0,0,0,0,0,0,0,0,0
-0.215317,0.0487621,1.18796,0,0,0,0,-1.04141e-09,1.03564e-09,1.7039e-08,2346,732,733,752,753,754,772,773,2325,2326,2345,2347,2365,2366,0,0,0,0,0,0,0,0,0,732,733,752,753,754,772,773,2325,2326,2345,2347,2365,2366,0,0,0,0,0,0,0,0,0,0.115344,0.115048,0.113948,0.0997668,0.115093,0.114192,0.115094,0.0627559,0.0600599,0.0602416,0.0605178,0.0605278,0.0624787,0,0,0,0,0,0,0,0,0,0.114519,0.115125,0.114734,0.1,0.115144,0.115137,0.114321,0.058745,0.0600423,0.0592304,0.0600828,0.0600523,0.0583295,0,0,0,0,0,0,0,0,0,1,1,1,1,1,1,1,1,1,1,1,1,1,0,0,0,0,0,0,0,0,0,1,1,1,1,1,1,1,1,1,1,1,1,1,0,0,0,0,0,0,0,0,0,1,0,0,0,0,0,0,0,0,0,0,0,0,0,0,0,0,0,0,0,0,0,0,13,0,0,0,0,0,0,0,0,0,0,0,0,0,0,0,0,0,0,0,0,0,0,0,0,0,0,0,0,0,0,0,0,0,0,0,0,0,0,0,0,0,0,0,0,0,0,0,0
-0.261543,0.016687,1.16567,0,0,0,0,-2.89356e-09,4.43542e-10,2.32276e-08,2347,733,734,753,754,755,773,774,2326,2327,2346,2348,2366,2367,0,0,0,0,0,0,0,0,0,733,734,753,754,755,773,774,2326,2327,2346,2348,2366,2367,0,0,0,0,0,0,0,0,0,0.114886,0.114579,0.114491,0.0998759,0.114856,0.113999,0.114384,0.0614936,0.0589582,0.0605178,0.0596813,0.0594249,0.0605353,0,0,0,0,0,0,0,0,0,0.114253,0.114641,0.115137,0.1,0.114935,0.114674,0.113798,0.0581743,0.0590075,0.0600828,0.0596389,0.0590796,0.0571785,0,0,0,0,0,0,0,0,0,1,1,1,1,1,1,1,1,1,1,1,1,1,0,0,0,0,0,0,0,0,0,1,1,1,1,1,1,1,1,1,1,1,1,1,0,0,0,0,0,0,0,0,0,1,0,0,0,0,0,0,0,0,0,0,0,0,0,0,0,0,0,0,0,0,0,0,13,0,0,0,0,0,0,0,0,0,0,0,0,0,0,0,0,0,0,0,0,0,0,0,0,0,0,0,0,0,0,0,0,0,0,0,0,0,0,0,0,0,0,0,0,0,0,0,0
-0.305707,-0.0139014,1.13967,0,0,0,0,-5.54503e-09,-2.12759e-10,2.9778e-08,2348,734,735,754,755,756,774,775,2327,2328,2347,2349,2367,2368,0,0,0,0,0,0,0,0,0,734,735,754,755,756,774,775,2327,2328,2347,2349,2367,2368,0,0,0,0,0,0,0,0,0,0.114223,0.113775,0.114409,0.099932,0.11343,0.113348,0.112873,0.059857,0.0571915,0.0596813,0.0563714,0.0574794,0.056865,0,0,0,0,0,0,0,0,0,0.113759,0.113811,0.114935,0.1,0.113503,0.113801,0.112454,0.0570969,0.0572016,0.0596389,0.056518,0.057189,0.0541518,0,0,0,0,0,0,0,0,0,1,1,1,1,1,1,1,1,1,1,1,1,1,0,0,0,0,0,0,0,0,0,1,1,1,1,1,1,1,1,1,1,1,1,1,0,0,0,0,0,0,0,0,0,1,0,0,0,0,0,0,0,0,0,0,0,0,0,0,0,0,0,0,0,0,0,0,13,0,0,0,0,0,0,0,0,0,0,0,0,0,0,0,0,0,0,0,0,0,0,0,0,0,0,0,0,0,0,0,0,0,0,0,0,0,0,0,0,0,0,0,0,0,0,0,0
-0.346457,-0.0408663,1.11157,0,0,0,0,-8.93351e-09,-8.90908e-10,3.63716e-08,2349,735,736,755,756,757,775,776,2328,2329,2348,2350,2368,2369,0,0,0,0,0,0,0,0,0,735,736,755,756,757,775,776,2328,2329,2348,2350,2368,2369,0,0,0,0,0,0,0,0,0,0.112561,0.113339,0.113094,0.0999694,0.113371,0.113044,0.112621,0.0559738,0.0562302,0.0563714,0.0561013,0.0564427,0.0560157,0,0,0,0,0,0,0,0,0,0.112248,0.113361,0.113507,0.1,0.113449,0.113338,0.112301,0.053685,0.0562041,0.056518,0.0563957,0.056164,0.0538009,0,0,0,0,0,0,0,0,0,1,1,1,1,1,1,1,1,1,1,1,1,1,0,0,0,0,0,0,0,0,0,1,1,1,1,1,1,1,1,1,1,1,1,1,0,0,0,0,0,0,0,0,0,1,0,0,0,0,0,0,0,0,0,0,0,0,0,0,0,0,0,0,0,0,0,0,13,0,0,0,0,0,0,0,0,0,0,0,0,0,0,0,0,0,0,0,0,0,0,0,0,0,0,0,0,0,0,0,0,0,0,0,0,0,0,0,0,0,0,0,0,0,0,0,0
-0.385426,-0.0669658,1.08078,0,0,0,0,-1.31244e-08,-1.60958e-09,4.31695e-08,2350,736,737,756,757,758,776,777,2329,2330,2349,2351,2369,2370,0,0,0,0,0,0,0,0,0,736,737,756,757,758,776,777,2329,2330,2349,2351,2369,2370,0,0,0,0,0,0,0,0,0,0.112295,0.11288,0.113118,0.0999922,0.113289,0.11268,0.112381,0.0551979,0.0552233,0.0561013,0.0558288,0.0553848,0.0552471,0,0,0,0,0,0,0,0,0,0.112075,0.112892,0.113454,0.1,0.113366,0.112865,0.11214,0.053286,0.0551511,0.0563957,0.0562104,0.0551025,0.053429,0,0,0,0,0,0,0,0,0,1,1,1,1,1,1,1,1,1,1,1,1,1,0,0,0,0,0,0,0,0,0,1,1,1,1,1,1,1,1,1,1,1,1,1,0,0,0,0,0,0,0,0,0,1,0,0,0,0,0,0,0,0,0,0,0,0,0,0,0,0,0,0,0,0,0,0,13,0,0,0,0,0,0,0,0,0,0,0,0,0,0,0,0,0,0,0,0,0,0,0,0,0,0,0,0,0,0,0,0,0,0,0,0,0,0,0,0,0,0,0,0,0,0,0,0
-0.42254,-0.0922467,1.04761,0,0,0,0,-1.8118e-08,-2.35821e-09,5.00818e-08,2351,737,738,757,758,759,777,778,2330,2331,2350,2352,2370,2371,0,0,0,0,0,0,0,0,0,737,738,757,758,759,777,778,2330,2331,2350,2352,2370,2371,0,0,0,0,0,0,0,0,0,0.112048,0.1138,0.113097,0.100007,0.114625,0.112275,0.11215,0.0544855,0.0573005,0.0558288,0.0587067,0.0543022,0.0545413,0,0,0,0,0,0,0,0,0,0.111897,0.113798,0.113373,0.1,0.114703,0.112387,0.11197,0.0528735,0.0571779,0.0562104,0.0591383,0.0540112,0.0530344,0,0,0,0,0,0,0,0,0,1,1,1,1,1,1,1,1,1,1,1,1,1,0,0,0,0,0,0,0,0,0,1,1,1,1,1,1,1,1,1,1,1,1,1,0,0,0,0,0,0,0,0,0,1,0,0,0,0,0,0,0,0,0,0,0,0,0,0,0,0,0,0,0,0,0,0,13,0,0,0,0,0,0,0,0,0,0,0,0,0,0,0,0,0,0,0,0,0,0,0,0,0,0,0,0,0,0,0,0,0,0,0,0,0,0,0,0,0,0,0,0,0,0,0,0
-0.460218,-0.116924,1.00996,0,0,0,0,-2.441e-08,-3.11702e-09,5.75027e-08,2352,738,739,758,759,760,778,779,2331,2332,2351,2353,2371,2372,0,0,0,0,0,0,0,0,0,738,739,758,759,760,778,779,2331,2332,2351,2353,2371,2372,0,0,0,0,0,0,0,0,0,0.112122,0.11355,0.114475,0.100018,0.114744,0.113044,0.112247,0.0545201,0.0567675,0.0587067,0.0589328,0.0559486,0.0546112,0,0,0,0,0,0,0,0,0,0.11202,0.113542,0.114712,0.1,0.11482,0.113105,0.112106,0.0531649,0.056614,0.0591383,0.0593898,0.0556478,0.0533529,0,0,0,0,0,0,0,0,0,1,1,1,1,1,1,1,1,1,1,1,1,1,0,0,0,0,0,0,0,0,0,1,1,1,1,1,1,1,1,1,1,1,1,1,0,0,0,0,0,0,0,0,0,1,0,0,0,0,0,0,0,0,0,0,0,0,0,0,0,0,0,0,0,0,0,0,13,0,0,0,0,0,0,0,0,0,0,0,0,0,0,0,0,0,0,0,0,0,0,0,0,0,0,0,0,0,0,0,0,0,0,0,0,0,0,0,0,0,0,0,0,0,0,0,0
-0.495981,-0.140952,0.969751,0,0,0,0,-3.16309e-08,-3.8372e-09,6.48864e-08,2353,739,740,759,760,761,779,780,2332,2333,2352,2354,2372,2373,0,0,0,0,0,0,0,0,0,739,740,759,760,761,779,780,2332,2333,2352,2354,2372,2373,0,0,0,0,0,0,0,0,0,0.111964,0.113016,0.11463,0.100021,0.114331,0.112855,0.11201,0.0540393,0.0556011,0.0589328,0.0580341,0.0554616,0.0539488,0,0,0,0,0,0,0,0,0,0.111898,0.112999,0.114831,0.1,0.114404,0.112876,0.111907,0.0528823,0.055398,0.0593898,0.0584914,0.0551329,0.0528901,0,0,0,0,0,0,0,0,0,1,1,1,1,1,1,1,1,1,1,1,1,1,0,0,0,0,0,0,0,0,0,1,1,1,1,1,1,1,1,1,1,1,1,1,0,0,0,0,0,0,0,0,0,1,0,0,0,0,0,0,0,0,0,0,0,0,0,0,0,0,0,0,0,0,0,0,13,0,0,0,0,0,0,0,0,0,0,0,0,0,0,0,0,0,0,0,0,0,0,0,0,0,0,0,0,0,0,0,0,0,0,0,0,0,0,0,0,0,0,0,0,0,0,0,0
-0.529104,-0.163834,0.927951,0,0,0,0,-3.96277e-08,-4.45704e-09,7.19923e-08,2354,740,741,760,761,762,780,781,2333,2334,2353,2355,2373,2374,0,0,0,0,0,0,0,0,0,740,741,760,761,762,780,781,2333,2334,2353,2355,2373,2374,0,0,0,0,0,0,0,0,0,0.111646,0.11246,0.114244,0.10002,0.113815,0.112455,0.111637,0.0531831,0.0543622,0.0580341,0.0569108,0.0545208,0.0529813,0,0,0,0,0,0,0,0,0,0.111603,0.112434,0.114414,0.1,0.113883,0.11245,0.111564,0.0521911,0.0541117,0.0584914,0.0573533,0.0541609,0.0520842,0,0,0,0,0,0,0,0,0,1,1,1,1,1,1,1,1,1,1,1,1,1,0,0,0,0,0,0,0,0,0,1,1,1,1,1,1,1,1,1,1,1,1,1,0,0,0,0,0,0,0,0,0,1,0,0,0,0,0,0,0,0,0,0,0,0,0,0,0,0,0,0,0,0,0,0,13,0,0,0,0,0,0,0,0,0,0,0,0,0,0,0,0,0,0,0,0,0,0,0,0,0,0,0,0,0,0,0,0,0,0,0,0,0,0,0,0,0,0,0,0,0,0,0,0
-0.559523,-0.185401,0.884957,0,0,0,0,-4.8324e-08,-4.92262e-09,7.87189e-08,2355,741,742,761,762,763,781,782,2334,2335,2354,2356,2374,2375,0,0,0,0,0,0,0,0,0,741,742,761,762,763,781,782,2334,2335,2354,2356,2374,2375,0,0,0,0,0,0,0,0,0,0.111245,0.111878,0.113748,0.100018,0.113231,0.111977,0.111204,0.0521341,0.0530349,0.0569108,0.0556294,0.0533972,0.0518774,0,0,0,0,0,0,0,0,0,0.11122,0.111845,0.113894,0.1,0.113295,0.111954,0.111156,0.0512782,0.0527444,0.0573533,0.0560483,0.0530111,0.0511097,0,0,0,0,0,0,0,0,0,1,1,1,1,1,1,1,1,1,1,1,1,1,0,0,0,0,0,0,0,0,0,1,1,1,1,1,1,1,1,1,1,1,1,1,0,0,0,0,0,0,0,0,0,1,0,0,0,0,0,0,0,0,0,0,0,0,0,0,0,0,0,0,0,0,0,0,13,0,0,0,0,0,0,0,0,0,0,0,0,0,0,0,0,0,0,0,0,0,0,0,0,0,0,0,0,0,0,0,0,0,0,0,0,0,0,0,0,0,0,0,0,0,0,0,0
-0.587211,-0.2056,0.841139,0,0,0,0,-5.76296e-08,-5.17904e-09,8.4985e-08,2356,742,743,762,763,764,782,783,2335,2336,2355,2357,2375,2376,0,0,0,0,0,0,0,0,0,742,743,762,763,764,782,783,2335,2336,2355,2357,2375,2376,0,0,0,0,0,0,0,0,0,0.110806,0.111276,0.113183,0.100015,0.112609,0.11145,0.110751,0.0509853,0.0516299,0.0556294,0.0542424,0.0521456,0.0507248,0,0,0,0,0,0,0,0,0,0.110792,0.111239,0.113306,0.1,0.11267,0.111415,0.110723,0.0502412,0.0513078,0.0560483,0.0546322,0.0517391,0.0500607,0,0,0,0,0,0,0,0,0,1,1,1,1,1,1,1,1,1,1,1,1,1,0,0,0,0,0,0,0,0,0,1,1,1,1,1,1,1,1,1,1,1,1,1,0,0,0,0,0,0,0,0,0,1,0,0,0,0,0,0,0,0,0,0,0,0,0,0,0,0,0,0,0,0,0,0,13,0,0,0,0,0,0,0,0,0,0,0,0,0,0,0,0,0,0,0,0,0,0,0,0,0,0,0,0,0,0,0,0,0,0,0,0,0,0,0,0,0,0,0,0,0,0,0,0
-0.612186,-0.224435,0.796826,0,0,0,0,-6.74568e-08,-5.17164e-09,9.07326e-08,2357,743,744,763,764,765,783,784,2336,2337,2356,2358,2376,2377,0,0,0,0,0,0,0,0,0,743,744,763,764,765,783,784,2336,2337,2356,2358,2376,2377,0,0,0,0,0,0,0,0,0,0.110354,0.110664,0.112577,0.100013,0.111981,0.110893,0.110309,0.0497966,0.0501625,0.0542424,0.0528145,0.0508006,0.0495916,0,0,0,0,0,0,0,0,0,0.110347,0.110626,0.11268,0.1,0.112038,0.110851,0.110298,0.0491452,0.0498177,0.0546322,0.0531718,0.0503807,0.0490111,0,0,0,0,0,0,0,0,0,1,1,1,1,1,1,1,1,1,1,1,1,1,0,0,0,0,0,0,0,0,0,1,1,1,1,1,1,1,1,1,1,1,1,1,0,0,0,0,0,0,0,0,0,1,0,0,0,0,0,0,0,0,0,0,0,0,0,0,0,0,0,0,0,0,0,0,13,0,0,0,0,0,0,0,0,0,0,0,0,0,0,0,0,0,0,0,0,0,0,0,0,0,0,0,0,0,0,0,0,0,0,0,0,0,0,0,0,0,0,0,0,0,0,0,0
-0.634511,-0.241953,0.752282,0,0,0,0,-7.77326e-08,-4.84864e-09,9.59278e-08,2358,744,745,764,765,766,784,785,2337,2338,2357,2359,2377,2378,0,0,0,0,0,0,0,0,0,744,745,764,765,766,784,785,2337,2338,2357,2359,2377,2378,0,0,0,0,0,0,0,0,0,0.109913,0.110047,0.111964,0.100011,0.111389,0.110319,0.109903,0.0486203,0.0486459,0.0528145,0.0514431,0.0493834,0.048534,0,0,0,0,0,0,0,0,0,0.109909,0.110011,0.112048,0.1,0.111442,0.110274,0.109904,0.0480465,0.0482868,0.0531718,0.0517656,0.0489572,0.0480229,0,0,0,0,0,0,0,0,0,1,1,1,1,1,1,1,1,1,1,1,1,1,0,0,0,0,0,0,0,0,0,1,1,1,1,1,1,1,1,1,1,1,1,1,0,0,0,0,0,0,0,0,0,1,0,0,0,0,0,0,0,0,0,0,0,0,0,0,0,0,0,0,0,0,0,0,13,0,0,0,0,0,0,0,0,0,0,0,0,0,0,0,0,0,0,0,0,0,0,0,0,0,0,0,0,0,0,0,0,0,0,0,0,0,0,0,0,0,0,0,0,0,0,0,0
-0.654305,-0.258223,0.707674,0,0,0,0,-8.84194e-08,-4.15764e-09,1.00561e-07,2359,112,113,745,746,765,766,785,1705,1706,2338,2339,2358,2378,0,0,0,0,0,0,0,0,0,112,113,745,746,765,766,785,1705,1706,2338,2339,2358,2378,0,0,0,0,0,0,0,0,0,0.109544,0.110867,0.109499,0.109424,0.111387,0.10001,0.109734,0.0475613,0.0502285,0.0475044,0.0470846,0.0514431,0.0478969,0,0,0,0,0,0,0,0,0,0.109549,0.110921,0.109499,0.109398,0.111452,0.1,0.109686,0.0471165,0.0505098,0.0469982,0.0467193,0.0517656,0.0474708,0,0,0,0,0,0,0,0,0,1,1,1,1,1,1,1,1,1,1,1,1,1,0,0,0,0,0,0,0,0,0,1,1,1,1,1,1,1,1,1,1,1,1,1,0,0,0,0,0,0,0,0,0,1,0,0,0,0,0,0,0,0,0,0,0,0,0,0,0,0,0,0,0,0,0,0,13,0,0,0,0,0,0,0,0,0,0,0,0,0,0,0,0,0,0,0,0,0,0,0,0,0,0,0,0,0,0,0,0,0,0,0,0,0,0,0,0,0,0,0,0,0,0,0,0
0.0329817,0.179515,1.22234,0,0,0,0,-1.69149e-09,2.29755e-09,-7.56772e-10,2360,60,61,747,748,767,768,786,1653,1654,2340,2341,2361,2379,0,0,0,0,0,0,0,0,0,60,61,747,748,767,768,786,1653,1654,2340,2341,2361,2379,0,0,0,0,0,0,0,0,0,0.111446,0.109676,0.116993,0.111081,0.100887,0.108766,0.11695,0.0520302,0.046084,0.0633496,0.0520806,0.0476224,0.0656023,0,0,0,0,0,0,0,0,0,0.110545,0.108692,0.118157,0.110582,0.1,0.109046,0.119227,0.0494634,0.0446905,0.0662272,0.0495642,0.045632,0.0682221,0,0,0,0,0,0,0,0,0,1,1,1,1,1,1,1,1,1,1,1,1,1,0,0,0,0,0,0,0,0,0,1,1,1,1,1,1,1,1,1,1,1,1,1,0,0,0,0,0,0,0,0,0,1,0,0,0,0,0,0,0,0,0,0,0,0,0,0,0,0,0,0,0,0,0,0,13,0,0,0,0,0,0,0,0,0,0,0,0,0,0,0,0,0,0,0,0,0,0,0,0,0,0,0,0,0,0,0,0,0,0,0,0,0,0,0,0,0,0,0,0,0,0,0,0
-0.00439589,0.15183,1.23256,0,0,0,0,-1.03782e-09,2.27062e-09,7.88227e-10,2361,748,749,767,768,769,786,787,2341,2342,2360,2362,2379,2380,0,0,0,0,0,0,0,0,0,748,749,767,768,769,786,787,2341,2342,2360,2362,2379,2380,0,0,0,0,0,0,0,0,0,0.118021,0.111423,0.109579,0.101019,0.109525,0.110745,0.117937,0.0654347,0.0520834,0.0476224,0.0489653,0.0522768,0.0676131,0,0,0,0,0,0,0,0,0,0.118959,0.110724,0.109044,0.1,0.109467,0.110687,0.119948,0.0677972,0.0499135,0.045632,0.0467346,0.0498172,0.0696029,0,0,0,0,0,0,0,0,0,1,1,1,1,1,1,1,1,1,1,1,1,1,0,0,0,0,0,0,0,0,0,1,1,1,1,1,1,1,1,1,1,1,1,1,0,0,0,0,0,0,0,0,0,1,0,0,0,0,0,0,0,0,0,0,0,0,0,0,0,0,0,0,0,0,0,0,13,0,0,0,0,0,0,0,0,0,0,0,0,0,0,0,0,0,0,0,0,0,0,0,0,0,0,0,0,0,0,0,0,0,0,0,0,0,0,0,0,0,0,0,0,0,0,0,0
-0.0418133,0.120627,1.23745,0,0,0,0,-3.6357e-10,2.05237e-09,2.92672e-09,2362,749,750,768,769,770,787,788,2342,2343,2361,2363,2380,2381,0,0,0,0,0,0,0,0,0,749,750,768,769,770,787,788,2342,2343,2361,2363,2380,2381,0,0,0,0,0,0,0,0,0,0.118489,0.112041,0.109645,0.100938,0.11075,0.110479,0.118475,0.066838,0.0518925,0.0489653,0.0500034,0.0522515,0.0687026,0,0,0,0,0,0,0,0,0,0.119729,0.110841,0.109464,0.1,0.109921,0.110757,0.120609,0.0692805,0.0502006,0.0467346,0.0479,0.0499905,0.07085,0,0,0,0,0,0,0,0,0,1,1,1,1,1,1,1,1,1,1,1,1,1,0,0,0,0,0,0,0,0,0,1,1,1,1,1,1,1,1,1,1,1,1,1,0,0,0,0,0,0,0,0,0,1,0,0,0,0,0,0,0,0,0,0,0,0,0,0,0,0,0,0,0,0,0,0,13,0,0,0,0,0,0,0,0,0,0,0,0,0,0,0,0,0,0,0,0,0,0,0,0,0,0,0,0,0,0,0,0,0,0,0,0,0,0,0,0,0,0,0,0,0,0,0,0
-0.0787789,0.0869592,1.23683,0,0,0,0,2.24471e-10,1.67321e-09,5.57741e-09,2363,750,751,769,770,771,788,789,2343,2344,2362,2364,2381,2382,0,0,0,0,0,0,0,0,0,750,751,769,770,771,788,789,2343,2344,2362,2364,2381,2382,0,0,0,0,0,0,0,0,0,0.11911,0.113409,0.109942,0.101645,0.112989,0.110542,0.119246,0.0673725,0.0553711,0.0500034,0.0552636,0.0520427,0.0686042,0,0,0,0,0,0,0,0,0,0.120461,0.112657,0.109918,0.1,0.112278,0.110801,0.1212,0.0706716,0.054145,0.0479,0.0532355,0.0501009,0.0719534,0,0,0,0,0,0,0,0,0,1,1,1,1,1,1,1,1,1,1,1,1,1,0,0,0,0,0,0,0,0,0,1,1,1,1,1,1,1,1,1,1,1,1,1,0,0,0,0,0,0,0,0,0,1,0,0,0,0,0,0,0,0,0,0,0,0,0,0,0,0,0,0,0,0,0,0,13,0,0,0,0,0,0,0,0,0,0,0,0,0,0,0,0,0,0,0,0,0,0,0,0,0,0,0,0,0,0,0,0,0,0,0,0,0,0,0,0,0,0,0,0,0,0,0,0
-0.120113,0.0515903,1.22711,0,0,0,0,3.7023e-10,1.09514e-09,8.81379e-09,2364,751,752,770,771,772,789,790,2344,2345,2363,2365,2382,2383,0,0,0,0,0,0,0,0,0,751,752,770,771,772,789,790,2344,2345,2363,2365,2382,2383,0,0,0,0,0,0,0,0,0,0.116212,0.114957,0.110988,0.0989295,0.114839,0.111312,0.115958,0.0662612,0.0609602,0.0552636,0.0611073,0.0558419,0.0661628,0,0,0,0,0,0,0,0,0,0.11493,0.115091,0.111854,0.1,0.114985,0.112301,0.114796,0.0596279,0.0599691,0.0532355,0.0597402,0.0542335,0.0593549,0,0,0,0,0,0,0,0,0,1,1,1,1,1,1,1,1,1,1,1,1,1,0,0,0,0,0,0,0,0,0,1,1,1,1,1,1,1,1,1,1,1,1,1,0,0,0,0,0,0,0,0,0,1,0,0,0,0,0,0,0,0,0,0,0,0,0,0,0,0,0,0,0,0,0,0,13,0,0,0,0,0,0,0,0,0,0,0,0,0,0,0,0,0,0,0,0,0,0,0,0,0,0,0,0,0,0,0,0,0,0,0,0,0,0,0,0,0,0,0,0,0,0,0,0
-0.168633,0.0180274,1.21119,0,0,0,0,-4.50653e-11,5.0011e-10,1.30233e-08,2365,752,753,771,772,773,790,791,2345,2346,2364,2366,2383,2384,0,0,0,0,0,0,0,0,0,752,753,771,772,773,790,791,2345,2346,2364,2366,2383,2384,0,0,0,0,0,0,0,0,0,0.115906,0.115118,0.113592,0.099736,0.115409,0.113549,0.115495,0.0642948,0.0605278,0.0611073,0.0612806,0.060971,0.0635833,0,0,0,0,0,0,0,0,0,0.114696,0.11513,0.114972,0.1,0.115461,0.114946,0.114336,0.0591237,0.0600523,0.0597402,0.0607519,0.059675,0.0583504,0,0,0,0,0,0,0,0,0,1,1,1,1,1,1,1,1,1,1,1,1,1,0,0,0,0,0,0,0,0,0,1,1,1,1,1,1,1,1,1,1,1,1,1,0,0,0,0,0,0,0,0,0,1,0,0,0,0,0,0,0,0,0,0,0,0,0,0,0,0,0,0,0,0,0,0,13,0,0,0,0,0,0,0,0,0,0,0,0,0,0,0,0,0,0,0,0,0,0,0,0,0,0,0,0,0,0,0,0,0,0,0,0,0,0,0,0,0,0,0,0,0,0,0,0
-0.216439,-0.0136838,1.18964,0,0,0,0,-1.11927e-09,-1.3027e-10,1.78451e-08,2366,753,754,772,773,774,791,792,2346,2347,2365,2367,2384,2385,0,0,0,0,0,0,0,0,0,753,754,772,773,774,791,792,2346,2347,2365,2367,2384,2385,0,0,0,0,0,0,0,0,0,0.115149,0.114657,0.114526,0.0997718,0.115515,0.113783,0.114477,0.0624787,0.0594249,0.0612806,0.0611435,0.0598673,0.0610759,0,0,0,0,0,0,0,0,0,0.114324,0.114674,0.115458,0.1,0.115613,0.114603,0.113708,0.0583295,0.0590796,0.0607519,0.0610728,0.0589442,0.0569728,0,0,0,0,0,0,0,0,0,1,1,1,1,1,1,1,1,1,1,1,1,1,0,0,0,0,0,0,0,0,0,1,1,1,1,1,1,1,1,1,1,1,1,1,0,0,0,0,0,0,0,0,0,1,0,0,0,0,0,0,0,0,0,0,0,0,0,0,0,0,0,0,0,0,0,0,13,0,0,0,0,0,0,0,0,0,0,0,0,0,0,0,0,0,0,0,0,0,0,0,0,0,0,0,0,0,0,0,0,0,0,0,0,0,0,0,0,0,0,0,0,0,0,0,0
-0.262945,-0.0438026,1.16378,0,0,0,0,-2.95538e-09,-7.73769e-10,2.32314e-08,2367,754,755,773,774,775,792,793,2347,2348,2366,2368,2385,2386,0,0,0,0,0,0,0,0,0,754,755,773,774,775,792,793,2347,2348,2366,2368,2385,2386,0,0,0,0,0,0,0,0,0,0.114392,0.113818,0.114851,0.0998748,0.113824,0.113493,0.113233,0.0605353,0.0574794,0.0611435,0.057255,0.0585081,0.0578807,0,0,0,0,0,0,0,0,0,0.113794,0.113805,0.115618,0.1,0.1139,0.114064,0.112675,0.0571785,0.057189,0.0610728,0.0573938,0.0577758,0.0546545,0,0,0,0,0,0,0,0,0,1,1,1,1,1,1,1,1,1,1,1,1,1,0,0,0,0,0,0,0,0,0,1,1,1,1,1,1,1,1,1,1,1,1,1,0,0,0,0,0,0,0,0,0,1,0,0,0,0,0,0,0,0,0,0,0,0,0,0,0,0,0,0,0,0,0,0,13,0,0,0,0,0,0,0,0,0,0,0,0,0,0,0,0,0,0,0,0,0,0,0,0,0,0,0,0,0,0,0,0,0,0,0,0,0,0,0,0,0,0,0,0,0,0,0,0
-0.305227,-0.070648,1.13604,0,0,0,0,-5.45453e-09,-1.39727e-09,2.87541e-08,2368,755,756,774,775,776,793,794,2348,2349,2367,2369,2386,2387,0,0,0,0,0,0,0,0,0,755,756,774,775,776,793,794,2348,2349,2367,2369,2386,2387,0,0,0,0,0,0,0,0,0,0.112843,0.113354,0.113335,0.0999223,0.113738,0.112918,0.112948,0.056865,0.0564427,0.057255,0.0569046,0.0566577,0.0569068,0,0,0,0,0,0,0,0,0,0.112449,0.113343,0.113907,0.1,0.11382,0.11327,0.112534,0.0541518,0.056164,0.0573938,0.0572184,0.0560189,0.0543351,0,0,0,0,0,0,0,0,0,1,1,1,1,1,1,1,1,1,1,1,1,1,0,0,0,0,0,0,0,0,0,1,1,1,1,1,1,1,1,1,1,1,1,1,0,0,0,0,0,0,0,0,0,1,0,0,0,0,0,0,0,0,0,0,0,0,0,0,0,0,0,0,0,0,0,0,13,0,0,0,0,0,0,0,0,0,0,0,0,0,0,0,0,0,0,0,0,0,0,0,0,0,0,0,0,0,0,0,0,0,0,0,0,0,0,0,0,0,0,0,0,0,0,0,0
-0.34569,-0.0965522,1.10555,0,0,0,0,-8.7205e-09,-2.02186e-09,3.45834e-08,2369,756,757,775,776,777,794,795,2349,2350,2368,2370,2387,2388,0,0,0,0,0,0,0,0,0,756,757,775,776,777,794,795,2349,2350,2368,2370,2387,2388,0,0,0,0,0,0,0,0,0,0.112562,0.112885,0.11338,0.0999583,0.113641,0.112585,0.112691,0.0560157,0.0553848,0.0569046,0.0565875,0.055538,0.0560531,0,0,0,0,0,0,0,0,0,0.112296,0.112871,0.113829,0.1,0.113722,0.112804,0.112384,0.0538009,0.0551025,0.0572184,0.0570006,0.0549676,0.0539907,0,0,0,0,0,0,0,0,0,1,1,1,1,1,1,1,1,1,1,1,1,1,0,0,0,0,0,0,0,0,0,1,1,1,1,1,1,1,1,1,1,1,1,1,0,0,0,0,0,0,0,0,0,1,0,0,0,0,0,0,0,0,0,0,0,0,0,0,0,0,0,0,0,0,0,0,13,0,0,0,0,0,0,0,0,0,0,0,0,0,0,0,0,0,0,0,0,0,0,0,0,0,0,0,0,0,0,0,0,0,0,0,0,0,0,0,0,0,0,0,0,0,0,0,0
-0.384288,-0.121592,1.0726,0,0,0,0,-1.27669e-08,-2.6434e-09,4.06284e-08,2370,757,758,776,777,778,795,796,2350,2351,2369,2371,2388,2389,0,0,0,0,0,0,0,0,0,757,758,776,777,778,795,796,2350,2351,2369,2371,2388,2389,0,0,0,0,0,0,0,0,0,0.112311,0.112411,0.113377,0.0999818,0.11353,0.112206,0.112451,0.0552471,0.0543022,0.0565875,0.0562845,0.0544161,0.0552887,0,0,0,0,0,0,0,0,0,0.112134,0.112393,0.113731,0.1,0.113608,0.112334,0.112223,0.053429,0.0540112,0.0570006,0.0567469,0.0538921,0.0536216,0,0,0,0,0,0,0,0,0,1,1,1,1,1,1,1,1,1,1,1,1,1,0,0,0,0,0,0,0,0,0,1,1,1,1,1,1,1,1,1,1,1,1,1,0,0,0,0,0,0,0,0,0,1,0,0,0,0,0,0,0,0,0,0,0,0,0,0,0,0,0,0,0,0,0,0,13,0,0,0,0,0,0,0,0,0,0,0,0,0,0,0,0,0,0,0,0,0,0,0,0,0,0,0,0,0,0,0,0,0,0,0,0,0,0,0,0,0,0,0,0,0,0,0,0
-0.420969,-0.145809,1.03745,0,0,0,0,-1.75939e-08,-3.25117e-09,4.67961e-08,2371,758,759,777,778,779,796,797,2351,2352,2370,2372,2389,2390,0,0,0,0,0,0,0,0,0,758,759,777,778,779,796,797,2351,2352,2370,2372,2389,2390,0,0,0,0,0,0,0,0,0,0.112081,0.113134,0.113336,0.0999982,0.115017,0.111796,0.112522,0.0545413,0.0559486,0.0562845,0.0594822,0.0532902,0.0552912,0,0,0,0,0,0,0,0,0,0.111964,0.11311,0.113617,0.1,0.115096,0.111863,0.112356,0.0530344,0.0556478,0.0567469,0.059977,0.0527949,0.0539315,0,0,0,0,0,0,0,0,0,1,1,1,1,1,1,1,1,1,1,1,1,1,0,0,0,0,0,0,0,0,0,1,1,1,1,1,1,1,1,1,1,1,1,1,0,0,0,0,0,0,0,0,0,1,0,0,0,0,0,0,0,0,0,0,0,0,0,0,0,0,0,0,0,0,0,0,13,0,0,0,0,0,0,0,0,0,0,0,0,0,0,0,0,0,0,0,0,0,0,0,0,0,0,0,0,0,0,0,0,0,0,0,0,0,0,0,0,0,0,0,0,0,0,0,0
-0.458053,-0.17012,0.997798,0,0,0,0,-2.36612e-08,-3.80871e-09,5.34123e-08,2372,759,760,778,779,780,797,798,2352,2353,2371,2373,2390,2391,0,0,0,0,0,0,0,0,0,759,760,778,779,780,797,798,2352,2353,2371,2373,2390,2391,0,0,0,0,0,0,0,0,0,0.112168,0.112911,0.114869,0.100008,0.11473,0.112209,0.112312,0.0546112,0.0554616,0.0594822,0.0588496,0.0541411,0.0546644,0,0,0,0,0,0,0,0,0,0.112099,0.112881,0.115107,0.1,0.114801,0.112232,0.112185,0.0533529,0.0551329,0.059977,0.0593482,0.0536593,0.0535371,0,0,0,0,0,0,0,0,0,1,1,1,1,1,1,1,1,1,1,1,1,1,0,0,0,0,0,0,0,0,0,1,1,1,1,1,1,1,1,1,1,1,1,1,0,0,0,0,0,0,0,0,0,1,0,0,0,0,0,0,0,0,0,0,0,0,0,0,0,0,0,0,0,0,0,0,13,0,0,0,0,0,0,0,0,0,0,0,0,0,0,0,0,0,0,0,0,0,0,0,0,0,0,0,0,0,0,0,0,0,0,0,0,0,0,0,0,0,0,0,0,0,0,0,0
-0.492825,-0.193088,0.956245,0,0,0,0,-3.05723e-08,-4.26222e-09,5.99525e-08,2373,760,761,779,780,781,798,799,2353,2354,2372,2374,2391,2392,0,0,0,0,0,0,0,0,0,760,761,779,780,781,798,799,2353,2354,2372,2374,2391,2392,0,0,0,0,0,0,0,0,0,0.111939,0.112492,0.114613,0.100011,0.114226,0.112136,0.111937,0.0539488,0.0545208,0.0588496,0.0577671,0.053909,0.0536885,0,0,0,0,0,0,0,0,0,0.1119,0.112455,0.114813,0.1,0.114294,0.112128,0.111847,0.0528901,0.0541609,0.0593482,0.0582521,0.0534198,0.0527511,0,0,0,0,0,0,0,0,0,1,1,1,1,1,1,1,1,1,1,1,1,1,0,0,0,0,0,0,0,0,0,1,1,1,1,1,1,1,1,1,1,1,1,1,0,0,0,0,0,0,0,0,0,1,0,0,0,0,0,0,0,0,0,0,0,0,0,0,0,0,0,0,0,0,0,0,13,0,0,0,0,0,0,0,0,0,0,0,0,0,0,0,0,0,0,0,0,0,0,0,0,0,0,0,0,0,0,0,0,0,0,0,0,0,0,0,0,0,0,0,0,0,0,0,0
-0.52499,-0.214598,0.913353,0,0,0,0,-3.82378e-08,-4.56124e-09,6.62715e-08,2374,761,762,780,781,782,799,800,2354,2355,2373,2375,2392,2393,0,0,0,0,0,0,0,0,0,761,762,780,781,782,799,800,2354,2355,2373,2375,2392,2393,0,0,0,0,0,0,0,0,0,0.111577,0.112001,0.114138,0.100012,0.113658,0.111852,0.111511,0.0529813,0.0533972,0.0577671,0.0565388,0.0532009,0.0526046,0,0,0,0,0,0,0,0,0,0.111558,0.111958,0.114306,0.1,0.113723,0.111822,0.111452,0.0520842,0.0530111,0.0582521,0.0569994,0.0527052,0.0518167,0,0,0,0,0,0,0,0,0,1,1,1,1,1,1,1,1,1,1,1,1,1,0,0,0,0,0,0,0,0,0,1,1,1,1,1,1,1,1,1,1,1,1,1,0,0,0,0,0,0,0,0,0,1,0,0,0,0,0,0,0,0,0,0,0,0,0,0,0,0,0,0,0,0,0,0,13,0,0,0,0,0,0,0,0,0,0,0,0,0,0,0,0,0,0,0,0,0,0,0,0,0,0,0,0,0,0,0,0,0,0,0,0,0,0,0,0,0,0,0,0,0,0,0,0
-0.554485,-0.234662,0.869488,0,0,0,0,-4.65809e-08,-4.65827e-09,7.22732e-08,2375,762,763,781,782,783,800,801,2355,2356,2374,2376,2393,2394,0,0,0,0,0,0,0,0,0,762,763,781,782,783,800,801,2355,2356,2374,2376,2393,2394,0,0,0,0,0,0,0,0,0,0.111156,0.111465,0.113595,0.100012,0.113051,0.111456,0.111072,0.0518774,0.0521456,0.0565388,0.0552094,0.0522357,0.0514948,0,0,0,0,0,0,0,0,0,0.11115,0.111419,0.113735,0.1,0.113113,0.111412,0.111037,0.0511097,0.0517391,0.0569994,0.0556382,0.051735,0.0508239,0,0,0,0,0,0,0,0,0,1,1,1,1,1,1,1,1,1,1,1,1,1,0,0,0,0,0,0,0,0,0,1,1,1,1,1,1,1,1,1,1,1,1,1,0,0,0,0,0,0,0,0,0,1,0,0,0,0,0,0,0,0,0,0,0,0,0,0,0,0,0,0,0,0,0,0,13,0,0,0,0,0,0,0,0,0,0,0,0,0,0,0,0,0,0,0,0,0,0,0,0,0,0,0,0,0,0,0,0,0,0,0,0,0,0,0,0,0,0,0,0,0,0,0,0
-0.581294,-0.253315,0.824974,0,0,0,0,-5.55247e-08,-4.50221e-09,7.7883e-08,2376,763,764,782,783,784,801,802,2356,2357,2375,2377,2394,2395,0,0,0,0,0,0,0,0,0,763,764,782,783,784,801,802,2356,2357,2375,2377,2394,2395,0,0,0,0,0,0,0,0,0,0.110716,0.110901,0.113009,0.100011,0.11244,0.110997,0.110656,0.0507248,0.0508006,0.0552094,0.0538458,0.0511115,0.0504403,0,0,0,0,0,0,0,0,0,0.110718,0.110855,0.113125,0.1,0.112498,0.110945,0.110642,0.0500607,0.0503807,0.0556382,0.0542385,0.0506098,0.0498609,0,0,0,0,0,0,0,0,0,1,1,1,1,1,1,1,1,1,1,1,1,1,0,0,0,0,0,0,0,0,0,1,1,1,1,1,1,1,1,1,1,1,1,1,0,0,0,0,0,0,0,0,0,1,0,0,0,0,0,0,0,0,0,0,0,0,0,0,0,0,0,0,0,0,0,0,13,0,0,0,0,0,0,0,0,0,0,0,0,0,0,0,0,0,0,0,0,0,0,0,0,0,0,0,0,0,0,0,0,0,0,0,0,0,0,0,0,0,0,0,0,0,0,0,0
-0.605452,-0.270623,0.780072,0,0,0,0,-6.50051e-08,-4.04085e-09,8.30494e-08,2377,764,765,783,784,785,802,803,2357,2358,2376,2378,2395,2396,0,0,0,0,0,0,0,0,0,764,765,783,784,785,802,803,2357,2358,2376,2378,2395,2396,0,0,0,0,0,0,0,0,0,0.110288,0.11032,0.112416,0.10001,0.111868,0.110499,0.110294,0.0495916,0.0493834,0.0538458,0.0525529,0.0498763,0.0495118,0,0,0,0,0,0,0,0,0,0.110293,0.110278,0.112509,0.1,0.111925,0.110443,0.110295,0.0490111,0.0489572,0.0542385,0.0529071,0.0493788,0.0490046,0,0,0,0,0,0,0,0,0,1,1,1,1,1,1,1,1,1,1,1,1,1,0,0,0,0,0,0,0,0,0,1,1,1,1,1,1,1,1,1,1,1,1,1,0,0,0,0,0,0,0,0,0,1,0,0,0,0,0,0,0,0,0,0,0,0,0,0,0,0,0,0,0,0,0,0,13,0,0,0,0,0,0,0,0,0,0,0,0,0,0,0,0,0,0,0,0,0,0,0,0,0,0,0,0,0,0,0,0,0,0,0,0,0,0,0,0,0,0,0,0,0,0,0,0
-0.627065,-0.286665,0.734935,0,0,0,0,-7.49914e-08,-3.22036e-09,8.77486e-08,2378,111,112,765,766,784,785,803,1704,1705,2358,2359,2377,2396,0,0,0,0,0,0,0,0,0,111,112,765,766,784,785,803,1704,1705,2358,2359,2377,2396,0,0,0,0,0,0,0,0,0,0.10998,0.111369,0.109892,0.109722,0.111864,0.100009,0.109969,0.0486777,0.0514158,0.048534,0.0478969,0.0525529,0.0485325,0,0,0,0,0,0,0,0,0,0.109988,0.111426,0.1099,0.109689,0.111936,0.1,0.10991,0.0482353,0.0517262,0.0480229,0.0474708,0.0529071,0.048043,0,0,0,0,0,0,0,0,0,1,1,1,1,1,1,1,1,1,1,1,1,1,0,0,0,0,0,0,0,0,0,1,1,1,1,1,1,1,1,1,1,1,1,1,0,0,0,0,0,0,0,0,0,1,0,0,0,0,0,0,0,0,0,0,0,0,0,0,0,0,0,0,0,0,0,0,13,0,0,0,0,0,0,0,0,0,0,0,0,0,0,0,0,0,0,0,0,0,0,0,0,0,0,0,0,0,0,0,0,0,0,0,0,0,0,0,0,0,0,0,0,0,0,0,0
0.0332184,0.116192,1.23948,0,0,0,0,-1.7595e-09,2.11423e-09,3.42666e-09,2379,59,60,767,768,786,787,804,1652,1653,2360,2361,2380,2397,0,0,0,0,0,0,0,0,0,59,60,767,768,786,787,804,1652,1653,2360,2361,2380,2397,0,0,0,0,0,0,0,0,0,0.111561,0.110175,0.117823,0.11098,0.100946,0.109157,0.118109,0.0519942,0.0475755,0.0656023,0.0522768,0.048699,0.067737,0,0,0,0,0,0,0,0,0,0.110693,0.109134,0.119179,0.110683,0.1,0.109425,0.120132,0.0498311,0.0458731,0.0682221,0.0498172,0.0466308,0.0699495,0,0,0,0,0,0,0,0,0,1,1,1,1,1,1,1,1,1,1,1,1,1,0,0,0,0,0,0,0,0,0,1,1,1,1,1,1,1,1,1,1,1,1,1,0,0,0,0,0,0,0,0,0,1,0,0,0,0,0,0,0,0,0,0,0,0,0,0,0,0,0,0,0,0,0,0,13,0,0,0,0,0,0,0,0,0,0,0,0,0,0,0,0,0,0,0,0,0,0,0,0,0,0,0,0,0,0,0,0,0,0,0,0,0,0,0,0,0,0,0,0,0,0,0,0
-0.00406705,0.085764,1.24693,0,0,0,0,-1.11619e-09,1.72168e-09,4.26917e-09,2380,768,769,786,787,788,804,805,2361,2362,2379,2381,2397,2398,0,0,0,0,0,0,0,0,0,768,769,786,787,788,804,805,2361,2362,2379,2381,2397,2398,0,0,0,0,0,0,0,0,0,0.118805,0.11128,0.109848,0.101076,0.109823,0.110833,0.118963,0.0676131,0.0522515,0.048699,0.0497059,0.0522318,0.0693156,0,0,0,0,0,0,0,0,0,0.119899,0.110753,0.109423,0.1,0.109804,0.110743,0.120635,0.0696029,0.0499905,0.0466308,0.0476084,0.0499603,0.0708974,0,0,0,0,0,0,0,0,0,1,1,1,1,1,1,1,1,1,1,1,1,1,0,0,0,0,0,0,0,0,0,1,1,1,1,1,1,1,1,1,1,1,1,1,0,0,0,0,0,0,0,0,0,1,0,0,0,0,0,0,0,0,0,0,0,0,0,0,0,0,0,0,0,0,0,0,13,0,0,0,0,0,0,0,0,0,0,0,0,0,0,0,0,0,0,0,0,0,0,0,0,0,0,0,0,0,0,0,0,0,0,0,0,0,0,0,0,0,0,0,0,0,0,0,0
-0.0412326,0.0527851,1.24827,0,0,0,0,-4.38368e-10,1.19188e-09,5.56551e-09,2381,769,770,787,788,789,805,806,2362,2363,2380,2382,2398,2399,0,0,0,0,0,0,0,0,0,769,770,787,788,789,805,806,2362,2363,2380,2382,2398,2399,0,0,0,0,0,0,0,0,0,0.11911,0.111914,0.10982,0.100956,0.111024,0.110503,0.119088,0.0687026,0.0520427,0.0497059,0.0504457,0.0520426,0.0695216,0,0,0,0,0,0,0,0,0,0.120557,0.110798,0.109801,0.1,0.110222,0.110667,0.120896,0.07085,0.0501009,0.0476084,0.0486668,0.0497764,0.0714108,0,0,0,0,0,0,0,0,0,1,1,1,1,1,1,1,1,1,1,1,1,1,0,0,0,0,0,0,0,0,0,1,1,1,1,1,1,1,1,1,1,1,1,1,0,0,0,0,0,0,0,0,0,1,0,0,0,0,0,0,0,0,0,0,0,0,0,0,0,0,0,0,0,0,0,0,13,0,0,0,0,0,0,0,0,0,0,0,0,0,0,0,0,0,0,0,0,0,0,0,0,0,0,0,0,0,0,0,0,0,0,0,0,0,0,0,0,0,0,0,0,0,0,0,0
-0.078135,0.0186997,1.24367,0,0,0,0,1.75557e-10,5.78034e-10,7.28022e-09,2382,770,771,788,789,790,806,807,2363,2364,2381,2383,2399,2400,0,0,0,0,0,0,0,0,0,770,771,788,789,790,806,807,2363,2364,2381,2383,2399,2400,0,0,0,0,0,0,0,0,0,0.119554,0.113477,0.110122,0.101768,0.11335,0.110434,0.11922,0.0686042,0.0558419,0.0504457,0.0556327,0.0514948,0.0682391,0,0,0,0,0,0,0,0,0,0.121147,0.112719,0.110219,0.1,0.112737,0.110581,0.120918,0.0719534,0.0542335,0.0486668,0.0542062,0.0495695,0.0714986,0,0,0,0,0,0,0,0,0,1,1,1,1,1,1,1,1,1,1,1,1,1,0,0,0,0,0,0,0,0,0,1,1,1,1,1,1,1,1,1,1,1,1,1,0,0,0,0,0,0,0,0,0,1,0,0,0,0,0,0,0,0,0,0,0,0,0,0,0,0,0,0,0,0,0,0,13,0,0,0,0,0,0,0,0,0,0,0,0,0,0,0,0,0,0,0,0,0,0,0,0,0,0,0,0,0,0,0,0,0,0,0,0,0,0,0,0,0,0,0,0,0,0,0,0
-0.120431,-0.0145298,1.22947,0,0,0,0,3.4348e-10,-7.56598e-11,9.57639e-09,2383,771,772,789,790,791,807,808,2364,2365,2382,2384,2400,2401,0,0,0,0,0,0,0,0,0,771,772,789,790,791,807,808,2364,2365,2382,2384,2400,2401,0,0,0,0,0,0,0,0,0,0.116046,0.114873,0.111281,0.0990022,0.115251,0.111053,0.11552,0.0661628,0.060971,0.0556327,0.0616085,0.0555471,0.0650673,0,0,0,0,0,0,0,0,0,0.114804,0.114954,0.112271,0.1,0.11547,0.111983,0.114331,0.0593549,0.059675,0.0542062,0.0607718,0.0535385,0.0583362,0,0,0,0,0,0,0,0,0,1,1,1,1,1,1,1,1,1,1,1,1,1,0,0,0,0,0,0,0,0,0,1,1,1,1,1,1,1,1,1,1,1,1,1,0,0,0,0,0,0,0,0,0,1,0,0,0,0,0,0,0,0,0,0,0,0,0,0,0,0,0,0,0,0,0,0,13,0,0,0,0,0,0,0,0,0,0,0,0,0,0,0,0,0,0,0,0,0,0,0,0,0,0,0,0,0,0,0,0,0,0,0,0,0,0,0,0,0,0,0,0,0,0,0,0
-0.169785,-0.0455226,1.20948,0,0,0,0,-5.70861e-11,-6.86858e-10,1.29477e-08,2384,772,773,790,791,792,808,809,2365,2366,2383,2385,2401,2402,0,0,0,0,0,0,0,0,0,772,773,790,791,792,808,809,2365,2366,2383,2385,2401,2402,0,0,0,0,0,0,0,0,0,0.11552,0.114708,0.113933,0.0997409,0.115561,0.113158,0.114909,0.0635833,0.0598673,0.0616085,0.0613106,0.0604458,0.0622006,0,0,0,0,0,0,0,0,0,0.114329,0.114612,0.115479,0.1,0.115625,0.114429,0.113797,0.0583504,0.0589442,0.0607718,0.0610977,0.0585669,0.057168,0,0,0,0,0,0,0,0,0,1,1,1,1,1,1,1,1,1,1,1,1,1,0,0,0,0,0,0,0,0,0,1,1,1,1,1,1,1,1,1,1,1,1,1,0,0,0,0,0,0,0,0,0,1,0,0,0,0,0,0,0,0,0,0,0,0,0,0,0,0,0,0,0,0,0,0,13,0,0,0,0,0,0,0,0,0,0,0,0,0,0,0,0,0,0,0,0,0,0,0,0,0,0,0,0,0,0,0,0,0,0,0,0,0,0,0,0,0,0,0,0,0,0,0,0
-0.217726,-0.0745385,1.18461,0,0,0,0,-1.10571e-09,-1.25434e-09,1.69737e-08,2385,773,774,791,792,793,809,810,2366,2367,2384,2386,2402,2403,0,0,0,0,0,0,0,0,0,773,774,791,792,793,809,810,2366,2367,2384,2386,2402,2403,0,0,0,0,0,0,0,0,0,0.114452,0.114149,0.1146,0.0997645,0.114565,0.1136,0.113869,0.0610759,0.0585081,0.0613106,0.0589509,0.0596954,0.059568,0,0,0,0,0,0,0,0,0,0.113699,0.114073,0.115635,0.1,0.114636,0.114312,0.113146,0.0569728,0.0577758,0.0610977,0.0589957,0.0583176,0.0557203,0,0,0,0,0,0,0,0,0,1,1,1,1,1,1,1,1,1,1,1,1,1,0,0,0,0,0,0,0,0,0,1,1,1,1,1,1,1,1,1,1,1,1,1,0,0,0,0,0,0,0,0,0,1,0,0,0,0,0,0,0,0,0,0,0,0,0,0,0,0,0,0,0,0,0,0,13,0,0,0,0,0,0,0,0,0,0,0,0,0,0,0,0,0,0,0,0,0,0,0,0,0,0,0,0,0,0,0,0,0,0,0,0,0,0,0,0,0,0,0,0,0,0,0,0
-0.262423,-0.101282,1.157,0,0,0,0,-2.82045e-09,-1.76947e-09,2.14133e-08,2386,774,775,792,793,794,810,811,2367,2368,2385,2387,2403,2404,0,0,0,0,0,0,0,0,0,774,775,792,793,794,810,811,2367,2368,2385,2387,2403,2404,0,0,0,0,0,0,0,0,0,0.113159,0.113337,0.113871,0.0998528,0.114021,0.113146,0.113304,0.0578807,0.0566577,0.0589509,0.0575479,0.0578898,0.0578713,0,0,0,0,0,0,0,0,0,0.112667,0.113278,0.114646,0.1,0.114093,0.113596,0.11277,0.0546545,0.0560189,0.0589957,0.0578162,0.0567468,0.0548722,0,0,0,0,0,0,0,0,0,1,1,1,1,1,1,1,1,1,1,1,1,1,0,0,0,0,0,0,0,0,0,1,1,1,1,1,1,1,1,1,1,1,1,1,0,0,0,0,0,0,0,0,0,1,0,0,0,0,0,0,0,0,0,0,0,0,0,0,0,0,0,0,0,0,0,0,13,0,0,0,0,0,0,0,0,0,0,0,0,0,0,0,0,0,0,0,0,0,0,0,0,0,0,0,0,0,0,0,0,0,0,0,0,0,0,0,0,0,0,0,0,0,0,0,0
-0.304359,-0.126824,1.12699,0,0,0,0,-5.19649e-09,-2.24659e-09,2.61772e-08,2387,775,776,793,794,795,811,812,2368,2369,2386,2388,2404,2405,0,0,0,0,0,0,0,0,0,775,776,793,794,795,811,812,2368,2369,2386,2388,2404,2405,0,0,0,0,0,0,0,0,0,0.112849,0.112859,0.113522,0.0999053,0.113917,0.112442,0.113015,0.0569068,0.055538,0.0575479,0.0571911,0.0557163,0.0568946,0,0,0,0,0,0,0,0,0,0.112527,0.112811,0.114103,0.1,0.11399,0.112716,0.112624,0.0543351,0.0549676,0.0578162,0.0575895,0.0547681,0.0545404,0,0,0,0,0,0,0,0,0,1,1,1,1,1,1,1,1,1,1,1,1,1,0,0,0,0,0,0,0,0,0,1,1,1,1,1,1,1,1,1,1,1,1,1,0,0,0,0,0,0,0,0,0,1,0,0,0,0,0,0,0,0,0,0,0,0,0,0,0,0,0,0,0,0,0,0,13,0,0,0,0,0,0,0,0,0,0,0,0,0,0,0,0,0,0,0,0,0,0,0,0,0,0,0,0,0,0,0,0,0,0,0,0,0,0,0,0,0,0,0,0,0,0,0,0
-0.344411,-0.151482,1.09445,0,0,0,0,-8.31705e-09,-2.69063e-09,3.12665e-08,2388,776,777,794,795,796,812,813,2369,2370,2387,2389,2405,2406,0,0,0,0,0,0,0,0,0,776,777,794,795,796,812,813,2369,2370,2387,2389,2405,2406,0,0,0,0,0,0,0,0,0,0.112585,0.112382,0.113557,0.099944,0.113804,0.112097,0.112755,0.0560531,0.0544161,0.0571911,0.0568649,0.0545267,0.0560531,0,0,0,0,0,0,0,0,0,0.112376,0.112341,0.114,0.1,0.113874,0.112257,0.112469,0.0539907,0.0538921,0.0575895,0.0573357,0.0537144,0.0541876,0,0,0,0,0,0,0,0,0,1,1,1,1,1,1,1,1,1,1,1,1,1,0,0,0,0,0,0,0,0,0,1,1,1,1,1,1,1,1,1,1,1,1,1,0,0,0,0,0,0,0,0,0,1,0,0,0,0,0,0,0,0,0,0,0,0,0,0,0,0,0,0,0,0,0,0,13,0,0,0,0,0,0,0,0,0,0,0,0,0,0,0,0,0,0,0,0,0,0,0,0,0,0,0,0,0,0,0,0,0,0,0,0,0,0,0,0,0,0,0,0,0,0,0,0
-0.382546,-0.175313,1.05965,0,0,0,0,-1.21948e-08,-3.09547e-09,3.65851e-08,2389,777,778,795,796,797,813,814,2370,2371,2388,2390,2406,2407,0,0,0,0,0,0,0,0,0,777,778,795,796,797,813,814,2370,2371,2388,2390,2406,2407,0,0,0,0,0,0,0,0,0,0.112346,0.111908,0.113542,0.0999695,0.114113,0.111712,0.11292,0.0552887,0.0532902,0.0568649,0.0575055,0.0533643,0.0562297,0,0,0,0,0,0,0,0,0,0.112216,0.111869,0.113885,0.1,0.114184,0.111797,0.112709,0.0536216,0.0527949,0.0573357,0.0580142,0.0526409,0.054738,0,0,0,0,0,0,0,0,0,1,1,1,1,1,1,1,1,1,1,1,1,1,0,0,0,0,0,0,0,0,0,1,1,1,1,1,1,1,1,1,1,1,1,1,0,0,0,0,0,0,0,0,0,1,0,0,0,0,0,0,0,0,0,0,0,0,0,0,0,0,0,0,0,0,0,0,13,0,0,0,0,0,0,0,0,0,0,0,0,0,0,0,0,0,0,0,0,0,0,0,0,0,0,0,0,0,0,0,0,0,0,0,0,0,0,0,0,0,0,0,0,0,0,0,0
-0.419208,-0.198915,1.02215,0,0,0,0,-1.68976e-08,-3.442e-09,4.2098e-08,2390,778,779,796,797,798,814,815,2371,2372,2389,2391,2407,2408,0,0,0,0,0,0,0,0,0,778,779,796,797,798,814,815,2371,2372,2389,2391,2407,2408,0,0,0,0,0,0,0,0,0,0.112431,0.112282,0.113923,0.0999875,0.114834,0.1115,0.112906,0.0552912,0.0541411,0.0575055,0.059048,0.0526845,0.0560435,0,0,0,0,0,0,0,0,0,0.112349,0.112239,0.114195,0.1,0.114903,0.111535,0.112759,0.0539315,0.0536593,0.0580142,0.0595663,0.0520223,0.0548541,0,0,0,0,0,0,0,0,0,1,1,1,1,1,1,1,1,1,1,1,1,1,0,0,0,0,0,0,0,0,0,1,1,1,1,1,1,1,1,1,1,1,1,1,0,0,0,0,0,0,0,0,0,1,0,0,0,0,0,0,0,0,0,0,0,0,0,0,0,0,0,0,0,0,0,0,13,0,0,0,0,0,0,0,0,0,0,0,0,0,0,0,0,0,0,0,0,0,0,0,0,0,0,0,0,0,0,0,0,0,0,0,0,0,0,0,0,0,0,0,0,0,0,0,0
-0.45501,-0.222165,0.981359,0,0,0,0,-2.26279e-08,-3.66881e-09,4.78288e-08,2391,779,780,797,798,799,815,816,2372,2373,2390,2392,2408,2409,0,0,0,0,0,0,0,0,0,779,780,797,798,799,815,816,2372,2373,2390,2392,2408,2409,0,0,0,0,0,0,0,0,0,0.112218,0.112181,0.114691,0.0999971,0.114453,0.111513,0.112303,0.0546644,0.053909,0.059048,0.0582274,0.0525947,0.0545385,0,0,0,0,0,0,0,0,0,0.112178,0.112135,0.114915,0.1,0.114518,0.111507,0.112197,0.0535371,0.0534198,0.0595663,0.0587369,0.051959,0.0535655,0,0,0,0,0,0,0,0,0,1,1,1,1,1,1,1,1,1,1,1,1,1,0,0,0,0,0,0,0,0,0,1,1,1,1,1,1,1,1,1,1,1,1,1,0,0,0,0,0,0,0,0,0,1,0,0,0,0,0,0,0,0,0,0,0,0,0,0,0,0,0,0,0,0,0,0,13,0,0,0,0,0,0,0,0,0,0,0,0,0,0,0,0,0,0,0,0,0,0,0,0,0,0,0,0,0,0,0,0,0,0,0,0,0,0,0,0,0,0,0,0,0,0,0,0
-0.488578,-0.243738,0.938953,0,0,0,0,-2.91826e-08,-3.75096e-09,5.3545e-08,2392,780,781,798,799,800,816,817,2373,2374,2391,2393,2409,2410,0,0,0,0,0,0,0,0,0,780,781,798,799,800,816,817,2373,2374,2391,2393,2409,2410,0,0,0,0,0,0,0,0,0,0.111855,0.111878,0.114344,0.100003,0.11395,0.111408,0.111778,0.0536885,0.0532009,0.0582274,0.0571481,0.0522647,0.0532235,0,0,0,0,0,0,0,0,0,0.111841,0.111828,0.11453,0.1,0.114012,0.111376,0.111706,0.0527511,0.0527052,0.0587369,0.0576367,0.0516475,0.0524186,0,0,0,0,0,0,0,0,0,1,1,1,1,1,1,1,1,1,1,1,1,1,0,0,0,0,0,0,0,0,0,1,1,1,1,1,1,1,1,1,1,1,1,1,0,0,0,0,0,0,0,0,0,1,0,0,0,0,0,0,0,0,0,0,0,0,0,0,0,0,0,0,0,0,0,0,13,0,0,0,0,0,0,0,0,0,0,0,0,0,0,0,0,0,0,0,0,0,0,0,0,0,0,0,0,0,0,0,0,0,0,0,0,0,0,0,0,0,0,0,0,0,0,0,0
-0.519664,-0.263747,0.895374,0,0,0,0,-3.64746e-08,-3.64188e-09,5.91129e-08,2393,781,782,799,800,801,817,818,2374,2375,2392,2394,2410,2411,0,0,0,0,0,0,0,0,0,781,782,799,800,801,817,818,2374,2375,2392,2394,2410,2411,0,0,0,0,0,0,0,0,0,0.111444,0.11147,0.11387,0.100005,0.113389,0.111184,0.111308,0.0526046,0.0522357,0.0571481,0.0559347,0.0516748,0.052042,0,0,0,0,0,0,0,0,0,0.111446,0.111418,0.114024,0.1,0.113449,0.111135,0.111265,0.0518167,0.051735,0.0576367,0.0563915,0.0510709,0.0513695,0,0,0,0,0,0,0,0,0,1,1,1,1,1,1,1,1,1,1,1,1,1,0,0,0,0,0,0,0,0,0,1,1,1,1,1,1,1,1,1,1,1,1,1,0,0,0,0,0,0,0,0,0,1,0,0,0,0,0,0,0,0,0,0,0,0,0,0,0,0,0,0,0,0,0,0,13,0,0,0,0,0,0,0,0,0,0,0,0,0,0,0,0,0,0,0,0,0,0,0,0,0,0,0,0,0,0,0,0,0,0,0,0,0,0,0,0,0,0,0,0,0,0,0,0
-0.548165,-0.28229,0.85096,0,0,0,0,-4.44317e-08,-3.29253e-09,6.4432e-08,2394,782,783,800,801,802,818,819,2375,2376,2393,2395,2411,2412,0,0,0,0,0,0,0,0,0,782,783,800,801,802,818,819,2375,2376,2393,2395,2411,2412,0,0,0,0,0,0,0,0,0,0.111021,0.111002,0.113335,0.100006,0.112821,0.11088,0.110919,0.0514948,0.0511115,0.0559347,0.0546892,0.0508965,0.0510605,0,0,0,0,0,0,0,0,0,0.111032,0.110949,0.113461,0.1,0.112879,0.11082,0.110899,0.0508239,0.0506098,0.0563915,0.055108,0.0503074,0.0504882,0,0,0,0,0,0,0,0,0,1,1,1,1,1,1,1,1,1,1,1,1,1,0,0,0,0,0,0,0,0,0,1,1,1,1,1,1,1,1,1,1,1,1,1,0,0,0,0,0,0,0,0,0,1,0,0,0,0,0,0,0,0,0,0,0,0,0,0,0,0,0,0,0,0,0,0,13,0,0,0,0,0,0,0,0,0,0,0,0,0,0,0,0,0,0,0,0,0,0,0,0,0,0,0,0,0,0,0,0,0,0,0,0,0,0,0,0,0,0,0,0,0,0,0,0
-0.574068,-0.299473,0.805964,0,0,0,0,-5.29983e-08,-2.65053e-09,6.9431e-08,2395,783,784,801,802,803,819,820,2376,2377,2394,2396,2412,2413,0,0,0,0,0,0,0,0,0,783,784,801,802,803,819,820,2376,2377,2394,2396,2412,2413,0,0,0,0,0,0,0,0,0,0.110621,0.110495,0.11279,0.100007,0.112307,0.110526,0.110655,0.0504403,0.0498763,0.0546892,0.0535499,0.0499938,0.0503847,0,0,0,0,0,0,0,0,0,0.110637,0.110447,0.112891,0.1,0.112364,0.11046,0.110653,0.0498609,0.0493788,0.055108,0.0539276,0.0494225,0.0498889,0,0,0,0,0,0,0,0,0,1,1,1,1,1,1,1,1,1,1,1,1,1,0,0,0,0,0,0,0,0,0,1,1,1,1,1,1,1,1,1,1,1,1,1,0,0,0,0,0,0,0,0,0,1,0,0,0,0,0,0,0,0,0,0,0,0,0,0,0,0,0,0,0,0,0,0,13,0,0,0,0,0,0,0,0,0,0,0,0,0,0,0,0,0,0,0,0,0,0,0,0,0,0,0,0,0,0,0,0,0,0,0,0,0,0,0,0,0,0,0,0,0,0,0,0
-0.597461,-0.315395,0.760501,0,0,0,0,-6.21588e-08,-1.65973e-09,7.40761e-08,2396,110,111,784,785,802,803,820,1703,1704,2377,2378,2395,2413,0,0,0,0,0,0,0,0,0,110,111,784,785,802,803,820,1703,1704,2377,2378,2395,2413,0,0,0,0,0,0,0,0,0,0.110465,0.111875,0.110272,0.109952,0.112298,0.100008,0.11012,0.0498855,0.0525902,0.0495118,0.0485325,0.0535499,0.0489523,0,0,0,0,0,0,0,0,0,0.110476,0.111932,0.110291,0.109913,0.112375,0.1,0.11005,0.0494533,0.0529235,0.0490046,0.048043,0.0539276,0.0483989,0,0,0,0,0,0,0,0,0,1,1,1,1,1,1,1,1,1,1,1,1,1,0,0,0,0,0,0,0,0,0,1,1,1,1,1,1,1,1,1,1,1,1,1,0,0,0,0,0,0,0,0,0,1,0,0,0,0,0,0,0,0,0,0,0,0,0,0,0,0,0,0,0,0,0,0,13,0,0,0,0,0,0,0,0,0,0,0,0,0,0,0,0,0,0,0,0,0,0,0,0,0,0,0,0,0,0,0,0,0,0,0,0,0,0,0,0,0,0,0,0,0,0,0,0
0.03315,0.0492119,1.24958,0,0,0,0,-1.80242e-09,1.22423e-09,5.99323e-09,2397,58,59,786,787,804,805,821,1651,1652,2379,2380,2398,2414,0,0,0,0,0,0,0,0,0,58,59,786,787,804,805,821,1651,1652,2379,2380,2398,2414,0,0,0,0,0,0,0,0,0,0.111747,0.110532,0.118551,0.110762,0.100957,0.109551,0.118906,0.0521344,0.0489812,0.067737,0.0522318,0.0495098,0.0687606,0,0,0,0,0,0,0,0,0,0.110903,0.109579,0.120082,0.110739,0.1,0.109705,0.120513,0.0503504,0.0470374,0.0699495,0.0499603,0.0473596,0.0706941,0,0,0,0,0,0,0,0,0,1,1,1,1,1,1,1,1,1,1,1,1,1,0,0,0,0,0,0,0,0,0,1,1,1,1,1,1,1,1,1,1,1,1,1,0,0,0,0,0,0,0,0,0,1,0,0,0,0,0,0,0,0,0,0,0,0,0,0,0,0,0,0,0,0,0,0,13,0,0,0,0,0,0,0,0,0,0,0,0,0,0,0,0,0,0,0,0,0,0,0,0,0,0,0,0,0,0,0,0,0,0,0,0,0,0,0,0,0,0,0,0,0,0,0,0
-0.00403658,0.0167536,1.25343,0,0,0,0,-1.16183e-09,6.12895e-10,5.98699e-09,2398,787,788,804,805,806,821,822,2380,2381,2397,2399,2414,2415,0,0,0,0,0,0,0,0,0,787,788,804,805,806,821,822,2380,2381,2397,2399,2414,2415,0,0,0,0,0,0,0,0,0,0.119317,0.110922,0.109926,0.101076,0.110176,0.110785,0.118947,0.0693156,0.0520426,0.0495098,0.0502199,0.0519766,0.0686544,0,0,0,0,0,0,0,0,0,0.120584,0.110664,0.109703,0.1,0.109986,0.110645,0.120224,0.0708974,0.0497764,0.0473596,0.0480786,0.0497292,0.0701936,0,0,0,0,0,0,0,0,0,1,1,1,1,1,1,1,1,1,1,1,1,1,0,0,0,0,0,0,0,0,0,1,1,1,1,1,1,1,1,1,1,1,1,1,0,0,0,0,0,0,0,0,0,1,0,0,0,0,0,0,0,0,0,0,0,0,0,0,0,0,0,0,0,0,0,0,13,0,0,0,0,0,0,0,0,0,0,0,0,0,0,0,0,0,0,0,0,0,0,0,0,0,0,0,0,0,0,0,0,0,0,0,0,0,0,0,0,0,0,0,0,0,0,0,0
-0.0413962,-0.0166943,1.25069,0,0,0,0,-4.687e-10,-4.05294e-11,6.34493e-09,2399,788,789,805,806,807,822,823,2381,2382,2398,2400,2415,2416,0,0,0,0,0,0,0,0,0,788,789,805,806,807,822,823,2381,2382,2398,2400,2415,2416,0,0,0,0,0,0,0,0,0,0.119216,0.111494,0.109846,0.100956,0.111326,0.110135,0.118451,0.0695216,0.0514948,0.0502199,0.0507495,0.0511087,0.0676628,0,0,0,0,0,0,0,0,0,0.120871,0.110582,0.109986,0.1,0.11029,0.110246,0.119991,0.0714108,0.0495695,0.0480786,0.0488417,0.0487398,0.0697725,0,0,0,0,0,0,0,0,0,1,1,1,1,1,1,1,1,1,1,1,1,1,0,0,0,0,0,0,0,0,0,1,1,1,1,1,1,1,1,1,1,1,1,1,0,0,0,0,0,0,0,0,0,1,0,0,0,0,0,0,0,0,0,0,0,0,0,0,0,0,0,0,0,0,0,0,13,0,0,0,0,0,0,0,0,0,0,0,0,0,0,0,0,0,0,0,0,0,0,0,0,0,0,0,0,0,0,0,0,0,0,0,0,0,0,0,0,0,0,0,0,0,0,0,0
-0.0790691,-0.0495064,1.24177,0,0,0,0,1.70915e-10,-6.80777e-10,7.12531e-09,2400,789,790,806,807,808,823,824,2382,2383,2399,2401,2416,2417,0,0,0,0,0,0,0,0,0,789,790,806,807,808,823,824,2382,2383,2399,2401,2416,2417,0,0,0,0,0,0,0,0,0,0.119164,0.113204,0.110047,0.101639,0.113247,0.109979,0.118305,0.0682391,0.0555471,0.0507495,0.055099,0.0506767,0.0660481,0,0,0,0,0,0,0,0,0,0.120943,0.112413,0.110291,0.1,0.112524,0.110106,0.119745,0.0714986,0.0535385,0.0488417,0.053774,0.048381,0.0693062,0,0,0,0,0,0,0,0,0,1,1,1,1,1,1,1,1,1,1,1,1,1,0,0,0,0,0,0,0,0,0,1,1,1,1,1,1,1,1,1,1,1,1,1,0,0,0,0,0,0,0,0,0,1,0,0,0,0,0,0,0,0,0,0,0,0,0,0,0,0,0,0,0,0,0,0,13,0,0,0,0,0,0,0,0,0,0,0,0,0,0,0,0,0,0,0,0,0,0,0,0,0,0,0,0,0,0,0,0,0,0,0,0,0,0,0,0,0,0,0,0,0,0,0,0
-0.121801,-0.0793429,1.22389,0,0,0,0,3.63162e-10,-1.19266e-09,8.56648e-09,2401,790,791,807,808,809,824,825,2383,2384,2400,2402,2417,2418,0,0,0,0,0,0,0,0,0,790,791,807,808,809,824,825,2383,2384,2400,2402,2417,2418,0,0,0,0,0,0,0,0,0,0.115467,0.114509,0.110893,0.0989505,0.114862,0.110813,0.115159,0.0650673,0.0604458,0.055099,0.0605515,0.0553438,0.0639082,0,0,0,0,0,0,0,0,0,0.114325,0.114435,0.112092,0.1,0.114966,0.111653,0.113951,0.0583362,0.0585669,0.053774,0.0597032,0.052758,0.0575067,0,0,0,0,0,0,0,0,0,1,1,1,1,1,1,1,1,1,1,1,1,1,0,0,0,0,0,0,0,0,0,1,1,1,1,1,1,1,1,1,1,1,1,1,0,0,0,0,0,0,0,0,0,1,0,0,0,0,0,0,0,0,0,0,0,0,0,0,0,0,0,0,0,0,0,0,13,0,0,0,0,0,0,0,0,0,0,0,0,0,0,0,0,0,0,0,0,0,0,0,0,0,0,0,0,0,0,0,0,0,0,0,0,0,0,0,0,0,0,0,0,0,0,0,0
-0.170531,-0.107153,1.20112,0,0,0,0,1.60608e-11,-1.64041e-09,1.11153e-08,2402,791,792,808,809,810,825,826,2384,2385,2401,2403,2418,2419,0,0,0,0,0,0,0,0,0,791,792,808,809,810,825,826,2384,2385,2401,2403,2418,2419,0,0,0,0,0,0,0,0,0,0.114821,0.114508,0.113397,0.0996708,0.11496,0.113131,0.114924,0.0622006,0.0596954,0.0605515,0.0599033,0.0604695,0.0619816,0,0,0,0,0,0,0,0,0,0.113788,0.114321,0.114962,0.1,0.114951,0.114284,0.113829,0.057168,0.0583176,0.0597032,0.0596726,0.0582427,0.0572408,0,0,0,0,0,0,0,0,0,1,1,1,1,1,1,1,1,1,1,1,1,1,0,0,0,0,0,0,0,0,0,1,1,1,1,1,1,1,1,1,1,1,1,1,0,0,0,0,0,0,0,0,0,1,0,0,0,0,0,0,0,0,0,0,0,0,0,0,0,0,0,0,0,0,0,0,13,0,0,0,0,0,0,0,0,0,0,0,0,0,0,0,0,0,0,0,0,0,0,0,0,0,0,0,0,0,0,0,0,0,0,0,0,0,0,0,0,0,0,0,0,0,0,0,0
-0.217322,-0.133202,1.17427,0,0,0,0,-9.42264e-10,-1.98809e-09,1.43213e-08,2403,792,793,809,810,811,826,827,2385,2386,2402,2404,2419,2420,0,0,0,0,0,0,0,0,0,792,793,809,810,811,826,827,2385,2386,2402,2404,2419,2420,0,0,0,0,0,0,0,0,0,0.113743,0.113724,0.113957,0.0997245,0.11449,0.113721,0.114557,0.059568,0.0578898,0.0599033,0.0586524,0.0600545,0.0608244,0,0,0,0,0,0,0,0,0,0.113138,0.113605,0.114956,0.1,0.114527,0.114343,0.11383,0.0557203,0.0567468,0.0596726,0.058761,0.05838,0.0572444,0,0,0,0,0,0,0,0,0,1,1,1,1,1,1,1,1,1,1,1,1,1,0,0,0,0,0,0,0,0,0,1,1,1,1,1,1,1,1,1,1,1,1,1,0,0,0,0,0,0,0,0,0,1,0,0,0,0,0,0,0,0,0,0,0,0,0,0,0,0,0,0,0,0,0,0,13,0,0,0,0,0,0,0,0,0,0,0,0,0,0,0,0,0,0,0,0,0,0,0,0,0,0,0,0,0,0,0,0,0,0,0,0,0,0,0,0,0,0,0,0,0,0,0,0
-0.261578,-0.157822,1.14469,0,0,0,0,-2.53524e-09,-2.26671e-09,1.80456e-08,2404,793,794,810,811,812,827,828,2386,2387,2403,2405,2420,2421,0,0,0,0,0,0,0,0,0,793,794,810,811,812,827,828,2386,2387,2403,2405,2420,2421,0,0,0,0,0,0,0,0,0,0.113157,0.112814,0.113784,0.0998278,0.114083,0.113747,0.114523,0.0578713,0.0557163,0.0586524,0.0575894,0.0592869,0.0603328,0,0,0,0,0,0,0,0,0,0.112762,0.112724,0.114534,0.1,0.11413,0.114138,0.113991,0.0548722,0.0547681,0.058761,0.0578979,0.0579371,0.0576,0,0,0,0,0,0,0,0,0,1,1,1,1,1,1,1,1,1,1,1,1,1,0,0,0,0,0,0,0,0,0,1,1,1,1,1,1,1,1,1,1,1,1,1,0,0,0,0,0,0,0,0,0,1,0,0,0,0,0,0,0,0,0,0,0,0,0,0,0,0,0,0,0,0,0,0,13,0,0,0,0,0,0,0,0,0,0,0,0,0,0,0,0,0,0,0,0,0,0,0,0,0,0,0,0,0,0,0,0,0,0,0,0,0,0,0,0,0,0,0,0,0,0,0,0
-0.303052,-0.181907,1.11281,0,0,0,0,-4.76681e-09,-2.4801e-09,2.20972e-08,2405,794,795,811,812,813,828,829,2387,2388,2404,2406,2421,2422,0,0,0,0,0,0,0,0,0,794,795,811,812,813,828,829,2387,2388,2404,2406,2421,2422,0,0,0,0,0,0,0,0,0,0.112866,0.112329,0.113592,0.0998867,0.113976,0.113235,0.114397,0.0568946,0.0545267,0.0575894,0.0572604,0.0575605,0.0597546,0,0,0,0,0,0,0,0,0,0.112616,0.112264,0.114139,0.1,0.114035,0.113456,0.114016,0.0545404,0.0537144,0.0578979,0.057688,0.0564365,0.0576569,0,0,0,0,0,0,0,0,0,1,1,1,1,1,1,1,1,1,1,1,1,1,0,0,0,0,0,0,0,0,0,1,1,1,1,1,1,1,1,1,1,1,1,1,0,0,0,0,0,0,0,0,0,1,0,0,0,0,0,0,0,0,0,0,0,0,0,0,0,0,0,0,0,0,0,0,13,0,0,0,0,0,0,0,0,0,0,0,0,0,0,0,0,0,0,0,0,0,0,0,0,0,0,0,0,0,0,0,0,0,0,0,0,0,0,0,0,0,0,0,0,0,0,0,0
-0.342599,-0.205209,1.07858,0,0,0,0,-7.72106e-09,-2.63442e-09,2.64885e-08,2406,795,796,812,813,814,829,830,2388,2389,2405,2407,2422,2423,0,0,0,0,0,0,0,0,0,795,796,812,813,814,829,830,2388,2389,2405,2407,2422,2423,0,0,0,0,0,0,0,0,0,0.112618,0.111857,0.113636,0.0999286,0.114187,0.112657,0.114292,0.0560531,0.0533643,0.0572604,0.0576635,0.0558816,0.0593061,0,0,0,0,0,0,0,0,0,0.112462,0.111804,0.114044,0.1,0.11425,0.112772,0.114025,0.0541876,0.0526409,0.057688,0.0581583,0.0548977,0.0576777,0,0,0,0,0,0,0,0,0,1,1,1,1,1,1,1,1,1,1,1,1,1,0,0,0,0,0,0,0,0,0,1,1,1,1,1,1,1,1,1,1,1,1,1,0,0,0,0,0,0,0,0,0,1,0,0,0,0,0,0,0,0,0,0,0,0,0,0,0,0,0,0,0,0,0,0,13,0,0,0,0,0,0,0,0,0,0,0,0,0,0,0,0,0,0,0,0,0,0,0,0,0,0,0,0,0,0,0,0,0,0,0,0,0,0,0,0,0,0,0,0,0,0,0,0
-0.38033,-0.228576,1.04176,0,0,0,0,-1.14149e-08,-2.69627e-09,3.10757e-08,2407,796,797,813,814,815,830,831,2389,2390,2406,2408,2423,2424,0,0,0,0,0,0,0,0,0,796,797,813,814,815,830,831,2389,2390,2406,2408,2423,2424,0,0,0,0,0,0,0,0,0,0.112794,0.111594,0.113949,0.0999574,0.11442,0.111934,0.113744,0.0562297,0.0526845,0.0576635,0.058149,0.0539501,0.0579315,0,0,0,0,0,0,0,0,0,0.112702,0.111541,0.114261,0.1,0.114485,0.111982,0.11356,0.054738,0.0520223,0.0581583,0.0586676,0.0530772,0.0566537,0,0,0,0,0,0,0,0,0,1,1,1,1,1,1,1,1,1,1,1,1,1,0,0,0,0,0,0,0,0,0,1,1,1,1,1,1,1,1,1,1,1,1,1,0,0,0,0,0,0,0,0,0,1,0,0,0,0,0,0,0,0,0,0,0,0,0,0,0,0,0,0,0,0,0,0,13,0,0,0,0,0,0,0,0,0,0,0,0,0,0,0,0,0,0,0,0,0,0,0,0,0,0,0,0,0,0,0,0,0,0,0,0,0,0,0,0,0,0,0,0,0,0,0,0
-0.41659,-0.251288,1.00238,0,0,0,0,-1.5951e-08,-2.65204e-09,3.58908e-08,2408,797,798,814,815,816,831,832,2390,2391,2407,2409,2424,2425,0,0,0,0,0,0,0,0,0,797,798,814,815,816,831,832,2390,2391,2407,2409,2424,2425,0,0,0,0,0,0,0,0,0,0.112804,0.111566,0.114252,0.0999769,0.1143,0.11138,0.112948,0.0560435,0.0525947,0.058149,0.0578847,0.0524589,0.0560134,0,0,0,0,0,0,0,0,0,0.112752,0.111514,0.114496,0.1,0.114363,0.111385,0.112825,0.0548541,0.051959,0.0586676,0.0584027,0.0516674,0.0550049,0,0,0,0,0,0,0,0,0,1,1,1,1,1,1,1,1,1,1,1,1,1,0,0,0,0,0,0,0,0,0,1,1,1,1,1,1,1,1,1,1,1,1,1,0,0,0,0,0,0,0,0,0,1,0,0,0,0,0,0,0,0,0,0,0,0,0,0,0,0,0,0,0,0,0,0,13,0,0,0,0,0,0,0,0,0,0,0,0,0,0,0,0,0,0,0,0,0,0,0,0,0,0,0,0,0,0,0,0,0,0,0,0,0,0,0,0,0,0,0,0,0,0,0,0
-0.451041,-0.272624,0.961046,0,0,0,0,-2.13401e-08,-2.47172e-09,4.08504e-08,2409,798,799,815,816,817,832,833,2391,2392,2408,2410,2425,2426,0,0,0,0,0,0,0,0,0,798,799,815,816,817,832,833,2391,2392,2408,2410,2425,2426,0,0,0,0,0,0,0,0,0,0.112208,0.111436,0.114179,0.0999881,0.113965,0.111002,0.112188,0.0545385,0.0522647,0.0578847,0.0571658,0.0514234,0.0541689,0,0,0,0,0,0,0,0,0,0.112191,0.111382,0.114375,0.1,0.114027,0.110972,0.112107,0.0535655,0.0516475,0.0584027,0.0576685,0.0506751,0.0533544,0,0,0,0,0,0,0,0,0,1,1,1,1,1,1,1,1,1,1,1,1,1,0,0,0,0,0,0,0,0,0,1,1,1,1,1,1,1,1,1,1,1,1,1,0,0,0,0,0,0,0,0,0,1,0,0,0,0,0,0,0,0,0,0,0,0,0,0,0,0,0,0,0,0,0,0,13,0,0,0,0,0,0,0,0,0,0,0,0,0,0,0,0,0,0,0,0,0,0,0,0,0,0,0,0,0,0,0,0,0,0,0,0,0,0,0,0,0,0,0,0,0,0,0,0
-0.483321,-0.292488,0.918252,0,0,0,0,-2.75095e-08,-2.11239e-09,4.58202e-08,2410,799,800,816,817,818,833,834,2392,2393,2409,2411,2426,2427,0,0,0,0,0,0,0,0,0,799,800,816,817,818,833,834,2392,2393,2409,2411,2426,2427,0,0,0,0,0,0,0,0,0,0.111696,0.111198,0.113877,0.0999949,0.113516,0.110699,0.111522,0.0532235,0.0516748,0.0571658,0.0561973,0.0505997,0.0525325,0,0,0,0,0,0,0,0,0,0.111701,0.111141,0.114038,0.1,0.113575,0.110648,0.111473,0.0524186,0.0510709,0.0576685,0.0566722,0.0498841,0.0518637,0,0,0,0,0,0,0,0,0,1,1,1,1,1,1,1,1,1,1,1,1,1,0,0,0,0,0,0,0,0,0,1,1,1,1,1,1,1,1,1,1,1,1,1,0,0,0,0,0,0,0,0,0,1,0,0,0,0,0,0,0,0,0,0,0,0,0,0,0,0,0,0,0,0,0,0,13,0,0,0,0,0,0,0,0,0,0,0,0,0,0,0,0,0,0,0,0,0,0,0,0,0,0,0,0,0,0,0,0,0,0,0,0,0,0,0,0,0,0,0,0,0,0,0,0
-0.513212,-0.310929,0.874382,0,0,0,0,-3.4389e-08,-1.52492e-09,5.06807e-08,2411,800,801,817,818,819,834,835,2393,2394,2410,2412,2427,2428,0,0,0,0,0,0,0,0,0,800,801,817,818,819,834,835,2393,2394,2410,2412,2427,2428,0,0,0,0,0,0,0,0,0,0.111241,0.110883,0.113454,0.0999991,0.113045,0.110436,0.11103,0.052042,0.0508965,0.0561973,0.0551774,0.0498885,0.0512969,0,0,0,0,0,0,0,0,0,0.111259,0.110825,0.113587,0.1,0.113102,0.110372,0.111005,0.0513695,0.0503074,0.0566722,0.0556122,0.0492033,0.0507419,0,0,0,0,0,0,0,0,0,1,1,1,1,1,1,1,1,1,1,1,1,1,0,0,0,0,0,0,0,0,0,1,1,1,1,1,1,1,1,1,1,1,1,1,0,0,0,0,0,0,0,0,0,1,0,0,0,0,0,0,0,0,0,0,0,0,0,0,0,0,0,0,0,0,0,0,13,0,0,0,0,0,0,0,0,0,0,0,0,0,0,0,0,0,0,0,0,0,0,0,0,0,0,0,0,0,0,0,0,0,0,0,0,0,0,0,0,0,0,0,0,0,0,0,0
-0.540621,-0.328084,0.829672,0,0,0,0,-4.1926e-08,-6.50699e-10,5.53359e-08,2412,801,802,818,819,820,835,836,2394,2395,2411,2413,2428,2429,0,0,0,0,0,0,0,0,0,801,802,818,819,820,835,836,2394,2395,2411,2413,2428,2429,0,0,0,0,0,0,0,0,0,0.110869,0.110518,0.113007,0.100002,0.112664,0.110234,0.11089,0.0510605,0.0499938,0.0551774,0.0543541,0.0493229,0.0509299,0,0,0,0,0,0,0,0,0,0.110894,0.110464,0.113113,0.1,0.112721,0.110161,0.110883,0.0504882,0.0494225,0.0556122,0.0547471,0.0486777,0.0504498,0,0,0,0,0,0,0,0,0,1,1,1,1,1,1,1,1,1,1,1,1,1,0,0,0,0,0,0,0,0,0,1,1,1,1,1,1,1,1,1,1,1,1,1,0,0,0,0,0,0,0,0,0,1,0,0,0,0,0,0,0,0,0,0,0,0,0,0,0,0,0,0,0,0,0,0,13,0,0,0,0,0,0,0,0,0,0,0,0,0,0,0,0,0,0,0,0,0,0,0,0,0,0,0,0,0,0,0,0,0,0,0,0,0,0,0,0,0,0,0,0,0,0,0,0
-0.565625,-0.344097,0.784144,0,0,0,0,-5.01229e-08,5.70375e-10,5.97471e-08,2413,109,110,802,803,819,820,836,1702,1703,2395,2396,2412,2429,0,0,0,0,0,0,0,0,0,109,110,802,803,819,820,836,1702,1703,2395,2396,2412,2429,0,0,0,0,0,0,0,0,0,0.111064,0.112417,0.11062,0.110097,0.112651,0.100004,0.110098,0.0513314,0.0538288,0.0503847,0.0489523,0.0543541,0.0489411,0,0,0,0,0,0,0,0,0,0.111075,0.112472,0.110649,0.110054,0.112732,0.1,0.11002,0.0509159,0.0541771,0.0498889,0.0483989,0.0547471,0.0483236,0,0,0,0,0,0,0,0,0,1,1,1,1,1,1,1,1,1,1,1,1,1,0,0,0,0,0,0,0,0,0,1,1,1,1,1,1,1,1,1,1,1,1,1,0,0,0,0,0,0,0,0,0,1,0,0,0,0,0,0,0,0,0,0,0,0,0,0,0,0,0,0,0,0,0,0,13,0,0,0,0,0,0,0,0,0,0,0,0,0,0,0,0,0,0,0,0,0,0,0,0,0,0,0,0,0,0,0,0,0,0,0,0,0,0,0,0,0,0,0,0,0,0,0,0
0.0331409,-0.0195207,1.25154,0,0,0,0,-1.83037e-09,-1.63303e-11,6.76103e-09,2414,57,58,804,805,821,822,837,1650,1651,2397,2398,2415,2430,0,0,0,0,0,0,0,0,0,57,58,804,805,821,822,837,1650,1651,2397,2398,2415,2430,0,0,0,0,0,0,0,0,0,0.111039,0.110601,0.118716,0.11048,0.100928,0.109839,0.116991,0.0502158,0.049909,0.0687606,0.0519766,0.0495003,0.0643837,0,0,0,0,0,0,0,0,0,0.110047,0.109941,0.120492,0.110646,0.1,0.10963,0.118368,0.0482248,0.0479592,0.0706941,0.0497292,0.0471699,0.0666291,0,0,0,0,0,0,0,0,0,1,1,1,1,1,1,1,1,1,1,1,1,1,0,0,0,0,0,0,0,0,0,1,1,1,1,1,1,1,1,1,1,1,1,1,0,0,0,0,0,0,0,0,0,1,0,0,0,0,0,0,0,0,0,0,0,0,0,0,0,0,0,0,0,0,0,0,13,0,0,0,0,0,0,0,0,0,0,0,0,0,0,0,0,0,0,0,0,0,0,0,0,0,0,0,0,0,0,0,0,0,0,0,0,0,0,0,0,0,0,0,0,0,0,0,0
-0.00432588,-0.0518705,1.25141,0,0,0,0,-1.18068e-09,-6.5347e-10,5.81025e-09,2415,805,806,821,822,823,837,838,2398,2399,2414,2416,2430,2431,0,0,0,0,0,0,0,0,0,805,806,821,822,823,837,838,2398,2399,2414,2416,2430,2431,0,0,0,0,0,0,0,0,0,0.118665,0.110377,0.109512,0.10102,0.110449,0.110296,0.117444,0.0686544,0.0511087,0.0495003,0.0501296,0.0502453,0.065038,0,0,0,0,0,0,0,0,0,0.12025,0.110249,0.109632,0.1,0.109855,0.109879,0.118575,0.0701936,0.0487398,0.0471699,0.0477437,0.0478028,0.0670394,0,0,0,0,0,0,0,0,0,1,1,1,1,1,1,1,1,1,1,1,1,1,0,0,0,0,0,0,0,0,0,1,1,1,1,1,1,1,1,1,1,1,1,1,0,0,0,0,0,0,0,0,0,1,0,0,0,0,0,0,0,0,0,0,0,0,0,0,0,0,0,0,0,0,0,0,13,0,0,0,0,0,0,0,0,0,0,0,0,0,0,0,0,0,0,0,0,0,0,0,0,0,0,0,0,0,0,0,0,0,0,0,0,0,0,0,0,0,0,0,0,0,0,0,0
-0.04214,-0.0840868,1.24469,0,0,0,0,-4.48887e-10,-1.22036e-09,5.22462e-09,2416,806,807,822,823,824,838,839,2399,2400,2415,2417,2431,2432,0,0,0,0,0,0,0,0,0,806,807,822,823,824,838,839,2399,2400,2415,2417,2431,2432,0,0,0,0,0,0,0,0,0,0.11804,0.111045,0.109452,0.100917,0.111449,0.109664,0.117484,0.0676628,0.0506767,0.0501296,0.050474,0.0497509,0.0650642,0,0,0,0,0,0,0,0,0,0.120039,0.110109,0.109857,0.1,0.11017,0.109597,0.11884,0.0697725,0.048381,0.0477437,0.048537,0.0470799,0.0675607,0,0,0,0,0,0,0,0,0,1,1,1,1,1,1,1,1,1,1,1,1,1,0,0,0,0,0,0,0,0,0,1,1,1,1,1,1,1,1,1,1,1,1,1,0,0,0,0,0,0,0,0,0,1,0,0,0,0,0,0,0,0,0,0,0,0,0,0,0,0,0,0,0,0,0,0,13,0,0,0,0,0,0,0,0,0,0,0,0,0,0,0,0,0,0,0,0,0,0,0,0,0,0,0,0,0,0,0,0,0,0,0,0,0,0,0,0,0,0,0,0,0,0,0,0
-0.0801283,-0.11483,1.23207,0,0,0,0,2.07783e-10,-1.66953e-09,5.11684e-09,2417,807,808,823,824,825,839,840,2400,2401,2416,2418,2432,2433,0,0,0,0,0,0,0,0,0,807,808,823,824,825,839,840,2400,2401,2416,2418,2432,2433,0,0,0,0,0,0,0,0,0,0.11785,0.11295,0.109645,0.101487,0.112969,0.109927,0.117921,0.0660481,0.0553438,0.050474,0.0541932,0.0505008,0.0648429,0,0,0,0,0,0,0,0,0,0.119793,0.112072,0.110172,0.1,0.112193,0.109842,0.119162,0.0693062,0.052758,0.048537,0.0530652,0.0476991,0.0681889,0,0,0,0,0,0,0,0,0,1,1,1,1,1,1,1,1,1,1,1,1,1,0,0,0,0,0,0,0,0,0,1,1,1,1,1,1,1,1,1,1,1,1,1,0,0,0,0,0,0,0,0,0,1,0,0,0,0,0,0,0,0,0,0,0,0,0,0,0,0,0,0,0,0,0,0,13,0,0,0,0,0,0,0,0,0,0,0,0,0,0,0,0,0,0,0,0,0,0,0,0,0,0,0,0,0,0,0,0,0,0,0,0,0,0,0,0,0,0,0,0,0,0,0,0
-0.122285,-0.142061,1.21162,0,0,0,0,4.45669e-10,-1.87012e-09,5.74753e-09,2418,808,809,824,825,826,840,841,2401,2402,2417,2419,2433,2434,0,0,0,0,0,0,0,0,0,808,809,824,825,826,840,841,2401,2402,2417,2419,2433,2434,0,0,0,0,0,0,0,0,0,0.114894,0.114413,0.110429,0.0989958,0.114324,0.111074,0.115431,0.0639082,0.0604695,0.0541932,0.0591683,0.0556416,0.0638965,0,0,0,0,0,0,0,0,0,0.113957,0.114281,0.111809,0.1,0.114368,0.111637,0.114232,0.0575067,0.0582427,0.0530652,0.0584194,0.0527017,0.0581214,0,0,0,0,0,0,0,0,0,1,1,1,1,1,1,1,1,1,1,1,1,1,0,0,0,0,0,0,0,0,0,1,1,1,1,1,1,1,1,1,1,1,1,1,0,0,0,0,0,0,0,0,0,1,0,0,0,0,0,0,0,0,0,0,0,0,0,0,0,0,0,0,0,0,0,0,13,0,0,0,0,0,0,0,0,0,0,0,0,0,0,0,0,0,0,0,0,0,0,0,0,0,0,0,0,0,0,0,0,0,0,0,0,0,0,0,0,0,0,0,0,0,0,0,0
-0.169675,-0.167489,1.18695,0,0,0,0,1.85921e-10,-2.01298e-09,7.47334e-09,2419,809,810,825,826,827,841,842,2402,2403,2418,2420,2434,2435,0,0,0,0,0,0,0,0,0,809,810,825,826,827,841,842,2402,2403,2418,2420,2434,2435,0,0,0,0,0,0,0,0,0,0.114711,0.114533,0.112829,0.0996377,0.114524,0.113176,0.115507,0.0619816,0.0600545,0.0591683,0.0588786,0.0604083,0.0628479,0,0,0,0,0,0,0,0,0,0.113828,0.114347,0.114362,0.1,0.114496,0.114122,0.114433,0.0572408,0.05838,0.0584194,0.0586973,0.0578881,0.0585587,0,0,0,0,0,0,0,0,0,1,1,1,1,1,1,1,1,1,1,1,1,1,0,0,0,0,0,0,0,0,0,1,1,1,1,1,1,1,1,1,1,1,1,1,0,0,0,0,0,0,0,0,0,1,0,0,0,0,0,0,0,0,0,0,0,0,0,0,0,0,0,0,0,0,0,0,13,0,0,0,0,0,0,0,0,0,0,0,0,0,0,0,0,0,0,0,0,0,0,0,0,0,0,0,0,0,0,0,0,0,0,0,0,0,0,0,0,0,0,0,0,0,0,0,0
-0.215103,-0.191919,1.15856,0,0,0,0,-6.18606e-10,-2.01759e-09,9.83037e-09,2420,810,811,826,827,828,842,843,2403,2404,2419,2421,2435,2436,0,0,0,0,0,0,0,0,0,810,811,826,827,828,842,843,2403,2404,2419,2421,2435,2436,0,0,0,0,0,0,0,0,0,0.114341,0.114257,0.113555,0.0996966,0.114467,0.113458,0.115228,0.0608244,0.0592869,0.0588786,0.0585537,0.0594706,0.0619644,0,0,0,0,0,0,0,0,0,0.113825,0.114144,0.114496,0.1,0.114495,0.113961,0.114524,0.0572444,0.0579371,0.0586973,0.0586934,0.0575411,0.0587577,0,0,0,0,0,0,0,0,0,1,1,1,1,1,1,1,1,1,1,1,1,1,0,0,0,0,0,0,0,0,0,1,1,1,1,1,1,1,1,1,1,1,1,1,0,0,0,0,0,0,0,0,0,1,0,0,0,0,0,0,0,0,0,0,0,0,0,0,0,0,0,0,0,0,0,0,13,0,0,0,0,0,0,0,0,0,0,0,0,0,0,0,0,0,0,0,0,0,0,0,0,0,0,0,0,0,0,0,0,0,0,0,0,0,0,0,0,0,0,0,0,0,0,0,0
-0.258612,-0.21551,1.12727,0,0,0,0,-2.03292e-09,-1.92449e-09,1.27462e-08,2421,811,812,827,828,829,843,844,2404,2405,2420,2422,2436,2437,0,0,0,0,0,0,0,0,0,811,812,827,828,829,843,844,2404,2405,2420,2422,2436,2437,0,0,0,0,0,0,0,0,0,0.114323,0.113543,0.113812,0.0998045,0.114399,0.113321,0.115,0.0603328,0.0575605,0.0585537,0.0582343,0.0583843,0.0611214,0,0,0,0,0,0,0,0,0,0.113985,0.113463,0.114499,0.1,0.114442,0.113631,0.114497,0.0576,0.0564365,0.0586934,0.0585774,0.05682,0.0587003,0,0,0,0,0,0,0,0,0,1,1,1,1,1,1,1,1,1,1,1,1,1,0,0,0,0,0,0,0,0,0,1,1,1,1,1,1,1,1,1,1,1,1,1,0,0,0,0,0,0,0,0,0,1,0,0,0,0,0,0,0,0,0,0,0,0,0,0,0,0,0,0,0,0,0,0,13,0,0,0,0,0,0,0,0,0,0,0,0,0,0,0,0,0,0,0,0,0,0,0,0,0,0,0,0,0,0,0,0,0,0,0,0,0,0,0,0,0,0,0,0,0,0,0,0
-0.300128,-0.238354,1.09342,0,0,0,0,-4.11518e-09,-1.74488e-09,1.61317e-08,2422,812,813,828,829,830,844,845,2405,2406,2421,2423,2437,2438,0,0,0,0,0,0,0,0,0,812,813,828,829,830,844,845,2405,2406,2421,2423,2437,2438,0,0,0,0,0,0,0,0,0,0.114217,0.112841,0.113952,0.0998695,0.11432,0.112958,0.11466,0.0597546,0.0558816,0.0582343,0.0579733,0.0569961,0.0601365,0,0,0,0,0,0,0,0,0,0.11401,0.112778,0.114449,0.1,0.114372,0.113129,0.114307,0.0576569,0.0548977,0.0585774,0.0584249,0.0557023,0.0582916,0,0,0,0,0,0,0,0,0,1,1,1,1,1,1,1,1,1,1,1,1,1,0,0,0,0,0,0,0,0,0,1,1,1,1,1,1,1,1,1,1,1,1,1,0,0,0,0,0,0,0,0,0,1,0,0,0,0,0,0,0,0,0,0,0,0,0,0,0,0,0,0,0,0,0,0,13,0,0,0,0,0,0,0,0,0,0,0,0,0,0,0,0,0,0,0,0,0,0,0,0,0,0,0,0,0,0,0,0,0,0,0,0,0,0,0,0,0,0,0,0,0,0,0,0
-0.339673,-0.260473,1.05726,0,0,0,0,-6.90361e-09,-1.48481e-09,1.99018e-08,2423,813,814,829,830,831,845,846,2406,2407,2422,2424,2438,2439,0,0,0,0,0,0,0,0,0,813,814,829,830,831,845,846,2406,2407,2422,2424,2438,2439,0,0,0,0,0,0,0,0,0,0.114145,0.112043,0.114013,0.0999163,0.114212,0.11242,0.114168,0.0593061,0.0539501,0.0579733,0.0576988,0.0553869,0.0588753,0,0,0,0,0,0,0,0,0,0.114018,0.111988,0.11438,0.1,0.114269,0.112505,0.113926,0.0576777,0.0530772,0.0584249,0.0581994,0.0542867,0.0574609,0,0,0,0,0,0,0,0,0,1,1,1,1,1,1,1,1,1,1,1,1,1,0,0,0,0,0,0,0,0,0,1,1,1,1,1,1,1,1,1,1,1,1,1,0,0,0,0,0,0,0,0,0,1,0,0,0,0,0,0,0,0,0,0,0,0,0,0,0,0,0,0,0,0,0,0,13,0,0,0,0,0,0,0,0,0,0,0,0,0,0,0,0,0,0,0,0,0,0,0,0,0,0,0,0,0,0,0,0,0,0,0,0,0,0,0,0,0,0,0,0,0,0,0,0
-0.377252,-0.281758,1.019,0,0,0,0,-1.04403e-08,-1.13769e-09,2.39757e-08,2424,814,815,830,831,832,846,847,2407,2408,2423,2425,2439,2440,0,0,0,0,0,0,0,0,0,814,815,830,831,832,846,847,2407,2408,2423,2425,2439,2440,0,0,0,0,0,0,0,0,0,0.113624,0.111446,0.114004,0.0999479,0.114023,0.111806,0.113528,0.0579315,0.0524589,0.0576988,0.0572787,0.0536928,0.0573146,0,0,0,0,0,0,0,0,0,0.113554,0.111391,0.114278,0.1,0.114081,0.111833,0.113369,0.0566537,0.0516674,0.0581994,0.0577895,0.052727,0.056228,0,0,0,0,0,0,0,0,0,1,1,1,1,1,1,1,1,1,1,1,1,1,0,0,0,0,0,0,0,0,0,1,1,1,1,1,1,1,1,1,1,1,1,1,0,0,0,0,0,0,0,0,0,1,0,0,0,0,0,0,0,0,0,0,0,0,0,0,0,0,0,0,0,0,0,0,13,0,0,0,0,0,0,0,0,0,0,0,0,0,0,0,0,0,0,0,0,0,0,0,0,0,0,0,0,0,0,0,0,0,0,0,0,0,0,0,0,0,0,0,0,0,0,0,0
-0.412802,-0.302004,0.978906,0,0,0,0,-1.47574e-08,-6.73235e-10,2.82584e-08,2425,815,816,831,832,833,847,848,2408,2409,2424,2426,2440,2441,0,0,0,0,0,0,0,0,0,815,816,831,832,833,847,848,2408,2409,2424,2426,2440,2441,0,0,0,0,0,0,0,0,0,0.112851,0.111034,0.113883,0.099968,0.113724,0.11119,0.112782,0.0560134,0.0514234,0.0572787,0.0566337,0.0520462,0.0555214,0,0,0,0,0,0,0,0,0,0.11282,0.110978,0.114091,0.1,0.113785,0.111174,0.112683,0.0550049,0.0506751,0.0577895,0.0571377,0.0511613,0.0546801,0,0,0,0,0,0,0,0,0,1,1,1,1,1,1,1,1,1,1,1,1,1,0,0,0,0,0,0,0,0,0,1,1,1,1,1,1,1,1,1,1,1,1,1,0,0,0,0,0,0,0,0,0,1,0,0,0,0,0,0,0,0,0,0,0,0,0,0,0,0,0,0,0,0,0,0,13,0,0,0,0,0,0,0,0,0,0,0,0,0,0,0,0,0,0,0,0,0,0,0,0,0,0,0,0,0,0,0,0,0,0,0,0,0,0,0,0,0,0,0,0,0,0,0,0
-0.446177,-0.321075,0.937316,0,0,0,0,-1.98354e-08,-4.84679e-11,3.26361e-08,2426,816,817,832,833,834,848,849,2409,2410,2425,2427,2441,2442,0,0,0,0,0,0,0,0,0,816,817,832,833,834,848,849,2409,2410,2425,2427,2441,2442,0,0,0,0,0,0,0,0,0,0.112104,0.110711,0.113632,0.0999807,0.113334,0.110593,0.111976,0.0541689,0.0505997,0.0566337,0.0557893,0.0504665,0.0535786,0,0,0,0,0,0,0,0,0,0.112102,0.110653,0.113795,0.1,0.113394,0.110546,0.11192,0.0533544,0.0498841,0.0571377,0.0562703,0.0496322,0.0529175,0,0,0,0,0,0,0,0,0,1,1,1,1,1,1,1,1,1,1,1,1,1,0,0,0,0,0,0,0,0,0,1,1,1,1,1,1,1,1,1,1,1,1,1,0,0,0,0,0,0,0,0,0,1,0,0,0,0,0,0,0,0,0,0,0,0,0,0,0,0,0,0,0,0,0,0,13,0,0,0,0,0,0,0,0,0,0,0,0,0,0,0,0,0,0,0,0,0,0,0,0,0,0,0,0,0,0,0,0,0,0,0,0,0,0,0,0,0,0,0,0,0,0,0,0
-0.477206,-0.338964,0.894541,0,0,0,0,-2.5622e-08,7.89338e-10,3.6984e-08,2427,817,818,833,834,835,849,850,2410,2411,2426,2428,2442,2443,0,0,0,0,0,0,0,0,0,817,818,833,834,835,849,850,2410,2411,2426,2428,2442,2443,0,0,0,0,0,0,0,0,0,0.111452,0.110438,0.113274,0.0999888,0.11293,0.11002,0.11117,0.0525325,0.0498885,0.0557893,0.0549129,0.0489469,0.0516114,0,0,0,0,0,0,0,0,0,0.111468,0.110377,0.113405,0.1,0.112989,0.109955,0.111146,0.0518637,0.0492033,0.0562703,0.0553582,0.0481552,0.0510794,0,0,0,0,0,0,0,0,0,1,1,1,1,1,1,1,1,1,1,1,1,1,0,0,0,0,0,0,0,0,0,1,1,1,1,1,1,1,1,1,1,1,1,1,0,0,0,0,0,0,0,0,0,1,0,0,0,0,0,0,0,0,0,0,0,0,0,0,0,0,0,0,0,0,0,0,13,0,0,0,0,0,0,0,0,0,0,0,0,0,0,0,0,0,0,0,0,0,0,0,0,0,0,0,0,0,0,0,0,0,0,0,0,0,0,0,0,0,0,0,0,0,0,0,0
-0.505747,-0.355855,0.850775,0,0,0,0,-3.20562e-08,1.91792e-09,4.11623e-08,2428,818,819,834,835,836,850,851,2411,2412,2427,2429,2443,2444,0,0,0,0,0,0,0,0,0,818,819,834,835,836,850,851,2411,2412,2427,2429,2443,2444,0,0,0,0,0,0,0,0,0,0.11097,0.110222,0.112895,0.0999951,0.112758,0.109527,0.111277,0.0512969,0.0493229,0.0549129,0.0545562,0.0476118,0.0518253,0,0,0,0,0,0,0,0,0,0.111001,0.110166,0.113,0.1,0.112813,0.10945,0.111273,0.0507419,0.0486777,0.0553582,0.0549572,0.0468646,0.0513883,0,0,0,0,0,0,0,0,0,1,1,1,1,1,1,1,1,1,1,1,1,1,0,0,0,0,0,0,0,0,0,1,1,1,1,1,1,1,1,1,1,1,1,1,0,0,0,0,0,0,0,0,0,1,0,0,0,0,0,0,0,0,0,0,0,0,0,0,0,0,0,0,0,0,0,0,13,0,0,0,0,0,0,0,0,0,0,0,0,0,0,0,0,0,0,0,0,0,0,0,0,0,0,0,0,0,0,0,0,0,0,0,0,0,0,0,0,0,0,0,0,0,0,0,0
-0.531862,-0.372181,0.805743,0,0,0,0,-3.9108e-08,3.44209e-09,4.50869e-08,2429,108,109,819,820,835,836,851,1701,1702,2412,2413,2428,2444,0,0,0,0,0,0,0,0,0,108,109,819,820,835,836,851,1701,1702,2412,2413,2428,2444,0,0,0,0,0,0,0,0,0,0.111495,0.113069,0.110842,0.110072,0.112742,0.0999997,0.109022,0.0523183,0.055293,0.0509299,0.0489411,0.0545562,0.0462382,0,0,0,0,0,0,0,0,0,0.11151,0.113119,0.110879,0.110024,0.112824,0.1,0.108938,0.0519544,0.0556497,0.0504498,0.0483236,0.0549572,0.0455239,0,0,0,0,0,0,0,0,0,1,1,1,1,1,1,1,1,1,1,1,1,1,0,0,0,0,0,0,0,0,0,1,1,1,1,1,1,1,1,1,1,1,1,1,0,0,0,0,0,0,0,0,0,1,0,0,0,0,0,0,0,0,0,0,0,0,0,0,0,0,0,0,0,0,0,0,13,0,0,0,0,0,0,0,0,0,0,0,0,0,0,0,0,0,0,0,0,0,0,0,0,0,0,0,0,0,0,0,0,0,0,0,0,0,0,0,0,0,0,0,0,0,0,0,0
0.034181,-0.0836231,1.24562,0,0,0,0,-1.8305e-09,-1.22602e-09,5.72967e-09,2430,56,57,821,822,837,838,852,1649,1650,2414,2415,2431,2445,0,0,0,0,0,0,0,0,0,56,57,821,822,837,838,852,1649,1650,2414,2415,2431,2445,0,0,0,0,0,0,0,0,0,0.110888,0.110733,0.116285,0.109743,0.100893,0.11033,0.11611,0.0495756,0.0504673,0.0643837,0.0502453,0.0505175,0.0621686,0,0,0,0,0,0,0,0,0,0.109763,0.110048,0.11841,0.109881,0.1,0.109963,0.117445,0.0474916,0.0482214,0.0666291,0.0478028,0.048012,0.0648008,0,0,0,0,0,0,0,0,0,1,1,1,1,1,1,1,1,1,1,1,1,1,0,0,0,0,0,0,0,0,0,1,1,1,1,1,1,1,1,1,1,1,1,1,0,0,0,0,0,0,0,0,0,1,0,0,0,0,0,0,0,0,0,0,0,0,0,0,0,0,0,0,0,0,0,0,13,0,0,0,0,0,0,0,0,0,0,0,0,0,0,0,0,0,0,0,0,0,0,0,0,0,0,0,0,0,0,0,0,0,0,0,0,0,0,0,0,0,0,0,0,0,0,0,0
-0.00424561,-0.116191,1.24178,0,0,0,0,-1.16026e-09,-1.68239e-09,3.82308e-09,2431,822,823,837,838,839,852,853,2415,2416,2430,2432,2445,2446,0,0,0,0,0,0,0,0,0,822,823,837,838,839,852,853,2415,2416,2430,2432,2445,2446,0,0,0,0,0,0,0,0,0,0.116611,0.109841,0.109905,0.100969,0.11063,0.110147,0.116938,0.065038,0.0497509,0.0505175,0.0502095,0.0496595,0.063524,0,0,0,0,0,0,0,0,0,0.118619,0.109599,0.109965,0.1,0.109893,0.109593,0.118036,0.0670394,0.0470799,0.048012,0.0478398,0.0470552,0.0659815,0,0,0,0,0,0,0,0,0,1,1,1,1,1,1,1,1,1,1,1,1,1,0,0,0,0,0,0,0,0,0,1,1,1,1,1,1,1,1,1,1,1,1,1,0,0,0,0,0,0,0,0,0,1,0,0,0,0,0,0,0,0,0,0,0,0,0,0,0,0,0,0,0,0,0,0,13,0,0,0,0,0,0,0,0,0,0,0,0,0,0,0,0,0,0,0,0,0,0,0,0,0,0,0,0,0,0,0,0,0,0,0,0,0,0,0,0,0,0,0,0,0,0,0,0
-0.0418788,-0.1478,1.23151,0,0,0,0,-4.10696e-10,-1.94652e-09,2.31187e-09,2432,823,824,838,839,840,853,854,2416,2417,2431,2433,2446,2447,0,0,0,0,0,0,0,0,0,823,824,838,839,840,853,854,2416,2417,2431,2433,2446,2447,0,0,0,0,0,0,0,0,0,0.116595,0.110863,0.109432,0.100859,0.111566,0.109786,0.117602,0.0650642,0.0505008,0.0502095,0.0506231,0.0496799,0.0647553,0,0,0,0,0,0,0,0,0,0.118886,0.109844,0.109896,0.1,0.110318,0.109471,0.118838,0.0675607,0.0476991,0.0478398,0.0489065,0.0467406,0.0675626,0,0,0,0,0,0,0,0,0,1,1,1,1,1,1,1,1,1,1,1,1,1,0,0,0,0,0,0,0,0,0,1,1,1,1,1,1,1,1,1,1,1,1,1,0,0,0,0,0,0,0,0,0,1,0,0,0,0,0,0,0,0,0,0,0,0,0,0,0,0,0,0,0,0,0,0,13,0,0,0,0,0,0,0,0,0,0,0,0,0,0,0,0,0,0,0,0,0,0,0,0,0,0,0,0,0,0,0,0,0,0,0,0,0,0,0,0,0,0,0,0,0,0,0,0
-0.0796618,-0.177587,1.21576,0,0,0,0,2.80843e-10,-2.01336e-09,1.30832e-09,2433,824,825,839,840,841,854,855,2417,2418,2432,2434,2447,2448,0,0,0,0,0,0,0,0,0,824,825,839,840,841,854,855,2417,2418,2432,2434,2447,2448,0,0,0,0,0,0,0,0,0,0.117129,0.112907,0.109735,0.101379,0.112861,0.110238,0.118096,0.0648429,0.0556416,0.0506231,0.0539234,0.0507559,0.0648455,0,0,0,0,0,0,0,0,0,0.11921,0.112044,0.110321,0.1,0.112138,0.109866,0.119257,0.0681889,0.0527017,0.0489065,0.0529965,0.0477511,0.0683797,0,0,0,0,0,0,0,0,0,1,1,1,1,1,1,1,1,1,1,1,1,1,0,0,0,0,0,0,0,0,0,1,1,1,1,1,1,1,1,1,1,1,1,1,0,0,0,0,0,0,0,0,0,1,0,0,0,0,0,0,0,0,0,0,0,0,0,0,0,0,0,0,0,0,0,0,13,0,0,0,0,0,0,0,0,0,0,0,0,0,0,0,0,0,0,0,0,0,0,0,0,0,0,0,0,0,0,0,0,0,0,0,0,0,0,0,0,0,0,0,0,0,0,0,0
-0.121372,-0.203228,1.19317,0,0,0,0,5.95119e-10,-1.75736e-09,1.15724e-09,2434,825,826,840,841,842,855,856,2418,2419,2433,2435,2448,2449,0,0,0,0,0,0,0,0,0,825,826,840,841,842,855,856,2418,2419,2433,2435,2448,2449,0,0,0,0,0,0,0,0,0,0.114969,0.114258,0.110488,0.0990367,0.114046,0.111239,0.115729,0.0638965,0.0604083,0.0539234,0.0584314,0.0555887,0.063963,0,0,0,0,0,0,0,0,0,0.11424,0.114116,0.111804,0.1,0.114112,0.111531,0.1146,0.0581214,0.0578881,0.0529965,0.0578637,0.0524131,0.0589178,0,0,0,0,0,0,0,0,0,1,1,1,1,1,1,1,1,1,1,1,1,1,0,0,0,0,0,0,0,0,0,1,1,1,1,1,1,1,1,1,1,1,1,1,0,0,0,0,0,0,0,0,0,1,0,0,0,0,0,0,0,0,0,0,0,0,0,0,0,0,0,0,0,0,0,0,13,0,0,0,0,0,0,0,0,0,0,0,0,0,0,0,0,0,0,0,0,0,0,0,0,0,0,0,0,0,0,0,0,0,0,0,0,0,0,0,0,0,0,0,0,0,0,0,0
-0.167817,-0.227014,1.16687,0,0,0,0,4.584e-10,-1.46931e-09,2.11023e-09,2435,826,827,841,842,843,856,857,2419,2420,2434,2436,2449,2450,0,0,0,0,0,0,0,0,0,826,827,841,842,843,856,857,2419,2420,2434,2436,2449,2450,0,0,0,0,0,0,0,0,0,0.115196,0.114138,0.112654,0.0996285,0.114346,0.112922,0.115713,0.0628479,0.0594706,0.0584314,0.0584279,0.0595941,0.0629048,0,0,0,0,0,0,0,0,0,0.114437,0.113959,0.114105,0.1,0.114337,0.113657,0.114702,0.0585587,0.0575411,0.0578637,0.0583535,0.0568653,0.0591389,0,0,0,0,0,0,0,0,0,1,1,1,1,1,1,1,1,1,1,1,1,1,0,0,0,0,0,0,0,0,0,1,1,1,1,1,1,1,1,1,1,1,1,1,0,0,0,0,0,0,0,0,0,1,0,0,0,0,0,0,0,0,0,0,0,0,0,0,0,0,0,0,0,0,0,0,13,0,0,0,0,0,0,0,0,0,0,0,0,0,0,0,0,0,0,0,0,0,0,0,0,0,0,0,0,0,0,0,0,0,0,0,0,0,0,0,0,0,0,0,0,0,0,0,0
-0.212487,-0.249955,1.13701,0,0,0,0,-1.81932e-10,-1.01871e-09,3.72654e-09,2436,827,828,842,843,844,857,858,2420,2421,2435,2437,2450,2451,0,0,0,0,0,0,0,0,0,827,828,842,843,844,857,858,2420,2421,2435,2437,2450,2451,0,0,0,0,0,0,0,0,0,0.114971,0.113742,0.113454,0.0996893,0.114401,0.112985,0.115278,0.0619644,0.0583843,0.0584279,0.0583647,0.058335,0.0617732,0,0,0,0,0,0,0,0,0,0.114524,0.113633,0.114334,0.1,0.114431,0.113375,0.114621,0.0587577,0.05682,0.0583535,0.0585557,0.0562427,0.058965,0,0,0,0,0,0,0,0,0,1,1,1,1,1,1,1,1,1,1,1,1,1,0,0,0,0,0,0,0,0,0,1,1,1,1,1,1,1,1,1,1,1,1,1,0,0,0,0,0,0,0,0,0,1,0,0,0,0,0,0,0,0,0,0,0,0,0,0,0,0,0,0,0,0,0,0,13,0,0,0,0,0,0,0,0,0,0,0,0,0,0,0,0,0,0,0,0,0,0,0,0,0,0,0,0,0,0,0,0,0,0,0,0,0,0,0,0,0,0,0,0,0,0,0,0
-0.255475,-0.272064,1.1043,0,0,0,0,-1.4129e-09,-4.62072e-10,5.95829e-09,2437,828,829,843,844,845,858,859,2421,2422,2436,2438,2451,2452,0,0,0,0,0,0,0,0,0,828,829,843,844,845,858,859,2421,2422,2436,2438,2451,2452,0,0,0,0,0,0,0,0,0,0.114782,0.113213,0.113804,0.0997956,0.114369,0.112763,0.114862,0.0611214,0.0569961,0.0583647,0.0581402,0.057111,0.0605927,0,0,0,0,0,0,0,0,0,0.114494,0.113133,0.114432,0.1,0.114404,0.113012,0.114397,0.0587003,0.0557023,0.0585557,0.0584972,0.0554318,0.0584837,0,0,0,0,0,0,0,0,0,1,1,1,1,1,1,1,1,1,1,1,1,1,0,0,0,0,0,0,0,0,0,1,1,1,1,1,1,1,1,1,1,1,1,1,0,0,0,0,0,0,0,0,0,1,0,0,0,0,0,0,0,0,0,0,0,0,0,0,0,0,0,0,0,0,0,0,13,0,0,0,0,0,0,0,0,0,0,0,0,0,0,0,0,0,0,0,0,0,0,0,0,0,0,0,0,0,0,0,0,0,0,0,0,0,0,0,0,0,0,0,0,0,0,0,0
-0.296637,-0.293255,1.06913,0,0,0,0,-3.30524e-09,1.82666e-10,8.7349e-09,2438,829,830,844,845,846,859,860,2422,2423,2437,2439,2452,2453,0,0,0,0,0,0,0,0,0,829,830,844,845,846,859,860,2422,2423,2437,2439,2452,2453,0,0,0,0,0,0,0,0,0,0.114477,0.112573,0.113964,0.0998614,0.114227,0.112434,0.114373,0.0601365,0.0553869,0.0581402,0.0577556,0.0558119,0.0593264,0,0,0,0,0,0,0,0,0,0.114304,0.11251,0.114408,0.1,0.114268,0.112572,0.114051,0.0582916,0.0542867,0.0584972,0.0582016,0.0544363,0.0577317,0,0,0,0,0,0,0,0,0,1,1,1,1,1,1,1,1,1,1,1,1,1,0,0,0,0,0,0,0,0,0,1,1,1,1,1,1,1,1,1,1,1,1,1,0,0,0,0,0,0,0,0,0,1,0,0,0,0,0,0,0,0,0,0,0,0,0,0,0,0,0,0,0,0,0,0,13,0,0,0,0,0,0,0,0,0,0,0,0,0,0,0,0,0,0,0,0,0,0,0,0,0,0,0,0,0,0,0,0,0,0,0,0,0,0,0,0,0,0,0,0,0,0,0,0
-0.335857,-0.313447,1.03185,0,0,0,0,-5.9075e-09,9.04882e-10,1.1974e-08,2439,830,831,845,846,847,860,861,2423,2424,2438,2440,2453,2454,0,0,0,0,0,0,0,0,0,830,831,845,846,847,860,861,2423,2424,2438,2440,2453,2454,0,0,0,0,0,0,0,0,0,0.114022,0.111895,0.113953,0.0999085,0.113984,0.112001,0.113814,0.0588753,0.0536928,0.0577556,0.057199,0.0544368,0.0579414,0,0,0,0,0,0,0,0,0,0.113923,0.111838,0.114275,0.1,0.114032,0.112066,0.113596,0.0574609,0.052727,0.0582016,0.057684,0.0532694,0.056732,0,0,0,0,0,0,0,0,0,1,1,1,1,1,1,1,1,1,1,1,1,1,0,0,0,0,0,0,0,0,0,1,1,1,1,1,1,1,1,1,1,1,1,1,0,0,0,0,0,0,0,0,0,1,0,0,0,0,0,0,0,0,0,0,0,0,0,0,0,0,0,0,0,0,0,0,13,0,0,0,0,0,0,0,0,0,0,0,0,0,0,0,0,0,0,0,0,0,0,0,0,0,0,0,0,0,0,0,0,0,0,0,0,0,0,0,0,0,0,0,0,0,0,0,0
-0.373009,-0.332548,0.992778,0,0,0,0,-9.25379e-09,1.71425e-09,1.55758e-08,2440,831,832,846,847,848,861,862,2424,2425,2439,2441,2454,2455,0,0,0,0,0,0,0,0,0,831,832,846,847,848,861,862,2424,2425,2439,2441,2454,2455,0,0,0,0,0,0,0,0,0,0.113415,0.111235,0.113803,0.0999399,0.113638,0.111491,0.113186,0.0573146,0.0520462,0.057199,0.0564424,0.0529743,0.0564212,0,0,0,0,0,0,0,0,0,0.113365,0.111179,0.114039,0.1,0.113692,0.1115,0.113047,0.056228,0.0511613,0.057684,0.0569349,0.05194,0.0555055,0,0,0,0,0,0,0,0,0,1,1,1,1,1,1,1,1,1,1,1,1,1,0,0,0,0,0,0,0,0,0,1,1,1,1,1,1,1,1,1,1,1,1,1,0,0,0,0,0,0,0,0,0,1,0,0,0,0,0,0,0,0,0,0,0,0,0,0,0,0,0,0,0,0,0,0,13,0,0,0,0,0,0,0,0,0,0,0,0,0,0,0,0,0,0,0,0,0,0,0,0,0,0,0,0,0,0,0,0,0,0,0,0,0,0,0,0,0,0,0,0,0,0,0,0
-0.407964,-0.350465,0.952246,0,0,0,0,-1.33502e-08,2.638e-09,1.94281e-08,2441,832,833,847,848,849,862,863,2425,2426,2440,2442,2455,2456,0,0,0,0,0,0,0,0,0,832,833,847,848,849,862,863,2425,2426,2440,2442,2455,2456,0,0,0,0,0,0,0,0,0,0.112695,0.110609,0.113525,0.0999609,0.113191,0.110916,0.112496,0.0555214,0.0504665,0.0564424,0.0554712,0.0514111,0.0547614,0,0,0,0,0,0,0,0,0,0.112679,0.110551,0.113701,0.1,0.11325,0.110883,0.112418,0.0546801,0.0496322,0.0569349,0.0559487,0.0504572,0.0540716,0,0,0,0,0,0,0,0,0,1,1,1,1,1,1,1,1,1,1,1,1,1,0,0,0,0,0,0,0,0,0,1,1,1,1,1,1,1,1,1,1,1,1,1,0,0,0,0,0,0,0,0,0,1,0,0,0,0,0,0,0,0,0,0,0,0,0,0,0,0,0,0,0,0,0,0,13,0,0,0,0,0,0,0,0,0,0,0,0,0,0,0,0,0,0,0,0,0,0,0,0,0,0,0,0,0,0,0,0,0,0,0,0,0,0,0,0,0,0,0,0,0,0,0,0
-0.440562,-0.36717,0.910588,0,0,0,0,-1.81677e-08,3.72014e-09,2.34008e-08,2442,833,834,848,849,850,863,864,2426,2427,2441,2443,2456,2457,0,0,0,0,0,0,0,0,0,833,834,848,849,850,863,864,2426,2427,2441,2443,2456,2457,0,0,0,0,0,0,0,0,0,0.111909,0.110019,0.113127,0.099975,0.112647,0.110252,0.111742,0.0535786,0.0489469,0.0554712,0.0542749,0.0496494,0.0529402,0,0,0,0,0,0,0,0,0,0.111917,0.109959,0.113259,0.1,0.112707,0.110191,0.111711,0.0529175,0.0481552,0.0559487,0.0547192,0.0487487,0.0524236,0,0,0,0,0,0,0,0,0,1,1,1,1,1,1,1,1,1,1,1,1,1,0,0,0,0,0,0,0,0,0,1,1,1,1,1,1,1,1,1,1,1,1,1,0,0,0,0,0,0,0,0,0,1,0,0,0,0,0,0,0,0,0,0,0,0,0,0,0,0,0,0,0,0,0,0,13,0,0,0,0,0,0,0,0,0,0,0,0,0,0,0,0,0,0,0,0,0,0,0,0,0,0,0,0,0,0,0,0,0,0,0,0,0,0,0,0,0,0,0,0,0,0,0,0
-0.470554,-0.382812,0.868143,0,0,0,0,-2.36258e-08,5.02964e-09,2.73179e-08,2443,834,835,849,850,851,864,865,2427,2428,2442,2444,2457,2458,0,0,0,0,0,0,0,0,0,834,835,849,850,851,864,865,2427,2428,2442,2444,2457,2458,0,0,0,0,0,0,0,0,0,0.11112,0.109513,0.112618,0.0999856,0.113146,0.109417,0.111787,0.0516114,0.0476118,0.0542749,0.0554363,0.0474299,0.0530084,0,0,0,0,0,0,0,0,0,0.111143,0.109455,0.112716,0.1,0.113205,0.10934,0.111788,0.0510794,0.0468646,0.0547192,0.0558458,0.046577,0.0526079,0,0,0,0,0,0,0,0,0,1,1,1,1,1,1,1,1,1,1,1,1,1,0,0,0,0,0,0,0,0,0,1,1,1,1,1,1,1,1,1,1,1,1,1,0,0,0,0,0,0,0,0,0,1,0,0,0,0,0,0,0,0,0,0,0,0,0,0,0,0,0,0,0,0,0,0,13,0,0,0,0,0,0,0,0,0,0,0,0,0,0,0,0,0,0,0,0,0,0,0,0,0,0,0,0,0,0,0,0,0,0,0,0,0,0,0,0,0,0,0,0,0,0,0,0
-0.498447,-0.399038,0.823066,0,0,0,0,-2.9788e-08,6.8683e-09,3.0942e-08,2444,107,108,835,836,850,851,865,1700,1701,2428,2429,2443,2458,0,0,0,0,0,0,0,0,0,107,108,835,836,850,851,865,1700,1701,2428,2429,2443,2458,0,0,0,0,0,0,0,0,0,0.111833,0.113304,0.111232,0.108993,0.113139,0.0999939,0.108756,0.0530931,0.0558171,0.0518253,0.0462382,0.0554363,0.0456013,0,0,0,0,0,0,0,0,0,0.111853,0.113353,0.111271,0.108942,0.113216,0.1,0.10867,0.0527632,0.056177,0.0513883,0.0455239,0.0558458,0.044806,0,0,0,0,0,0,0,0,0,1,1,1,1,1,1,1,1,1,1,1,1,1,0,0,0,0,0,0,0,0,0,1,1,1,1,1,1,1,1,1,1,1,1,1,0,0,0,0,0,0,0,0,0,1,0,0,0,0,0,0,0,0,0,0,0,0,0,0,0,0,0,0,0,0,0,0,13,0,0,0,0,0,0,0,0,0,0,0,0,0,0,0,0,0,0,0,0,0,0,0,0,0,0,0,0,0,0,0,0,0,0,0,0,0,0,0,0,0,0,0,0,0,0,0,0
0.0356149,-0.144488,1.23304,0,0,0,0,-1.82687e-09,-2.02557e-09,3.0208e-09,2445,55,56,837,838,852,853,866,1648,1649,2430,2431,2446,2459,0,0,0,0,0,0,0,0,0,55,56,837,838,852,853,866,1648,1649,2430,2431,2446,2459,0,0,0,0,0,0,0,0,0,0.110748,0.1109,0.115221,0.109525,0.100839,0.110557,0.116055,0.0491509,0.0509706,0.0621686,0.0496595,0.0510778,0.0617295,0,0,0,0,0,0,0,0,0,0.109622,0.110139,0.117486,0.109594,0.1,0.110162,0.117355,0.0471191,0.0484434,0.0648008,0.0470552,0.0485149,0.0646241,0,0,0,0,0,0,0,0,0,1,1,1,1,1,1,1,1,1,1,1,1,1,0,0,0,0,0,0,0,0,0,1,1,1,1,1,1,1,1,1,1,1,1,1,0,0,0,0,0,0,0,0,0,1,0,0,0,0,0,0,0,0,0,0,0,0,0,0,0,0,0,0,0,0,0,0,13,0,0,0,0,0,0,0,0,0,0,0,0,0,0,0,0,0,0,0,0,0,0,0,0,0,0,0,0,0,0,0,0,0,0,0,0,0,0,0,0,0,0,0,0,0,0,0,0
-0.00256413,-0.177579,1.22553,0,0,0,0,-1.14313e-09,-2.09071e-09,1.42487e-10,2446,838,839,852,853,854,866,867,2431,2432,2445,2447,2459,2460,0,0,0,0,0,0,0,0,0,838,839,852,853,854,866,867,2431,2432,2445,2447,2459,2460,0,0,0,0,0,0,0,0,0,0.115902,0.109757,0.110202,0.100915,0.111099,0.109844,0.11763,0.063524,0.0496799,0.0510778,0.0513233,0.0486572,0.0644558,0,0,0,0,0,0,0,0,0,0.118079,0.109473,0.110166,0.1,0.110398,0.109214,0.118641,0.0659815,0.0467406,0.0485149,0.0491089,0.0460616,0.0671801,0,0,0,0,0,0,0,0,0,1,1,1,1,1,1,1,1,1,1,1,1,1,0,0,0,0,0,0,0,0,0,1,1,1,1,1,1,1,1,1,1,1,1,1,0,0,0,0,0,0,0,0,0,1,0,0,0,0,0,0,0,0,0,0,0,0,0,0,0,0,0,0,0,0,0,0,13,0,0,0,0,0,0,0,0,0,0,0,0,0,0,0,0,0,0,0,0,0,0,0,0,0,0,0,0,0,0,0,0,0,0,0,0,0,0,0,0,0,0,0,0,0,0,0,0
-0.0403589,-0.209453,1.21176,0,0,0,0,-3.49189e-10,-1.8502e-09,-2.33067e-09,2447,839,840,853,854,855,867,868,2432,2433,2446,2448,2460,2461,0,0,0,0,0,0,0,0,0,839,840,853,854,855,867,868,2432,2433,2446,2448,2460,2461,0,0,0,0,0,0,0,0,0,0.116468,0.110802,0.110028,0.100816,0.111782,0.110079,0.11778,0.0647553,0.0507559,0.0513233,0.0511848,0.0497479,0.0647256,0,0,0,0,0,0,0,0,0,0.118886,0.109869,0.110403,0.1,0.110644,0.109528,0.118937,0.0675626,0.0477511,0.0491089,0.049711,0.0468771,0.0677604,0,0,0,0,0,0,0,0,0,1,1,1,1,1,1,1,1,1,1,1,1,1,0,0,0,0,0,0,0,0,0,1,1,1,1,1,1,1,1,1,1,1,1,1,0,0,0,0,0,0,0,0,0,1,0,0,0,0,0,0,0,0,0,0,0,0,0,0,0,0,0,0,0,0,0,0,13,0,0,0,0,0,0,0,0,0,0,0,0,0,0,0,0,0,0,0,0,0,0,0,0,0,0,0,0,0,0,0,0,0,0,0,0,0,0,0,0,0,0,0,0,0,0,0,0
-0.0783014,-0.238372,1.19321,0,0,0,0,4.06137e-10,-1.36976e-09,-4.18651e-09,2448,840,841,854,855,856,868,869,2433,2434,2447,2449,2461,2462,0,0,0,0,0,0,0,0,0,840,841,854,855,856,868,869,2433,2434,2447,2449,2461,2462,0,0,0,0,0,0,0,0,0,0.117152,0.112719,0.110178,0.101282,0.112806,0.110298,0.117955,0.0648455,0.0555887,0.0511848,0.0538405,0.0505194,0.0642997,0,0,0,0,0,0,0,0,0,0.119307,0.111909,0.110648,0.1,0.112187,0.109775,0.119039,0.0683797,0.0524131,0.049711,0.0531571,0.0475076,0.0679624,0,0,0,0,0,0,0,0,0,1,1,1,1,1,1,1,1,1,1,1,1,1,0,0,0,0,0,0,0,0,0,1,1,1,1,1,1,1,1,1,1,1,1,1,0,0,0,0,0,0,0,0,0,1,0,0,0,0,0,0,0,0,0,0,0,0,0,0,0,0,0,0,0,0,0,0,13,0,0,0,0,0,0,0,0,0,0,0,0,0,0,0,0,0,0,0,0,0,0,0,0,0,0,0,0,0,0,0,0,0,0,0,0,0,0,0,0,0,0,0,0,0,0,0,0
-0.119899,-0.262387,1.16889,0,0,0,0,8.21119e-10,-5.5294e-10,-5.0201e-09,2449,841,842,855,856,857,869,870,2434,2435,2448,2450,2462,2463,0,0,0,0,0,0,0,0,0,841,842,855,856,857,869,870,2434,2435,2448,2450,2462,2463,0,0,0,0,0,0,0,0,0,0.115178,0.113807,0.110694,0.0991013,0.113801,0.111128,0.115626,0.063963,0.0595941,0.0538405,0.0577917,0.0549208,0.0632343,0,0,0,0,0,0,0,0,0,0.114609,0.113649,0.111893,0.1,0.113906,0.111224,0.114603,0.0589178,0.0568653,0.0531571,0.0574134,0.051641,0.0589228,0,0,0,0,0,0,0,0,0,1,1,1,1,1,1,1,1,1,1,1,1,1,0,0,0,0,0,0,0,0,0,1,1,1,1,1,1,1,1,1,1,1,1,1,0,0,0,0,0,0,0,0,0,1,0,0,0,0,0,0,0,0,0,0,0,0,0,0,0,0,0,0,0,0,0,0,13,0,0,0,0,0,0,0,0,0,0,0,0,0,0,0,0,0,0,0,0,0,0,0,0,0,0,0,0,0,0,0,0,0,0,0,0,0,0,0,0,0,0,0,0,0,0,0,0
-0.165657,-0.284467,1.14135,0,0,0,0,8.24091e-10,2.50693e-10,-4.72557e-09,2450,842,843,856,857,858,870,871,2435,2436,2449,2451,2463,2464,0,0,0,0,0,0,0,0,0,842,843,856,857,858,870,871,2435,2436,2449,2451,2463,2464,0,0,0,0,0,0,0,0,0,0.115361,0.113553,0.112552,0.0996417,0.114092,0.112509,0.115486,0.0629048,0.058335,0.0577917,0.0578254,0.0583499,0.0620727,0,0,0,0,0,0,0,0,0,0.114709,0.113371,0.113899,0.1,0.114105,0.113066,0.114567,0.0591389,0.0562427,0.0574134,0.057849,0.055546,0.0588464,0,0,0,0,0,0,0,0,0,1,1,1,1,1,1,1,1,1,1,1,1,1,0,0,0,0,0,0,0,0,0,1,1,1,1,1,1,1,1,1,1,1,1,1,0,0,0,0,0,0,0,0,0,1,0,0,0,0,0,0,0,0,0,0,0,0,0,0,0,0,0,0,0,0,0,0,13,0,0,0,0,0,0,0,0,0,0,0,0,0,0,0,0,0,0,0,0,0,0,0,0,0,0,0,0,0,0,0,0,0,0,0,0,0,0,0,0,0,0,0,0,0,0,0,0
-0.209693,-0.30565,1.11043,0,0,0,0,3.51874e-10,1.22015e-09,-3.72376e-09,2451,843,844,857,858,859,871,872,2436,2437,2450,2452,2464,2465,0,0,0,0,0,0,0,0,0,843,844,857,858,859,871,872,2436,2437,2450,2452,2464,2465,0,0,0,0,0,0,0,0,0,0.115012,0.11312,0.11329,0.0996997,0.114143,0.112462,0.114973,0.0617732,0.057111,0.0578254,0.0577751,0.0570035,0.0608367,0,0,0,0,0,0,0,0,0,0.114624,0.113011,0.114101,0.1,0.114176,0.11276,0.114374,0.058965,0.0554318,0.057849,0.0580043,0.0548559,0.0584313,0,0,0,0,0,0,0,0,0,1,1,1,1,1,1,1,1,1,1,1,1,1,0,0,0,0,0,0,0,0,0,1,1,1,1,1,1,1,1,1,1,1,1,1,0,0,0,0,0,0,0,0,0,1,0,0,0,0,0,0,0,0,0,0,0,0,0,0,0,0,0,0,0,0,0,0,13,0,0,0,0,0,0,0,0,0,0,0,0,0,0,0,0,0,0,0,0,0,0,0,0,0,0,0,0,0,0,0,0,0,0,0,0,0,0,0,0,0,0,0,0,0,0,0,0
-0.252072,-0.325962,1.07682,0,0,0,0,-6.90215e-10,2.2898e-09,-2.06496e-09,2452,844,845,858,859,860,872,873,2437,2438,2451,2453,2465,2466,0,0,0,0,0,0,0,0,0,844,845,858,859,860,872,873,2437,2438,2451,2453,2465,2466,0,0,0,0,0,0,0,0,0,0.114648,0.112653,0.113608,0.0997983,0.11409,0.112209,0.114485,0.0605927,0.0558119,0.0577751,0.0575262,0.0557663,0.0595559,0,0,0,0,0,0,0,0,0,0.114398,0.112573,0.114176,0.1,0.114123,0.112408,0.114061,0.0584837,0.0544363,0.0580043,0.0578866,0.0540539,0.0577507,0,0,0,0,0,0,0,0,0,1,1,1,1,1,1,1,1,1,1,1,1,1,0,0,0,0,0,0,0,0,0,1,1,1,1,1,1,1,1,1,1,1,1,1,0,0,0,0,0,0,0,0,0,1,0,0,0,0,0,0,0,0,0,0,0,0,0,0,0,0,0,0,0,0,0,0,13,0,0,0,0,0,0,0,0,0,0,0,0,0,0,0,0,0,0,0,0,0,0,0,0,0,0,0,0,0,0,0,0,0,0,0,0,0,0,0,0,0,0,0,0,0,0,0,0
-0.292642,-0.345286,1.04091,0,0,0,0,-2.38067e-09,3.44135e-09,1.85351e-10,2453,845,846,859,860,861,873,874,2438,2439,2452,2454,2466,2467,0,0,0,0,0,0,0,0,0,845,846,859,860,861,873,874,2438,2439,2452,2454,2466,2467,0,0,0,0,0,0,0,0,0,0.1142,0.112131,0.113731,0.09986,0.113914,0.111899,0.113947,0.0593264,0.0544368,0.0575262,0.0570789,0.0545398,0.0582181,0,0,0,0,0,0,0,0,0,0.114051,0.112068,0.114125,0.1,0.113953,0.112011,0.113654,0.0577317,0.0532694,0.0578866,0.0575135,0.0531365,0.0568562,0,0,0,0,0,0,0,0,0,1,1,1,1,1,1,1,1,1,1,1,1,1,0,0,0,0,0,0,0,0,0,1,1,1,1,1,1,1,1,1,1,1,1,1,0,0,0,0,0,0,0,0,0,1,0,0,0,0,0,0,0,0,0,0,0,0,0,0,0,0,0,0,0,0,0,0,13,0,0,0,0,0,0,0,0,0,0,0,0,0,0,0,0,0,0,0,0,0,0,0,0,0,0,0,0,0,0,0,0,0,0,0,0,0,0,0,0,0,0,0,0,0,0,0,0
-0.331277,-0.363517,1.00305,0,0,0,0,-4.77365e-09,4.66481e-09,2.94896e-09,2454,846,847,860,861,862,874,875,2439,2440,2453,2455,2467,2468,0,0,0,0,0,0,0,0,0,846,847,860,861,862,874,875,2439,2440,2453,2455,2467,2468,0,0,0,0,0,0,0,0,0,0.113678,0.111561,0.113676,0.0999043,0.113632,0.111523,0.113371,0.0579414,0.0529743,0.0570789,0.0564411,0.0533035,0.0568153,0,0,0,0,0,0,0,0,0,0.113596,0.111504,0.113957,0.1,0.113679,0.111569,0.113175,0.056732,0.05194,0.0575135,0.0569095,0.0520997,0.0557902,0,0,0,0,0,0,0,0,0,1,1,1,1,1,1,1,1,1,1,1,1,1,0,0,0,0,0,0,0,0,0,1,1,1,1,1,1,1,1,1,1,1,1,1,0,0,0,0,0,0,0,0,0,1,0,0,0,0,0,0,0,0,0,0,0,0,0,0,0,0,0,0,0,0,0,0,13,0,0,0,0,0,0,0,0,0,0,0,0,0,0,0,0,0,0,0,0,0,0,0,0,0,0,0,0,0,0,0,0,0,0,0,0,0,0,0,0,0,0,0,0,0,0,0,0
-0.367855,-0.380558,0.963592,0,0,0,0,-7.90367e-09,5.96855e-09,6.13377e-09,2455,847,848,861,862,863,875,876,2440,2441,2454,2456,2468,2469,0,0,0,0,0,0,0,0,0,847,848,861,862,863,875,876,2440,2441,2454,2456,2468,2469,0,0,0,0,0,0,0,0,0,0.113082,0.110945,0.113481,0.0999345,0.113256,0.111087,0.112768,0.0564212,0.0514111,0.0564411,0.0556207,0.0520121,0.0553602,0,0,0,0,0,0,0,0,0,0.113046,0.110887,0.113685,0.1,0.113311,0.111079,0.112649,0.0555055,0.0504572,0.0569095,0.0560887,0.0509296,0.0545992,0,0,0,0,0,0,0,0,0,1,1,1,1,1,1,1,1,1,1,1,1,1,0,0,0,0,0,0,0,0,0,1,1,1,1,1,1,1,1,1,1,1,1,1,0,0,0,0,0,0,0,0,0,1,0,0,0,0,0,0,0,0,0,0,0,0,0,0,0,0,0,0,0,0,0,0,13,0,0,0,0,0,0,0,0,0,0,0,0,0,0,0,0,0,0,0,0,0,0,0,0,0,0,0,0,0,0,0,0,0,0,0,0,0,0,0,0,0,0,0,0,0,0,0,0
-0.40228,-0.396313,0.922845,0,0,0,0,-1.17859e-08,7.37374e-09,9.64531e-09,2456,848,849,862,863,864,876,877,2441,2442,2455,2457,2469,2470,0,0,0,0,0,0,0,0,0,848,849,862,863,864,876,877,2441,2442,2455,2457,2469,2470,0,0,0,0,0,0,0,0,0,0.112421,0.110254,0.11317,0.0999556,0.112803,0.110589,0.112171,0.0547614,0.0496494,0.0556207,0.0546351,0.0506228,0.0539228,0,0,0,0,0,0,0,0,0,0.112416,0.110195,0.113318,0.1,0.112862,0.110541,0.112115,0.0540716,0.0487487,0.0560887,0.0550757,0.0496174,0.0533694,0,0,0,0,0,0,0,0,0,1,1,1,1,1,1,1,1,1,1,1,1,1,0,0,0,0,0,0,0,0,0,1,1,1,1,1,1,1,1,1,1,1,1,1,0,0,0,0,0,0,0,0,0,1,0,0,0,0,0,0,0,0,0,0,0,0,0,0,0,0,0,0,0,0,0,0,13,0,0,0,0,0,0,0,0,0,0,0,0,0,0,0,0,0,0,0,0,0,0,0,0,0,0,0,0,0,0,0,0,0,0,0,0,0,0,0,0,0,0,0,0,0,0,0,0
-0.434467,-0.410723,0.881115,0,0,0,0,-1.6419e-08,8.91411e-09,1.33843e-08,2457,849,850,863,864,865,877,878,2442,2443,2456,2458,2470,2471,0,0,0,0,0,0,0,0,0,849,850,863,864,865,877,878,2442,2443,2456,2458,2470,2471,0,0,0,0,0,0,0,0,0,0.111692,0.109403,0.112767,0.0999712,0.112904,0.109999,0.111715,0.0529402,0.0474299,0.0546351,0.0549018,0.0490262,0.0528196,0,0,0,0,0,0,0,0,0,0.111709,0.109344,0.11287,0.1,0.112964,0.109925,0.111708,0.0524236,0.046577,0.0550757,0.055305,0.0480793,0.0524147,0,0,0,0,0,0,0,0,0,1,1,1,1,1,1,1,1,1,1,1,1,1,0,0,0,0,0,0,0,0,0,1,1,1,1,1,1,1,1,1,1,1,1,1,0,0,0,0,0,0,0,0,0,1,0,0,0,0,0,0,0,0,0,0,0,0,0,0,0,0,0,0,0,0,0,0,13,0,0,0,0,0,0,0,0,0,0,0,0,0,0,0,0,0,0,0,0,0,0,0,0,0,0,0,0,0,0,0,0,0,0,0,0,0,0,0,0,0,0,0,0,0,0,0,0
-0.464119,-0.425456,0.837322,0,0,0,0,-2.16873e-08,1.09053e-08,1.68988e-08,2458,106,107,850,851,864,865,878,1699,1700,2443,2444,2457,2471,0,0,0,0,0,0,0,0,0,106,107,850,851,864,865,878,1699,1700,2443,2444,2457,2471,0,0,0,0,0,0,0,0,0,0.112046,0.113343,0.111756,0.108729,0.112903,0.0999845,0.108917,0.0535793,0.0559098,0.0530084,0.0456013,0.0549018,0.0461215,0,0,0,0,0,0,0,0,0,0.11207,0.113394,0.111787,0.108673,0.112974,0.1,0.108838,0.0532678,0.0562696,0.0526079,0.044806,0.055305,0.0452533,0,0,0,0,0,0,0,0,0,1,1,1,1,1,1,1,1,1,1,1,1,1,0,0,0,0,0,0,0,0,0,1,1,1,1,1,1,1,1,1,1,1,1,1,0,0,0,0,0,0,0,0,0,1,0,0,0,0,0,0,0,0,0,0,0,0,0,0,0,0,0,0,0,0,0,0,13,0,0,0,0,0,0,0,0,0,0,0,0,0,0,0,0,0,0,0,0,0,0,0,0,0,0,0,0,0,0,0,0,0,0,0,0,0,0,0,0,0,0,0,0,0,0,0,0
0.0372005,-0.203318,1.21441,0,0,0,0,-1.82584e-09,-2.06129e-09,-1.28749e-09,2459,54,55,852,853,866,867,879,1647,1648,2445,2446,2460,2472,0,0,0,0,0,0,0,0,0,54,55,852,853,866,867,879,1647,1648,2445,2446,2460,2472,0,0,0,0,0,0,0,0,0,0.110541,0.111125,0.115144,0.109153,0.100797,0.111156,0.117417,0.0485673,0.0515687,0.0617295,0.0486572,0.0524395,0.0641423,0,0,0,0,0,0,0,0,0,0.10947,0.110343,0.117397,0.109215,0.1,0.110746,0.118637,0.0467198,0.0489484,0.0646241,0.0460616,0.0499676,0.0671758,0,0,0,0,0,0,0,0,0,1,1,1,1,1,1,1,1,1,1,1,1,1,0,0,0,0,0,0,0,0,0,1,1,1,1,1,1,1,1,1,1,1,1,1,0,0,0,0,0,0,0,0,0,1,0,0,0,0,0,0,0,0,0,0,0,0,0,0,0,0,0,0,0,0,0,0,13,0,0,0,0,0,0,0,0,0,0,0,0,0,0,0,0,0,0,0,0,0,0,0,0,0,0,0,0,0,0,0,0,0,0,0,0,0,0,0,0,0,0,0,0,0,0,0,0
-0.000511889,-0.237853,1.20279,0,0,0,0,-1.08794e-09,-1.49773e-09,-5.21767e-09,2460,853,854,866,867,868,879,880,2446,2447,2459,2461,2472,2473,0,0,0,0,0,0,0,0,0,853,854,866,867,868,879,880,2446,2447,2459,2461,2472,2473,0,0,0,0,0,0,0,0,0,0.116465,0.109721,0.110817,0.10087,0.111395,0.110048,0.11762,0.0644558,0.0497479,0.0524395,0.0518945,0.0485386,0.0640858,0,0,0,0,0,0,0,0,0,0.118688,0.10953,0.110751,0.1,0.110715,0.10925,0.118552,0.0671801,0.0468771,0.0499676,0.0498882,0.0461483,0.0670125,0,0,0,0,0,0,0,0,0,1,1,1,1,1,1,1,1,1,1,1,1,1,0,0,0,0,0,0,0,0,0,1,1,1,1,1,1,1,1,1,1,1,1,1,0,0,0,0,0,0,0,0,0,1,0,0,0,0,0,0,0,0,0,0,0,0,0,0,0,0,0,0,0,0,0,0,13,0,0,0,0,0,0,0,0,0,0,0,0,0,0,0,0,0,0,0,0,0,0,0,0,0,0,0,0,0,0,0,0,0,0,0,0,0,0,0,0,0,0,0,0,0,0,0,0
-0.0386348,-0.268823,1.18604,0,0,0,0,-2.42001e-10,-6.15035e-10,-8.53849e-09,2461,854,855,867,868,869,880,881,2447,2448,2460,2462,2473,2474,0,0,0,0,0,0,0,0,0,854,855,867,868,869,880,881,2447,2448,2460,2462,2473,2474,0,0,0,0,0,0,0,0,0,0.116588,0.110632,0.110471,0.100762,0.111861,0.109996,0.117438,0.0647256,0.0505194,0.0518945,0.0514034,0.0492197,0.0637247,0,0,0,0,0,0,0,0,0,0.118986,0.109778,0.110721,0.1,0.110827,0.109378,0.118505,0.0677604,0.0475076,0.0498882,0.0501555,0.0464793,0.0669235,0,0,0,0,0,0,0,0,0,1,1,1,1,1,1,1,1,1,1,1,1,1,0,0,0,0,0,0,0,0,0,1,1,1,1,1,1,1,1,1,1,1,1,1,0,0,0,0,0,0,0,0,0,1,0,0,0,0,0,0,0,0,0,0,0,0,0,0,0,0,0,0,0,0,0,0,13,0,0,0,0,0,0,0,0,0,0,0,0,0,0,0,0,0,0,0,0,0,0,0,0,0,0,0,0,0,0,0,0,0,0,0,0,0,0,0,0,0,0,0,0,0,0,0,0
-0.0768149,-0.296251,1.16525,0,0,0,0,5.92131e-10,5.17033e-10,-1.11153e-08,2462,855,856,868,869,870,881,882,2448,2449,2461,2463,2474,2475,0,0,0,0,0,0,0,0,0,855,856,868,869,870,881,882,2448,2449,2461,2463,2474,2475,0,0,0,0,0,0,0,0,0,0.116998,0.112339,0.110434,0.101166,0.11264,0.110134,0.117411,0.0642997,0.0549208,0.0514034,0.05351,0.0498291,0.0630288,0,0,0,0,0,0,0,0,0,0.119089,0.111568,0.110832,0.1,0.112136,0.109535,0.118396,0.0679624,0.051641,0.0501555,0.0530757,0.0468805,0.0667124,0,0,0,0,0,0,0,0,0,1,1,1,1,1,1,1,1,1,1,1,1,1,0,0,0,0,0,0,0,0,0,1,1,1,1,1,1,1,1,1,1,1,1,1,0,0,0,0,0,0,0,0,0,1,0,0,0,0,0,0,0,0,0,0,0,0,0,0,0,0,0,0,0,0,0,0,13,0,0,0,0,0,0,0,0,0,0,0,0,0,0,0,0,0,0,0,0,0,0,0,0,0,0,0,0,0,0,0,0,0,0,0,0,0,0,0,0,0,0,0,0,0,0,0,0
-0.11827,-0.318476,1.13974,0,0,0,0,1.11951e-09,1.94435e-09,-1.25087e-08,2463,856,857,869,870,871,882,883,2449,2450,2462,2464,2475,2476,0,0,0,0,0,0,0,0,0,856,857,869,870,871,882,883,2449,2450,2462,2464,2475,2476,0,0,0,0,0,0,0,0,0,0.115062,0.113237,0.110774,0.0991924,0.113472,0.110875,0.11522,0.0632343,0.0583499,0.05351,0.0569641,0.0539011,0.0619051,0,0,0,0,0,0,0,0,0,0.114613,0.113058,0.111875,0.1,0.113607,0.110822,0.11432,0.0589228,0.055546,0.0530757,0.0567557,0.0506311,0.0583106,0,0,0,0,0,0,0,0,0,1,1,1,1,1,1,1,1,1,1,1,1,1,0,0,0,0,0,0,0,0,0,1,1,1,1,1,1,1,1,1,1,1,1,1,0,0,0,0,0,0,0,0,0,1,0,0,0,0,0,0,0,0,0,0,0,0,0,0,0,0,0,0,0,0,0,0,13,0,0,0,0,0,0,0,0,0,0,0,0,0,0,0,0,0,0,0,0,0,0,0,0,0,0,0,0,0,0,0,0,0,0,0,0,0,0,0,0,0,0,0,0,0,0,0,0
-0.163316,-0.33878,1.11139,0,0,0,0,1.26676e-09,3.30624e-09,-1.27587e-08,2464,857,858,870,871,872,883,884,2450,2451,2463,2465,2476,2477,0,0,0,0,0,0,0,0,0,857,858,870,871,872,883,884,2450,2451,2463,2465,2476,2477,0,0,0,0,0,0,0,0,0,0.115131,0.11294,0.112369,0.099671,0.113724,0.112033,0.115013,0.0620727,0.0570035,0.0569641,0.0569796,0.0568935,0.060741,0,0,0,0,0,0,0,0,0,0.114575,0.112755,0.1136,0.1,0.113755,0.112439,0.114199,0.0588464,0.0548559,0.0567557,0.0570828,0.0541195,0.0580472,0,0,0,0,0,0,0,0,0,1,1,1,1,1,1,1,1,1,1,1,1,1,0,0,0,0,0,0,0,0,0,1,1,1,1,1,1,1,1,1,1,1,1,1,0,0,0,0,0,0,0,0,0,1,0,0,0,0,0,0,0,0,0,0,0,0,0,0,0,0,0,0,0,0,0,0,13,0,0,0,0,0,0,0,0,0,0,0,0,0,0,0,0,0,0,0,0,0,0,0,0,0,0,0,0,0,0,0,0,0,0,0,0,0,0,0,0,0,0,0,0,0,0,0,0
-0.206641,-0.358159,1.07986,0,0,0,0,9.64897e-10,4.82791e-09,-1.22696e-08,2465,858,859,871,872,873,884,885,2451,2452,2464,2466,2477,2478,0,0,0,0,0,0,0,0,0,858,859,871,872,873,884,885,2451,2452,2464,2466,2477,2478,0,0,0,0,0,0,0,0,0,0.114716,0.112514,0.113013,0.099722,0.11375,0.111915,0.114482,0.0608367,0.0557663,0.0569796,0.0568987,0.0555457,0.059514,0,0,0,0,0,0,0,0,0,0.11438,0.112405,0.11375,0.1,0.113789,0.112136,0.113946,0.0584313,0.0540539,0.0570828,0.0571582,0.053423,0.0574952,0,0,0,0,0,0,0,0,0,1,1,1,1,1,1,1,1,1,1,1,1,1,0,0,0,0,0,0,0,0,0,1,1,1,1,1,1,1,1,1,1,1,1,1,0,0,0,0,0,0,0,0,0,1,0,0,0,0,0,0,0,0,0,0,0,0,0,0,0,0,0,0,0,0,0,0,13,0,0,0,0,0,0,0,0,0,0,0,0,0,0,0,0,0,0,0,0,0,0,0,0,0,0,0,0,0,0,0,0,0,0,0,0,0,0,0,0,0,0,0,0,0,0,0,0
-0.248287,-0.376647,1.04578,0,0,0,0,1.15364e-10,6.43958e-09,-1.10953e-08,2466,859,860,872,873,874,885,886,2452,2453,2465,2467,2478,2479,0,0,0,0,0,0,0,0,0,859,860,872,873,874,885,886,2452,2453,2465,2467,2478,2479,0,0,0,0,0,0,0,0,0,0.114287,0.112086,0.113279,0.0998091,0.113673,0.111644,0.113976,0.0595559,0.0545398,0.0568987,0.056617,0.0543334,0.0582422,0,0,0,0,0,0,0,0,0,0.114065,0.11201,0.113788,0.1,0.113711,0.111802,0.113591,0.0577507,0.0531365,0.0571582,0.0569843,0.0526435,0.0567144,0,0,0,0,0,0,0,0,0,1,1,1,1,1,1,1,1,1,1,1,1,1,0,0,0,0,0,0,0,0,0,1,1,1,1,1,1,1,1,1,1,1,1,1,0,0,0,0,0,0,0,0,0,1,0,0,0,0,0,0,0,0,0,0,0,0,0,0,0,0,0,0,0,0,0,0,13,0,0,0,0,0,0,0,0,0,0,0,0,0,0,0,0,0,0,0,0,0,0,0,0,0,0,0,0,0,0,0,0,0,0,0,0,0,0,0,0,0,0,0,0,0,0,0,0
-0.288118,-0.394121,1.00954,0,0,0,0,-1.36511e-09,8.12269e-09,-9.29556e-09,2467,860,861,873,874,875,886,887,2453,2454,2466,2468,2479,2480,0,0,0,0,0,0,0,0,0,860,861,873,874,875,886,887,2453,2454,2466,2468,2479,2480,0,0,0,0,0,0,0,0,0,0.113791,0.11163,0.113361,0.0998637,0.113484,0.111349,0.113431,0.0582181,0.0533035,0.056617,0.0561525,0.0531794,0.0569158,0,0,0,0,0,0,0,0,0,0.113656,0.11157,0.113712,0.1,0.113531,0.111436,0.113163,0.0568562,0.0520997,0.0569843,0.0565838,0.0517795,0.0557595,0,0,0,0,0,0,0,0,0,1,1,1,1,1,1,1,1,1,1,1,1,1,0,0,0,0,0,0,0,0,0,1,1,1,1,1,1,1,1,1,1,1,1,1,0,0,0,0,0,0,0,0,0,1,0,0,0,0,0,0,0,0,0,0,0,0,0,0,0,0,0,0,0,0,0,0,13,0,0,0,0,0,0,0,0,0,0,0,0,0,0,0,0,0,0,0,0,0,0,0,0,0,0,0,0,0,0,0,0,0,0,0,0,0,0,0,0,0,0,0,0,0,0,0,0
-0.326041,-0.410466,0.971488,0,0,0,0,-3.53613e-09,9.86732e-09,-6.93984e-09,2468,861,862,874,875,876,887,888,2454,2455,2467,2469,2480,2481,0,0,0,0,0,0,0,0,0,861,862,874,875,876,887,888,2454,2455,2467,2469,2480,2481,0,0,0,0,0,0,0,0,0,0.113251,0.111139,0.113283,0.0999034,0.113217,0.111017,0.112864,0.0568153,0.0520121,0.0561525,0.0555538,0.0520587,0.0555494,0,0,0,0,0,0,0,0,0,0.113177,0.111081,0.113534,0.1,0.113273,0.111039,0.112691,0.0557902,0.0509296,0.0565838,0.056006,0.05083,0.054692,0,0,0,0,0,0,0,0,0,1,1,1,1,1,1,1,1,1,1,1,1,1,0,0,0,0,0,0,0,0,0,1,1,1,1,1,1,1,1,1,1,1,1,1,0,0,0,0,0,0,0,0,0,1,0,0,0,0,0,0,0,0,0,0,0,0,0,0,0,0,0,0,0,0,0,0,13,0,0,0,0,0,0,0,0,0,0,0,0,0,0,0,0,0,0,0,0,0,0,0,0,0,0,0,0,0,0,0,0,0,0,0,0,0,0,0,0,0,0,0,0,0,0,0,0
-0.361989,-0.425586,0.931925,0,0,0,0,-6.44217e-09,1.16818e-08,-4.10315e-09,2469,862,863,875,876,877,888,889,2455,2456,2468,2470,2481,2482,0,0,0,0,0,0,0,0,0,862,863,875,876,877,888,889,2455,2456,2468,2470,2481,2482,0,0,0,0,0,0,0,0,0,0.112678,0.110604,0.113098,0.0999312,0.112923,0.110643,0.112316,0.0553602,0.0506228,0.0555538,0.05492,0.0509167,0.0542283,0,0,0,0,0,0,0,0,0,0.11265,0.110543,0.113277,0.1,0.112983,0.110613,0.112222,0.0545992,0.0496174,0.056006,0.0553525,0.0497925,0.0536145,0,0,0,0,0,0,0,0,0,1,1,1,1,1,1,1,1,1,1,1,1,1,0,0,0,0,0,0,0,0,0,1,1,1,1,1,1,1,1,1,1,1,1,1,0,0,0,0,0,0,0,0,0,1,0,0,0,0,0,0,0,0,0,0,0,0,0,0,0,0,0,0,0,0,0,0,13,0,0,0,0,0,0,0,0,0,0,0,0,0,0,0,0,0,0,0,0,0,0,0,0,0,0,0,0,0,0,0,0,0,0,0,0,0,0,0,0,0,0,0,0,0,0,0,0
-0.395968,-0.439406,0.891051,0,0,0,0,-1.01232e-08,1.35884e-08,-8.50137e-10,2470,863,864,876,877,878,889,890,2456,2457,2469,2471,2482,2483,0,0,0,0,0,0,0,0,0,863,864,876,877,878,889,890,2456,2457,2469,2471,2482,2483,0,0,0,0,0,0,0,0,0,0.112111,0.109987,0.112867,0.0999521,0.112779,0.110237,0.111913,0.0539228,0.0490262,0.05492,0.0546286,0.0497421,0.0532522,0,0,0,0,0,0,0,0,0,0.112115,0.109928,0.112989,0.1,0.112837,0.110174,0.11188,0.0533694,0.0480793,0.0553525,0.0550203,0.0487044,0.0528181,0,0,0,0,0,0,0,0,0,1,1,1,1,1,1,1,1,1,1,1,1,1,0,0,0,0,0,0,0,0,0,1,1,1,1,1,1,1,1,1,1,1,1,1,0,0,0,0,0,0,0,0,0,1,0,0,0,0,0,0,0,0,0,0,0,0,0,0,0,0,0,0,0,0,0,0,13,0,0,0,0,0,0,0,0,0,0,0,0,0,0,0,0,0,0,0,0,0,0,0,0,0,0,0,0,0,0,0,0,0,0,0,0,0,0,0,0,0,0,0,0,0,0,0,0
-0.428159,-0.451981,0.848744,0,0,0,0,-1.46335e-08,1.56274e-08,2.77297e-09,2471,105,106,864,865,877,878,890,1698,1699,2457,2458,2470,2483,0,0,0,0,0,0,0,0,0,105,106,864,865,877,878,890,1698,1699,2457,2458,2470,2483,0,0,0,0,0,0,0,0,0,0.112084,0.113247,0.111687,0.108901,0.112768,0.0999702,0.109851,0.0536595,0.0557057,0.0528196,0.0461215,0.0546286,0.0486507,0,0,0,0,0,0,0,0,0,0.112104,0.1133,0.111708,0.10884,0.112844,0.1,0.109775,0.0533444,0.0560607,0.0524147,0.0452533,0.0550203,0.0476985,0,0,0,0,0,0,0,0,0,1,1,1,1,1,1,1,1,1,1,1,1,1,0,0,0,0,0,0,0,0,0,1,1,1,1,1,1,1,1,1,1,1,1,1,0,0,0,0,0,0,0,0,0,1,0,0,0,0,0,0,0,0,0,0,0,0,0,0,0,0,0,0,0,0,0,0,13,0,0,0,0,0,0,0,0,0,0,0,0,0,0,0,0,0,0,0,0,0,0,0,0,0,0,0,0,0,0,0,0,0,0,0,0,0,0,0,0,0,0,0,0,0,0,0,0
0.0391809,-0.262278,1.18923,0,0,0,0,-1.80385e-09,-9.44534e-10,-7.2585e-09,2472,53,54,866,867,879,880,891,1646,1647,2459,2460,2473,2484,0,0,0,0,0,0,0,0,0,53,54,866,867,879,880,891,1646,1647,2459,2460,2473,2484,0,0,0,0,0,0,0,0,0,0.110204,0.111835,0.116432,0.109081,0.100754,0.111276,0.117022,0.0474619,0.0532035,0.0641423,0.0485386,0.052467,0.0629823,0,0,0,0,0,0,0,0,0,0.109128,0.111041,0.118685,0.109252,0.1,0.110812,0.118107,0.0458234,0.0506648,0.0671758,0.0461483,0.0501231,0.0661386,0,0,0,0,0,0,0,0,0,1,1,1,1,1,1,1,1,1,1,1,1,1,0,0,0,0,0,0,0,0,0,1,1,1,1,1,1,1,1,1,1,1,1,1,0,0,0,0,0,0,0,0,0,1,0,0,0,0,0,0,0,0,0,0,0,0,0,0,0,0,0,0,0,0,0,0,13,0,0,0,0,0,0,0,0,0,0,0,0,0,0,0,0,0,0,0,0,0,0,0,0,0,0,0,0,0,0,0,0,0,0,0,0,0,0,0,0,0,0,0,0,0,0,0,0
0.00119435,-0.295385,1.17461,0,0,0,0,-1.0121e-09,3.29093e-10,-1.19946e-08,2473,867,868,879,880,881,891,892,2460,2461,2472,2474,2484,2485,0,0,0,0,0,0,0,0,0,867,868,879,880,881,891,892,2460,2461,2472,2474,2484,2485,0,0,0,0,0,0,0,0,0,0.1164,0.109567,0.110969,0.100797,0.111466,0.109802,0.117061,0.0640858,0.0492197,0.052467,0.0518983,0.047721,0.0626896,0,0,0,0,0,0,0,0,0,0.118601,0.109381,0.110818,0.1,0.110798,0.109021,0.117913,0.0670125,0.0464793,0.0501231,0.0500856,0.0455369,0.0657569,0,0,0,0,0,0,0,0,0,1,1,1,1,1,1,1,1,1,1,1,1,1,0,0,0,0,0,0,0,0,0,1,1,1,1,1,1,1,1,1,1,1,1,1,0,0,0,0,0,0,0,0,0,1,0,0,0,0,0,0,0,0,0,0,0,0,0,0,0,0,0,0,0,0,0,0,13,0,0,0,0,0,0,0,0,0,0,0,0,0,0,0,0,0,0,0,0,0,0,0,0,0,0,0,0,0,0,0,0,0,0,0,0,0,0,0,0,0,0,0,0,0,0,0,0
-0.0371093,-0.324742,1.15552,0,0,0,0,-9.23118e-11,1.94512e-09,-1.60164e-08,2474,868,869,880,881,882,892,893,2461,2462,2473,2475,2485,2486,0,0,0,0,0,0,0,0,0,868,869,880,881,882,892,893,2461,2462,2473,2475,2485,2486,0,0,0,0,0,0,0,0,0,0.116281,0.110347,0.110604,0.100696,0.111781,0.10974,0.116772,0.0637247,0.0498291,0.0518983,0.0512617,0.0483365,0.0621409,0,0,0,0,0,0,0,0,0,0.118555,0.109538,0.110804,0.1,0.110865,0.109106,0.117734,0.0669235,0.0468805,0.0500856,0.050242,0.0457542,0.0654036,0,0,0,0,0,0,0,0,0,1,1,1,1,1,1,1,1,1,1,1,1,1,0,0,0,0,0,0,0,0,0,1,1,1,1,1,1,1,1,1,1,1,1,1,0,0,0,0,0,0,0,0,0,1,0,0,0,0,0,0,0,0,0,0,0,0,0,0,0,0,0,0,0,0,0,0,13,0,0,0,0,0,0,0,0,0,0,0,0,0,0,0,0,0,0,0,0,0,0,0,0,0,0,0,0,0,0,0,0,0,0,0,0,0,0,0,0,0,0,0,0,0,0,0,0
-0.0753665,-0.350409,1.13304,0,0,0,0,8.31425e-10,3.7854e-09,-1.91779e-08,2475,869,870,881,882,883,893,894,2462,2463,2474,2476,2486,2487,0,0,0,0,0,0,0,0,0,869,870,881,882,883,893,894,2462,2463,2474,2476,2486,2487,0,0,0,0,0,0,0,0,0,0.116498,0.11187,0.110513,0.101038,0.112368,0.109863,0.116629,0.0630288,0.0539011,0.0512617,0.052947,0.0489071,0.0613366,0,0,0,0,0,0,0,0,0,0.118446,0.111134,0.110871,0.1,0.111976,0.109229,0.117505,0.0667124,0.0506311,0.050242,0.0527392,0.0460694,0.0649486,0,0,0,0,0,0,0,0,0,1,1,1,1,1,1,1,1,1,1,1,1,1,0,0,0,0,0,0,0,0,0,1,1,1,1,1,1,1,1,1,1,1,1,1,0,0,0,0,0,0,0,0,0,1,0,0,0,0,0,0,0,0,0,0,0,0,0,0,0,0,0,0,0,0,0,0,13,0,0,0,0,0,0,0,0,0,0,0,0,0,0,0,0,0,0,0,0,0,0,0,0,0,0,0,0,0,0,0,0,0,0,0,0,0,0,0,0,0,0,0,0,0,0,0,0
-0.116554,-0.37086,1.10679,0,0,0,0,1.47594e-09,5.83723e-09,-2.10207e-08,2476,870,871,882,883,884,894,895,2463,2464,2475,2477,2487,2488,0,0,0,0,0,0,0,0,0,870,871,882,883,884,894,895,2463,2464,2475,2477,2487,2488,0,0,0,0,0,0,0,0,0,0.114678,0.112629,0.110743,0.0992977,0.113066,0.11055,0.114637,0.0619051,0.0568935,0.052947,0.0559634,0.0526933,0.0602328,0,0,0,0,0,0,0,0,0,0.11433,0.112432,0.111748,0.1,0.113222,0.110383,0.113871,0.0583106,0.0541195,0.0527392,0.0558987,0.0495147,0.0573283,0,0,0,0,0,0,0,0,0,1,1,1,1,1,1,1,1,1,1,1,1,1,0,0,0,0,0,0,0,0,0,1,1,1,1,1,1,1,1,1,1,1,1,1,0,0,0,0,0,0,0,0,0,1,0,0,0,0,0,0,0,0,0,0,0,0,0,0,0,0,0,0,0,0,0,0,13,0,0,0,0,0,0,0,0,0,0,0,0,0,0,0,0,0,0,0,0,0,0,0,0,0,0,0,0,0,0,0,0,0,0,0,0,0,0,0,0,0,0,0,0,0,0,0,0
-0.160793,-0.389462,1.07801,0,0,0,0,1.76804e-09,7.77484e-09,-2.17199e-08,2477,871,872,883,884,885,895,896,2464,2465,2476,2478,2488,2489,0,0,0,0,0,0,0,0,0,871,872,883,884,885,895,896,2464,2465,2476,2478,2488,2489,0,0,0,0,0,0,0,0,0,0.114674,0.112315,0.11211,0.0997103,0.113276,0.11152,0.114399,0.060741,0.0555457,0.0559634,0.055958,0.0552991,0.0591267,0,0,0,0,0,0,0,0,0,0.114208,0.112131,0.113215,0.1,0.113323,0.111798,0.113695,0.0580472,0.053423,0.0558987,0.0561239,0.0526303,0.0569409,0,0,0,0,0,0,0,0,0,1,1,1,1,1,1,1,1,1,1,1,1,1,0,0,0,0,0,0,0,0,0,1,1,1,1,1,1,1,1,1,1,1,1,1,0,0,0,0,0,0,0,0,0,1,0,0,0,0,0,0,0,0,0,0,0,0,0,0,0,0,0,0,0,0,0,0,13,0,0,0,0,0,0,0,0,0,0,0,0,0,0,0,0,0,0,0,0,0,0,0,0,0,0,0,0,0,0,0,0,0,0,0,0,0,0,0,0,0,0,0,0,0,0,0,0
-0.20331,-0.407126,1.0462,0,0,0,0,1.63664e-09,9.86408e-09,-2.166e-08,2478,872,873,884,885,886,896,897,2465,2466,2477,2479,2489,2490,0,0,0,0,0,0,0,0,0,872,873,884,885,886,896,897,2465,2466,2477,2479,2489,2490,0,0,0,0,0,0,0,0,0,0.114244,0.111903,0.112657,0.0997518,0.113273,0.111346,0.113886,0.059514,0.0543334,0.055958,0.0558361,0.0539793,0.0579755,0,0,0,0,0,0,0,0,0,0.113953,0.111798,0.113318,0.1,0.113324,0.111507,0.113408,0.0574952,0.0526435,0.0561239,0.0561268,0.0519441,0.0563044,0,0,0,0,0,0,0,0,0,1,1,1,1,1,1,1,1,1,1,1,1,1,0,0,0,0,0,0,0,0,0,1,1,1,1,1,1,1,1,1,1,1,1,1,0,0,0,0,0,0,0,0,0,1,0,0,0,0,0,0,0,0,0,0,0,0,0,0,0,0,0,0,0,0,0,0,13,0,0,0,0,0,0,0,0,0,0,0,0,0,0,0,0,0,0,0,0,0,0,0,0,0,0,0,0,0,0,0,0,0,0,0,0,0,0,0,0,0,0,0,0,0,0,0,0
-0.244117,-0.423887,1.01197,0,0,0,0,9.80935e-10,1.20319e-08,-2.08951e-08,2479,873,874,885,886,887,897,898,2466,2467,2478,2480,2490,2491,0,0,0,0,0,0,0,0,0,873,874,885,886,887,897,898,2466,2467,2478,2480,2490,2491,0,0,0,0,0,0,0,0,0,0.113799,0.111507,0.112864,0.0998247,0.113175,0.111067,0.113392,0.0582422,0.0531794,0.0558361,0.0555281,0.0528198,0.0567664,0,0,0,0,0,0,0,0,0,0.113597,0.111434,0.113322,0.1,0.113231,0.11119,0.113038,0.0567144,0.0517795,0.0561268,0.0559166,0.0511894,0.0554738,0,0,0,0,0,0,0,0,0,1,1,1,1,1,1,1,1,1,1,1,1,1,0,0,0,0,0,0,0,0,0,1,1,1,1,1,1,1,1,1,1,1,1,1,0,0,0,0,0,0,0,0,0,1,0,0,0,0,0,0,0,0,0,0,0,0,0,0,0,0,0,0,0,0,0,0,13,0,0,0,0,0,0,0,0,0,0,0,0,0,0,0,0,0,0,0,0,0,0,0,0,0,0,0,0,0,0,0,0,0,0,0,0,0,0,0,0,0,0,0,0,0,0,0,0
-0.283113,-0.439613,0.975704,0,0,0,0,-2.8704e-10,1.4257e-08,-1.94758e-08,2480,874,875,886,887,888,898,899,2467,2468,2479,2481,2491,2492,0,0,0,0,0,0,0,0,0,874,875,886,887,888,898,899,2467,2468,2479,2481,2491,2492,0,0,0,0,0,0,0,0,0,0.113296,0.111103,0.112909,0.0998702,0.112996,0.110797,0.112857,0.0569158,0.0520587,0.0555281,0.0550998,0.0517646,0.0554851,0,0,0,0,0,0,0,0,0,0.113167,0.111039,0.113231,0.1,0.113062,0.110851,0.112614,0.0557595,0.05083,0.0559166,0.0555357,0.0503694,0.0545123,0,0,0,0,0,0,0,0,0,1,1,1,1,1,1,1,1,1,1,1,1,1,0,0,0,0,0,0,0,0,0,1,1,1,1,1,1,1,1,1,1,1,1,1,0,0,0,0,0,0,0,0,0,1,0,0,0,0,0,0,0,0,0,0,0,0,0,0,0,0,0,0,0,0,0,0,13,0,0,0,0,0,0,0,0,0,0,0,0,0,0,0,0,0,0,0,0,0,0,0,0,0,0,0,0,0,0,0,0,0,0,0,0,0,0,0,0,0,0,0,0,0,0,0,0
-0.320268,-0.454192,0.937718,0,0,0,0,-2.23541e-09,1.65302e-08,-1.74581e-08,2481,875,876,887,888,889,899,900,2468,2469,2480,2482,2492,2493,0,0,0,0,0,0,0,0,0,875,876,887,888,889,899,900,2468,2469,2480,2482,2492,2493,0,0,0,0,0,0,0,0,0,0.112763,0.110678,0.112834,0.0999035,0.112799,0.110505,0.112321,0.0555494,0.0509167,0.0550998,0.0546669,0.0507621,0.0542021,0,0,0,0,0,0,0,0,0,0.112694,0.110614,0.113064,0.1,0.112866,0.110492,0.112181,0.054692,0.0497925,0.0555357,0.0550898,0.0494923,0.053516,0,0,0,0,0,0,0,0,0,1,1,1,1,1,1,1,1,1,1,1,1,1,0,0,0,0,0,0,0,0,0,1,1,1,1,1,1,1,1,1,1,1,1,1,0,0,0,0,0,0,0,0,0,1,0,0,0,0,0,0,0,0,0,0,0,0,0,0,0,0,0,0,0,0,0,0,13,0,0,0,0,0,0,0,0,0,0,0,0,0,0,0,0,0,0,0,0,0,0,0,0,0,0,0,0,0,0,0,0,0,0,0,0,0,0,0,0,0,0,0,0,0,0,0,0
-0.355594,-0.467568,0.8982,0,0,0,0,-4.92186e-09,1.88673e-08,-1.49016e-08,2482,876,877,888,889,890,900,901,2469,2470,2481,2483,2493,2494,0,0,0,0,0,0,0,0,0,876,877,888,889,890,900,901,2469,2470,2481,2483,2493,2494,0,0,0,0,0,0,0,0,0,0.112245,0.110239,0.112716,0.0999305,0.112707,0.110175,0.111889,0.0542283,0.0497421,0.0546669,0.0544817,0.049727,0.0531644,0,0,0,0,0,0,0,0,0,0.112224,0.110175,0.112869,0.1,0.112767,0.110124,0.111827,0.0536145,0.0487044,0.0550898,0.0548652,0.0485763,0.0526903,0,0,0,0,0,0,0,0,0,1,1,1,1,1,1,1,1,1,1,1,1,1,0,0,0,0,0,0,0,0,0,1,1,1,1,1,1,1,1,1,1,1,1,1,0,0,0,0,0,0,0,0,0,1,0,0,0,0,0,0,0,0,0,0,0,0,0,0,0,0,0,0,0,0,0,0,13,0,0,0,0,0,0,0,0,0,0,0,0,0,0,0,0,0,0,0,0,0,0,0,0,0,0,0,0,0,0,0,0,0,0,0,0,0,0,0,0,0,0,0,0,0,0,0,0
-0.389152,-0.479838,0.857072,0,0,0,0,-8.40324e-09,2.1326e-08,-1.18799e-08,2483,104,105,877,878,889,890,901,1697,1698,2470,2471,2482,2494,0,0,0,0,0,0,0,0,0,104,105,877,878,889,890,901,1697,1698,2470,2471,2482,2494,0,0,0,0,0,0,0,0,0,0.111741,0.113073,0.111871,0.109842,0.112677,0.0999519,0.109849,0.052821,0.0553337,0.0532522,0.0486507,0.0544817,0.0487477,0,0,0,0,0,0,0,0,0,0.111738,0.113124,0.111882,0.109777,0.112772,0.1,0.109781,0.0524831,0.0556711,0.0528181,0.0476985,0.0548652,0.0477117,0,0,0,0,0,0,0,0,0,1,1,1,1,1,1,1,1,1,1,1,1,1,0,0,0,0,0,0,0,0,0,1,1,1,1,1,1,1,1,1,1,1,1,1,0,0,0,0,0,0,0,0,0,1,0,0,0,0,0,0,0,0,0,0,0,0,0,0,0,0,0,0,0,0,0,0,13,0,0,0,0,0,0,0,0,0,0,0,0,0,0,0,0,0,0,0,0,0,0,0,0,0,0,0,0,0,0,0,0,0,0,0,0,0,0,0,0,0,0,0,0,0,0,0,0
0.0405228,-0.317746,1.15942,0,0,0,0,-1.77532e-09,1.43527e-09,-1.44615e-08,2484,52,53,879,880,891,892,902,1645,1646,2472,2473,2485,2495,0,0,0,0,0,0,0,0,0,52,53,879,880,891,892,902,1645,1646,2472,2473,2485,2495,0,0,0,0,0,0,0,0,0,0.109726,0.11158,0.115965,0.108881,0.100678,0.11126,0.11631,0.0462158,0.0526276,0.0629823,0.047721,0.0521707,0.0612732,0,0,0,0,0,0,0,0,0,0.108747,0.110812,0.118155,0.109023,0.1,0.110751,0.117271,0.0448023,0.0501023,0.0661386,0.0455369,0.049969,0.0644727,0,0,0,0,0,0,0,0,0,1,1,1,1,1,1,1,1,1,1,1,1,1,0,0,0,0,0,0,0,0,0,1,1,1,1,1,1,1,1,1,1,1,1,1,0,0,0,0,0,0,0,0,0,1,0,0,0,0,0,0,0,0,0,0,0,0,0,0,0,0,0,0,0,0,0,0,13,0,0,0,0,0,0,0,0,0,0,0,0,0,0,0,0,0,0,0,0,0,0,0,0,0,0,0,0,0,0,0,0,0,0,0,0,0,0,0,0,0,0,0,0,0,0,0,0
0.00249781,-0.349102,1.14232,0,0,0,0,-9.09329e-10,3.5116e-09,-1.98729e-08,2485,880,881,891,892,893,902,903,2473,2474,2484,2486,2495,2496,0,0,0,0,0,0,0,0,0,880,881,891,892,893,902,903,2473,2474,2484,2486,2495,2496,0,0,0,0,0,0,0,0,0,0.115886,0.109317,0.110911,0.100716,0.111396,0.109448,0.11628,0.0626896,0.0483365,0.0521707,0.0515953,0.0466743,0.0609103,0,0,0,0,0,0,0,0,0,0.117961,0.109108,0.110758,0.1,0.110766,0.108709,0.117042,0.0657569,0.0457542,0.049969,0.0499997,0.0446938,0.0640148,0,0,0,0,0,0,0,0,0,1,1,1,1,1,1,1,1,1,1,1,1,1,0,0,0,0,0,0,0,0,0,1,1,1,1,1,1,1,1,1,1,1,1,1,0,0,0,0,0,0,0,0,0,1,0,0,0,0,0,0,0,0,0,0,0,0,0,0,0,0,0,0,0,0,0,0,13,0,0,0,0,0,0,0,0,0,0,0,0,0,0,0,0,0,0,0,0,0,0,0,0,0,0,0,0,0,0,0,0,0,0,0,0,0,0,0,0,0,0,0,0,0,0,0,0
-0.0357778,-0.37666,1.1214,0,0,0,0,9.40021e-11,5.91207e-09,-2.44605e-08,2486,881,882,892,893,894,903,904,2474,2475,2485,2487,2496,2497,0,0,0,0,0,0,0,0,0,881,882,892,893,894,903,904,2474,2475,2485,2487,2496,2497,0,0,0,0,0,0,0,0,0,0.115689,0.109991,0.110604,0.100625,0.111588,0.109415,0.11594,0.0621409,0.0489071,0.0515953,0.0508828,0.0472994,0.060275,0,0,0,0,0,0,0,0,0,0.117782,0.109232,0.110772,0.1,0.110807,0.108787,0.116788,0.0654036,0.0460694,0.0499997,0.0500915,0.0448935,0.0635019,0,0,0,0,0,0,0,0,0,1,1,1,1,1,1,1,1,1,1,1,1,1,0,0,0,0,0,0,0,0,0,1,1,1,1,1,1,1,1,1,1,1,1,1,0,0,0,0,0,0,0,0,0,1,0,0,0,0,0,0,0,0,0,0,0,0,0,0,0,0,0,0,0,0,0,0,13,0,0,0,0,0,0,0,0,0,0,0,0,0,0,0,0,0,0,0,0,0,0,0,0,0,0,0,0,0,0,0,0,0,0,0,0,0,0,0,0,0,0,0,0,0,0,0,0
-0.0739607,-0.400517,1.09769,0,0,0,0,1.11146e-09,8.48042e-09,-2.80829e-08,2487,882,883,893,894,895,904,905,2475,2476,2486,2488,2497,2498,0,0,0,0,0,0,0,0,0,882,883,893,894,895,904,905,2475,2476,2486,2488,2497,2498,0,0,0,0,0,0,0,0,0,0.115789,0.111359,0.110488,0.100909,0.112025,0.109541,0.115726,0.0613366,0.0526933,0.0508828,0.0522263,0.0478722,0.0594276,0,0,0,0,0,0,0,0,0,0.117553,0.110663,0.110813,0.1,0.111739,0.108898,0.116492,0.0649486,0.0495147,0.0500915,0.0522156,0.0451805,0.0628982,0,0,0,0,0,0,0,0,0,1,1,1,1,1,1,1,1,1,1,1,1,1,0,0,0,0,0,0,0,0,0,1,1,1,1,1,1,1,1,1,1,1,1,1,0,0,0,0,0,0,0,0,0,1,0,0,0,0,0,0,0,0,0,0,0,0,0,0,0,0,0,0,0,0,0,0,13,0,0,0,0,0,0,0,0,0,0,0,0,0,0,0,0,0,0,0,0,0,0,0,0,0,0,0,0,0,0,0,0,0,0,0,0,0,0,0,0,0,0,0,0,0,0,0,0
-0.114763,-0.41931,1.07105,0,0,0,0,1.87335e-09,1.11487e-08,-3.02826e-08,2488,883,884,894,895,896,905,906,2476,2477,2487,2489,2498,2499,0,0,0,0,0,0,0,0,0,883,884,894,895,896,905,906,2476,2477,2487,2489,2498,2499,0,0,0,0,0,0,0,0,0,0.114135,0.112001,0.110639,0.0994089,0.112612,0.110186,0.113945,0.0602328,0.0552991,0.0522263,0.0548513,0.0513776,0.0583431,0,0,0,0,0,0,0,0,0,0.113881,0.111792,0.111543,0.1,0.112778,0.10993,0.11332,0.0573283,0.0526303,0.0522156,0.0548967,0.0483403,0.0561037,0,0,0,0,0,0,0,0,0,1,1,1,1,1,1,1,1,1,1,1,1,1,0,0,0,0,0,0,0,0,0,1,1,1,1,1,1,1,1,1,1,1,1,1,0,0,0,0,0,0,0,0,0,1,0,0,0,0,0,0,0,0,0,0,0,0,0,0,0,0,0,0,0,0,0,0,13,0,0,0,0,0,0,0,0,0,0,0,0,0,0,0,0,0,0,0,0,0,0,0,0,0,0,0,0,0,0,0,0,0,0,0,0,0,0,0,0,0,0,0,0,0,0,0,0
-0.158111,-0.436348,1.04208,0,0,0,0,2.30786e-09,1.3666e-08,-3.13526e-08,2489,884,885,895,896,897,906,907,2477,2478,2488,2490,2499,2500,0,0,0,0,0,0,0,0,0,884,885,895,896,897,906,907,2477,2478,2488,2490,2499,2500,0,0,0,0,0,0,0,0,0,0.114086,0.111676,0.1118,0.0997546,0.11278,0.110976,0.113705,0.0591267,0.0539793,0.0548513,0.0548216,0.0535908,0.0573523,0,0,0,0,0,0,0,0,0,0.113705,0.111502,0.112772,0.1,0.112839,0.111152,0.113108,0.0569409,0.0519441,0.0548967,0.055035,0.0510938,0.0556282,0,0,0,0,0,0,0,0,0,1,1,1,1,1,1,1,1,1,1,1,1,1,0,0,0,0,0,0,0,0,0,1,1,1,1,1,1,1,1,1,1,1,1,1,0,0,0,0,0,0,0,0,0,1,0,0,0,0,0,0,0,0,0,0,0,0,0,0,0,0,0,0,0,0,0,0,13,0,0,0,0,0,0,0,0,0,0,0,0,0,0,0,0,0,0,0,0,0,0,0,0,0,0,0,0,0,0,0,0,0,0,0,0,0,0,0,0,0,0,0,0,0,0,0,0
-0.199722,-0.452452,1.01023,0,0,0,0,2.34492e-09,1.63294e-08,-3.16546e-08,2490,885,886,896,897,898,907,908,2478,2479,2489,2491,2500,2501,0,0,0,0,0,0,0,0,0,885,886,896,897,898,907,908,2478,2479,2489,2491,2500,2501,0,0,0,0,0,0,0,0,0,0.113672,0.111285,0.112248,0.0997844,0.112743,0.110752,0.113243,0.0579755,0.0528198,0.0548216,0.0546439,0.0523133,0.0563361,0,0,0,0,0,0,0,0,0,0.113417,0.111187,0.112834,0.1,0.112816,0.110875,0.112804,0.0563044,0.0511894,0.055035,0.0549828,0.0504239,0.0549408,0,0,0,0,0,0,0,0,0,1,1,1,1,1,1,1,1,1,1,1,1,1,0,0,0,0,0,0,0,0,0,1,1,1,1,1,1,1,1,1,1,1,1,1,0,0,0,0,0,0,0,0,0,1,0,0,0,0,0,0,0,0,0,0,0,0,0,0,0,0,0,0,0,0,0,0,13,0,0,0,0,0,0,0,0,0,0,0,0,0,0,0,0,0,0,0,0,0,0,0,0,0,0,0,0,0,0,0,0,0,0,0,0,0,0,0,0,0,0,0,0,0,0,0,0
-0.239588,-0.467631,0.976078,0,0,0,0,1.88119e-09,1.90579e-08,-3.1236e-08,2491,886,887,897,898,899,908,909,2479,2480,2490,2492,2501,2502,0,0,0,0,0,0,0,0,0,886,887,897,898,899,908,909,2479,2480,2490,2492,2501,2502,0,0,0,0,0,0,0,0,0,0.113236,0.110927,0.11239,0.0998413,0.112633,0.110494,0.112765,0.0567664,0.0517646,0.0546439,0.0543364,0.0512683,0.0552024,0,0,0,0,0,0,0,0,0,0.113044,0.110848,0.112814,0.1,0.112721,0.110577,0.112436,0.0554738,0.0503694,0.0549828,0.054766,0.0496959,0.0541002,0,0,0,0,0,0,0,0,0,1,1,1,1,1,1,1,1,1,1,1,1,1,0,0,0,0,0,0,0,0,0,1,1,1,1,1,1,1,1,1,1,1,1,1,0,0,0,0,0,0,0,0,0,1,0,0,0,0,0,0,0,0,0,0,0,0,0,0,0,0,0,0,0,0,0,0,13,0,0,0,0,0,0,0,0,0,0,0,0,0,0,0,0,0,0,0,0,0,0,0,0,0,0,0,0,0,0,0,0,0,0,0,0,0,0,0,0,0,0,0,0,0,0,0,0
-0.277691,-0.481738,0.940001,0,0,0,0,8.20025e-10,2.18251e-08,-3.01311e-08,2492,887,888,898,899,900,909,910,2480,2481,2491,2493,2502,2503,0,0,0,0,0,0,0,0,0,887,888,898,899,900,909,910,2480,2481,2491,2493,2502,2503,0,0,0,0,0,0,0,0,0,0.112741,0.110569,0.112412,0.0998739,0.112506,0.110265,0.112237,0.0554851,0.0507621,0.0543364,0.0540475,0.0503732,0.0539556,0,0,0,0,0,0,0,0,0,0.112619,0.110491,0.112721,0.1,0.112589,0.110262,0.112043,0.0545123,0.0494923,0.054766,0.0544629,0.0489176,0.0531919,0,0,0,0,0,0,0,0,0,1,1,1,1,1,1,1,1,1,1,1,1,1,0,0,0,0,0,0,0,0,0,1,1,1,1,1,1,1,1,1,1,1,1,1,0,0,0,0,0,0,0,0,0,1,0,0,0,0,0,0,0,0,0,0,0,0,0,0,0,0,0,0,0,0,0,0,13,0,0,0,0,0,0,0,0,0,0,0,0,0,0,0,0,0,0,0,0,0,0,0,0,0,0,0,0,0,0,0,0,0,0,0,0,0,0,0,0,0,0,0,0,0,0,0,0
-0.314108,-0.494689,0.902222,0,0,0,0,-9.16254e-10,2.46269e-08,-2.83785e-08,2493,888,889,899,900,901,910,911,2481,2482,2492,2494,2503,2504,0,0,0,0,0,0,0,0,0,888,889,899,900,901,910,911,2481,2482,2492,2494,2503,2504,0,0,0,0,0,0,0,0,0,0.112242,0.110197,0.112386,0.0999061,0.112431,0.109984,0.111789,0.0542021,0.049727,0.0540475,0.0538877,0.0494042,0.0528866,0,0,0,0,0,0,0,0,0,0.112185,0.110124,0.112591,0.1,0.1125,0.109938,0.111694,0.053516,0.0485763,0.0544629,0.0542573,0.0481053,0.052373,0,0,0,0,0,0,0,0,0,1,1,1,1,1,1,1,1,1,1,1,1,1,0,0,0,0,0,0,0,0,0,1,1,1,1,1,1,1,1,1,1,1,1,1,0,0,0,0,0,0,0,0,0,1,0,0,0,0,0,0,0,0,0,0,0,0,0,0,0,0,0,0,0,0,0,0,13,0,0,0,0,0,0,0,0,0,0,0,0,0,0,0,0,0,0,0,0,0,0,0,0,0,0,0,0,0,0,0,0,0,0,0,0,0,0,0,0,0,0,0,0,0,0,0,0
-0.348795,-0.506588,0.862737,0,0,0,0,-3.38731e-09,2.75184e-08,-2.60654e-08,2494,103,104,889,890,900,901,911,1696,1697,2482,2483,2493,2504,0,0,0,0,0,0,0,0,0,103,104,889,890,900,901,911,1696,1697,2482,2483,2493,2504,0,0,0,0,0,0,0,0,0,0.111514,0.112555,0.111843,0.109851,0.112379,0.0999331,0.109675,0.0522436,0.0541803,0.0531644,0.0487477,0.0538877,0.0484264,0,0,0,0,0,0,0,0,0,0.11149,0.112608,0.111831,0.109782,0.112503,0.1,0.109615,0.0518907,0.0545026,0.0526903,0.0477117,0.0542573,0.0472837,0,0,0,0,0,0,0,0,0,1,1,1,1,1,1,1,1,1,1,1,1,1,0,0,0,0,0,0,0,0,0,1,1,1,1,1,1,1,1,1,1,1,1,1,0,0,0,0,0,0,0,0,0,1,0,0,0,0,0,0,0,0,0,0,0,0,0,0,0,0,0,0,0,0,0,0,13,0,0,0,0,0,0,0,0,0,0,0,0,0,0,0,0,0,0,0,0,0,0,0,0,0,0,0,0,0,0,0,0,0,0,0,0,0,0,0,0,0,0,0,0,0,0,0,0
0.0414043,-0.369199,1.12616,0,0,0,0,-1.7317e-09,5.15461e-09,-2.26045e-08,2495,51,52,891,892,902,903,912,1644,1645,2484,2485,2496,2505,0,0,0,0,0,0,0,0,0,51,52,891,892,902,903,912,1644,1645,2484,2485,2496,2505,0,0,0,0,0,0,0,0,0,0.109237,0.111369,0.115273,0.108606,0.1006,0.111156,0.115489,0.0449989,0.0521396,0.0612732,0.0466743,0.0517193,0.0594067,0,0,0,0,0,0,0,0,0,0.108378,0.11065,0.117317,0.108711,0.1,0.110646,0.116325,0.0437892,0.0497018,0.0644727,0.0446938,0.0497049,0.0625514,0,0,0,0,0,0,0,0,0,1,1,1,1,1,1,1,1,1,1,1,1,1,0,0,0,0,0,0,0,0,0,1,1,1,1,1,1,1,1,1,1,1,1,1,0,0,0,0,0,0,0,0,0,1,0,0,0,0,0,0,0,0,0,0,0,0,0,0,0,0,0,0,0,0,0,0,13,0,0,0,0,0,0,0,0,0,0,0,0,0,0,0,0,0,0,0,0,0,0,0,0,0,0,0,0,0,0,0,0,0,0,0,0,0,0,0,0,0,0,0,0,0,0,0,0
0.00350766,-0.398727,1.10701,0,0,0,0,-7.84114e-10,8.08664e-09,-2.85637e-08,2496,892,893,902,903,904,912,913,2485,2486,2495,2497,2505,2506,0,0,0,0,0,0,0,0,0,892,893,902,903,904,912,913,2485,2486,2495,2497,2505,2506,0,0,0,0,0,0,0,0,0,0.115188,0.109007,0.110813,0.100632,0.111227,0.109051,0.115397,0.0609103,0.0472994,0.0517193,0.0511072,0.0455516,0.0589698,0,0,0,0,0,0,0,0,0,0.117088,0.108789,0.110653,0.1,0.110665,0.108375,0.11606,0.0640148,0.0448935,0.0497049,0.0497435,0.0437743,0.0620052,0,0,0,0,0,0,0,0,0,1,1,1,1,1,1,1,1,1,1,1,1,1,0,0,0,0,0,0,0,0,0,1,1,1,1,1,1,1,1,1,1,1,1,1,0,0,0,0,0,0,0,0,0,1,0,0,0,0,0,0,0,0,0,0,0,0,0,0,0,0,0,0,0,0,0,0,13,0,0,0,0,0,0,0,0,0,0,0,0,0,0,0,0,0,0,0,0,0,0,0,0,0,0,0,0,0,0,0,0,0,0,0,0,0,0,0,0,0,0,0,0,0,0,0,0
-0.0345955,-0.424461,1.0847,0,0,0,0,3.06657e-10,1.12878e-08,-3.35934e-08,2497,893,894,903,904,905,913,914,2486,2487,2496,2498,2506,2507,0,0,0,0,0,0,0,0,0,893,894,903,904,905,913,914,2486,2487,2496,2498,2506,2507,0,0,0,0,0,0,0,0,0,0.114957,0.109601,0.110532,0.100554,0.11132,0.109053,0.115034,0.060275,0.0478722,0.0511072,0.050352,0.0461926,0.0582886,0,0,0,0,0,0,0,0,0,0.116834,0.108901,0.110671,0.1,0.110684,0.108455,0.11576,0.0635019,0.0451805,0.0497435,0.0497827,0.0439795,0.0613854,0,0,0,0,0,0,0,0,0,1,1,1,1,1,1,1,1,1,1,1,1,1,0,0,0,0,0,0,0,0,0,1,1,1,1,1,1,1,1,1,1,1,1,1,0,0,0,0,0,0,0,0,0,1,0,0,0,0,0,0,0,0,0,0,0,0,0,0,0,0,0,0,0,0,0,0,13,0,0,0,0,0,0,0,0,0,0,0,0,0,0,0,0,0,0,0,0,0,0,0,0,0,0,0,0,0,0,0,0,0,0,0,0,0,0,0,0,0,0,0,0,0,0,0,0
-0.0725946,-0.446556,1.06014,0,0,0,0,1.41783e-09,1.45774e-08,-3.75669e-08,2498,894,895,904,905,906,914,915,2487,2488,2497,2499,2507,2508,0,0,0,0,0,0,0,0,0,894,895,904,905,906,914,915,2487,2488,2497,2499,2507,2508,0,0,0,0,0,0,0,0,0,0.114974,0.11083,0.110392,0.100787,0.111634,0.10919,0.114764,0.0594276,0.0513776,0.050352,0.0513901,0.0467829,0.0574031,0,0,0,0,0,0,0,0,0,0.116537,0.110178,0.11069,0.1,0.111448,0.108562,0.115421,0.0628982,0.0483403,0.0497827,0.0515563,0.0442597,0.0606767,0,0,0,0,0,0,0,0,0,1,1,1,1,1,1,1,1,1,1,1,1,1,0,0,0,0,0,0,0,0,0,1,1,1,1,1,1,1,1,1,1,1,1,1,0,0,0,0,0,0,0,0,0,1,0,0,0,0,0,0,0,0,0,0,0,0,0,0,0,0,0,0,0,0,0,0,13,0,0,0,0,0,0,0,0,0,0,0,0,0,0,0,0,0,0,0,0,0,0,0,0,0,0,0,0,0,0,0,0,0,0,0,0,0,0,0,0,0,0,0,0,0,0,0,0
-0.112925,-0.463812,1.03337,0,0,0,0,2.29373e-09,1.78367e-08,-4.0042e-08,2499,895,896,905,906,907,915,916,2488,2489,2498,2500,2508,2509,0,0,0,0,0,0,0,0,0,895,896,905,906,907,915,916,2488,2489,2498,2500,2508,2509,0,0,0,0,0,0,0,0,0,0.113494,0.111356,0.110477,0.0995263,0.112143,0.109804,0.113171,0.0583431,0.0535908,0.0513901,0.0536872,0.0500088,0.0562713,0,0,0,0,0,0,0,0,0,0.11333,0.111146,0.111281,0.1,0.112297,0.109473,0.112703,0.0561037,0.0510938,0.0515563,0.0537943,0.0471301,0.0547093,0,0,0,0,0,0,0,0,0,1,1,1,1,1,1,1,1,1,1,1,1,1,0,0,0,0,0,0,0,0,0,1,1,1,1,1,1,1,1,1,1,1,1,1,0,0,0,0,0,0,0,0,0,1,0,0,0,0,0,0,0,0,0,0,0,0,0,0,0,0,0,0,0,0,0,0,13,0,0,0,0,0,0,0,0,0,0,0,0,0,0,0,0,0,0,0,0,0,0,0,0,0,0,0,0,0,0,0,0,0,0,0,0,0,0,0,0,0,0,0,0,0,0,0,0
-0.155305,-0.479459,1.00436,0,0,0,0,2.86575e-09,2.09371e-08,-4.14224e-08,2500,896,897,906,907,908,916,917,2489,2490,2499,2501,2509,2510,0,0,0,0,0,0,0,0,0,896,897,906,907,908,916,917,2489,2490,2499,2501,2509,2510,0,0,0,0,0,0,0,0,0,0.113423,0.111025,0.111465,0.0998001,0.112255,0.110389,0.112988,0.0573523,0.0523133,0.0536872,0.0535958,0.0517473,0.0555423,0,0,0,0,0,0,0,0,0,0.113117,0.11087,0.112291,0.1,0.112327,0.110508,0.112469,0.0556282,0.0504239,0.0537943,0.0538642,0.0495221,0.0541735,0,0,0,0,0,0,0,0,0,1,1,1,1,1,1,1,1,1,1,1,1,1,0,0,0,0,0,0,0,0,0,1,1,1,1,1,1,1,1,1,1,1,1,1,0,0,0,0,0,0,0,0,0,1,0,0,0,0,0,0,0,0,0,0,0,0,0,0,0,0,0,0,0,0,0,0,13,0,0,0,0,0,0,0,0,0,0,0,0,0,0,0,0,0,0,0,0,0,0,0,0,0,0,0,0,0,0,0,0,0,0,0,0,0,0,0,0,0,0,0,0,0,0,0,0
-0.195879,-0.494198,0.972595,0,0,0,0,3.06929e-09,2.41814e-08,-4.20392e-08,2501,897,898,907,908,909,917,918,2490,2491,2500,2502,2510,2511,0,0,0,0,0,0,0,0,0,897,898,907,908,909,917,918,2490,2491,2500,2502,2510,2511,0,0,0,0,0,0,0,0,0,0.11305,0.110674,0.111797,0.0998178,0.112166,0.110141,0.112595,0.0563361,0.0512683,0.0535958,0.0533411,0.0505793,0.0547098,0,0,0,0,0,0,0,0,0,0.112812,0.110573,0.112323,0.1,0.112292,0.110245,0.112164,0.0549408,0.0496959,0.0538642,0.0537827,0.0488721,0.053468,0,0,0,0,0,0,0,0,0,1,1,1,1,1,1,1,1,1,1,1,1,1,0,0,0,0,0,0,0,0,0,1,1,1,1,1,1,1,1,1,1,1,1,1,0,0,0,0,0,0,0,0,0,1,0,0,0,0,0,0,0,0,0,0,0,0,0,0,0,0,0,0,0,0,0,0,13,0,0,0,0,0,0,0,0,0,0,0,0,0,0,0,0,0,0,0,0,0,0,0,0,0,0,0,0,0,0,0,0,0,0,0,0,0,0,0,0,0,0,0,0,0,0,0,0
-0.234692,-0.507944,0.938686,0,0,0,0,2.78897e-09,2.74691e-08,-4.1914e-08,2502,898,899,908,909,910,918,919,2491,2492,2501,2503,2511,2512,0,0,0,0,0,0,0,0,0,898,899,908,909,910,918,919,2491,2492,2501,2503,2511,2512,0,0,0,0,0,0,0,0,0,0.112624,0.110363,0.111866,0.0998436,0.112103,0.109983,0.112071,0.0552024,0.0503732,0.0533411,0.0531898,0.0498724,0.053501,0,0,0,0,0,0,0,0,0,0.112443,0.110259,0.11229,0.1,0.112214,0.109966,0.111821,0.0541002,0.0489176,0.0537827,0.0536017,0.0481726,0.052668,0,0,0,0,0,0,0,0,0,1,1,1,1,1,1,1,1,1,1,1,1,1,0,0,0,0,0,0,0,0,0,1,1,1,1,1,1,1,1,1,1,1,1,1,0,0,0,0,0,0,0,0,0,1,0,0,0,0,0,0,0,0,0,0,0,0,0,0,0,0,0,0,0,0,0,0,13,0,0,0,0,0,0,0,0,0,0,0,0,0,0,0,0,0,0,0,0,0,0,0,0,0,0,0,0,0,0,0,0,0,0,0,0,0,0,0,0,0,0,0,0,0,0,0,0
-0.272005,-0.520526,0.902929,0,0,0,0,1.9157e-09,3.07622e-08,-4.1039e-08,2503,899,900,909,910,911,919,920,2492,2493,2502,2504,2512,2513,0,0,0,0,0,0,0,0,0,899,900,909,910,911,919,920,2492,2493,2502,2504,2512,2513,0,0,0,0,0,0,0,0,0,0.112146,0.110031,0.111935,0.0998804,0.112061,0.109728,0.111626,0.0539556,0.0494042,0.0531898,0.0530891,0.0489277,0.0524483,0,0,0,0,0,0,0,0,0,0.112049,0.109937,0.112214,0.1,0.112146,0.109675,0.111497,0.0531919,0.0481053,0.0536017,0.0534413,0.047434,0.0519025,0,0,0,0,0,0,0,0,0,1,1,1,1,1,1,1,1,1,1,1,1,1,0,0,0,0,0,0,0,0,0,1,1,1,1,1,1,1,1,1,1,1,1,1,0,0,0,0,0,0,0,0,0,1,0,0,0,0,0,0,0,0,0,0,0,0,0,0,0,0,0,0,0,0,0,0,13,0,0,0,0,0,0,0,0,0,0,0,0,0,0,0,0,0,0,0,0,0,0,0,0,0,0,0,0,0,0,0,0,0,0,0,0,0,0,0,0,0,0,0,0,0,0,0,0
-0.307695,-0.532063,0.865358,0,0,0,0,3.80156e-10,3.41096e-08,-3.95041e-08,2504,102,103,900,901,910,911,920,1695,1696,2493,2494,2503,2513,0,0,0,0,0,0,0,0,0,102,103,900,901,910,911,920,1695,1696,2493,2494,2503,2513,0,0,0,0,0,0,0,0,0,0.111309,0.112109,0.11174,0.109697,0.111981,0.0999127,0.109435,0.0517131,0.0531924,0.0528866,0.0484264,0.0530891,0.0479473,0,0,0,0,0,0,0,0,0,0.111263,0.112169,0.111699,0.109614,0.112147,0.1,0.109378,0.0513456,0.0534938,0.052373,0.0472837,0.0534413,0.0466702,0,0,0,0,0,0,0,0,0,1,1,1,1,1,1,1,1,1,1,1,1,1,0,0,0,0,0,0,0,0,0,1,1,1,1,1,1,1,1,1,1,1,1,1,0,0,0,0,0,0,0,0,0,1,0,0,0,0,0,0,0,0,0,0,0,0,0,0,0,0,0,0,0,0,0,0,13,0,0,0,0,0,0,0,0,0,0,0,0,0,0,0,0,0,0,0,0,0,0,0,0,0,0,0,0,0,0,0,0,0,0,0,0,0,0,0,0,0,0,0,0,0,0,0,0
0.0419569,-0.416617,1.09038,0,0,0,0,-1.67584e-09,1.02223e-08,-3.1431e-08,2505,50,51,902,903,912,913,921,1643,1644,2495,2496,2506,2514,0,0,0,0,0,0,0,0,0,50,51,902,903,912,913,921,1643,1644,2495,2496,2506,2514,0,0,0,0,0,0,0,0,0,0.108754,0.111162,0.114527,0.108293,0.100521,0.110988,0.114614,0.0438187,0.0516213,0.0594067,0.0455516,0.0511586,0.0574665,0,0,0,0,0,0,0,0,0,0.108024,0.1105,0.116369,0.108377,0.1,0.110506,0.115322,0.0427973,0.0493236,0.0625514,0.0437743,0.049351,0.0604627,0,0,0,0,0,0,0,0,0,1,1,1,1,1,1,1,1,1,1,1,1,1,0,0,0,0,0,0,0,0,0,1,1,1,1,1,1,1,1,1,1,1,1,1,0,0,0,0,0,0,0,0,0,1,0,0,0,0,0,0,0,0,0,0,0,0,0,0,0,0,0,0,0,0,0,0,13,0,0,0,0,0,0,0,0,0,0,0,0,0,0,0,0,0,0,0,0,0,0,0,0,0,0,0,0,0,0,0,0,0,0,0,0,0,0,0,0,0,0,0,0,0,0,0,0
0.00428997,-0.444301,1.0696,0,0,0,0,-6.43214e-10,1.4026e-08,-3.78129e-08,2506,903,904,912,913,914,921,922,2496,2497,2505,2507,2514,2515,0,0,0,0,0,0,0,0,0,903,904,912,913,914,921,922,2496,2497,2505,2507,2514,2515,0,0,0,0,0,0,0,0,0,0.114413,0.108667,0.110674,0.100548,0.110994,0.108637,0.114477,0.0589698,0.0461926,0.0511586,0.0505031,0.0444041,0.0569762,0,0,0,0,0,0,0,0,0,0.116103,0.108457,0.110512,0.1,0.110516,0.108041,0.115028,0.0620052,0.0439795,0.049351,0.0493702,0.0428346,0.0598412,0,0,0,0,0,0,0,0,0,1,1,1,1,1,1,1,1,1,1,1,1,1,0,0,0,0,0,0,0,0,0,1,1,1,1,1,1,1,1,1,1,1,1,1,0,0,0,0,0,0,0,0,0,1,0,0,0,0,0,0,0,0,0,0,0,0,0,0,0,0,0,0,0,0,0,0,13,0,0,0,0,0,0,0,0,0,0,0,0,0,0,0,0,0,0,0,0,0,0,0,0,0,0,0,0,0,0,0,0,0,0,0,0,0,0,0,0,0,0,0,0,0,0,0,0
-0.0335458,-0.468255,1.04625,0,0,0,0,5.3493e-10,1.80183e-08,-4.31726e-08,2507,904,905,913,914,915,922,923,2497,2498,2506,2508,2515,2516,0,0,0,0,0,0,0,0,0,904,905,913,914,915,922,923,2497,2498,2506,2508,2515,2516,0,0,0,0,0,0,0,0,0,0.114165,0.109195,0.110405,0.100484,0.110998,0.10867,0.114109,0.0582886,0.0467829,0.0505031,0.0497065,0.0450465,0.0562703,0,0,0,0,0,0,0,0,0,0.115804,0.108564,0.110523,0.1,0.110515,0.108123,0.114698,0.0613854,0.0442597,0.0493702,0.0493581,0.0430485,0.0591389,0,0,0,0,0,0,0,0,0,1,1,1,1,1,1,1,1,1,1,1,1,1,0,0,0,0,0,0,0,0,0,1,1,1,1,1,1,1,1,1,1,1,1,1,0,0,0,0,0,0,0,0,0,1,0,0,0,0,0,0,0,0,0,0,0,0,0,0,0,0,0,0,0,0,0,0,13,0,0,0,0,0,0,0,0,0,0,0,0,0,0,0,0,0,0,0,0,0,0,0,0,0,0,0,0,0,0,0,0,0,0,0,0,0,0,0,0,0,0,0,0,0,0,0,0
-0.0712836,-0.488659,1.02114,0,0,0,0,1.73634e-09,2.20014e-08,-4.73981e-08,2508,905,906,914,915,916,923,924,2498,2499,2507,2509,2516,2517,0,0,0,0,0,0,0,0,0,905,906,914,915,916,923,924,2498,2499,2507,2509,2516,2517,0,0,0,0,0,0,0,0,0,0.114109,0.110302,0.110239,0.100676,0.1112,0.108825,0.113795,0.0574031,0.0500088,0.0497065,0.0504335,0.0456563,0.0553516,0,0,0,0,0,0,0,0,0,0.115464,0.109689,0.110521,0.1,0.111119,0.108229,0.114334,0.0606767,0.0471301,0.0493581,0.0507984,0.04333,0.0583554,0,0,0,0,0,0,0,0,0,1,1,1,1,1,1,1,1,1,1,1,1,1,0,0,0,0,0,0,0,0,0,1,1,1,1,1,1,1,1,1,1,1,1,1,0,0,0,0,0,0,0,0,0,1,0,0,0,0,0,0,0,0,0,0,0,0,0,0,0,0,0,0,0,0,0,0,13,0,0,0,0,0,0,0,0,0,0,0,0,0,0,0,0,0,0,0,0,0,0,0,0,0,0,0,0,0,0,0,0,0,0,0,0,0,0,0,0,0,0,0,0,0,0,0,0
-0.111081,-0.504449,0.994488,0,0,0,0,2.71928e-09,2.58045e-08,-5.00671e-08,2509,906,907,915,916,917,924,925,2499,2500,2508,2510,2517,2518,0,0,0,0,0,0,0,0,0,906,907,915,916,917,924,925,2499,2500,2508,2510,2517,2518,0,0,0,0,0,0,0,0,0,0.112778,0.110689,0.110261,0.09965,0.111689,0.109423,0.112371,0.0562713,0.0517473,0.0504335,0.0525295,0.0486331,0.0539243,0,0,0,0,0,0,0,0,0,0.112713,0.110502,0.110981,0.1,0.111796,0.109018,0.112048,0.0547093,0.0495221,0.0507984,0.0526283,0.045899,0.0531977,0,0,0,0,0,0,0,0,0,1,1,1,1,1,1,1,1,1,1,1,1,1,0,0,0,0,0,0,0,0,0,1,1,1,1,1,1,1,1,1,1,1,1,1,0,0,0,0,0,0,0,0,0,1,0,0,0,0,0,0,0,0,0,0,0,0,0,0,0,0,0,0,0,0,0,0,13,0,0,0,0,0,0,0,0,0,0,0,0,0,0,0,0,0,0,0,0,0,0,0,0,0,0,0,0,0,0,0,0,0,0,0,0,0,0,0,0,0,0,0,0,0,0,0,0
-0.152364,-0.518964,0.96543,0,0,0,0,3.42562e-09,2.95188e-08,-5.17341e-08,2510,907,908,916,917,918,925,926,2500,2501,2509,2511,2518,2519,0,0,0,0,0,0,0,0,0,907,908,916,917,918,925,926,2500,2501,2509,2511,2518,2519,0,0,0,0,0,0,0,0,0,0.11274,0.110369,0.111124,0.0998396,0.111644,0.109767,0.112335,0.0555423,0.0505793,0.0525295,0.0521773,0.0495908,0.0540214,0,0,0,0,0,0,0,0,0,0.112479,0.110241,0.111791,0.1,0.111807,0.109871,0.111807,0.0541735,0.0488721,0.0526283,0.0526542,0.0479275,0.0526326,0,0,0,0,0,0,0,0,0,1,1,1,1,1,1,1,1,1,1,1,1,1,0,0,0,0,0,0,0,0,0,1,1,1,1,1,1,1,1,1,1,1,1,1,0,0,0,0,0,0,0,0,0,1,0,0,0,0,0,0,0,0,0,0,0,0,0,0,0,0,0,0,0,0,0,0,13,0,0,0,0,0,0,0,0,0,0,0,0,0,0,0,0,0,0,0,0,0,0,0,0,0,0,0,0,0,0,0,0,0,0,0,0,0,0,0,0,0,0,0,0,0,0,0,0
-0.191591,-0.53256,0.933825,0,0,0,0,3.79218e-09,3.33608e-08,-5.26522e-08,2511,908,909,917,918,919,926,927,2501,2502,2510,2512,2519,2520,0,0,0,0,0,0,0,0,0,908,909,917,918,919,926,927,2501,2502,2510,2512,2519,2520,0,0,0,0,0,0,0,0,0,0.11241,0.110112,0.111244,0.0998116,0.111632,0.109666,0.11182,0.0547098,0.0498724,0.0521773,0.0521869,0.0493422,0.0528289,0,0,0,0,0,0,0,0,0,0.112172,0.109963,0.111803,0.1,0.111776,0.109624,0.111521,0.053468,0.0481726,0.0526542,0.0525803,0.0472995,0.0519557,0,0,0,0,0,0,0,0,0,1,1,1,1,1,1,1,1,1,1,1,1,1,0,0,0,0,0,0,0,0,0,1,1,1,1,1,1,1,1,1,1,1,1,1,0,0,0,0,0,0,0,0,0,1,0,0,0,0,0,0,0,0,0,0,0,0,0,0,0,0,0,0,0,0,0,0,13,0,0,0,0,0,0,0,0,0,0,0,0,0,0,0,0,0,0,0,0,0,0,0,0,0,0,0,0,0,0,0,0,0,0,0,0,0,0,0,0,0,0,0,0,0,0,0,0
-0.229645,-0.544871,0.900302,0,0,0,0,3.66472e-09,3.71621e-08,-5.27047e-08,2512,909,910,918,919,920,927,928,2502,2503,2511,2513,2520,2521,0,0,0,0,0,0,0,0,0,909,910,918,919,920,927,928,2502,2503,2511,2513,2520,2521,0,0,0,0,0,0,0,0,0,0.111957,0.109801,0.111403,0.0998512,0.111635,0.109445,0.111393,0.053501,0.0489277,0.0521869,0.0521702,0.0483686,0.0518398,0,0,0,0,0,0,0,0,0,0.111829,0.109673,0.111774,0.1,0.111737,0.109363,0.111237,0.052668,0.047434,0.0525803,0.0524869,0.0466286,0.0512791,0,0,0,0,0,0,0,0,0,1,1,1,1,1,1,1,1,1,1,1,1,1,0,0,0,0,0,0,0,0,0,1,1,1,1,1,1,1,1,1,1,1,1,1,0,0,0,0,0,0,0,0,0,1,0,0,0,0,0,0,0,0,0,0,0,0,0,0,0,0,0,0,0,0,0,0,13,0,0,0,0,0,0,0,0,0,0,0,0,0,0,0,0,0,0,0,0,0,0,0,0,0,0,0,0,0,0,0,0,0,0,0,0,0,0,0,0,0,0,0,0,0,0,0,0
-0.266221,-0.556118,0.864842,0,0,0,0,2.9645e-09,4.09886e-08,-5.2008e-08,2513,101,102,910,911,919,920,928,1694,1695,2503,2504,2512,2521,0,0,0,0,0,0,0,0,0,101,102,910,911,919,920,928,1694,1695,2503,2504,2512,2521,0,0,0,0,0,0,0,0,0,0.111083,0.111674,0.11157,0.109482,0.111517,0.0998915,0.109152,0.0511228,0.0522291,0.0524483,0.0479473,0.0521702,0.0473576,0,0,0,0,0,0,0,0,0,0.111015,0.111743,0.111503,0.109376,0.111736,0.1,0.109092,0.0507441,0.0524982,0.0519025,0.0466702,0.0524869,0.0459213,0,0,0,0,0,0,0,0,0,1,1,1,1,1,1,1,1,1,1,1,1,1,0,0,0,0,0,0,0,0,0,1,1,1,1,1,1,1,1,1,1,1,1,1,0,0,0,0,0,0,0,0,0,1,0,0,0,0,0,0,0,0,0,0,0,0,0,0,0,0,0,0,0,0,0,0,13,0,0,0,0,0,0,0,0,0,0,0,0,0,0,0,0,0,0,0,0,0,0,0,0,0,0,0,0,0,0,0,0,0,0,0,0,0,0,0,0,0,0,0,0,0,0,0,0
0.0422454,-0.460136,1.05285,0,0,0,0,-1.60958e-09,1.65927e-08,-4.07122e-08,2514,49,50,912,913,921,922,929,1642,1643,2505,2506,2515,2522,0,0,0,0,0,0,0,0,0,49,50,912,913,921,922,929,1642,1643,2505,2506,2515,2522,0,0,0,0,0,0,0,0,0,0.108287,0.110941,0.11375,0.107964,0.100443,0.110779,0.113716,0.0426868,0.0510556,0.0574665,0.0444041,0.050539,0.0554952,0,0,0,0,0,0,0,0,0,0.10769,0.110338,0.115364,0.108043,0.1,0.110337,0.114297,0.0418417,0.0489144,0.0604627,0.0428346,0.0489236,0.0582698,0,0,0,0,0,0,0,0,0,1,1,1,1,1,1,1,1,1,1,1,1,1,0,0,0,0,0,0,0,0,0,1,1,1,1,1,1,1,1,1,1,1,1,1,0,0,0,0,0,0,0,0,0,1,0,0,0,0,0,0,0,0,0,0,0,0,0,0,0,0,0,0,0,0,0,0,13,0,0,0,0,0,0,0,0,0,0,0,0,0,0,0,0,0,0,0,0,0,0,0,0,0,0,0,0,0,0,0,0,0,0,0,0,0,0,0,0,0,0,0,0,0,0,0,0
0.00485861,-0.48601,1.03079,0,0,0,0,-4.92713e-10,2.12568e-08,-4.74011e-08,2515,913,914,921,922,923,929,930,2506,2507,2514,2516,2522,2523,0,0,0,0,0,0,0,0,0,913,914,921,922,923,929,930,2506,2507,2514,2516,2522,2523,0,0,0,0,0,0,0,0,0,0.11361,0.108308,0.110502,0.100465,0.110727,0.108213,0.11355,0.0569762,0.0450465,0.050539,0.0498403,0.0432487,0.0549752,0,0,0,0,0,0,0,0,0,0.115069,0.108124,0.110343,0.1,0.110333,0.107715,0.113981,0.0598412,0.0430485,0.0489236,0.0489072,0.0418988,0.0575824,0,0,0,0,0,0,0,0,0,1,1,1,1,1,1,1,1,1,1,1,1,1,0,0,0,0,0,0,0,0,0,1,1,1,1,1,1,1,1,1,1,1,1,1,0,0,0,0,0,0,0,0,0,1,0,0,0,0,0,0,0,0,0,0,0,0,0,0,0,0,0,0,0,0,0,0,13,0,0,0,0,0,0,0,0,0,0,0,0,0,0,0,0,0,0,0,0,0,0,0,0,0,0,0,0,0,0,0,0,0,0,0,0,0,0,0,0,0,0,0,0,0,0,0,0
-0.0326665,-0.508261,1.00669,0,0,0,0,7.6762e-10,2.60123e-08,-5.29914e-08,2516,914,915,922,923,924,930,931,2507,2508,2515,2517,2523,2524,0,0,0,0,0,0,0,0,0,914,915,922,923,924,930,931,2507,2508,2515,2517,2523,2524,0,0,0,0,0,0,0,0,0,0.113354,0.108781,0.110238,0.100418,0.11064,0.10826,0.113211,0.0562703,0.0456563,0.0498403,0.0489778,0.0438429,0.054308,0,0,0,0,0,0,0,0,0,0.114739,0.108231,0.11034,0.1,0.110313,0.107798,0.113633,0.0591389,0.04333,0.0489072,0.0488478,0.0421189,0.0568188,0,0,0,0,0,0,0,0,0,1,1,1,1,1,1,1,1,1,1,1,1,1,0,0,0,0,0,0,0,0,0,1,1,1,1,1,1,1,1,1,1,1,1,1,0,0,0,0,0,0,0,0,0,1,0,0,0,0,0,0,0,0,0,0,0,0,0,0,0,0,0,0,0,0,0,0,13,0,0,0,0,0,0,0,0,0,0,0,0,0,0,0,0,0,0,0,0,0,0,0,0,0,0,0,0,0,0,0,0,0,0,0,0,0,0,0,0,0,0,0,0,0,0,0,0
-0.0700911,-0.527046,0.981282,0,0,0,0,2.05165e-09,3.06499e-08,-5.73798e-08,2517,915,916,923,924,925,931,932,2508,2509,2516,2518,2524,2525,0,0,0,0,0,0,0,0,0,915,916,923,924,925,931,932,2508,2509,2516,2518,2524,2525,0,0,0,0,0,0,0,0,0,0.113233,0.109787,0.110037,0.100569,0.110753,0.108391,0.112905,0.0553516,0.0486331,0.0489778,0.0492205,0.0443696,0.053508,0,0,0,0,0,0,0,0,0,0.114374,0.109201,0.110319,0.1,0.110768,0.107904,0.11326,0.0583554,0.045899,0.0488478,0.0499735,0.0424043,0.0559887,0,0,0,0,0,0,0,0,0,1,1,1,1,1,1,1,1,1,1,1,1,1,0,0,0,0,0,0,0,0,0,1,1,1,1,1,1,1,1,1,1,1,1,1,0,0,0,0,0,0,0,0,0,1,0,0,0,0,0,0,0,0,0,0,0,0,0,0,0,0,0,0,0,0,0,0,13,0,0,0,0,0,0,0,0,0,0,0,0,0,0,0,0,0,0,0,0,0,0,0,0,0,0,0,0,0,0,0,0,0,0,0,0,0,0,0,0,0,0,0,0,0,0,0,0
-0.109312,-0.541357,0.955214,0,0,0,0,3.14045e-09,3.4875e-08,-6.01498e-08,2518,916,917,924,925,926,932,933,2509,2510,2517,2519,2525,2526,0,0,0,0,0,0,0,0,0,916,917,924,925,926,932,933,2509,2510,2517,2519,2525,2526,0,0,0,0,0,0,0,0,0,0.11205,0.110031,0.11003,0.0999853,0.111178,0.108985,0.11215,0.0539243,0.0495908,0.0492205,0.0510948,0.0469318,0.053055,0,0,0,0,0,0,0,0,0,0.112058,0.109866,0.110657,0.1,0.111293,0.108569,0.112109,0.0531977,0.0479275,0.0499735,0.0514347,0.0446581,0.0531942,0,0,0,0,0,0,0,0,0,1,1,1,1,1,1,1,1,1,1,1,1,1,0,0,0,0,0,0,0,0,0,1,1,1,1,1,1,1,1,1,1,1,1,1,0,0,0,0,0,0,0,0,0,1,0,0,0,0,0,0,0,0,0,0,0,0,0,0,0,0,0,0,0,0,0,0,13,0,0,0,0,0,0,0,0,0,0,0,0,0,0,0,0,0,0,0,0,0,0,0,0,0,0,0,0,0,0,0,0,0,0,0,0,0,0,0,0,0,0,0,0,0,0,0,0
-0.148566,-0.555278,0.925616,0,0,0,0,3.98984e-09,3.94005e-08,-6.22136e-08,2519,917,918,925,926,927,933,934,2510,2511,2518,2520,2526,2527,0,0,0,0,0,0,0,0,0,917,918,925,926,927,933,934,2510,2511,2518,2520,2526,2527,0,0,0,0,0,0,0,0,0,0.112086,0.109815,0.110662,0.0997054,0.111131,0.108693,0.111436,0.0540214,0.0493422,0.0510948,0.0512071,0.0469096,0.0520465,0,0,0,0,0,0,0,0,0,0.111816,0.10962,0.111288,0.1,0.1113,0.108528,0.111152,0.0526326,0.0472995,0.0514347,0.0514512,0.0445081,0.0510711,0,0,0,0,0,0,0,0,0,1,1,1,1,1,1,1,1,1,1,1,1,1,0,0,0,0,0,0,0,0,0,1,1,1,1,1,1,1,1,1,1,1,1,1,0,0,0,0,0,0,0,0,0,1,0,0,0,0,0,0,0,0,0,0,0,0,0,0,0,0,0,0,0,0,0,0,13,0,0,0,0,0,0,0,0,0,0,0,0,0,0,0,0,0,0,0,0,0,0,0,0,0,0,0,0,0,0,0,0,0,0,0,0,0,0,0,0,0,0,0,0,0,0,0,0
-0.187309,-0.567519,0.89445,0,0,0,0,4.47115e-09,4.37122e-08,-6.32398e-08,2520,918,919,926,927,928,934,935,2511,2512,2519,2521,2527,2528,0,0,0,0,0,0,0,0,0,918,919,926,927,928,934,935,2511,2512,2519,2521,2527,2528,0,0,0,0,0,0,0,0,0,0.111671,0.109541,0.110842,0.0998251,0.111188,0.109082,0.111113,0.0528289,0.0483686,0.0512071,0.0512132,0.0477139,0.0511053,0,0,0,0,0,0,0,0,0,0.111529,0.10936,0.111296,0.1,0.111293,0.109015,0.110919,0.0519557,0.0466286,0.0514512,0.0514333,0.0457153,0.050506,0,0,0,0,0,0,0,0,0,1,1,1,1,1,1,1,1,1,1,1,1,1,0,0,0,0,0,0,0,0,0,1,1,1,1,1,1,1,1,1,1,1,1,1,0,0,0,0,0,0,0,0,0,1,0,0,0,0,0,0,0,0,0,0,0,0,0,0,0,0,0,0,0,0,0,0,13,0,0,0,0,0,0,0,0,0,0,0,0,0,0,0,0,0,0,0,0,0,0,0,0,0,0,0,0,0,0,0,0,0,0,0,0,0,0,0,0,0,0,0,0,0,0,0,0
-0.224688,-0.578585,0.861236,0,0,0,0,4.48079e-09,4.80346e-08,-6.34252e-08,2521,100,101,919,920,927,928,935,1693,1694,2512,2513,2520,2528,0,0,0,0,0,0,0,0,0,100,101,919,920,927,928,935,1693,1694,2512,2513,2520,2528,0,0,0,0,0,0,0,0,0,0.110826,0.111233,0.111323,0.109223,0.111028,0.0998651,0.108832,0.0504591,0.0512585,0.0518398,0.0473576,0.0512132,0.0466545,0,0,0,0,0,0,0,0,0,0.110733,0.111309,0.111245,0.10909,0.111291,0.1,0.108771,0.0500541,0.0514706,0.0512791,0.0459213,0.0514333,0.0450684,0,0,0,0,0,0,0,0,0,1,1,1,1,1,1,1,1,1,1,1,1,1,0,0,0,0,0,0,0,0,0,1,1,1,1,1,1,1,1,1,1,1,1,1,0,0,0,0,0,0,0,0,0,1,0,0,0,0,0,0,0,0,0,0,0,0,0,0,0,0,0,0,0,0,0,0,13,0,0,0,0,0,0,0,0,0,0,0,0,0,0,0,0,0,0,0,0,0,0,0,0,0,0,0,0,0,0,0,0,0,0,0,0,0,0,0,0,0,0,0,0,0,0,0,0
0.0422873,-0.499965,1.01421,0,0,0,0,-1.53225e-09,2.41812e-08,-5.02492e-08,2522,48,49,921,922,929,930,936,1641,1642,2514,2515,2523,2529,0,0,0,0,0,0,0,0,0,48,49,921,922,929,930,936,1641,1642,2514,2515,2523,2529,0,0,0,0,0,0,0,0,0,0.107846,0.110708,0.112955,0.107624,0.100365,0.110564,0.112796,0.0416322,0.0504697,0.0554952,0.0432487,0.0499381,0.053471,0,0,0,0,0,0,0,0,0,0.107379,0.11016,0.114336,0.107716,0.1,0.110144,0.113272,0.0409297,0.048462,0.0582698,0.0418988,0.0484341,0.0560107,0,0,0,0,0,0,0,0,0,1,1,1,1,1,1,1,1,1,1,1,1,1,0,0,0,0,0,0,0,0,0,1,1,1,1,1,1,1,1,1,1,1,1,1,0,0,0,0,0,0,0,0,0,1,0,0,0,0,0,0,0,0,0,0,0,0,0,0,0,0,0,0,0,0,0,0,13,0,0,0,0,0,0,0,0,0,0,0,0,0,0,0,0,0,0,0,0,0,0,0,0,0,0,0,0,0,0,0,0,0,0,0,0,0,0,0,0,0,0,0,0,0,0,0,0
0.00514662,-0.524094,0.99114,0,0,0,0,-3.34896e-10,2.96754e-08,-5.71416e-08,2523,922,923,929,930,931,936,937,2515,2516,2522,2524,2529,2530,0,0,0,0,0,0,0,0,0,922,923,929,930,931,936,937,2515,2516,2522,2524,2529,2530,0,0,0,0,0,0,0,0,0,0.112793,0.107921,0.110316,0.100376,0.110492,0.1078,0.112589,0.0549752,0.0438429,0.0499381,0.0492979,0.0421548,0.0528917,0,0,0,0,0,0,0,0,0,0.114019,0.107799,0.110151,0.1,0.110125,0.107401,0.112943,0.0575824,0.0421189,0.0484341,0.0483769,0.0409799,0.0552726,0,0,0,0,0,0,0,0,0,1,1,1,1,1,1,1,1,1,1,1,1,1,0,0,0,0,0,0,0,0,0,1,1,1,1,1,1,1,1,1,1,1,1,1,0,0,0,0,0,0,0,0,0,1,0,0,0,0,0,0,0,0,0,0,0,0,0,0,0,0,0,0,0,0,0,0,13,0,0,0,0,0,0,0,0,0,0,0,0,0,0,0,0,0,0,0,0,0,0,0,0,0,0,0,0,0,0,0,0,0,0,0,0,0,0,0,0,0,0,0,0,0,0,0,0
-0.0321996,-0.544741,0.966457,0,0,0,0,9.98511e-10,3.51621e-08,-6.28769e-08,2524,923,924,930,931,932,937,938,2516,2517,2523,2525,2530,2531,0,0,0,0,0,0,0,0,0,923,924,930,931,932,937,938,2516,2517,2523,2525,2530,2531,0,0,0,0,0,0,0,0,0,0.112548,0.108295,0.110076,0.100328,0.110404,0.107861,0.112233,0.054308,0.0443696,0.0492979,0.048633,0.0427442,0.0521739,0,0,0,0,0,0,0,0,0,0.113671,0.107905,0.110131,0.1,0.110091,0.107483,0.11259,0.0568188,0.0424043,0.0483769,0.0482794,0.0412014,0.0544714,0,0,0,0,0,0,0,0,0,1,1,1,1,1,1,1,1,1,1,1,1,1,0,0,0,0,0,0,0,0,0,1,1,1,1,1,1,1,1,1,1,1,1,1,0,0,0,0,0,0,0,0,0,1,0,0,0,0,0,0,0,0,0,0,0,0,0,0,0,0,0,0,0,0,0,0,13,0,0,0,0,0,0,0,0,0,0,0,0,0,0,0,0,0,0,0,0,0,0,0,0,0,0,0,0,0,0,0,0,0,0,0,0,0,0,0,0,0,0,0,0,0,0,0,0
-0.069716,-0.561999,0.940769,0,0,0,0,2.34002e-09,4.04347e-08,-6.7345e-08,2525,924,925,931,932,933,938,939,2517,2518,2524,2526,2531,2532,0,0,0,0,0,0,0,0,0,924,925,931,932,933,938,939,2517,2518,2524,2526,2531,2532,0,0,0,0,0,0,0,0,0,0.112399,0.109203,0.109893,0.100375,0.110116,0.108004,0.11184,0.053508,0.0469318,0.048633,0.0480302,0.0434119,0.0513906,0,0,0,0,0,0,0,0,0,0.113297,0.108721,0.110096,0.1,0.110039,0.10759,0.112223,0.0559887,0.0446581,0.0482794,0.048139,0.0414904,0.0536285,0,0,0,0,0,0,0,0,0,1,1,1,1,1,1,1,1,1,1,1,1,1,0,0,0,0,0,0,0,0,0,1,1,1,1,1,1,1,1,1,1,1,1,1,0,0,0,0,0,0,0,0,0,1,0,0,0,0,0,0,0,0,0,0,0,0,0,0,0,0,0,0,0,0,0,0,13,0,0,0,0,0,0,0,0,0,0,0,0,0,0,0,0,0,0,0,0,0,0,0,0,0,0,0,0,0,0,0,0,0,0,0,0,0,0,0,0,0,0,0,0,0,0,0,0
-0.10768,-0.575474,0.914615,0,0,0,0,3.5343e-09,4.52688e-08,-7.03111e-08,2526,925,926,932,933,934,939,940,2518,2519,2525,2527,2532,2533,0,0,0,0,0,0,0,0,0,925,926,932,933,934,939,940,2518,2519,2525,2527,2532,2533,0,0,0,0,0,0,0,0,0,0.111851,0.108937,0.109564,0.0998968,0.110346,0.108121,0.111757,0.053055,0.0469096,0.0480302,0.0492536,0.0446518,0.0519535,0,0,0,0,0,0,0,0,0,0.111996,0.10865,0.110044,0.1,0.1104,0.107697,0.111861,0.0531942,0.0445081,0.048139,0.0490778,0.0417784,0.0527857,0,0,0,0,0,0,0,0,0,1,1,1,1,1,1,1,1,1,1,1,1,1,0,0,0,0,0,0,0,0,0,1,1,1,1,1,1,1,1,1,1,1,1,1,0,0,0,0,0,0,0,0,0,1,0,0,0,0,0,0,0,0,0,0,0,0,0,0,0,0,0,0,0,0,0,0,13,0,0,0,0,0,0,0,0,0,0,0,0,0,0,0,0,0,0,0,0,0,0,0,0,0,0,0,0,0,0,0,0,0,0,0,0,0,0,0,0,0,0,0,0,0,0,0,0
-0.145282,-0.588252,0.885481,0,0,0,0,4.50893e-09,5.03313e-08,-7.25306e-08,2527,926,927,933,934,935,940,941,2519,2520,2526,2528,2533,2534,0,0,0,0,0,0,0,0,0,926,927,933,934,935,940,941,2519,2520,2526,2528,2533,2534,0,0,0,0,0,0,0,0,0,0.111259,0.109199,0.109913,0.0996806,0.110698,0.108259,0.110796,0.0520465,0.0477139,0.0492536,0.0502851,0.0452895,0.0504595,0,0,0,0,0,0,0,0,0,0.111161,0.109012,0.110307,0.1,0.110829,0.108095,0.110548,0.0510711,0.0457153,0.0490778,0.0503122,0.043278,0.0495952,0,0,0,0,0,0,0,0,0,1,1,1,1,1,1,1,1,1,1,1,1,1,0,0,0,0,0,0,0,0,0,1,1,1,1,1,1,1,1,1,1,1,1,1,0,0,0,0,0,0,0,0,0,1,0,0,0,0,0,0,0,0,0,0,0,0,0,0,0,0,0,0,0,0,0,0,13,0,0,0,0,0,0,0,0,0,0,0,0,0,0,0,0,0,0,0,0,0,0,0,0,0,0,0,0,0,0,0,0,0,0,0,0,0,0,0,0,0,0,0,0,0,0,0,0
-0.183422,-0.599327,0.854639,0,0,0,0,5.08356e-09,5.51357e-08,-7.36415e-08,2528,99,100,927,928,934,935,941,1692,1693,2520,2521,2527,2534,0,0,0,0,0,0,0,0,0,99,100,927,928,934,935,941,1692,1693,2520,2521,2527,2534,0,0,0,0,0,0,0,0,0,0.110577,0.110784,0.11103,0.108928,0.110496,0.0998461,0.108441,0.0497784,0.0502644,0.0511053,0.0466545,0.0502851,0.0457997,0,0,0,0,0,0,0,0,0,0.110416,0.110868,0.110927,0.108768,0.110825,0.1,0.108422,0.0492691,0.0504068,0.050506,0.0450684,0.0503122,0.0441248,0,0,0,0,0,0,0,0,0,1,1,1,1,1,1,1,1,1,1,1,1,1,0,0,0,0,0,0,0,0,0,1,1,1,1,1,1,1,1,1,1,1,1,1,0,0,0,0,0,0,0,0,0,1,0,0,0,0,0,0,0,0,0,0,0,0,0,0,0,0,0,0,0,0,0,0,13,0,0,0,0,0,0,0,0,0,0,0,0,0,0,0,0,0,0,0,0,0,0,0,0,0,0,0,0,0,0,0,0,0,0,0,0,0,0,0,0,0,0,0,0,0,0,0,0
0.0421192,-0.536312,0.974991,0,0,0,0,-1.44083e-09,3.28692e-08,-5.98651e-08,2529,47,48,929,930,936,937,942,1640,1641,2522,2523,2530,2535,0,0,0,0,0,0,0,0,0,47,48,929,930,936,937,942,1640,1641,2522,2523,2530,2535,0,0,0,0,0,0,0,0,0,0.107448,0.110467,0.112137,0.1073,0.100292,0.11034,0.111864,0.0406935,0.049868,0.053471,0.0421548,0.0493406,0.0513973,0,0,0,0,0,0,0,0,0,0.107092,0.109968,0.113308,0.107402,0.1,0.109936,0.112264,0.0400696,0.0479711,0.0560107,0.0409799,0.0478979,0.053718,0,0,0,0,0,0,0,0,0,1,1,1,1,1,1,1,1,1,1,1,1,1,0,0,0,0,0,0,0,0,0,1,1,1,1,1,1,1,1,1,1,1,1,1,0,0,0,0,0,0,0,0,0,1,0,0,0,0,0,0,0,0,0,0,0,0,0,0,0,0,0,0,0,0,0,0,13,0,0,0,0,0,0,0,0,0,0,0,0,0,0,0,0,0,0,0,0,0,0,0,0,0,0,0,0,0,0,0,0,0,0,0,0,0,0,0,0,0,0,0,0,0,0,0,0
0.00518397,-0.558754,0.951187,0,0,0,0,-1.6781e-10,3.9141e-08,-6.68641e-08,2530,930,931,936,937,938,942,943,2523,2524,2529,2531,2535,2536,0,0,0,0,0,0,0,0,0,930,931,936,937,938,942,943,2523,2524,2529,2531,2535,2536,0,0,0,0,0,0,0,0,0,0.111938,0.107564,0.11012,0.100293,0.110259,0.107426,0.111613,0.0528917,0.0427442,0.0493406,0.0487671,0.0411905,0.0507504,0,0,0,0,0,0,0,0,0,0.112978,0.107484,0.109942,0.1,0.109902,0.107102,0.111933,0.0552726,0.0412014,0.0478979,0.0478028,0.0400853,0.0529507,0,0,0,0,0,0,0,0,0,1,1,1,1,1,1,1,1,1,1,1,1,1,0,0,0,0,0,0,0,0,0,1,1,1,1,1,1,1,1,1,1,1,1,1,0,0,0,0,0,0,0,0,0,1,0,0,0,0,0,0,0,0,0,0,0,0,0,0,0,0,0,0,0,0,0,0,13,0,0,0,0,0,0,0,0,0,0,0,0,0,0,0,0,0,0,0,0,0,0,0,0,0,0,0,0,0,0,0,0,0,0,0,0,0,0,0,0,0,0,0,0,0,0,0,0
-0.0320444,-0.577851,0.926135,0,0,0,0,1.22745e-09,4.5302e-08,-7.26561e-08,2531,931,932,937,938,939,943,944,2524,2525,2530,2532,2536,2537,0,0,0,0,0,0,0,0,0,931,932,937,938,939,943,944,2524,2525,2530,2532,2536,2537,0,0,0,0,0,0,0,0,0,0.111663,0.107917,0.109907,0.100247,0.110113,0.107526,0.111256,0.0521739,0.0434119,0.0487671,0.0481744,0.0418684,0.0500528,0,0,0,0,0,0,0,0,0,0.112625,0.10759,0.109907,0.1,0.10986,0.107181,0.11159,0.0544714,0.0414904,0.0478028,0.0476843,0.0403012,0.0521443,0,0,0,0,0,0,0,0,0,1,1,1,1,1,1,1,1,1,1,1,1,1,0,0,0,0,0,0,0,0,0,1,1,1,1,1,1,1,1,1,1,1,1,1,0,0,0,0,0,0,0,0,0,1,0,0,0,0,0,0,0,0,0,0,0,0,0,0,0,0,0,0,0,0,0,0,13,0,0,0,0,0,0,0,0,0,0,0,0,0,0,0,0,0,0,0,0,0,0,0,0,0,0,0,0,0,0,0,0,0,0,0,0,0,0,0,0,0,0,0,0,0,0,0,0
-0.0695011,-0.593673,0.900301,0,0,0,0,2.60671e-09,5.11742e-08,-7.71354e-08,2532,932,933,938,939,940,944,945,2525,2526,2531,2533,2537,2538,0,0,0,0,0,0,0,0,0,932,933,938,939,940,944,945,2525,2526,2531,2533,2537,2538,0,0,0,0,0,0,0,0,0,0.111415,0.108246,0.109692,0.100167,0.109766,0.107691,0.111036,0.0513906,0.0446518,0.0481744,0.0471927,0.0427706,0.0498009,0,0,0,0,0,0,0,0,0,0.112257,0.107697,0.109864,0.1,0.109814,0.107287,0.111253,0.0536285,0.0417784,0.0476843,0.0475554,0.0405916,0.0513417,0,0,0,0,0,0,0,0,0,1,1,1,1,1,1,1,1,1,1,1,1,1,0,0,0,0,0,0,0,0,0,1,1,1,1,1,1,1,1,1,1,1,1,1,0,0,0,0,0,0,0,0,0,1,0,0,0,0,0,0,0,0,0,0,0,0,0,0,0,0,0,0,0,0,0,0,13,0,0,0,0,0,0,0,0,0,0,0,0,0,0,0,0,0,0,0,0,0,0,0,0,0,0,0,0,0,0,0,0,0,0,0,0,0,0,0,0,0,0,0,0,0,0,0,0
-0.105909,-0.607131,0.873459,0,0,0,0,3.9145e-09,5.68055e-08,-8.04962e-08,2533,933,934,939,940,941,945,946,2526,2527,2532,2534,2538,2539,0,0,0,0,0,0,0,0,0,933,934,939,940,941,945,946,2526,2527,2532,2534,2538,2539,0,0,0,0,0,0,0,0,0,0.111549,0.108491,0.10941,0.100179,0.109957,0.107749,0.110865,0.0519535,0.0452895,0.0471927,0.0479514,0.0430182,0.0495102,0,0,0,0,0,0,0,0,0,0.111894,0.108188,0.109818,0.1,0.110069,0.107394,0.110959,0.0527857,0.043278,0.0475554,0.0482775,0.0408843,0.0506346,0,0,0,0,0,0,0,0,0,1,1,1,1,1,1,1,1,1,1,1,1,1,0,0,0,0,0,0,0,0,0,1,1,1,1,1,1,1,1,1,1,1,1,1,0,0,0,0,0,0,0,0,0,1,0,0,0,0,0,0,0,0,0,0,0,0,0,0,0,0,0,0,0,0,0,0,13,0,0,0,0,0,0,0,0,0,0,0,0,0,0,0,0,0,0,0,0,0,0,0,0,0,0,0,0,0,0,0,0,0,0,0,0,0,0,0,0,0,0,0,0,0,0,0,0
-0.142863,-0.618299,0.845015,0,0,0,0,4.93738e-09,6.22414e-08,-8.26087e-08,2534,98,99,934,935,940,941,946,1691,1692,2527,2528,2533,2539,0,0,0,0,0,0,0,0,0,98,99,934,935,940,941,946,1691,1692,2527,2528,2533,2539,0,0,0,0,0,0,0,0,0,0.110237,0.110261,0.110704,0.108568,0.109612,0.0997784,0.107868,0.0489608,0.0491021,0.0504595,0.0457997,0.0479514,0.0439446,0,0,0,0,0,0,0,0,0,0.110069,0.110425,0.110556,0.108419,0.110001,0.1,0.107673,0.0484002,0.0493202,0.0495952,0.0441248,0.0482775,0.0420498,0,0,0,0,0,0,0,0,0,1,1,1,1,1,1,1,1,1,1,1,1,1,0,0,0,0,0,0,0,0,0,1,1,1,1,1,1,1,1,1,1,1,1,1,0,0,0,0,0,0,0,0,0,1,0,0,0,0,0,0,0,0,0,0,0,0,0,0,0,0,0,0,0,0,0,0,13,0,0,0,0,0,0,0,0,0,0,0,0,0,0,0,0,0,0,0,0,0,0,0,0,0,0,0,0,0,0,0,0,0,0,0,0,0,0,0,0,0,0,0,0,0,0,0,0
0.0418207,-0.569391,0.935654,0,0,0,0,-1.33741e-09,4.25166e-08,-6.94086e-08,2535,46,47,936,937,942,943,947,1639,1640,2529,2530,2536,2540,0,0,0,0,0,0,0,0,0,46,47,936,937,942,943,947,1639,1640,2529,2530,2536,2540,0,0,0,0,0,0,0,0,0,0.107101,0.110215,0.111308,0.107017,0.100227,0.110085,0.110952,0.0398912,0.0492348,0.0513973,0.0411905,0.0486809,0.0493365,0,0,0,0,0,0,0,0,0,0.106832,0.10977,0.112297,0.107103,0.1,0.109719,0.111289,0.0392723,0.0474573,0.053718,0.0400853,0.047336,0.0514228,0,0,0,0,0,0,0,0,0,1,1,1,1,1,1,1,1,1,1,1,1,1,0,0,0,0,0,0,0,0,0,1,1,1,1,1,1,1,1,1,1,1,1,1,0,0,0,0,0,0,0,0,0,1,0,0,0,0,0,0,0,0,0,0,0,0,0,0,0,0,0,0,0,0,0,0,13,0,0,0,0,0,0,0,0,0,0,0,0,0,0,0,0,0,0,0,0,0,0,0,0,0,0,0,0,0,0,0,0,0,0,0,0,0,0,0,0,0,0,0,0,0,0,0,0
0.00512993,-0.590211,0.911362,0,0,0,0,-4.15725e-12,4.95001e-08,-7.64302e-08,2536,937,938,942,943,944,947,948,2530,2531,2535,2537,2540,2541,0,0,0,0,0,0,0,0,0,937,938,942,943,944,947,948,2530,2531,2535,2537,2540,2541,0,0,0,0,0,0,0,0,0,0.111077,0.107293,0.109896,0.100219,0.109949,0.107093,0.110697,0.0507504,0.0418684,0.0486809,0.0480667,0.0403483,0.0487211,0,0,0,0,0,0,0,0,0,0.111966,0.107182,0.109724,0.1,0.109676,0.106818,0.110971,0.0529507,0.0403012,0.047336,0.047215,0.0392176,0.0506594,0,0,0,0,0,0,0,0,0,1,1,1,1,1,1,1,1,1,1,1,1,1,0,0,0,0,0,0,0,0,0,1,1,1,1,1,1,1,1,1,1,1,1,1,0,0,0,0,0,0,0,0,0,1,0,0,0,0,0,0,0,0,0,0,0,0,0,0,0,0,0,0,0,0,0,0,13,0,0,0,0,0,0,0,0,0,0,0,0,0,0,0,0,0,0,0,0,0,0,0,0,0,0,0,0,0,0,0,0,0,0,0,0,0,0,0,0,0,0,0,0,0,0,0,0
-0.0317438,-0.607879,0.886092,0,0,0,0,1.42825e-09,5.62957e-08,-8.22244e-08,2537,938,939,943,944,945,948,949,2531,2532,2536,2538,2541,2542,0,0,0,0,0,0,0,0,0,938,939,943,944,945,948,949,2531,2532,2536,2538,2541,2542,0,0,0,0,0,0,0,0,0,0.110814,0.107645,0.109671,0.100167,0.109703,0.107206,0.110453,0.0500528,0.0427706,0.0480667,0.0472902,0.0410441,0.0482878,0,0,0,0,0,0,0,0,0,0.111622,0.107287,0.109681,0.1,0.109638,0.106891,0.110661,0.0521443,0.0405916,0.047215,0.0471082,0.0394186,0.0499036,0,0,0,0,0,0,0,0,0,1,1,1,1,1,1,1,1,1,1,1,1,1,0,0,0,0,0,0,0,0,0,1,1,1,1,1,1,1,1,1,1,1,1,1,0,0,0,0,0,0,0,0,0,1,0,0,0,0,0,0,0,0,0,0,0,0,0,0,0,0,0,0,0,0,0,0,13,0,0,0,0,0,0,0,0,0,0,0,0,0,0,0,0,0,0,0,0,0,0,0,0,0,0,0,0,0,0,0,0,0,0,0,0,0,0,0,0,0,0,0,0,0,0,0,0
-0.068202,-0.622808,0.859933,0,0,0,0,2.86697e-09,6.28434e-08,-8.68223e-08,2538,939,940,944,945,946,949,950,2532,2533,2537,2539,2542,2543,0,0,0,0,0,0,0,0,0,939,940,944,945,946,949,950,2532,2533,2537,2539,2542,2543,0,0,0,0,0,0,0,0,0,0.110747,0.107795,0.10942,0.100141,0.109576,0.107294,0.110261,0.0498009,0.0430182,0.0472902,0.0468188,0.0415219,0.0479856,0,0,0,0,0,0,0,0,0,0.111284,0.107394,0.109643,0.1,0.109621,0.106994,0.110399,0.0513417,0.0408843,0.0471082,0.0470529,0.0397064,0.0492583,0,0,0,0,0,0,0,0,0,1,1,1,1,1,1,1,1,1,1,1,1,1,0,0,0,0,0,0,0,0,0,1,1,1,1,1,1,1,1,1,1,1,1,1,0,0,0,0,0,0,0,0,0,1,0,0,0,0,0,0,0,0,0,0,0,0,0,0,0,0,0,0,0,0,0,0,13,0,0,0,0,0,0,0,0,0,0,0,0,0,0,0,0,0,0,0,0,0,0,0,0,0,0,0,0,0,0,0,0,0,0,0,0,0,0,0,0,0,0,0,0,0,0,0,0
-0.104253,-0.635392,0.83284,0,0,0,0,4.20469e-09,6.91032e-08,-9.02398e-08,2539,97,98,940,941,945,946,950,1690,1691,2533,2534,2538,2543,0,0,0,0,0,0,0,0,0,97,98,940,941,945,946,950,1690,1691,2533,2534,2538,2543,0,0,0,0,0,0,0,0,0,0.11016,0.109673,0.1107,0.108058,0.109324,0.100166,0.107354,0.0478743,0.047223,0.0495102,0.0439446,0.0468188,0.0417811,0,0,0,0,0,0,0,0,0,0.110264,0.109811,0.11099,0.107737,0.109625,0.1,0.1071,0.0489252,0.0476523,0.0506346,0.0420498,0.0470529,0.0400025,0,0,0,0,0,0,0,0,0,1,1,1,1,1,1,1,1,1,1,1,1,1,0,0,0,0,0,0,0,0,0,1,1,1,1,1,1,1,1,1,1,1,1,1,0,0,0,0,0,0,0,0,0,1,0,0,0,0,0,0,0,0,0,0,0,0,0,0,0,0,0,0,0,0,0,0,13,0,0,0,0,0,0,0,0,0,0,0,0,0,0,0,0,0,0,0,0,0,0,0,0,0,0,0,0,0,0,0,0,0,0,0,0,0,0,0,0,0,0,0,0,0,0,0,0
0.0414993,-0.599445,0.89653,0,0,0,0,-1.23165e-09,5.29849e-08,-7.87598e-08,2540,45,46,942,943,947,948,951,1638,1639,2535,2536,2541,2544,0,0,0,0,0,0,0,0,0,45,46,942,943,947,948,951,1638,1639,2535,2536,2541,2544,0,0,0,0,0,0,0,0,0,0.106804,0.109954,0.110499,0.106772,0.10017,0.109796,0.110097,0.0392116,0.0485684,0.0493365,0.0403483,0.0479463,0.0473682,0,0,0,0,0,0,0,0,0,0.106602,0.109575,0.111319,0.106818,0.1,0.109507,0.110361,0.0385527,0.0469482,0.0514228,0.0392176,0.0467804,0.0491603,0,0,0,0,0,0,0,0,0,1,1,1,1,1,1,1,1,1,1,1,1,1,0,0,0,0,0,0,0,0,0,1,1,1,1,1,1,1,1,1,1,1,1,1,0,0,0,0,0,0,0,0,0,1,0,0,0,0,0,0,0,0,0,0,0,0,0,0,0,0,0,0,0,0,0,0,13,0,0,0,0,0,0,0,0,0,0,0,0,0,0,0,0,0,0,0,0,0,0,0,0,0,0,0,0,0,0,0,0,0,0,0,0,0,0,0,0,0,0,0,0,0,0,0,0
0.00519231,-0.618774,0.871891,0,0,0,0,1.389e-10,6.06332e-08,-8.57496e-08,2541,943,944,947,948,949,951,952,2536,2537,2540,2542,2544,2545,0,0,0,0,0,0,0,0,0,943,944,947,948,949,951,952,2536,2537,2540,2542,2544,2545,0,0,0,0,0,0,0,0,0,0.110282,0.107033,0.109645,0.100155,0.109616,0.106772,0.109897,0.0487211,0.0410441,0.0479463,0.0472819,0.0395126,0.0468999,0,0,0,0,0,0,0,0,0,0.111001,0.106891,0.109512,0.1,0.109466,0.106548,0.110082,0.0506594,0.0394186,0.0467804,0.046663,0.0383728,0.0484637,0,0,0,0,0,0,0,0,0,1,1,1,1,1,1,1,1,1,1,1,1,1,0,0,0,0,0,0,0,0,0,1,1,1,1,1,1,1,1,1,1,1,1,1,0,0,0,0,0,0,0,0,0,1,0,0,0,0,0,0,0,0,0,0,0,0,0,0,0,0,0,0,0,0,0,0,13,0,0,0,0,0,0,0,0,0,0,0,0,0,0,0,0,0,0,0,0,0,0,0,0,0,0,0,0,0,0,0,0,0,0,0,0,0,0,0,0,0,0,0,0,0,0,0,0
-0.0310038,-0.635281,0.846338,0,0,0,0,1.60655e-09,6.8079e-08,-9.15554e-08,2542,944,945,948,949,950,952,953,2537,2538,2541,2543,2545,2546,0,0,0,0,0,0,0,0,0,944,945,948,949,950,952,953,2537,2538,2541,2543,2545,2546,0,0,0,0,0,0,0,0,0,0.110137,0.107232,0.109423,0.100137,0.109487,0.106846,0.109728,0.0482878,0.0415219,0.0472819,0.0468069,0.0399706,0.0465966,0,0,0,0,0,0,0,0,0,0.11069,0.106994,0.10947,0.1,0.109461,0.10661,0.109858,0.0499036,0.0397064,0.046663,0.0466391,0.0385461,0.0478982,0,0,0,0,0,0,0,0,0,1,1,1,1,1,1,1,1,1,1,1,1,1,0,0,0,0,0,0,0,0,0,1,1,1,1,1,1,1,1,1,1,1,1,1,0,0,0,0,0,0,0,0,0,1,0,0,0,0,0,0,0,0,0,0,0,0,0,0,0,0,0,0,0,0,0,0,13,0,0,0,0,0,0,0,0,0,0,0,0,0,0,0,0,0,0,0,0,0,0,0,0,0,0,0,0,0,0,0,0,0,0,0,0,0,0,0,0,0,0,0,0,0,0,0,0
-0.0670196,-0.649252,0.819909,0,0,0,0,3.06535e-09,7.52689e-08,-9.61707e-08,2543,96,97,945,946,949,950,953,1689,1690,2538,2539,2542,2546,0,0,0,0,0,0,0,0,0,96,97,945,946,949,950,953,1689,1690,2538,2539,2542,2546,0,0,0,0,0,0,0,0,0,0.109691,0.10949,0.110048,0.107391,0.10929,0.100123,0.106913,0.0467078,0.0466323,0.0479856,0.0417811,0.0468069,0.0403637,0,0,0,0,0,0,0,0,0,0.109803,0.109522,0.110427,0.1071,0.109465,0.1,0.106709,0.0477619,0.0467883,0.0492583,0.0400025,0.0466391,0.0388265,0,0,0,0,0,0,0,0,0,1,1,1,1,1,1,1,1,1,1,1,1,1,0,0,0,0,0,0,0,0,0,1,1,1,1,1,1,1,1,1,1,1,1,1,0,0,0,0,0,0,0,0,0,1,0,0,0,0,0,0,0,0,0,0,0,0,0,0,0,0,0,0,0,0,0,0,13,0,0,0,0,0,0,0,0,0,0,0,0,0,0,0,0,0,0,0,0,0,0,0,0,0,0,0,0,0,0,0,0,0,0,0,0,0,0,0,0,0,0,0,0,0,0,0,0
0.0412438,-0.626744,0.85782,0,0,0,0,-1.13001e-09,6.41522e-08,-8.78306e-08,2544,44,45,947,948,951,952,954,1637,1638,2540,2541,2545,2547,0,0,0,0,0,0,0,0,0,44,45,947,948,951,952,954,1637,1638,2540,2541,2545,2547,0,0,0,0,0,0,0,0,0,0.106549,0.109702,0.109743,0.106527,0.100124,0.109527,0.109325,0.0386151,0.0479121,0.0473682,0.0395126,0.0472473,0.0455289,0,0,0,0,0,0,0,0,0,0.10641,0.109403,0.110389,0.106547,0.1,0.109322,0.109503,0.0379349,0.0464922,0.0491603,0.0383728,0.0462891,0.0469878,0,0,0,0,0,0,0,0,0,1,1,1,1,1,1,1,1,1,1,1,1,1,0,0,0,0,0,0,0,0,0,1,1,1,1,1,1,1,1,1,1,1,1,1,0,0,0,0,0,0,0,0,0,1,0,0,0,0,0,0,0,0,0,0,0,0,0,0,0,0,0,0,0,0,0,0,13,0,0,0,0,0,0,0,0,0,0,0,0,0,0,0,0,0,0,0,0,0,0,0,0,0,0,0,0,0,0,0,0,0,0,0,0,0,0,0,0,0,0,0,0,0,0,0,0
0.00540818,-0.644765,0.832853,0,0,0,0,2.65409e-10,7.24481e-08,-9.47659e-08,2545,948,949,951,952,953,954,955,2541,2542,2544,2546,2547,2548,0,0,0,0,0,0,0,0,0,948,949,951,952,953,954,955,2541,2542,2544,2546,2547,2548,0,0,0,0,0,0,0,0,0,0.109588,0.106703,0.109414,0.100119,0.109415,0.106443,0.109208,0.0468999,0.0399706,0.0472473,0.0467918,0.0385707,0.0452712,0,0,0,0,0,0,0,0,0,0.110109,0.10661,0.109326,0.1,0.109313,0.106284,0.109328,0.0484637,0.0385461,0.0462891,0.0462574,0.0375331,0.0465349,0,0,0,0,0,0,0,0,0,1,1,1,1,1,1,1,1,1,1,1,1,1,0,0,0,0,0,0,0,0,0,1,1,1,1,1,1,1,1,1,1,1,1,1,0,0,0,0,0,0,0,0,0,1,0,0,0,0,0,0,0,0,0,0,0,0,0,0,0,0,0,0,0,0,0,0,13,0,0,0,0,0,0,0,0,0,0,0,0,0,0,0,0,0,0,0,0,0,0,0,0,0,0,0,0,0,0,0,0,0,0,0,0,0,0,0,0,0,0,0,0,0,0,0,0
-0.0303875,-0.660211,0.806977,0,0,0,0,1.73785e-09,8.05477e-08,-1.0054e-07,2546,95,96,949,950,952,953,955,1688,1689,2542,2543,2545,2548,0,0,0,0,0,0,0,0,0,95,96,949,950,952,953,955,1688,1689,2542,2543,2545,2548,0,0,0,0,0,0,0,0,0,0.109293,0.109441,0.1095,0.106873,0.109276,0.100109,0.106484,0.0456732,0.0466973,0.0465966,0.0403637,0.0467918,0.0388982,0,0,0,0,0,0,0,0,0,0.109396,0.109414,0.109884,0.106708,0.109317,0.1,0.10633,0.0467172,0.0465127,0.0478982,0.0388265,0.0462574,0.0376598,0,0,0,0,0,0,0,0,0,1,1,1,1,1,1,1,1,1,1,1,1,1,0,0,0,0,0,0,0,0,0,1,1,1,1,1,1,1,1,1,1,1,1,1,0,0,0,0,0,0,0,0,0,1,0,0,0,0,0,0,0,0,0,0,0,0,0,0,0,0,0,0,0,0,0,0,13,0,0,0,0,0,0,0,0,0,0,0,0,0,0,0,0,0,0,0,0,0,0,0,0,0,0,0,0,0,0,0,0,0,0,0,0,0,0,0,0,0,0,0,0,0,0,0,0
0.0410051,-0.651546,0.81964,0,0,0,0,-1.02931e-09,7.59123e-08,-9.65596e-08,2547,43,44,951,952,954,955,956,1636,1637,2544,2545,2548,2549,0,0,0,0,0,0,0,0,0,43,44,951,952,954,955,956,1636,1637,2544,2545,2548,2549,0,0,0,0,0,0,0,0,0,0.106347,0.109514,0.109053,0.106253,0.100095,0.109378,0.108668,0.0381186,0.0474007,0.0455289,0.0385707,0.04684,0.0439109,0,0,0,0,0,0,0,0,0,0.106269,0.109292,0.109528,0.106283,0.1,0.109221,0.108779,0.0374648,0.04619,0.0469878,0.0375331,0.0460137,0.0450874,0,0,0,0,0,0,0,0,0,1,1,1,1,1,1,1,1,1,1,1,1,1,0,0,0,0,0,0,0,0,0,1,1,1,1,1,1,1,1,1,1,1,1,1,0,0,0,0,0,0,0,0,0,1,0,0,0,0,0,0,0,0,0,0,0,0,0,0,0,0,0,0,0,0,0,0,13,0,0,0,0,0,0,0,0,0,0,0,0,0,0,0,0,0,0,0,0,0,0,0,0,0,0,0,0,0,0,0,0,0,0,0,0,0,0,0,0,0,0,0,0,0,0,0,0
0.00544227,-0.668436,0.794263,0,0,0,0,3.62708e-10,8.48735e-08,-1.03425e-07,2548,94,95,952,953,954,955,956,1687,1688,2545,2546,2547,2549,0,0,0,0,0,0,0,0,0,94,95,952,953,954,955,956,1687,1688,2545,2546,2547,2549,0,0,0,0,0,0,0,0,0,0.108971,0.109452,0.108982,0.106386,0.109291,0.100092,0.106103,0.0448485,0.0468692,0.0452712,0.0388982,0.04684,0.037561,0,0,0,0,0,0,0,0,0,0.109067,0.109364,0.109353,0.106329,0.109225,0.1,0.106007,0.0458559,0.0463845,0.0465349,0.0376598,0.0460137,0.0366348,0,0,0,0,0,0,0,0,0,1,1,1,1,1,1,1,1,1,1,1,1,1,0,0,0,0,0,0,0,0,0,1,1,1,1,1,1,1,1,1,1,1,1,1,0,0,0,0,0,0,0,0,0,1,0,0,0,0,0,0,0,0,0,0,0,0,0,0,0,0,0,0,0,0,0,0,13,0,0,0,0,0,0,0,0,0,0,0,0,0,0,0,0,0,0,0,0,0,0,0,0,0,0,0,0,0,0,0,0,0,0,0,0,0,0,0,0,0,0,0,0,0,0,0,0
0.0404806,-0.674131,0.781987,0,0,0,0,-9.22068e-10,8.82061e-08,-1.04919e-07,2549,42,43,93,94,954,955,956,1635,1636,1686,1687,2547,2548,0,0,0,0,0,0,0,0,0,42,43,93,94,954,955,956,1635,1636,1686,1687,2547,2548,0,0,0,0,0,0,0,0,0,0.106448,0.109517,0.108983,0.109606,0.108463,0.105969,0.100077,0.0385083,0.0473774,0.0449087,0.0473661,0.0439109,0.037561,0,0,0,0,0,0,0,0,0,0.106417,0.109353,0.109065,0.109474,0.108802,0.106006,0.1,0.037897,0.046336,0.0458522,0.0466716,0.0450874,0.0366348,0,0,0,0,0,0,0,0,0,1,1,1,1,1,1,1,1,1,1,1,1,1,0,0,0,0,0,0,0,0,0,1,1,1,1,1,1,1,1,1,1,1,1,1,0,0,0,0,0,0,0,0,0,1,0,0,0,0,0,0,0,0,0,0,0,0,0,0,0,0,0,0,0,0,0,0,13,0,0,0,0,0,0,0,0,0,0,0,0,0,0,0,0,0,0,0,0,0,0,0,0,0,0,0,0,0,0,0,0,0,0,0,0,0,0,0,0,0,0,0,0,0,0,0,0
0.721627,-0.294931,0.512951,0,0,0,0,1.50359e-07,9.65409e-10,1.2742e-07,2550,27,28,957,959,1620,1621,2552,0,0,0,0,0,0,0,0,0,0,0,0,0,0,0,27,28,957,959,1620,1621,2552,0,0,0,0,0,0,0,0,0,0,0,0,0,0,0,0.112394,0.107997,0.100016,0.108975,0.0537889,0.0431423,0.0458924,0,0,0,0,0,0,0,0,0,0,0,0,0,0,0,0.112435,0.107975,0.1,0.108982,0.0540575,0.0429109,0.0456424,0,0,0,0,0,0,0,0,0,0,0,0,0,0,0,1,1,1,1,1,1,1,0,0,0,0,0,0,0,0,0,0,0,0,0,0,0,1,1,1,1,1,1,1,0,0,0,0,0,0,0,0,0,0,0,0,0,0,0,1,0,0,0,0,0,0,0,0,0,0,0,0,0,0,0,0,0,0,0,0,0,0,7,0,0,0,0,0,0,0,0,0,0,0,0,0,0,0,0,0,0,0,0,0,0,0,0,0,0,0,0,0,0,0,0,0,0,0,0,0,0,0,0,0,0,0,0,0,0,0,0
0.691305,-0.360851,0.51725,0,0,0,0,1.31204e-07,7.35376e-09,1.05934e-07,2551,958,959,961,962,2552,2554,2555,0,0,0,0,0,0,0,0,0,0,0,0,0,0,0,958,959,961,962,2552,2554,2555,0,0,0,0,0,0,0,0,0,0,0,0,0,0,0,0.100014,0.108766,0.108868,0.112513,0.0452084,0.0456577,0.0540526,0,0,0,0,0,0,0,0,0,0,0,0,0,0,0,0.1,0.108732,0.108891,0.112548,0.044978,0.045407,0.0543169,0,0,0,0,0,0,0,0,0,0,0,0,0,0,0,1,1,1,1,1,1,1,0,0,0,0,0,0,0,0,0,0,0,0,0,0,0,1,1,1,1,1,1,1,0,0,0,0,0,0,0,0,0,0,0,0,0,0,0,1,0,0,0,0,0,0,0,0,0,0,0,0,0,0,0,0,0,0,0,0,0,0,7,0,0,0,0,0,0,0,0,0,0,0,0,0,0,0,0,0,0,0,0,0,0,0,0,0,0,0,0,0,0,0,0,0,0,0,0,0,0,0,0,0,0,0,0,0,0,0,0
0.700451,-0.323869,0.541592,0,0,0,0,1.32604e-07,1.68477e-09,1.15105e-07,2552,26,27,957,958,959,962,1619,1620,2550,2551,2555,0,0,0,0,0,0,0,0,0,0,0,26,27,957,958,959,962,1619,1620,2550,2551,2555,0,0,0,0,0,0,0,0,0,0,0,0.112715,0.108504,0.108984,0.108671,0.100019,0.109086,0.0545164,0.0446905,0.0458924,0.0452084,0.0463407,0,0,0,0,0,0,0,0,0,0,0,0.11271,0.108492,0.108983,0.108733,0.1,0.109091,0.0546886,0.044333,0.0456424,0.044978,0.0459346,0,0,0,0,0,0,0,0,0,0,0,1,1,1,1,1,1,1,1,1,1,1,0,0,0,0,0,0,0,0,0,0,0,1,1,1,1,1,1,1,1,1,1,1,0,0,0,0,0,0,0,0,0,0,0,1,0,0,0,0,0,0,0,0,0,0,0,0,0,0,0,0,0,0,0,0,0,0,11,0,0,0,0,0,0,0,0,0,0,0,0,0,0,0,0,0,0,0,0,0,0,0,0,0,0,0,0,0,0,0,0,0,0,0,0,0,0,0,0,0,0,0,0,0,0,0,0
0.655544,-0.42614,0.514557,0,0,0,0,1.11121e-07,1.82516e-08,8.01625e-08,2553,960,961,964,965,2554,2557,2558,0,0,0,0,0,0,0,0,0,0,0,0,0,0,0,960,961,964,965,2554,2557,2558,0,0,0,0,0,0,0,0,0,0,0,0,0,0,0,0.100011,0.109423,0.108294,0.112135,0.0469173,0.0440973,0.0531777,0,0,0,0,0,0,0,0,0,0,0,0,0,0,0,0.1,0.109392,0.108325,0.112153,0.0467159,0.0438842,0.0534069,0,0,0,0,0,0,0,0,0,0,0,0,0,0,0,1,1,1,1,1,1,1,0,0,0,0,0,0,0,0,0,0,0,0,0,0,0,1,1,1,1,1,1,1,0,0,0,0,0,0,0,0,0,0,0,0,0,0,0,1,0,0,0,0,0,0,0,0,0,0,0,0,0,0,0,0,0,0,0,0,0,0,7,0,0,0,0,0,0,0,0,0,0,0,0,0,0,0,0,0,0,0,0,0,0,0,0,0,0,0,0,0,0,0,0,0,0,0,0,0,0,0,0,0,0,0,0,0,0,0,0
0.667076,-0.39022,0.542449,0,0,0,0,1.13295e-07,9.62047e-09,9.14201e-08,2554,958,960,961,962,965,966,2551,2553,2555,2558,2559,0,0,0,0,0,0,0,0,0,0,0,958,960,961,962,965,966,2551,2553,2555,2558,2559,0,0,0,0,0,0,0,0,0,0,0,0.108901,0.109311,0.100036,0.109215,0.108586,0.112488,0.0456577,0.0469173,0.046554,0.0450242,0.0539912,0,0,0,0,0,0,0,0,0,0,0,0.108893,0.109393,0.1,0.109209,0.108599,0.112475,0.045407,0.0467159,0.0462389,0.0446275,0.0541506,0,0,0,0,0,0,0,0,0,0,0,1,1,1,1,1,1,1,1,1,1,1,0,0,0,0,0,0,0,0,0,0,0,1,1,1,1,1,1,1,1,1,1,1,0,0,0,0,0,0,0,0,0,0,0,1,0,0,0,0,0,0,0,0,0,0,0,0,0,0,0,0,0,0,0,0,0,0,11,0,0,0,0,0,0,0,0,0,0,0,0,0,0,0,0,0,0,0,0,0,0,0,0,0,0,0,0,0,0,0,0,0,0,0,0,0,0,0,0,0,0,0,0,0,0,0,0
0.676887,-0.35309,0.568763,0,0,0,0,1.15188e-07,3.44133e-09,1.01612e-07,2555,25,26,958,959,961,962,966,1618,1619,2551,2552,2554,2559,0,0,0,0,0,0,0,0,0,25,26,958,959,961,962,966,1618,1619,2551,2552,2554,2559,0,0,0,0,0,0,0,0,0,0.113049,0.109086,0.112566,0.109096,0.109154,0.10002,0.109013,0.0552857,0.0462603,0.0540526,0.0463407,0.046554,0.0461251,0,0,0,0,0,0,0,0,0,0.113076,0.109096,0.112534,0.109093,0.10921,0.1,0.109006,0.0555196,0.0459434,0.0543169,0.0459346,0.0462389,0.0457114,0,0,0,0,0,0,0,0,0,1,1,1,1,1,1,1,1,1,1,1,1,1,0,0,0,0,0,0,0,0,0,1,1,1,1,1,1,1,1,1,1,1,1,1,0,0,0,0,0,0,0,0,0,1,0,0,0,0,0,0,0,0,0,0,0,0,0,0,0,0,0,0,0,0,0,0,13,0,0,0,0,0,0,0,0,0,0,0,0,0,0,0,0,0,0,0,0,0,0,0,0,0,0,0,0,0,0,0,0,0,0,0,0,0,0,0,0,0,0,0,0,0,0,0,0
0.615461,-0.488124,0.505149,0,0,0,0,9.15932e-08,3.39751e-08,5.17158e-08,2556,963,964,968,969,2557,2561,2562,0,0,0,0,0,0,0,0,0,0,0,0,0,0,0,963,964,968,969,2557,2561,2562,0,0,0,0,0,0,0,0,0,0,0,0,0,0,0,0.10001,0.109753,0.108129,0.11229,0.047739,0.0436066,0.053539,0,0,0,0,0,0,0,0,0,0,0,0,0,0,0,0.1,0.109733,0.108167,0.112286,0.0475882,0.0434494,0.0537167,0,0,0,0,0,0,0,0,0,0,0,0,0,0,0,1,1,1,1,1,1,1,0,0,0,0,0,0,0,0,0,0,0,0,0,0,0,1,1,1,1,1,1,1,0,0,0,0,0,0,0,0,0,0,0,0,0,0,0,1,0,0,0,0,0,0,0,0,0,0,0,0,0,0,0,0,0,0,0,0,0,0,7,0,0,0,0,0,0,0,0,0,0,0,0,0,0,0,0,0,0,0,0,0,0,0,0,0,0,0,0,0,0,0,0,0,0,0,0,0,0,0,0,0,0,0,0,0,0,0,0
0.629163,-0.45429,0.535916,0,0,0,0,9.40712e-08,2.22943e-08,6.43944e-08,2557,960,963,964,965,969,970,2553,2556,2558,2562,2563,0,0,0,0,0,0,0,0,0,0,0,960,963,964,965,969,970,2553,2556,2558,2562,2563,0,0,0,0,0,0,0,0,0,0,0,0.108337,0.109642,0.100052,0.109535,0.108092,0.111948,0.0440973,0.047739,0.0473576,0.043608,0.0527124,0,0,0,0,0,0,0,0,0,0,0,0.108327,0.109733,0.1,0.109549,0.108106,0.111916,0.0438842,0.0475882,0.0471183,0.043278,0.0528561,0,0,0,0,0,0,0,0,0,0,0,1,1,1,1,1,1,1,1,1,1,1,0,0,0,0,0,0,0,0,0,0,0,1,1,1,1,1,1,1,1,1,1,1,0,0,0,0,0,0,0,0,0,0,0,1,0,0,0,0,0,0,0,0,0,0,0,0,0,0,0,0,0,0,0,0,0,0,11,0,0,0,0,0,0,0,0,0,0,0,0,0,0,0,0,0,0,0,0,0,0,0,0,0,0,0,0,0,0,0,0,0,0,0,0,0,0,0,0,0,0,0,0,0,0,0,0
0.641113,-0.419086,0.565251,0,0,0,0,9.65258e-08,1.31789e-08,7.63348e-08,2558,960,961,964,965,966,970,971,2553,2554,2557,2559,2563,2564,0,0,0,0,0,0,0,0,0,960,961,964,965,966,970,971,2553,2554,2557,2559,2563,2564,0,0,0,0,0,0,0,0,0,0.112192,0.1086,0.109488,0.100025,0.109525,0.108056,0.11243,0.0531777,0.0450242,0.0473576,0.0473766,0.0435248,0.0538799,0,0,0,0,0,0,0,0,0,0.11214,0.108602,0.10955,0.1,0.109554,0.108051,0.112447,0.0534069,0.0446275,0.0471183,0.0471311,0.0431236,0.0540866,0,0,0,0,0,0,0,0,0,1,1,1,1,1,1,1,1,1,1,1,1,1,0,0,0,0,0,0,0,0,0,1,1,1,1,1,1,1,1,1,1,1,1,1,0,0,0,0,0,0,0,0,0,1,0,0,0,0,0,0,0,0,0,0,0,0,0,0,0,0,0,0,0,0,0,0,13,0,0,0,0,0,0,0,0,0,0,0,0,0,0,0,0,0,0,0,0,0,0,0,0,0,0,0,0,0,0,0,0,0,0,0,0,0,0,0,0,0,0,0,0,0,0,0,0
0.651279,-0.382425,0.593486,0,0,0,0,9.87224e-08,6.15385e-09,8.71386e-08,2559,24,25,961,962,965,966,971,1617,1618,2554,2555,2558,2564,0,0,0,0,0,0,0,0,0,24,25,961,962,965,966,971,1617,1618,2554,2555,2558,2564,0,0,0,0,0,0,0,0,0,0.113024,0.10985,0.112431,0.10903,0.109524,0.100021,0.108151,0.055218,0.0482676,0.0539912,0.0461251,0.0473766,0.0437842,0,0,0,0,0,0,0,0,0,0.113044,0.109874,0.112461,0.109009,0.109555,0.1,0.108122,0.0554469,0.0479538,0.0541506,0.0457114,0.0471311,0.0433192,0,0,0,0,0,0,0,0,0,1,1,1,1,1,1,1,1,1,1,1,1,1,0,0,0,0,0,0,0,0,0,1,1,1,1,1,1,1,1,1,1,1,1,1,0,0,0,0,0,0,0,0,0,1,0,0,0,0,0,0,0,0,0,0,0,0,0,0,0,0,0,0,0,0,0,0,13,0,0,0,0,0,0,0,0,0,0,0,0,0,0,0,0,0,0,0,0,0,0,0,0,0,0,0,0,0,0,0,0,0,0,0,0,0,0,0,0,0,0,0,0,0,0,0,0
0.570713,-0.546073,0.491858,0,0,0,0,7.29415e-08,5.40747e-08,2.17616e-08,2560,967,968,972,973,2561,2565,2566,0,0,0,0,0,0,0,0,0,0,0,0,0,0,0,967,968,972,973,2561,2565,2566,0,0,0,0,0,0,0,0,0,0,0,0,0,0,0,0.100015,0.1101,0.108411,0.112634,0.0485774,0.0443621,0.0543703,0,0,0,0,0,0,0,0,0,0,0,0,0,0,0,0.1,0.110084,0.108457,0.112623,0.0484751,0.0442474,0.054494,0,0,0,0,0,0,0,0,0,0,0,0,0,0,0,1,1,1,1,1,1,1,0,0,0,0,0,0,0,0,0,0,0,0,0,0,0,1,1,1,1,1,1,1,0,0,0,0,0,0,0,0,0,0,0,0,0,0,0,1,0,0,0,0,0,0,0,0,0,0,0,0,0,0,0,0,0,0,0,0,0,0,7,0,0,0,0,0,0,0,0,0,0,0,0,0,0,0,0,0,0,0,0,0,0,0,0,0,0,0,0,0,0,0,0,0,0,0,0,0,0,0,0,0,0,0,0,0,0,0,0
0.58676,-0.514322,0.524935,0,0,0,0,7.54132e-08,3.94687e-08,3.53448e-08,2561,963,967,968,969,973,974,2556,2560,2562,2566,2567,0,0,0,0,0,0,0,0,0,0,0,963,967,968,969,973,974,2556,2560,2562,2566,2567,0,0,0,0,0,0,0,0,0,0,0,0.108176,0.109995,0.100066,0.109815,0.108455,0.112503,0.0436066,0.0485774,0.0480393,0.0445569,0.053992,0,0,0,0,0,0,0,0,0,0,0,0.108169,0.110083,0.1,0.109842,0.108478,0.112458,0.0434494,0.0484751,0.047865,0.0443025,0.0541136,0,0,0,0,0,0,0,0,0,0,0,1,1,1,1,1,1,1,1,1,1,1,0,0,0,0,0,0,0,0,0,0,0,1,1,1,1,1,1,1,1,1,1,1,0,0,0,0,0,0,0,0,0,0,0,1,0,0,0,0,0,0,0,0,0,0,0,0,0,0,0,0,0,0,0,0,0,0,11,0,0,0,0,0,0,0,0,0,0,0,0,0,0,0,0,0,0,0,0,0,0,0,0,0,0,0,0,0,0,0,0,0,0,0,0,0,0,0,0,0,0,0,0,0,0,0,0
0.601298,-0.480946,0.556279,0,0,0,0,7.83448e-08,2.73563e-08,4.86567e-08,2562,963,964,968,969,970,974,975,2556,2557,2561,2563,2567,2568,0,0,0,0,0,0,0,0,0,963,964,968,969,970,974,975,2556,2557,2561,2563,2567,2568,0,0,0,0,0,0,0,0,0,0.112338,0.108094,0.109773,0.10003,0.109494,0.108401,0.112166,0.053539,0.043608,0.0480393,0.0472601,0.0444369,0.0532488,0,0,0,0,0,0,0,0,0,0.112273,0.108108,0.109842,0.1,0.109533,0.108401,0.112159,0.0537167,0.043278,0.047865,0.047074,0.04409,0.0534241,0,0,0,0,0,0,0,0,0,1,1,1,1,1,1,1,1,1,1,1,1,1,0,0,0,0,0,0,0,0,0,1,1,1,1,1,1,1,1,1,1,1,1,1,0,0,0,0,0,0,0,0,0,1,0,0,0,0,0,0,0,0,0,0,0,0,0,0,0,0,0,0,0,0,0,0,13,0,0,0,0,0,0,0,0,0,0,0,0,0,0,0,0,0,0,0,0,0,0,0,0,0,0,0,0,0,0,0,0,0,0,0,0,0,0,0,0,0,0,0,0,0,0,0,0
0.614156,-0.446372,0.585823,0,0,0,0,8.13421e-08,1.75143e-08,6.1111e-08,2563,964,965,969,970,971,975,976,2557,2558,2562,2564,2568,2569,0,0,0,0,0,0,0,0,0,964,965,969,970,971,975,976,2557,2558,2562,2564,2568,2569,0,0,0,0,0,0,0,0,0,0.11189,0.108063,0.109496,0.100027,0.110066,0.108155,0.112619,0.0527124,0.0435248,0.0472601,0.0487502,0.0437833,0.0542856,0,0,0,0,0,0,0,0,0,0.111904,0.108053,0.109533,0.1,0.110101,0.108133,0.112621,0.0528561,0.0431236,0.047074,0.0485218,0.0433504,0.0544879,0,0,0,0,0,0,0,0,0,1,1,1,1,1,1,1,1,1,1,1,1,1,0,0,0,0,0,0,0,0,0,1,1,1,1,1,1,1,1,1,1,1,1,1,0,0,0,0,0,0,0,0,0,1,0,0,0,0,0,0,0,0,0,0,0,0,0,0,0,0,0,0,0,0,0,0,13,0,0,0,0,0,0,0,0,0,0,0,0,0,0,0,0,0,0,0,0,0,0,0,0,0,0,0,0,0,0,0,0,0,0,0,0,0,0,0,0,0,0,0,0,0,0,0,0
0.62507,-0.409497,0.615785,0,0,0,0,8.38202e-08,9.46733e-09,7.27084e-08,2564,23,24,965,966,970,971,976,1616,1617,2558,2559,2563,2569,0,0,0,0,0,0,0,0,0,23,24,965,966,970,971,976,1616,1617,2558,2559,2563,2569,0,0,0,0,0,0,0,0,0,0.11305,0.110303,0.112438,0.108137,0.110058,0.10002,0.107954,0.0552742,0.0493979,0.0538799,0.0437842,0.0487502,0.0432567,0,0,0,0,0,0,0,0,0,0.113074,0.110337,0.112434,0.108125,0.110102,0.1,0.107921,0.0555168,0.049115,0.0540866,0.0433192,0.0485218,0.0427586,0,0,0,0,0,0,0,0,0,1,1,1,1,1,1,1,1,1,1,1,1,1,0,0,0,0,0,0,0,0,0,1,1,1,1,1,1,1,1,1,1,1,1,1,0,0,0,0,0,0,0,0,0,1,0,0,0,0,0,0,0,0,0,0,0,0,0,0,0,0,0,0,0,0,0,0,13,0,0,0,0,0,0,0,0,0,0,0,0,0,0,0,0,0,0,0,0,0,0,0,0,0,0,0,0,0,0,0,0,0,0,0,0,0,0,0,0,0,0,0,0,0,0,0,0
0.538891,-0.571438,0.509522,0,0,0,0,5.79577e-08,6.14882e-08,5.10883e-09,2565,967,972,973,978,979,2560,2566,2571,2572,0,0,0,0,0,0,0,0,0,0,0,0,0,967,972,973,978,979,2560,2566,2571,2572,0,0,0,0,0,0,0,0,0,0,0,0,0,0.108447,0.100037,0.110338,0.108465,0.112459,0.0443621,0.049359,0.044485,0.0539341,0,0,0,0,0,0,0,0,0,0,0,0,0,0.108459,0.1,0.110403,0.108481,0.112414,0.0442474,0.0492699,0.0443142,0.0540159,0,0,0,0,0,0,0,0,0,0,0,0,0,1,1,1,1,1,1,1,1,1,0,0,0,0,0,0,0,0,0,0,0,0,0,1,1,1,1,1,1,1,1,1,0,0,0,0,0,0,0,0,0,0,0,0,0,1,0,0,0,0,0,0,0,0,0,0,0,0,0,0,0,0,0,0,0,0,0,0,9,0,0,0,0,0,0,0,0,0,0,0,0,0,0,0,0,0,0,0,0,0,0,0,0,0,0,0,0,0,0,0,0,0,0,0,0,0,0,0,0,0,0,0,0,0,0,0,0
0.555658,-0.540083,0.543758,0,0,0,0,6.04226e-08,4.62826e-08,1.88006e-08,2566,967,968,972,973,974,979,980,2560,2561,2565,2567,2572,2573,0,0,0,0,0,0,0,0,0,967,968,972,973,974,979,980,2560,2561,2565,2567,2572,2573,0,0,0,0,0,0,0,0,0,0.112686,0.108453,0.110378,0.100033,0.110131,0.108567,0.112388,0.0543703,0.0445569,0.049359,0.0488506,0.044955,0.0537831,0,0,0,0,0,0,0,0,0,0.11261,0.10848,0.110402,0.1,0.110181,0.108613,0.112366,0.054494,0.0443025,0.0492699,0.0487195,0.0446684,0.0539057,0,0,0,0,0,0,0,0,0,1,1,1,1,1,1,1,1,1,1,1,1,1,0,0,0,0,0,0,0,0,0,1,1,1,1,1,1,1,1,1,1,1,1,1,0,0,0,0,0,0,0,0,0,1,0,0,0,0,0,0,0,0,0,0,0,0,0,0,0,0,0,0,0,0,0,0,13,0,0,0,0,0,0,0,0,0,0,0,0,0,0,0,0,0,0,0,0,0,0,0,0,0,0,0,0,0,0,0,0,0,0,0,0,0,0,0,0,0,0,0,0,0,0,0,0
0.571166,-0.506911,0.576091,0,0,0,0,6.36015e-08,3.32454e-08,3.24371e-08,2567,968,969,973,974,975,980,981,2561,2562,2566,2568,2573,2574,0,0,0,0,0,0,0,0,0,968,969,973,974,975,980,981,2561,2562,2566,2568,2573,2574,0,0,0,0,0,0,0,0,0,0.112446,0.108396,0.110152,0.100031,0.109853,0.108686,0.112293,0.053992,0.0444369,0.0488506,0.0481702,0.045245,0.0535302,0,0,0,0,0,0,0,0,0,0.112445,0.108403,0.110181,0.1,0.109893,0.108687,0.112273,0.0541136,0.04409,0.0487195,0.0479938,0.0448664,0.0536906,0,0,0,0,0,0,0,0,0,1,1,1,1,1,1,1,1,1,1,1,1,1,0,0,0,0,0,0,0,0,0,1,1,1,1,1,1,1,1,1,1,1,1,1,0,0,0,0,0,0,0,0,0,1,0,0,0,0,0,0,0,0,0,0,0,0,0,0,0,0,0,0,0,0,0,0,13,0,0,0,0,0,0,0,0,0,0,0,0,0,0,0,0,0,0,0,0,0,0,0,0,0,0,0,0,0,0,0,0,0,0,0,0,0,0,0,0,0,0,0,0,0,0,0,0
0.585329,-0.472179,0.606315,0,0,0,0,6.69994e-08,2.24004e-08,4.56425e-08,2568,969,970,974,975,976,981,982,2562,2563,2567,2569,2574,2575,0,0,0,0,0,0,0,0,0,969,970,974,975,976,981,982,2562,2563,2567,2569,2574,2575,0,0,0,0,0,0,0,0,0,0.112161,0.108135,0.109842,0.100023,0.11009,0.108702,0.112245,0.0532488,0.0437833,0.0481702,0.0488033,0.0452913,0.0534187,0,0,0,0,0,0,0,0,0,0.112147,0.108135,0.109893,0.1,0.110129,0.108678,0.112245,0.0534241,0.0433504,0.0479938,0.0485901,0.0448384,0.0536231,0,0,0,0,0,0,0,0,0,1,1,1,1,1,1,1,1,1,1,1,1,1,0,0,0,0,0,0,0,0,0,1,1,1,1,1,1,1,1,1,1,1,1,1,0,0,0,0,0,0,0,0,0,1,0,0,0,0,0,0,0,0,0,0,0,0,0,0,0,0,0,0,0,0,0,0,13,0,0,0,0,0,0,0,0,0,0,0,0,0,0,0,0,0,0,0,0,0,0,0,0,0,0,0,0,0,0,0,0,0,0,0,0,0,0,0,0,0,0,0,0,0,0,0,0
0.597419,-0.435653,0.636339,0,0,0,0,6.99901e-08,1.34508e-08,5.79482e-08,2569,22,23,970,971,975,976,982,1615,1616,2563,2564,2568,2575,0,0,0,0,0,0,0,0,0,22,23,970,971,975,976,982,1615,1616,2563,2564,2568,2575,0,0,0,0,0,0,0,0,0,0.113005,0.110617,0.11259,0.107949,0.110084,0.100019,0.108145,0.055155,0.0501532,0.0542856,0.0432567,0.0488033,0.0438048,0,0,0,0,0,0,0,0,0,0.113022,0.110653,0.112608,0.107924,0.11013,0.1,0.108107,0.0554006,0.0498933,0.0544879,0.0427586,0.0485901,0.0432776,0,0,0,0,0,0,0,0,0,1,1,1,1,1,1,1,1,1,1,1,1,1,0,0,0,0,0,0,0,0,0,1,1,1,1,1,1,1,1,1,1,1,1,1,0,0,0,0,0,0,0,0,0,1,0,0,0,0,0,0,0,0,0,0,0,0,0,0,0,0,0,0,0,0,0,0,13,0,0,0,0,0,0,0,0,0,0,0,0,0,0,0,0,0,0,0,0,0,0,0,0,0,0,0,0,0,0,0,0,0,0,0,0,0,0,0,0,0,0,0,0,0,0,0,0
0.486993,-0.624532,0.48777,0,0,0,0,4.2273e-08,8.89522e-08,-2.6977e-08,2570,977,978,983,984,2571,2576,2577,0,0,0,0,0,0,0,0,0,0,0,0,0,0,0,977,978,983,984,2571,2576,2577,0,0,0,0,0,0,0,0,0,0,0,0,0,0,0,0.100011,0.110826,0.108033,0.112096,0.0502837,0.0433652,0.0531259,0,0,0,0,0,0,0,0,0,0,0,0,0,0,0,0.1,0.1108,0.108108,0.112059,0.0502398,0.0432918,0.0531982,0,0,0,0,0,0,0,0,0,0,0,0,0,0,0,1,1,1,1,1,1,1,0,0,0,0,0,0,0,0,0,0,0,0,0,0,0,1,1,1,1,1,1,1,0,0,0,0,0,0,0,0,0,0,0,0,0,0,0,1,0,0,0,0,0,0,0,0,0,0,0,0,0,0,0,0,0,0,0,0,0,0,7,0,0,0,0,0,0,0,0,0,0,0,0,0,0,0,0,0,0,0,0,0,0,0,0,0,0,0,0,0,0,0,0,0,0,0,0,0,0,0,0,0,0,0,0,0,0,0,0
0.505273,-0.596114,0.525009,0,0,0,0,4.39319e-08,7.01169e-08,-1.27532e-08,2571,972,977,978,979,984,985,2565,2570,2572,2577,2578,0,0,0,0,0,0,0,0,0,0,0,972,977,978,979,984,985,2565,2570,2572,2577,2578,0,0,0,0,0,0,0,0,0,0,0,0.108423,0.110677,0.100105,0.110687,0.108322,0.112191,0.044485,0.0502837,0.0500458,0.0441478,0.0532071,0,0,0,0,0,0,0,0,0,0,0,0.108483,0.110797,0.1,0.110695,0.108345,0.112104,0.0443142,0.0502398,0.0499872,0.0439419,0.0533011,0,0,0,0,0,0,0,0,0,0,0,1,1,1,1,1,1,1,1,1,1,1,0,0,0,0,0,0,0,0,0,0,0,1,1,1,1,1,1,1,1,1,1,1,0,0,0,0,0,0,0,0,0,0,0,1,0,0,0,0,0,0,0,0,0,0,0,0,0,0,0,0,0,0,0,0,0,0,11,0,0,0,0,0,0,0,0,0,0,0,0,0,0,0,0,0,0,0,0,0,0,0,0,0,0,0,0,0,0,0,0,0,0,0,0,0,0,0,0,0,0,0,0,0,0,0,0
0.522519,-0.565394,0.560554,0,0,0,0,4.66641e-08,5.39714e-08,1.71811e-09,2572,972,973,978,979,980,985,986,2565,2566,2571,2573,2578,2579,0,0,0,0,0,0,0,0,0,972,973,978,979,980,985,986,2565,2566,2571,2573,2578,2579,0,0,0,0,0,0,0,0,0,0.112464,0.1086,0.110602,0.10004,0.110491,0.108533,0.112143,0.0539341,0.044955,0.0500458,0.0496873,0.0448249,0.0531737,0,0,0,0,0,0,0,0,0,0.112401,0.108615,0.110693,0.1,0.110532,0.108547,0.112102,0.0540159,0.0446684,0.0499872,0.0495883,0.04449,0.0532961,0,0,0,0,0,0,0,0,0,1,1,1,1,1,1,1,1,1,1,1,1,1,0,0,0,0,0,0,0,0,0,1,1,1,1,1,1,1,1,1,1,1,1,1,0,0,0,0,0,0,0,0,0,1,0,0,0,0,0,0,0,0,0,0,0,0,0,0,0,0,0,0,0,0,0,0,13,0,0,0,0,0,0,0,0,0,0,0,0,0,0,0,0,0,0,0,0,0,0,0,0,0,0,0,0,0,0,0,0,0,0,0,0,0,0,0,0,0,0,0,0,0,0,0,0
0.538686,-0.53265,0.594248,0,0,0,0,4.98984e-08,4.00548e-08,1.57096e-08,2573,973,974,979,980,981,986,987,2566,2567,2572,2574,2579,2580,0,0,0,0,0,0,0,0,0,973,974,979,980,981,986,987,2566,2567,2572,2574,2579,2580,0,0,0,0,0,0,0,0,0,0.112408,0.108676,0.110454,0.100029,0.110299,0.108713,0.112108,0.0537831,0.045245,0.0496873,0.0492696,0.045355,0.0530965,0,0,0,0,0,0,0,0,0,0.112354,0.10869,0.110531,0.1,0.110342,0.108712,0.112084,0.0539057,0.0448664,0.0495883,0.0491205,0.0449313,0.0532544,0,0,0,0,0,0,0,0,0,1,1,1,1,1,1,1,1,1,1,1,1,1,0,0,0,0,0,0,0,0,0,1,1,1,1,1,1,1,1,1,1,1,1,1,0,0,0,0,0,0,0,0,0,1,0,0,0,0,0,0,0,0,0,0,0,0,0,0,0,0,0,0,0,0,0,0,13,0,0,0,0,0,0,0,0,0,0,0,0,0,0,0,0,0,0,0,0,0,0,0,0,0,0,0,0,0,0,0,0,0,0,0,0,0,0,0,0,0,0,0,0,0,0,0,0
0.553726,-0.498032,0.625916,0,0,0,0,5.33711e-08,2.81438e-08,2.93985e-08,2574,974,975,980,981,982,987,988,2567,2568,2573,2575,2580,2581,0,0,0,0,0,0,0,0,0,974,975,980,981,982,987,988,2567,2568,2573,2575,2580,2581,0,0,0,0,0,0,0,0,0,0.112263,0.108691,0.110284,0.100021,0.110227,0.108877,0.11217,0.0535302,0.0452913,0.0492696,0.0491343,0.045798,0.0532348,0,0,0,0,0,0,0,0,0,0.112261,0.108681,0.110342,0.1,0.110265,0.108852,0.112163,0.0536906,0.0448384,0.0491205,0.0489324,0.0453041,0.053437,0,0,0,0,0,0,0,0,0,1,1,1,1,1,1,1,1,1,1,1,1,1,0,0,0,0,0,0,0,0,0,1,1,1,1,1,1,1,1,1,1,1,1,1,0,0,0,0,0,0,0,0,0,1,0,0,0,0,0,0,0,0,0,0,0,0,0,0,0,0,0,0,0,0,0,0,13,0,0,0,0,0,0,0,0,0,0,0,0,0,0,0,0,0,0,0,0,0,0,0,0,0,0,0,0,0,0,0,0,0,0,0,0,0,0,0,0,0,0,0,0,0,0,0,0
0.567707,-0.46145,0.655589,0,0,0,0,5.69887e-08,1.8168e-08,4.26536e-08,2575,21,22,975,976,981,982,988,1614,1615,2568,2569,2574,2581,0,0,0,0,0,0,0,0,0,21,22,975,976,981,982,988,1614,1615,2568,2569,2574,2581,0,0,0,0,0,0,0,0,0,0.112785,0.110823,0.112221,0.108138,0.110209,0.100015,0.109059,0.054647,0.050638,0.0534187,0.0438048,0.0491343,0.046294,0,0,0,0,0,0,0,0,0,0.112798,0.110861,0.112233,0.10811,0.110266,0.1,0.109018,0.0548938,0.0504001,0.0536231,0.0432776,0.0489324,0.0457435,0,0,0,0,0,0,0,0,0,1,1,1,1,1,1,1,1,1,1,1,1,1,0,0,0,0,0,0,0,0,0,1,1,1,1,1,1,1,1,1,1,1,1,1,0,0,0,0,0,0,0,0,0,1,0,0,0,0,0,0,0,0,0,0,0,0,0,0,0,0,0,0,0,0,0,0,13,0,0,0,0,0,0,0,0,0,0,0,0,0,0,0,0,0,0,0,0,0,0,0,0,0,0,0,0,0,0,0,0,0,0,0,0,0,0,0,0,0,0,0,0,0,0,0,0
0.451861,-0.647094,0.499483,0,0,0,0,3.08901e-08,9.86766e-08,-4.31617e-08,2576,977,983,984,989,990,2570,2577,2582,2583,0,0,0,0,0,0,0,0,0,0,0,0,0,977,983,984,989,990,2570,2577,2582,2583,0,0,0,0,0,0,0,0,0,0,0,0,0,0.108115,0.100053,0.11091,0.107797,0.111735,0.0433652,0.0506984,0.0426806,0.0522897,0,0,0,0,0,0,0,0,0,0,0,0,0,0.108109,0.1,0.110973,0.107851,0.111685,0.0432918,0.0506567,0.042574,0.0523237,0,0,0,0,0,0,0,0,0,0,0,0,0,1,1,1,1,1,1,1,1,1,0,0,0,0,0,0,0,0,0,0,0,0,0,1,1,1,1,1,1,1,1,1,0,0,0,0,0,0,0,0,0,0,0,0,0,1,0,0,0,0,0,0,0,0,0,0,0,0,0,0,0,0,0,0,0,0,0,0,9,0,0,0,0,0,0,0,0,0,0,0,0,0,0,0,0,0,0,0,0,0,0,0,0,0,0,0,0,0,0,0,0,0,0,0,0,0,0,0,0,0,0,0,0,0,0,0,0
0.470252,-0.619671,0.537955,0,0,0,0,3.22284e-08,7.97043e-08,-2.95541e-08,2577,977,978,983,984,985,990,991,2570,2571,2576,2578,2583,2584,0,0,0,0,0,0,0,0,0,977,978,983,984,985,990,991,2570,2571,2576,2578,2583,2584,0,0,0,0,0,0,0,0,0,0.11214,0.108273,0.110942,0.100042,0.110879,0.108062,0.111788,0.0531259,0.0441478,0.0506984,0.0505913,0.0435404,0.0523783,0,0,0,0,0,0,0,0,0,0.112048,0.108347,0.110969,0.1,0.110913,0.108119,0.111741,0.0531982,0.0439419,0.0506567,0.0505163,0.0433174,0.0524538,0,0,0,0,0,0,0,0,0,1,1,1,1,1,1,1,1,1,1,1,1,1,0,0,0,0,0,0,0,0,0,1,1,1,1,1,1,1,1,1,1,1,1,1,0,0,0,0,0,0,0,0,0,1,0,0,0,0,0,0,0,0,0,0,0,0,0,0,0,0,0,0,0,0,0,0,13,0,0,0,0,0,0,0,0,0,0,0,0,0,0,0,0,0,0,0,0,0,0,0,0,0,0,0,0,0,0,0,0,0,0,0,0,0,0,0,0,0,0,0,0,0,0,0,0
0.4878,-0.589864,0.574875,0,0,0,0,3.4641e-08,6.2685e-08,-1.54238e-08,2578,978,979,984,985,986,991,992,2571,2572,2577,2579,2584,2585,0,0,0,0,0,0,0,0,0,978,979,984,985,986,991,992,2571,2572,2577,2579,2584,2585,0,0,0,0,0,0,0,0,0,0.112072,0.108537,0.110882,0.100039,0.110767,0.108343,0.111807,0.0532071,0.0448249,0.0505913,0.0503298,0.0443206,0.0523712,0,0,0,0,0,0,0,0,0,0.112092,0.108549,0.110911,0.1,0.110799,0.108359,0.111758,0.0533011,0.04449,0.0505163,0.0502394,0.0439772,0.0524939,0,0,0,0,0,0,0,0,0,1,1,1,1,1,1,1,1,1,1,1,1,1,0,0,0,0,0,0,0,0,0,1,1,1,1,1,1,1,1,1,1,1,1,1,0,0,0,0,0,0,0,0,0,1,0,0,0,0,0,0,0,0,0,0,0,0,0,0,0,0,0,0,0,0,0,0,13,0,0,0,0,0,0,0,0,0,0,0,0,0,0,0,0,0,0,0,0,0,0,0,0,0,0,0,0,0,0,0,0,0,0,0,0,0,0,0,0,0,0,0,0,0,0,0,0
0.504405,-0.557842,0.609974,0,0,0,0,3.76272e-08,4.77585e-08,-1.21581e-09,2579,979,980,985,986,987,992,993,2572,2573,2578,2580,2585,2586,0,0,0,0,0,0,0,0,0,979,980,985,986,987,992,993,2572,2573,2578,2580,2585,2586,0,0,0,0,0,0,0,0,0,0.112106,0.108718,0.110723,0.100027,0.110625,0.108582,0.111796,0.0531737,0.045355,0.0503298,0.0500404,0.0450136,0.0523487,0,0,0,0,0,0,0,0,0,0.11209,0.108714,0.110797,0.1,0.110665,0.108573,0.111764,0.0532961,0.0449313,0.0502394,0.0499158,0.0445568,0.0525071,0,0,0,0,0,0,0,0,0,1,1,1,1,1,1,1,1,1,1,1,1,1,0,0,0,0,0,0,0,0,0,1,1,1,1,1,1,1,1,1,1,1,1,1,0,0,0,0,0,0,0,0,0,1,0,0,0,0,0,0,0,0,0,0,0,0,0,0,0,0,0,0,0,0,0,0,13,0,0,0,0,0,0,0,0,0,0,0,0,0,0,0,0,0,0,0,0,0,0,0,0,0,0,0,0,0,0,0,0,0,0,0,0,0,0,0,0,0,0,0,0,0,0,0,0
0.519995,-0.523776,0.643148,0,0,0,0,4.09457e-08,3.4812e-08,1.27451e-08,2580,980,981,986,987,988,993,994,2573,2574,2579,2581,2586,2587,0,0,0,0,0,0,0,0,0,980,981,986,987,988,993,994,2573,2574,2579,2581,2586,2587,0,0,0,0,0,0,0,0,0,0.112081,0.108868,0.110595,0.100018,0.110577,0.108793,0.111848,0.0530965,0.045798,0.0500404,0.0499818,0.0456077,0.0524744,0,0,0,0,0,0,0,0,0,0.112073,0.108855,0.110665,0.1,0.110619,0.108765,0.111835,0.0532544,0.0453041,0.0499158,0.0498065,0.0450721,0.0526733,0,0,0,0,0,0,0,0,0,1,1,1,1,1,1,1,1,1,1,1,1,1,0,0,0,0,0,0,0,0,0,1,1,1,1,1,1,1,1,1,1,1,1,1,0,0,0,0,0,0,0,0,0,1,0,0,0,0,0,0,0,0,0,0,0,0,0,0,0,0,0,0,0,0,0,0,13,0,0,0,0,0,0,0,0,0,0,0,0,0,0,0,0,0,0,0,0,0,0,0,0,0,0,0,0,0,0,0,0,0,0,0,0,0,0,0,0,0,0,0,0,0,0,0,0
0.534538,-0.487647,0.674475,0,0,0,0,4.44349e-08,2.37652e-08,2.63657e-08,2581,20,21,981,982,987,988,994,1613,1614,2574,2575,2580,2587,0,0,0,0,0,0,0,0,0,20,21,981,982,987,988,994,1613,1614,2574,2575,2580,2587,0,0,0,0,0,0,0,0,0,0.112155,0.110949,0.112139,0.109056,0.110557,0.100011,0.109008,0.0531998,0.0509411,0.0532348,0.046294,0.0499818,0.0462033,0,0,0,0,0,0,0,0,0,0.112165,0.110988,0.112152,0.109021,0.11062,0.1,0.108967,0.0534424,0.0507087,0.053437,0.0457435,0.0498065,0.0456075,0,0,0,0,0,0,0,0,0,1,1,1,1,1,1,1,1,1,1,1,1,1,0,0,0,0,0,0,0,0,0,1,1,1,1,1,1,1,1,1,1,1,1,1,0,0,0,0,0,0,0,0,0,1,0,0,0,0,0,0,0,0,0,0,0,0,0,0,0,0,0,0,0,0,0,0,13,0,0,0,0,0,0,0,0,0,0,0,0,0,0,0,0,0,0,0,0,0,0,0,0,0,0,0,0,0,0,0,0,0,0,0,0,0,0,0,0,0,0,0,0,0,0,0,0
0.415977,-0.668187,0.508922,0,0,0,0,2.10707e-08,1.09267e-07,-5.92857e-08,2582,983,989,990,996,997,2576,2583,2589,2590,0,0,0,0,0,0,0,0,0,0,0,0,0,983,989,990,996,997,2576,2583,2589,2590,0,0,0,0,0,0,0,0,0,0,0,0,0,0.107791,0.100063,0.11104,0.107498,0.111356,0.0426806,0.050906,0.0418231,0.0513309,0,0,0,0,0,0,0,0,0,0,0,0,0,0.107852,0.1,0.111074,0.107552,0.111277,0.042574,0.0508962,0.041724,0.0513561,0,0,0,0,0,0,0,0,0,0,0,0,0,1,1,1,1,1,1,1,1,1,0,0,0,0,0,0,0,0,0,0,0,0,0,1,1,1,1,1,1,1,1,1,0,0,0,0,0,0,0,0,0,0,0,0,0,1,0,0,0,0,0,0,0,0,0,0,0,0,0,0,0,0,0,0,0,0,0,0,9,0,0,0,0,0,0,0,0,0,0,0,0,0,0,0,0,0,0,0,0,0,0,0,0,0,0,0,0,0,0,0,0,0,0,0,0,0,0,0,0,0,0,0,0,0,0,0,0
0.434323,-0.641904,0.54847,0,0,0,0,2.22255e-08,8.9717e-08,-4.58385e-08,2583,983,984,989,990,991,997,998,2576,2577,2582,2584,2590,2591,0,0,0,0,0,0,0,0,0,983,984,989,990,991,997,998,2576,2577,2582,2584,2590,2591,0,0,0,0,0,0,0,0,0,0.111753,0.108064,0.111032,0.100043,0.11102,0.107772,0.1114,0.0522897,0.0435404,0.050906,0.0509083,0.0427852,0.0514474,0,0,0,0,0,0,0,0,0,0.111675,0.10812,0.111069,0.1,0.111057,0.107837,0.11134,0.0523237,0.0433174,0.0508962,0.050859,0.0425297,0.0515042,0,0,0,0,0,0,0,0,0,1,1,1,1,1,1,1,1,1,1,1,1,1,0,0,0,0,0,0,0,0,0,1,1,1,1,1,1,1,1,1,1,1,1,1,0,0,0,0,0,0,0,0,0,1,0,0,0,0,0,0,0,0,0,0,0,0,0,0,0,0,0,0,0,0,0,0,13,0,0,0,0,0,0,0,0,0,0,0,0,0,0,0,0,0,0,0,0,0,0,0,0,0,0,0,0,0,0,0,0,0,0,0,0,0,0,0,0,0,0,0,0,0,0,0,0
0.451963,-0.613156,0.586602,0,0,0,0,2.43457e-08,7.20316e-08,-3.20244e-08,2584,984,985,990,991,992,998,999,2577,2578,2583,2585,2591,2592,0,0,0,0,0,0,0,0,0,984,985,990,991,992,998,999,2577,2578,2583,2585,2591,2592,0,0,0,0,0,0,0,0,0,0.111781,0.108318,0.111002,0.100033,0.110953,0.108073,0.111418,0.0523783,0.0443206,0.0509083,0.0507739,0.0436343,0.0514671,0,0,0,0,0,0,0,0,0,0.11173,0.108361,0.111053,0.1,0.110985,0.108101,0.111368,0.0524538,0.0439772,0.050859,0.0506886,0.0432642,0.0515716,0,0,0,0,0,0,0,0,0,1,1,1,1,1,1,1,1,1,1,1,1,1,0,0,0,0,0,0,0,0,0,1,1,1,1,1,1,1,1,1,1,1,1,1,0,0,0,0,0,0,0,0,0,1,0,0,0,0,0,0,0,0,0,0,0,0,0,0,0,0,0,0,0,0,0,0,13,0,0,0,0,0,0,0,0,0,0,0,0,0,0,0,0,0,0,0,0,0,0,0,0,0,0,0,0,0,0,0,0,0,0,0,0,0,0,0,0,0,0,0,0,0,0,0,0
0.468809,-0.582089,0.623058,0,0,0,0,2.69943e-08,5.61943e-08,-1.79475e-08,2585,985,986,991,992,993,999,1000,2578,2579,2584,2586,2592,2593,0,0,0,0,0,0,0,0,0,985,986,991,992,993,999,1000,2578,2579,2584,2586,2592,2593,0,0,0,0,0,0,0,0,0,0.111743,0.108574,0.110928,0.100024,0.110852,0.108348,0.111423,0.0523712,0.0450136,0.0507739,0.0505665,0.0444031,0.0514558,0,0,0,0,0,0,0,0,0,0.111748,0.108575,0.110983,0.1,0.110887,0.108342,0.111385,0.0524939,0.0445568,0.0506886,0.0504549,0.0439263,0.0516101,0,0,0,0,0,0,0,0,0,1,1,1,1,1,1,1,1,1,1,1,1,1,0,0,0,0,0,0,0,0,0,1,1,1,1,1,1,1,1,1,1,1,1,1,0,0,0,0,0,0,0,0,0,1,0,0,0,0,0,0,0,0,0,0,0,0,0,0,0,0,0,0,0,0,0,0,13,0,0,0,0,0,0,0,0,0,0,0,0,0,0,0,0,0,0,0,0,0,0,0,0,0,0,0,0,0,0,0,0,0,0,0,0,0,0,0,0,0,0,0,0,0,0,0,0
0.484772,-0.548851,0.657661,0,0,0,0,3.00148e-08,4.22603e-08,-3.88969e-09,2586,986,987,992,993,994,1000,1001,2579,2580,2585,2587,2593,2594,0,0,0,0,0,0,0,0,0,986,987,992,993,994,1000,1001,2579,2580,2585,2587,2593,2594,0,0,0,0,0,0,0,0,0,0.11175,0.108785,0.110818,0.100014,0.110794,0.108592,0.111463,0.0523487,0.0456077,0.0505665,0.0504856,0.0450972,0.0515535,0,0,0,0,0,0,0,0,0,0.111754,0.108768,0.110886,0.1,0.110836,0.108564,0.111443,0.0525071,0.0450721,0.0504549,0.0503322,0.0445281,0.0517497,0,0,0,0,0,0,0,0,0,1,1,1,1,1,1,1,1,1,1,1,1,1,0,0,0,0,0,0,0,0,0,1,1,1,1,1,1,1,1,1,1,1,1,1,0,0,0,0,0,0,0,0,0,1,0,0,0,0,0,0,0,0,0,0,0,0,0,0,0,0,0,0,0,0,0,0,13,0,0,0,0,0,0,0,0,0,0,0,0,0,0,0,0,0,0,0,0,0,0,0,0,0,0,0,0,0,0,0,0,0,0,0,0,0,0,0,0,0,0,0,0,0,0,0,0
0.499746,-0.513508,0.690456,0,0,0,0,3.32724e-08,3.01966e-08,9.92491e-09,2587,19,20,987,988,993,994,1001,1612,1613,2580,2581,2586,2594,0,0,0,0,0,0,0,0,0,19,20,987,988,993,994,1001,1612,1613,2580,2581,2586,2594,0,0,0,0,0,0,0,0,0,0.11164,0.110933,0.111813,0.109006,0.11077,0.100006,0.108816,0.0519909,0.0508776,0.0524744,0.0462033,0.0504856,0.0457305,0,0,0,0,0,0,0,0,0,0.111645,0.110974,0.111825,0.10897,0.110836,0.1,0.108774,0.0522276,0.0506718,0.0526733,0.0456075,0.0503322,0.0450919,0,0,0,0,0,0,0,0,0,1,1,1,1,1,1,1,1,1,1,1,1,1,0,0,0,0,0,0,0,0,0,1,1,1,1,1,1,1,1,1,1,1,1,1,0,0,0,0,0,0,0,0,0,1,0,0,0,0,0,0,0,0,0,0,0,0,0,0,0,0,0,0,0,0,0,0,13,0,0,0,0,0,0,0,0,0,0,0,0,0,0,0,0,0,0,0,0,0,0,0,0,0,0,0,0,0,0,0,0,0,0,0,0,0,0,0,0,0,0,0,0,0,0,0,0
0.361219,-0.709967,0.474375,0,0,0,0,1.32255e-08,1.42571e-07,-8.77482e-08,2588,995,996,1002,1003,2589,2595,2596,0,0,0,0,0,0,0,0,0,0,0,0,0,0,0,995,996,1002,1003,2589,2595,2596,0,0,0,0,0,0,0,0,0,0,0,0,0,0,0,0.100009,0.111089,0.106809,0.11079,0.0507708,0.0399479,0.0500189,0,0,0,0,0,0,0,0,0,0,0,0,0,0,0,0.1,0.111029,0.106925,0.110739,0.0507797,0.0398975,0.0500551,0,0,0,0,0,0,0,0,0,0,0,0,0,0,0,1,1,1,1,1,1,1,0,0,0,0,0,0,0,0,0,0,0,0,0,0,0,1,1,1,1,1,1,1,0,0,0,0,0,0,0,0,0,0,0,0,0,0,0,1,0,0,0,0,0,0,0,0,0,0,0,0,0,0,0,0,0,0,0,0,0,0,7,0,0,0,0,0,0,0,0,0,0,0,0,0,0,0,0,0,0,0,0,0,0,0,0,0,0,0,0,0,0,0,0,0,0,0,0,0,0,0,0,0,0,0,0,0,0,0,0
0.379679,-0.687686,0.516094,0,0,0,0,1.29129e-08,1.20249e-07,-7.52607e-08,2589,989,995,996,997,1003,1004,2582,2588,2590,2596,2597,0,0,0,0,0,0,0,0,0,0,0,989,995,996,997,1003,1004,2582,2588,2590,2596,2597,0,0,0,0,0,0,0,0,0,0,0,0.107486,0.110858,0.100134,0.111133,0.107185,0.110946,0.0418231,0.0507708,0.0509541,0.0409182,0.0502062,0,0,0,0,0,0,0,0,0,0,0,0.107553,0.111023,0.1,0.11111,0.107227,0.110842,0.041724,0.0507797,0.0509793,0.0407823,0.0503063,0,0,0,0,0,0,0,0,0,0,0,1,1,1,1,1,1,1,1,1,1,1,0,0,0,0,0,0,0,0,0,0,0,1,1,1,1,1,1,1,1,1,1,1,0,0,0,0,0,0,0,0,0,0,0,1,0,0,0,0,0,0,0,0,0,0,0,0,0,0,0,0,0,0,0,0,0,0,11,0,0,0,0,0,0,0,0,0,0,0,0,0,0,0,0,0,0,0,0,0,0,0,0,0,0,0,0,0,0,0,0,0,0,0,0,0,0,0,0,0,0,0,0,0,0,0,0
0.397792,-0.662638,0.556602,0,0,0,0,1.39592e-08,1.00026e-07,-6.16808e-08,2590,989,990,996,997,998,1004,1005,2582,2583,2589,2591,2597,2598,0,0,0,0,0,0,0,0,0,989,990,996,997,998,1004,1005,2582,2583,2589,2591,2597,2598,0,0,0,0,0,0,0,0,0,0.111314,0.107802,0.111013,0.100048,0.111115,0.10749,0.110974,0.0513309,0.0427852,0.0509541,0.0510515,0.041935,0.0503751,0,0,0,0,0,0,0,0,0,0.111268,0.107838,0.111105,0.1,0.111132,0.10752,0.110909,0.0513561,0.0425297,0.0509793,0.0510359,0.0416277,0.0504677,0,0,0,0,0,0,0,0,0,1,1,1,1,1,1,1,1,1,1,1,1,1,0,0,0,0,0,0,0,0,0,1,1,1,1,1,1,1,1,1,1,1,1,1,0,0,0,0,0,0,0,0,0,1,0,0,0,0,0,0,0,0,0,0,0,0,0,0,0,0,0,0,0,0,0,0,13,0,0,0,0,0,0,0,0,0,0,0,0,0,0,0,0,0,0,0,0,0,0,0,0,0,0,0,0,0,0,0,0,0,0,0,0,0,0,0,0,0,0,0,0,0,0,0,0
0.415375,-0.635075,0.595811,0,0,0,0,1.57589e-08,8.17399e-08,-4.80272e-08,2591,990,991,997,998,999,1005,1006,2583,2584,2590,2592,2598,2599,0,0,0,0,0,0,0,0,0,990,991,997,998,999,1005,1006,2583,2584,2590,2592,2598,2599,0,0,0,0,0,0,0,0,0,0.111372,0.108077,0.111042,0.100033,0.111075,0.107782,0.110999,0.0514474,0.0436343,0.0510515,0.0510207,0.0428322,0.0504437,0,0,0,0,0,0,0,0,0,0.11133,0.108102,0.111128,0.1,0.1111,0.107797,0.110945,0.0515042,0.0432642,0.0510359,0.0509626,0.0424149,0.0505558,0,0,0,0,0,0,0,0,0,1,1,1,1,1,1,1,1,1,1,1,1,1,0,0,0,0,0,0,0,0,0,1,1,1,1,1,1,1,1,1,1,1,1,1,0,0,0,0,0,0,0,0,0,1,0,0,0,0,0,0,0,0,0,0,0,0,0,0,0,0,0,0,0,0,0,0,13,0,0,0,0,0,0,0,0,0,0,0,0,0,0,0,0,0,0,0,0,0,0,0,0,0,0,0,0,0,0,0,0,0,0,0,0,0,0,0,0,0,0,0,0,0,0,0,0
0.432302,-0.605116,0.633481,0,0,0,0,1.80333e-08,6.51487e-08,-3.41497e-08,2592,991,992,998,999,1000,1006,1007,2584,2585,2591,2593,2599,2600,0,0,0,0,0,0,0,0,0,991,992,998,999,1000,1006,1007,2584,2585,2591,2593,2599,2600,0,0,0,0,0,0,0,0,0,0.111374,0.108334,0.111028,0.100019,0.111005,0.108061,0.11101,0.0514671,0.0444031,0.0510207,0.0509095,0.0436491,0.0504643,0,0,0,0,0,0,0,0,0,0.111359,0.108343,0.111097,0.1,0.111036,0.108056,0.11097,0.0515716,0.0439263,0.0509626,0.050811,0.0431368,0.050614,0,0,0,0,0,0,0,0,0,1,1,1,1,1,1,1,1,1,1,1,1,1,0,0,0,0,0,0,0,0,0,1,1,1,1,1,1,1,1,1,1,1,1,1,0,0,0,0,0,0,0,0,0,1,0,0,0,0,0,0,0,0,0,0,0,0,0,0,0,0,0,0,0,0,0,0,13,0,0,0,0,0,0,0,0,0,0,0,0,0,0,0,0,0,0,0,0,0,0,0,0,0,0,0,0,0,0,0,0,0,0,0,0,0,0,0,0,0,0,0,0,0,0,0,0
0.448479,-0.572897,0.669425,0,0,0,0,2.06852e-08,5.03231e-08,-2.01734e-08,2593,992,993,999,1000,1001,1007,1008,2585,2586,2592,2594,2600,2601,0,0,0,0,0,0,0,0,0,992,993,999,1000,1001,1007,1008,2585,2586,2592,2594,2600,2601,0,0,0,0,0,0,0,0,0,0.111367,0.10858,0.110969,0.100009,0.110952,0.108323,0.111047,0.0514558,0.0450972,0.0509095,0.0508363,0.0443967,0.0505505,0,0,0,0,0,0,0,0,0,0.111375,0.108566,0.111034,0.1,0.110988,0.108295,0.111023,0.0516101,0.0445281,0.050811,0.050698,0.0437964,0.0507434,0,0,0,0,0,0,0,0,0,1,1,1,1,1,1,1,1,1,1,1,1,1,0,0,0,0,0,0,0,0,0,1,1,1,1,1,1,1,1,1,1,1,1,1,0,0,0,0,0,0,0,0,0,1,0,0,0,0,0,0,0,0,0,0,0,0,0,0,0,0,0,0,0,0,0,0,13,0,0,0,0,0,0,0,0,0,0,0,0,0,0,0,0,0,0,0,0,0,0,0,0,0,0,0,0,0,0,0,0,0,0,0,0,0,0,0,0,0,0,0,0,0,0,0,0
0.463782,-0.538512,0.703599,0,0,0,0,2.36254e-08,3.73008e-08,-6.29968e-09,2594,18,19,993,994,1000,1001,1008,1611,1612,2586,2587,2593,2601,0,0,0,0,0,0,0,0,0,18,19,993,994,1000,1001,1008,1611,1612,2586,2587,2593,2601,0,0,0,0,0,0,0,0,0,0.111171,0.110999,0.111419,0.108811,0.110923,0.100001,0.108561,0.050871,0.0510018,0.0515535,0.0457305,0.0508363,0.045082,0,0,0,0,0,0,0,0,0,0.111172,0.111036,0.111434,0.108776,0.110987,0.1,0.108519,0.0511017,0.0508171,0.0517497,0.0450919,0.050698,0.0444052,0,0,0,0,0,0,0,0,0,1,1,1,1,1,1,1,1,1,1,1,1,1,0,0,0,0,0,0,0,0,0,1,1,1,1,1,1,1,1,1,1,1,1,1,0,0,0,0,0,0,0,0,0,1,0,0,0,0,0,0,0,0,0,0,0,0,0,0,0,0,0,0,0,0,0,0,13,0,0,0,0,0,0,0,0,0,0,0,0,0,0,0,0,0,0,0,0,0,0,0,0,0,0,0,0,0,0,0,0,0,0,0,0,0,0,0,0,0,0,0,0,0,0,0,0
0.325059,-0.726476,0.478347,0,0,0,0,7.58877e-09,1.52751e-07,-1.00228e-07,2595,995,1002,1003,1009,1010,2588,2596,2602,2603,0,0,0,0,0,0,0,0,0,0,0,0,0,995,1002,1003,1009,1010,2588,2596,2602,2603,0,0,0,0,0,0,0,0,0,0,0,0,0,0.106973,0.10005,0.11094,0.106505,0.110321,0.0399479,0.0506884,0.0390179,0.0489226,0,0,0,0,0,0,0,0,0,0,0,0,0,0.106926,0.1,0.110985,0.106601,0.110286,0.0398975,0.0506675,0.0389195,0.0489368,0,0,0,0,0,0,0,0,0,0,0,0,0,1,1,1,1,1,1,1,1,1,0,0,0,0,0,0,0,0,0,0,0,0,0,1,1,1,1,1,1,1,1,1,0,0,0,0,0,0,0,0,0,0,0,0,0,1,0,0,0,0,0,0,0,0,0,0,0,0,0,0,0,0,0,0,0,0,0,0,9,0,0,0,0,0,0,0,0,0,0,0,0,0,0,0,0,0,0,0,0,0,0,0,0,0,0,0,0,0,0,0,0,0,0,0,0,0,0,0,0,0,0,0,0,0,0,0,0
0.343135,-0.705482,0.520795,0,0,0,0,7.13225e-09,1.31043e-07,-8.89159e-08,2596,995,996,1002,1003,1004,1010,1011,2588,2589,2595,2597,2603,2604,0,0,0,0,0,0,0,0,0,995,996,1002,1003,1004,1010,1011,2588,2589,2595,2597,2603,2604,0,0,0,0,0,0,0,0,0,0.110825,0.107137,0.110939,0.100046,0.111094,0.106819,0.110436,0.0500189,0.0409182,0.0506884,0.0509854,0.0399571,0.0491216,0,0,0,0,0,0,0,0,0,0.110731,0.107227,0.110978,0.1,0.111091,0.106889,0.110387,0.0500551,0.0407823,0.0506675,0.0509273,0.0397858,0.0491873,0,0,0,0,0,0,0,0,0,1,1,1,1,1,1,1,1,1,1,1,1,1,0,0,0,0,0,0,0,0,0,1,1,1,1,1,1,1,1,1,1,1,1,1,0,0,0,0,0,0,0,0,0,1,0,0,0,0,0,0,0,0,0,0,0,0,0,0,0,0,0,0,0,0,0,0,13,0,0,0,0,0,0,0,0,0,0,0,0,0,0,0,0,0,0,0,0,0,0,0,0,0,0,0,0,0,0,0,0,0,0,0,0,0,0,0,0,0,0,0,0,0,0,0,0
0.360922,-0.681791,0.56229,0,0,0,0,7.69317e-09,1.10582e-07,-7.64156e-08,2597,996,997,1003,1004,1005,1011,1012,2589,2590,2596,2598,2604,2605,0,0,0,0,0,0,0,0,0,996,997,1003,1004,1005,1011,1012,2589,2590,2596,2598,2604,2605,0,0,0,0,0,0,0,0,0,0.110796,0.107481,0.111075,0.100044,0.111149,0.107147,0.110513,0.0502062,0.041935,0.0509854,0.051108,0.0409405,0.0492422,0,0,0,0,0,0,0,0,0,0.110834,0.10752,0.111085,0.1,0.111146,0.107181,0.110456,0.0503063,0.0416277,0.0509273,0.0510655,0.0406467,0.0493582,0,0,0,0,0,0,0,0,0,1,1,1,1,1,1,1,1,1,1,1,1,1,0,0,0,0,0,0,0,0,0,1,1,1,1,1,1,1,1,1,1,1,1,1,0,0,0,0,0,0,0,0,0,1,0,0,0,0,0,0,0,0,0,0,0,0,0,0,0,0,0,0,0,0,0,0,13,0,0,0,0,0,0,0,0,0,0,0,0,0,0,0,0,0,0,0,0,0,0,0,0,0,0,0,0,0,0,0,0,0,0,0,0,0,0,0,0,0,0,0,0,0,0,0,0
0.378328,-0.6555,0.602513,0,0,0,0,8.95278e-09,9.17055e-08,-6.31717e-08,2598,997,998,1004,1005,1006,1012,1013,2590,2591,2597,2599,2605,2606,0,0,0,0,0,0,0,0,0,997,998,1004,1005,1006,1012,1013,2590,2591,2597,2599,2605,2606,0,0,0,0,0,0,0,0,0,0.110892,0.107782,0.111079,0.10003,0.111141,0.107457,0.11055,0.0503751,0.0428322,0.051108,0.0511384,0.0419058,0.0493303,0,0,0,0,0,0,0,0,0,0.1109,0.107798,0.111141,0.1,0.111152,0.107465,0.110498,0.0504677,0.0424149,0.0510655,0.0510824,0.0414683,0.0494632,0,0,0,0,0,0,0,0,0,1,1,1,1,1,1,1,1,1,1,1,1,1,0,0,0,0,0,0,0,0,0,1,1,1,1,1,1,1,1,1,1,1,1,1,0,0,0,0,0,0,0,0,0,1,0,0,0,0,0,0,0,0,0,0,0,0,0,0,0,0,0,0,0,0,0,0,13,0,0,0,0,0,0,0,0,0,0,0,0,0,0,0,0,0,0,0,0,0,0,0,0,0,0,0,0,0,0,0,0,0,0,0,0,0,0,0,0,0,0,0,0,0,0,0,0
0.39521,-0.626758,0.641295,0,0,0,0,1.07566e-08,7.44436e-08,-4.96002e-08,2599,998,999,1005,1006,1007,1013,1014,2591,2592,2598,2600,2606,2607,0,0,0,0,0,0,0,0,0,998,999,1005,1006,1007,1013,1014,2591,2592,2598,2600,2606,2607,0,0,0,0,0,0,0,0,0,0.110935,0.108052,0.111081,0.100015,0.111101,0.107743,0.11057,0.0504437,0.0436491,0.0511384,0.051102,0.0427788,0.0493826,0,0,0,0,0,0,0,0,0,0.110937,0.108057,0.111148,0.1,0.111122,0.107735,0.11053,0.0505558,0.0431368,0.0510824,0.0510131,0.0422346,0.04954,0,0,0,0,0,0,0,0,0,1,1,1,1,1,1,1,1,1,1,1,1,1,0,0,0,0,0,0,0,0,0,1,1,1,1,1,1,1,1,1,1,1,1,1,0,0,0,0,0,0,0,0,0,1,0,0,0,0,0,0,0,0,0,0,0,0,0,0,0,0,0,0,0,0,0,0,13,0,0,0,0,0,0,0,0,0,0,0,0,0,0,0,0,0,0,0,0,0,0,0,0,0,0,0,0,0,0,0,0,0,0,0,0,0,0,0,0,0,0,0,0,0,0,0,0
0.41147,-0.595691,0.678468,0,0,0,0,1.29762e-08,5.88348e-08,-3.58331e-08,2600,999,1000,1006,1007,1008,1014,1015,2592,2593,2599,2601,2607,2608,0,0,0,0,0,0,0,0,0,999,1000,1006,1007,1008,1014,1015,2592,2593,2599,2601,2607,2608,0,0,0,0,0,0,0,0,0,0.110951,0.108309,0.111056,0.100004,0.111062,0.108013,0.110609,0.0504643,0.0443967,0.051102,0.0510698,0.0435753,0.0494823,0,0,0,0,0,0,0,0,0,0.110961,0.108297,0.111119,0.1,0.11109,0.107987,0.110584,0.050614,0.0437964,0.0510131,0.05094,0.0429409,0.0496743,0,0,0,0,0,0,0,0,0,1,1,1,1,1,1,1,1,1,1,1,1,1,0,0,0,0,0,0,0,0,0,1,1,1,1,1,1,1,1,1,1,1,1,1,0,0,0,0,0,0,0,0,0,1,0,0,0,0,0,0,0,0,0,0,0,0,0,0,0,0,0,0,0,0,0,0,13,0,0,0,0,0,0,0,0,0,0,0,0,0,0,0,0,0,0,0,0,0,0,0,0,0,0,0,0,0,0,0,0,0,0,0,0,0,0,0,0,0,0,0,0,0,0,0,0
0.426978,-0.562399,0.713954,0,0,0,0,1.55301e-08,4.49346e-08,-2.20421e-08,2601,17,18,1000,1001,1007,1008,1015,1610,1611,2593,2594,2600,2608,0,0,0,0,0,0,0,0,0,17,18,1000,1001,1007,1008,1015,1610,1611,2593,2594,2600,2608,0,0,0,0,0,0,0,0,0,0.110712,0.111081,0.110996,0.108554,0.111029,0.0999941,0.10826,0.049763,0.0511622,0.0505505,0.045082,0.0510698,0.0443031,0,0,0,0,0,0,0,0,0,0.110713,0.111109,0.111015,0.108521,0.111088,0.1,0.108221,0.0499886,0.0509893,0.0507434,0.0444052,0.05094,0.0435896,0,0,0,0,0,0,0,0,0,1,1,1,1,1,1,1,1,1,1,1,1,1,0,0,0,0,0,0,0,0,0,1,1,1,1,1,1,1,1,1,1,1,1,1,0,0,0,0,0,0,0,0,0,1,0,0,0,0,0,0,0,0,0,0,0,0,0,0,0,0,0,0,0,0,0,0,13,0,0,0,0,0,0,0,0,0,0,0,0,0,0,0,0,0,0,0,0,0,0,0,0,0,0,0,0,0,0,0,0,0,0,0,0,0,0,0,0,0,0,0,0,0,0,0,0
0.289048,-0.74135,0.480429,0,0,0,0,3.45e-09,1.63101e-07,-1.11983e-07,2602,1002,1009,1010,1016,1017,2595,2603,2609,2610,0,0,0,0,0,0,0,0,0,0,0,0,0,1002,1009,1010,1016,1017,2595,2603,2609,2610,0,0,0,0,0,0,0,0,0,0,0,0,0,0.106601,0.100059,0.110906,0.106199,0.109853,0.0390179,0.0504836,0.0381361,0.047743,0,0,0,0,0,0,0,0,0,0,0,0,0,0.106601,0.1,0.110906,0.106301,0.10982,0.0389195,0.050471,0.0379969,0.0477643,0,0,0,0,0,0,0,0,0,0,0,0,0,1,1,1,1,1,1,1,1,1,0,0,0,0,0,0,0,0,0,0,0,0,0,1,1,1,1,1,1,1,1,1,0,0,0,0,0,0,0,0,0,0,0,0,0,1,0,0,0,0,0,0,0,0,0,0,0,0,0,0,0,0,0,0,0,0,0,0,9,0,0,0,0,0,0,0,0,0,0,0,0,0,0,0,0,0,0,0,0,0,0,0,0,0,0,0,0,0,0,0,0,0,0,0,0,0,0,0,0,0,0,0,0,0,0,0,0
0.30668,-0.721628,0.523426,0,0,0,0,2.80511e-09,1.41476e-07,-1.01262e-07,2603,1002,1003,1009,1010,1011,1017,1018,2595,2596,2602,2604,2610,2611,0,0,0,0,0,0,0,0,0,1002,1003,1009,1010,1011,1017,1018,2595,2596,2602,2604,2610,2611,0,0,0,0,0,0,0,0,0,0.110355,0.106817,0.11087,0.100043,0.111029,0.106478,0.109962,0.0489226,0.0399571,0.0504836,0.0508213,0.0389954,0.0479632,0,0,0,0,0,0,0,0,0,0.110278,0.106889,0.110898,0.1,0.111025,0.106556,0.109917,0.0489368,0.0397858,0.050471,0.0507646,0.0387804,0.0480124,0,0,0,0,0,0,0,0,0,1,1,1,1,1,1,1,1,1,1,1,1,1,0,0,0,0,0,0,0,0,0,1,1,1,1,1,1,1,1,1,1,1,1,1,0,0,0,0,0,0,0,0,0,1,0,0,0,0,0,0,0,0,0,0,0,0,0,0,0,0,0,0,0,0,0,0,13,0,0,0,0,0,0,0,0,0,0,0,0,0,0,0,0,0,0,0,0,0,0,0,0,0,0,0,0,0,0,0,0,0,0,0,0,0,0,0,0,0,0,0,0,0,0,0,0
0.324055,-0.699276,0.565632,0,0,0,0,3.03163e-09,1.20963e-07,-8.96341e-08,2604,1003,1004,1010,1011,1012,1018,1019,2596,2597,2603,2605,2611,2612,0,0,0,0,0,0,0,0,0,1003,1004,1010,1011,1012,1018,1019,2596,2597,2603,2605,2611,2612,0,0,0,0,0,0,0,0,0,0.110407,0.107109,0.111,0.100034,0.11112,0.106787,0.110036,0.0491216,0.0409405,0.0508213,0.0510433,0.0399298,0.0480964,0,0,0,0,0,0,0,0,0,0.110379,0.107182,0.111019,0.1,0.111108,0.106835,0.109988,0.0491873,0.0406467,0.0507646,0.050967,0.0396213,0.0481898,0,0,0,0,0,0,0,0,0,1,1,1,1,1,1,1,1,1,1,1,1,1,0,0,0,0,0,0,0,0,0,1,1,1,1,1,1,1,1,1,1,1,1,1,0,0,0,0,0,0,0,0,0,1,0,0,0,0,0,0,0,0,0,0,0,0,0,0,0,0,0,0,0,0,0,0,13,0,0,0,0,0,0,0,0,0,0,0,0,0,0,0,0,0,0,0,0,0,0,0,0,0,0,0,0,0,0,0,0,0,0,0,0,0,0,0,0,0,0,0,0,0,0,0,0
0.341135,-0.674335,0.606761,0,0,0,0,3.82441e-09,1.01712e-07,-7.71523e-08,2605,1004,1005,1011,1012,1013,1019,1020,2597,2598,2604,2606,2612,2613,0,0,0,0,0,0,0,0,0,1004,1005,1011,1012,1013,1019,1020,2597,2598,2604,2606,2612,2613,0,0,0,0,0,0,0,0,0,0.110416,0.107439,0.111078,0.100025,0.111152,0.107101,0.110081,0.0492422,0.0419058,0.0510433,0.0511391,0.040893,0.0481693,0,0,0,0,0,0,0,0,0,0.110448,0.107466,0.111102,0.1,0.111146,0.107117,0.110035,0.0493582,0.0414683,0.050967,0.0510644,0.0404552,0.0483087,0,0,0,0,0,0,0,0,0,1,1,1,1,1,1,1,1,1,1,1,1,1,0,0,0,0,0,0,0,0,0,1,1,1,1,1,1,1,1,1,1,1,1,1,0,0,0,0,0,0,0,0,0,1,0,0,0,0,0,0,0,0,0,0,0,0,0,0,0,0,0,0,0,0,0,0,13,0,0,0,0,0,0,0,0,0,0,0,0,0,0,0,0,0,0,0,0,0,0,0,0,0,0,0,0,0,0,0,0,0,0,0,0,0,0,0,0,0,0,0,0,0,0,0,0
0.357838,-0.6469,0.646555,0,0,0,0,5.11574e-09,8.39027e-08,-6.40712e-08,2606,1005,1006,1012,1013,1014,1020,1021,2598,2599,2605,2607,2613,2614,0,0,0,0,0,0,0,0,0,1005,1006,1012,1013,1014,1020,1021,2598,2599,2605,2607,2613,2614,0,0,0,0,0,0,0,0,0,0.110467,0.107729,0.111094,0.100011,0.111144,0.107398,0.110109,0.0493303,0.0427788,0.0511391,0.0511703,0.0418134,0.0482356,0,0,0,0,0,0,0,0,0,0.110491,0.107735,0.111142,0.1,0.11115,0.107391,0.110073,0.0494632,0.0422346,0.0510644,0.0510771,0.0412507,0.0484037,0,0,0,0,0,0,0,0,0,1,1,1,1,1,1,1,1,1,1,1,1,1,0,0,0,0,0,0,0,0,0,1,1,1,1,1,1,1,1,1,1,1,1,1,0,0,0,0,0,0,0,0,0,1,0,0,0,0,0,0,0,0,0,0,0,0,0,0,0,0,0,0,0,0,0,0,13,0,0,0,0,0,0,0,0,0,0,0,0,0,0,0,0,0,0,0,0,0,0,0,0,0,0,0,0,0,0,0,0,0,0,0,0,0,0,0,0,0,0,0,0,0,0,0,0
0.374051,-0.617089,0.684854,0,0,0,0,6.85484e-09,6.76259e-08,-5.065e-08,2607,1006,1007,1013,1014,1015,1021,1022,2599,2600,2606,2608,2614,2615,0,0,0,0,0,0,0,0,0,1006,1007,1013,1014,1015,1021,1022,2599,2600,2606,2608,2614,2615,0,0,0,0,0,0,0,0,0,0.1105,0.107999,0.111093,0.099998,0.111129,0.107675,0.110153,0.0493826,0.0435753,0.0511703,0.0511938,0.0426591,0.0483559,0,0,0,0,0,0,0,0,0,0.110522,0.107988,0.111147,0.1,0.111144,0.107651,0.110132,0.04954,0.0429409,0.0510771,0.0510649,0.0419938,0.0485531,0,0,0,0,0,0,0,0,0,1,1,1,1,1,1,1,1,1,1,1,1,1,0,0,0,0,0,0,0,0,0,1,1,1,1,1,1,1,1,1,1,1,1,1,0,0,0,0,0,0,0,0,0,1,0,0,0,0,0,0,0,0,0,0,0,0,0,0,0,0,0,0,0,0,0,0,13,0,0,0,0,0,0,0,0,0,0,0,0,0,0,0,0,0,0,0,0,0,0,0,0,0,0,0,0,0,0,0,0,0,0,0,0,0,0,0,0,0,0,0,0,0,0,0,0
0.389641,-0.584998,0.721569,0,0,0,0,8.97143e-09,5.29491e-08,-3.70746e-08,2608,16,17,1007,1008,1014,1015,1022,1609,1610,2600,2601,2607,2615,0,0,0,0,0,0,0,0,0,16,17,1007,1008,1014,1015,1022,1609,1610,2600,2601,2607,2615,0,0,0,0,0,0,0,0,0,0.110255,0.11115,0.110552,0.108254,0.111089,0.0999869,0.107929,0.0486457,0.051291,0.0494823,0.0443031,0.0511938,0.0434309,0,0,0,0,0,0,0,0,0,0.110259,0.111166,0.110577,0.108223,0.111141,0.1,0.107895,0.0488695,0.0511207,0.0496743,0.0435896,0.0510649,0.0426798,0,0,0,0,0,0,0,0,0,1,1,1,1,1,1,1,1,1,1,1,1,1,0,0,0,0,0,0,0,0,0,1,1,1,1,1,1,1,1,1,1,1,1,1,0,0,0,0,0,0,0,0,0,1,0,0,0,0,0,0,0,0,0,0,0,0,0,0,0,0,0,0,0,0,0,0,13,0,0,0,0,0,0,0,0,0,0,0,0,0,0,0,0,0,0,0,0,0,0,0,0,0,0,0,0,0,0,0,0,0,0,0,0,0,0,0,0,0,0,0,0,0,0,0,0
0.253293,-0.754611,0.48067,0,0,0,0,7.25551e-10,1.73214e-07,-1.22728e-07,2609,2,1009,1016,1017,1023,1595,2602,2610,2616,0,0,0,0,0,0,0,0,0,0,0,0,0,2,1009,1016,1017,1023,1595,2602,2610,2616,0,0,0,0,0,0,0,0,0,0,0,0,0,0.105936,0.10629,0.100064,0.110845,0.109367,0.0374353,0.0381361,0.0502392,0.0465141,0,0,0,0,0,0,0,0,0,0,0,0,0,0.10606,0.1063,0.1,0.110807,0.109344,0.037242,0.0379969,0.0502272,0.0465438,0,0,0,0,0,0,0,0,0,0,0,0,0,1,1,1,1,1,1,1,1,1,0,0,0,0,0,0,0,0,0,0,0,0,0,1,1,1,1,1,1,1,1,1,0,0,0,0,0,0,0,0,0,0,0,0,0,1,0,0,0,0,0,0,0,0,0,0,0,0,0,0,0,0,0,0,0,0,0,0,9,0,0,0,0,0,0,0,0,0,0,0,0,0,0,0,0,0,0,0,0,0,0,0,0,0,0,0,0,0,0,0,0,0,0,0,0,0,0,0,0,0,0,0,0,0,0,0,0
0.270486,-0.736124,0.524104,0,0,0,0,-1.52087e-10,1.51535e-07,-1.12566e-07,2610,1009,1010,1016,1017,1018,1023,1024,2602,2603,2609,2611,2616,2617,0,0,0,0,0,0,0,0,0,1009,1010,1016,1017,1018,1023,1024,2602,2603,2609,2611,2616,2617,0,0,0,0,0,0,0,0,0,0.109847,0.106513,0.110773,0.10004,0.110953,0.106173,0.109479,0.047743,0.0389954,0.0502392,0.0505649,0.0381083,0.0467292,0,0,0,0,0,0,0,0,0,0.109813,0.106556,0.110799,0.1,0.110927,0.106253,0.10944,0.0477643,0.0387804,0.0502272,0.0505232,0.0378451,0.046792,0,0,0,0,0,0,0,0,0,1,1,1,1,1,1,1,1,1,1,1,1,1,0,0,0,0,0,0,0,0,0,1,1,1,1,1,1,1,1,1,1,1,1,1,0,0,0,0,0,0,0,0,0,1,0,0,0,0,0,0,0,0,0,0,0,0,0,0,0,0,0,0,0,0,0,0,13,0,0,0,0,0,0,0,0,0,0,0,0,0,0,0,0,0,0,0,0,0,0,0,0,0,0,0,0,0,0,0,0,0,0,0,0,0,0,0,0,0,0,0,0,0,0,0,0
0.287413,-0.715095,0.56686,0,0,0,0,-2.4547e-10,1.30979e-07,-1.01596e-07,2611,1010,1011,1017,1018,1019,1024,1025,2603,2604,2610,2612,2617,2618,0,0,0,0,0,0,0,0,0,1010,1011,1017,1018,1019,1024,1025,2603,2604,2610,2612,2617,2618,0,0,0,0,0,0,0,0,0,0.109927,0.106782,0.110894,0.100031,0.111046,0.106446,0.109558,0.0479632,0.0399298,0.0505649,0.0508262,0.0389337,0.0468882,0,0,0,0,0,0,0,0,0,0.109911,0.106835,0.11092,0.1,0.111025,0.106497,0.109511,0.0480124,0.0396213,0.0505232,0.050764,0.0385979,0.0469749,0,0,0,0,0,0,0,0,0,1,1,1,1,1,1,1,1,1,1,1,1,1,0,0,0,0,0,0,0,0,0,1,1,1,1,1,1,1,1,1,1,1,1,1,0,0,0,0,0,0,0,0,0,1,0,0,0,0,0,0,0,0,0,0,0,0,0,0,0,0,0,0,0,0,0,0,13,0,0,0,0,0,0,0,0,0,0,0,0,0,0,0,0,0,0,0,0,0,0,0,0,0,0,0,0,0,0,0,0,0,0,0,0,0,0,0,0,0,0,0,0,0,0,0,0
0.304081,-0.691526,0.608693,0,0,0,0,1.48073e-10,1.11529e-07,-8.98284e-08,2612,1011,1012,1018,1019,1020,1025,1026,2604,2605,2611,2613,2618,2619,0,0,0,0,0,0,0,0,0,1011,1012,1018,1019,1020,1025,1026,2604,2605,2611,2613,2618,2619,0,0,0,0,0,0,0,0,0,0.109971,0.10708,0.110991,0.100018,0.111108,0.106743,0.109602,0.0480964,0.040893,0.0508262,0.0510098,0.0398679,0.0469731,0,0,0,0,0,0,0,0,0,0.109981,0.107117,0.111019,0.1,0.111091,0.106765,0.109562,0.0481898,0.0404552,0.050764,0.0509264,0.0394083,0.0471059,0,0,0,0,0,0,0,0,0,1,1,1,1,1,1,1,1,1,1,1,1,1,0,0,0,0,0,0,0,0,0,1,1,1,1,1,1,1,1,1,1,1,1,1,0,0,0,0,0,0,0,0,0,1,0,0,0,0,0,0,0,0,0,0,0,0,0,0,0,0,0,0,0,0,0,0,13,0,0,0,0,0,0,0,0,0,0,0,0,0,0,0,0,0,0,0,0,0,0,0,0,0,0,0,0,0,0,0,0,0,0,0,0,0,0,0,0,0,0,0,0,0,0,0,0
0.320477,-0.665464,0.649362,0,0,0,0,9.78246e-10,9.33347e-08,-7.7381e-08,2613,1012,1013,1019,1020,1021,1026,1027,2605,2606,2612,2614,2619,2620,0,0,0,0,0,0,0,0,0,1012,1013,1019,1020,1021,1026,1027,2605,2606,2612,2614,2619,2620,0,0,0,0,0,0,0,0,0,0.109996,0.10738,0.111053,0.100006,0.111135,0.107039,0.109635,0.0481693,0.0418134,0.0510098,0.0511175,0.0407926,0.0470453,0,0,0,0,0,0,0,0,0,0.110029,0.107391,0.111086,0.1,0.111127,0.107036,0.109606,0.0483087,0.0412507,0.0509264,0.0510161,0.0402121,0.0472188,0,0,0,0,0,0,0,0,0,1,1,1,1,1,1,1,1,1,1,1,1,1,0,0,0,0,0,0,0,0,0,1,1,1,1,1,1,1,1,1,1,1,1,1,0,0,0,0,0,0,0,0,0,1,0,0,0,0,0,0,0,0,0,0,0,0,0,0,0,0,0,0,0,0,0,0,13,0,0,0,0,0,0,0,0,0,0,0,0,0,0,0,0,0,0,0,0,0,0,0,0,0,0,0,0,0,0,0,0,0,0,0,0,0,0,0,0,0,0,0,0,0,0,0,0
0.336513,-0.636992,0.688671,0,0,0,0,2.23307e-09,7.65248e-08,-6.44402e-08,2614,1013,1014,1020,1021,1022,1027,1028,2606,2607,2613,2615,2620,2621,0,0,0,0,0,0,0,0,0,1013,1014,1020,1021,1022,1027,1028,2606,2607,2613,2615,2620,2621,0,0,0,0,0,0,0,0,0,0.110032,0.107661,0.111083,0.0999924,0.111151,0.107321,0.109686,0.0482356,0.0426591,0.0511175,0.0512111,0.0416738,0.0471859,0,0,0,0,0,0,0,0,0,0.110067,0.107651,0.111123,0.1,0.111151,0.107298,0.109673,0.0484037,0.0419938,0.0510161,0.0510763,0.040979,0.0473914,0,0,0,0,0,0,0,0,0,1,1,1,1,1,1,1,1,1,1,1,1,1,0,0,0,0,0,0,0,0,0,1,1,1,1,1,1,1,1,1,1,1,1,1,0,0,0,0,0,0,0,0,0,1,0,0,0,0,0,0,0,0,0,0,0,0,0,0,0,0,0,0,0,0,0,0,13,0,0,0,0,0,0,0,0,0,0,0,0,0,0,0,0,0,0,0,0,0,0,0,0,0,0,0,0,0,0,0,0,0,0,0,0,0,0,0,0,0,0,0,0,0,0,0,0
0.352058,-0.606194,0.726518,0,0,0,0,3.88675e-09,6.11894e-08,-5.12085e-08,2615,15,16,1014,1015,1021,1022,1028,1608,1609,2607,2608,2614,2621,0,0,0,0,0,0,0,0,0,15,16,1014,1015,1021,1022,1028,1608,1609,2607,2608,2614,2621,0,0,0,0,0,0,0,0,0,0.109798,0.111194,0.110093,0.107926,0.111107,0.0999798,0.107579,0.0475157,0.0513571,0.0483559,0.0434309,0.0512111,0.0424857,0,0,0,0,0,0,0,0,0,0.109811,0.111193,0.110126,0.107895,0.111147,0.1,0.107548,0.0477429,0.0511819,0.0485531,0.0426798,0.0510763,0.0416955,0,0,0,0,0,0,0,0,0,1,1,1,1,1,1,1,1,1,1,1,1,1,0,0,0,0,0,0,0,0,0,1,1,1,1,1,1,1,1,1,1,1,1,1,0,0,0,0,0,0,0,0,0,1,0,0,0,0,0,0,0,0,0,0,0,0,0,0,0,0,0,0,0,0,0,0,13,0,0,0,0,0,0,0,0,0,0,0,0,0,0,0,0,0,0,0,0,0,0,0,0,0,0,0,0,0,0,0,0,0,0,0,0,0,0,0,0,0,0,0,0,0,0,0,0
0.234642,-0.749011,0.522911,0,0,0,0,-1.81268e-09,1.61096e-07,-1.22694e-07,2616,2,3,1016,1017,1023,1024,1029,1595,1596,2609,2610,2617,2622,0,0,0,0,0,0,0,0,0,2,3,1016,1017,1023,1024,1029,1595,1596,2609,2610,2617,2622,0,0,0,0,0,0,0,0,0,0.110709,0.105932,0.109349,0.106217,0.100036,0.110856,0.108985,0.0499661,0.0374597,0.0465141,0.0381083,0.0502719,0.0454412,0,0,0,0,0,0,0,0,0,0.110705,0.106026,0.109338,0.106252,0.1,0.110816,0.108957,0.0499933,0.0371303,0.0465438,0.0378451,0.0502465,0.0455293,0,0,0,0,0,0,0,0,0,1,1,1,1,1,1,1,1,1,1,1,1,1,0,0,0,0,0,0,0,0,0,1,1,1,1,1,1,1,1,1,1,1,1,1,0,0,0,0,0,0,0,0,0,1,0,0,0,0,0,0,0,0,0,0,0,0,0,0,0,0,0,0,0,0,0,0,13,0,0,0,0,0,0,0,0,0,0,0,0,0,0,0,0,0,0,0,0,0,0,0,0,0,0,0,0,0,0,0,0,0,0,0,0,0,0,0,0,0,0,0,0,0,0,0,0
0.25116,-0.729272,0.566095,0,0,0,0,-2.22832e-09,1.40529e-07,-1.12322e-07,2617,1017,1018,1023,1024,1025,1029,1030,2610,2611,2616,2618,2622,2623,0,0,0,0,0,0,0,0,0,1017,1018,1023,1024,1025,1029,1030,2610,2611,2616,2618,2622,2623,0,0,0,0,0,0,0,0,0,0.109426,0.106456,0.11079,0.100032,0.110943,0.106141,0.109076,0.0467292,0.0389337,0.0502719,0.0505208,0.0380204,0.0456284,0,0,0,0,0,0,0,0,0,0.109434,0.106497,0.110808,0.1,0.110914,0.106196,0.10903,0.046792,0.0385979,0.0502465,0.0504902,0.0376644,0.0457217,0,0,0,0,0,0,0,0,0,1,1,1,1,1,1,1,1,1,1,1,1,1,0,0,0,0,0,0,0,0,0,1,1,1,1,1,1,1,1,1,1,1,1,1,0,0,0,0,0,0,0,0,0,1,0,0,0,0,0,0,0,0,0,0,0,0,0,0,0,0,0,0,0,0,0,0,13,0,0,0,0,0,0,0,0,0,0,0,0,0,0,0,0,0,0,0,0,0,0,0,0,0,0,0,0,0,0,0,0,0,0,0,0,0,0,0,0,0,0,0,0,0,0,0,0
0.26737,-0.707073,0.608483,0,0,0,0,-2.22238e-09,1.20993e-07,-1.01225e-07,2618,1018,1019,1024,1025,1026,1030,1031,2611,2612,2617,2619,2623,2624,0,0,0,0,0,0,0,0,0,1018,1019,1024,1025,1026,1030,1031,2611,2612,2617,2619,2623,2624,0,0,0,0,0,0,0,0,0,0.109488,0.106734,0.110876,0.100016,0.11102,0.106407,0.10912,0.0468882,0.0398679,0.0505208,0.0507569,0.0388707,0.0457245,0,0,0,0,0,0,0,0,0,0.109505,0.106765,0.110908,0.1,0.110996,0.106426,0.109085,0.0469749,0.0394083,0.0504902,0.0506921,0.0383748,0.0458657,0,0,0,0,0,0,0,0,0,1,1,1,1,1,1,1,1,1,1,1,1,1,0,0,0,0,0,0,0,0,0,1,1,1,1,1,1,1,1,1,1,1,1,1,0,0,0,0,0,0,0,0,0,1,0,0,0,0,0,0,0,0,0,0,0,0,0,0,0,0,0,0,0,0,0,0,13,0,0,0,0,0,0,0,0,0,0,0,0,0,0,0,0,0,0,0,0,0,0,0,0,0,0,0,0,0,0,0,0,0,0,0,0,0,0,0,0,0,0,0,0,0,0,0,0
0.283375,-0.682412,0.649859,0,0,0,0,-1.82095e-09,1.02565e-07,-8.94329e-08,2619,1019,1020,1025,1026,1027,1031,1032,2612,2613,2618,2620,2624,2625,0,0,0,0,0,0,0,0,0,1019,1020,1025,1026,1027,1031,1032,2612,2613,2618,2620,2624,2625,0,0,0,0,0,0,0,0,0,0.109523,0.107023,0.110959,0.100002,0.111077,0.106685,0.109156,0.0469731,0.0407926,0.0507569,0.0509441,0.0397612,0.045818,0,0,0,0,0,0,0,0,0,0.109556,0.107035,0.11099,0.1,0.111059,0.10668,0.109135,0.0471059,0.0402121,0.0506921,0.0508462,0.0391494,0.0459977,0,0,0,0,0,0,0,0,0,1,1,1,1,1,1,1,1,1,1,1,1,1,0,0,0,0,0,0,0,0,0,1,1,1,1,1,1,1,1,1,1,1,1,1,0,0,0,0,0,0,0,0,0,1,0,0,0,0,0,0,0,0,0,0,0,0,0,0,0,0,0,0,0,0,0,0,13,0,0,0,0,0,0,0,0,0,0,0,0,0,0,0,0,0,0,0,0,0,0,0,0,0,0,0,0,0,0,0,0,0,0,0,0,0,0,0,0,0,0,0,0,0,0,0,0
0.29912,-0.655338,0.690039,0,0,0,0,-1.02295e-09,8.53665e-08,-7.70691e-08,2620,1020,1021,1026,1027,1028,1032,1033,2613,2614,2619,2621,2625,2626,0,0,0,0,0,0,0,0,0,1020,1021,1026,1027,1028,1032,1033,2613,2614,2619,2621,2625,2626,0,0,0,0,0,0,0,0,0,0.109558,0.107307,0.111024,0.0999875,0.111128,0.106962,0.109213,0.0470453,0.0416738,0.0509441,0.0511217,0.0406511,0.0459845,0,0,0,0,0,0,0,0,0,0.1096,0.107298,0.111053,0.1,0.111114,0.106938,0.109213,0.0472188,0.040979,0.0508462,0.0509822,0.0399193,0.0462011,0,0,0,0,0,0,0,0,0,1,1,1,1,1,1,1,1,1,1,1,1,1,0,0,0,0,0,0,0,0,0,1,1,1,1,1,1,1,1,1,1,1,1,1,0,0,0,0,0,0,0,0,0,1,0,0,0,0,0,0,0,0,0,0,0,0,0,0,0,0,0,0,0,0,0,0,13,0,0,0,0,0,0,0,0,0,0,0,0,0,0,0,0,0,0,0,0,0,0,0,0,0,0,0,0,0,0,0,0,0,0,0,0,0,0,0,0,0,0,0,0,0,0,0,0
0.314497,-0.625904,0.728906,0,0,0,0,1.71117e-10,6.95016e-08,-6.42929e-08,2621,14,15,1021,1022,1027,1028,1033,1607,1608,2614,2615,2620,2626,0,0,0,0,0,0,0,0,0,14,15,1021,1022,1027,1028,1033,1607,1608,2614,2615,2620,2626,0,0,0,0,0,0,0,0,0,0.109345,0.111206,0.109625,0.10758,0.111083,0.0999731,0.107218,0.0463837,0.0513478,0.0471859,0.0424857,0.0511217,0.0414881,0,0,0,0,0,0,0,0,0,0.109373,0.111188,0.109668,0.107548,0.111109,0.1,0.107188,0.0466196,0.0511644,0.0473914,0.0416955,0.0509822,0.0406541,0,0,0,0,0,0,0,0,0,1,1,1,1,1,1,1,1,1,1,1,1,1,0,0,0,0,0,0,0,0,0,1,1,1,1,1,1,1,1,1,1,1,1,1,0,0,0,0,0,0,0,0,0,1,0,0,0,0,0,0,0,0,0,0,0,0,0,0,0,0,0,0,0,0,0,0,13,0,0,0,0,0,0,0,0,0,0,0,0,0,0,0,0,0,0,0,0,0,0,0,0,0,0,0,0,0,0,0,0,0,0,0,0,0,0,0,0,0,0,0,0,0,0,0,0
0.215382,-0.74186,0.563443,0,0,0,0,-3.0485e-09,1.49511e-07,-1.2176e-07,2622,3,4,1023,1024,1029,1030,1034,1596,1597,2616,2617,2623,2627,0,0,0,0,0,0,0,0,0,3,4,1023,1024,1029,1030,1034,1596,1597,2616,2617,2623,2627,0,0,0,0,0,0,0,0,0,0.1107,0.105935,0.108937,0.106161,0.100038,0.11082,0.108594,0.0500028,0.0373882,0.0454412,0.0380204,0.0501683,0.0443333,0,0,0,0,0,0,0,0,0,0.110713,0.105995,0.108952,0.106195,0.1,0.110797,0.108545,0.0500126,0.0370311,0.0455293,0.0376644,0.0501992,0.0444277,0,0,0,0,0,0,0,0,0,1,1,1,1,1,1,1,1,1,1,1,1,1,0,0,0,0,0,0,0,0,0,1,1,1,1,1,1,1,1,1,1,1,1,1,0,0,0,0,0,0,0,0,0,1,0,0,0,0,0,0,0,0,0,0,0,0,0,0,0,0,0,0,0,0,0,0,13,0,0,0,0,0,0,0,0,0,0,0,0,0,0,0,0,0,0,0,0,0,0,0,0,0,0,0,0,0,0,0,0,0,0,0,0,0,0,0,0,0,0,0,0,0,0,0,0
0.231151,-0.721006,0.60626,0,0,0,0,-3.42803e-09,1.29988e-07,-1.11312e-07,2623,1024,1025,1029,1030,1031,1034,1035,2617,2618,2622,2624,2627,2628,0,0,0,0,0,0,0,0,0,1024,1025,1029,1030,1031,1034,1035,2617,2618,2622,2624,2627,2628,0,0,0,0,0,0,0,0,0,0.109,0.106404,0.110749,0.100017,0.110903,0.106126,0.108632,0.0456284,0.0388707,0.0501683,0.0504258,0.0380077,0.0444223,0,0,0,0,0,0,0,0,0,0.109025,0.106425,0.110789,0.1,0.110877,0.106131,0.108606,0.0457217,0.0383748,0.0501992,0.0503986,0.0374563,0.0445922,0,0,0,0,0,0,0,0,0,1,1,1,1,1,1,1,1,1,1,1,1,1,0,0,0,0,0,0,0,0,0,1,1,1,1,1,1,1,1,1,1,1,1,1,0,0,0,0,0,0,0,0,0,1,0,0,0,0,0,0,0,0,0,0,0,0,0,0,0,0,0,0,0,0,0,0,13,0,0,0,0,0,0,0,0,0,0,0,0,0,0,0,0,0,0,0,0,0,0,0,0,0,0,0,0,0,0,0,0,0,0,0,0,0,0,0,0,0,0,0,0,0,0,0,0
0.246727,-0.697746,0.648202,0,0,0,0,-3.43593e-09,1.11452e-07,-1.0019e-07,2624,1025,1026,1030,1031,1032,1035,1036,2618,2619,2623,2625,2628,2629,0,0,0,0,0,0,0,0,0,1025,1026,1030,1031,1032,1035,1036,2618,2619,2623,2625,2628,2629,0,0,0,0,0,0,0,0,0,0.109038,0.106674,0.110837,0.100002,0.110979,0.106356,0.108675,0.0457245,0.0397612,0.0504258,0.0506652,0.0387652,0.0445492,0,0,0,0,0,0,0,0,0,0.10908,0.10668,0.110871,0.1,0.110956,0.106341,0.108664,0.0458657,0.0391494,0.0503986,0.050592,0.0381112,0.0447483,0,0,0,0,0,0,0,0,0,1,1,1,1,1,1,1,1,1,1,1,1,1,0,0,0,0,0,0,0,0,0,1,1,1,1,1,1,1,1,1,1,1,1,1,0,0,0,0,0,0,0,0,0,1,0,0,0,0,0,0,0,0,0,0,0,0,0,0,0,0,0,0,0,0,0,0,13,0,0,0,0,0,0,0,0,0,0,0,0,0,0,0,0,0,0,0,0,0,0,0,0,0,0,0,0,0,0,0,0,0,0,0,0,0,0,0,0,0,0,0,0,0,0,0,0
0.262096,-0.672098,0.689103,0,0,0,0,-3.06944e-09,9.40046e-08,-8.8455e-08,2625,1026,1027,1031,1032,1033,1036,1037,2619,2620,2624,2626,2629,2630,0,0,0,0,0,0,0,0,0,1026,1027,1031,1032,1033,1036,1037,2619,2620,2624,2626,2629,2630,0,0,0,0,0,0,0,0,0,0.10908,0.106951,0.110923,0.0999842,0.111064,0.106614,0.108739,0.045818,0.0406511,0.0506652,0.0509322,0.0396275,0.0447557,0,0,0,0,0,0,0,0,0,0.10913,0.106937,0.11095,0.1,0.11104,0.10658,0.108755,0.0459977,0.0399193,0.050592,0.0507978,0.0388428,0.0449928,0,0,0,0,0,0,0,0,0,1,1,1,1,1,1,1,1,1,1,1,1,1,0,0,0,0,0,0,0,0,0,1,1,1,1,1,1,1,1,1,1,1,1,1,0,0,0,0,0,0,0,0,0,1,0,0,0,0,0,0,0,0,0,0,0,0,0,0,0,0,0,0,0,0,0,0,13,0,0,0,0,0,0,0,0,0,0,0,0,0,0,0,0,0,0,0,0,0,0,0,0,0,0,0,0,0,0,0,0,0,0,0,0,0,0,0,0,0,0,0,0,0,0,0,0
0.2772,-0.644076,0.728862,0,0,0,0,-2.31315e-09,7.77415e-08,-7.62195e-08,2626,13,14,1027,1028,1032,1033,1037,1606,1607,2620,2621,2625,2630,0,0,0,0,0,0,0,0,0,13,14,1027,1028,1032,1033,1037,1606,1607,2620,2621,2625,2630,0,0,0,0,0,0,0,0,0,0.108903,0.111187,0.109155,0.107224,0.111019,0.0999678,0.106857,0.0452676,0.0512632,0.0459845,0.0414881,0.0509322,0.04046,0,0,0,0,0,0,0,0,0,0.108953,0.111153,0.109208,0.107187,0.111034,0.1,0.106823,0.0455188,0.0510751,0.0462011,0.0406541,0.0507978,0.0395732,0,0,0,0,0,0,0,0,0,1,1,1,1,1,1,1,1,1,1,1,1,1,0,0,0,0,0,0,0,0,0,1,1,1,1,1,1,1,1,1,1,1,1,1,0,0,0,0,0,0,0,0,0,1,0,0,0,0,0,0,0,0,0,0,0,0,0,0,0,0,0,0,0,0,0,0,13,0,0,0,0,0,0,0,0,0,0,0,0,0,0,0,0,0,0,0,0,0,0,0,0,0,0,0,0,0,0,0,0,0,0,0,0,0,0,0,0,0,0,0,0,0,0,0,0
0.195457,-0.733396,0.602132,0,0,0,0,-3.63393e-09,1.38435e-07,-1.20081e-07,2627,4,5,1029,1030,1034,1035,1038,1597,1598,2622,2623,2628,2631,0,0,0,0,0,0,0,0,0,4,5,1029,1030,1034,1035,1038,1597,1598,2622,2623,2628,2631,0,0,0,0,0,0,0,0,0,0.110642,0.106002,0.108523,0.106125,0.100025,0.110778,0.108123,0.0498038,0.0376432,0.0443333,0.0380077,0.0500743,0.0430268,0,0,0,0,0,0,0,0,0,0.110709,0.105975,0.108541,0.10613,0.1,0.110763,0.108122,0.0500015,0.0369626,0.0444277,0.0374563,0.0501144,0.0432727,0,0,0,0,0,0,0,0,0,1,1,1,1,1,1,1,1,1,1,1,1,1,0,0,0,0,0,0,0,0,0,1,1,1,1,1,1,1,1,1,1,1,1,1,0,0,0,0,0,0,0,0,0,1,0,0,0,0,0,0,0,0,0,0,0,0,0,0,0,0,0,0,0,0,0,0,13,0,0,0,0,0,0,0,0,0,0,0,0,0,0,0,0,0,0,0,0,0,0,0,0,0,0,0,0,0,0,0,0,0,0,0,0,0,0,0,0,0,0,0,0,0,0,0,0
0.210673,-0.711503,0.644518,0,0,0,0,-4.03536e-09,1.19899e-07,-1.09628e-07,2628,1030,1031,1034,1035,1036,1038,1039,2623,2624,2627,2629,2631,2632,0,0,0,0,0,0,0,0,0,1030,1031,1034,1035,1036,1038,1039,2623,2624,2627,2629,2631,2632,0,0,0,0,0,0,0,0,0,0.108549,0.106346,0.110717,0.100007,0.110854,0.106091,0.10819,0.0444223,0.0387652,0.0500743,0.0503203,0.037926,0.0432295,0,0,0,0,0,0,0,0,0,0.108602,0.10634,0.110755,0.1,0.110836,0.106056,0.108193,0.0445922,0.0381112,0.0501144,0.050296,0.0372184,0.0434685,0,0,0,0,0,0,0,0,0,1,1,1,1,1,1,1,1,1,1,1,1,1,0,0,0,0,0,0,0,0,0,1,1,1,1,1,1,1,1,1,1,1,1,1,0,0,0,0,0,0,0,0,0,1,0,0,0,0,0,0,0,0,0,0,0,0,0,0,0,0,0,0,0,0,0,0,13,0,0,0,0,0,0,0,0,0,0,0,0,0,0,0,0,0,0,0,0,0,0,0,0,0,0,0,0,0,0,0,0,0,0,0,0,0,0,0,0,0,0,0,0,0,0,0,0
0.225622,-0.687279,0.686013,0,0,0,0,-4.07358e-09,1.02323e-07,-9.85577e-08,2629,1031,1032,1035,1036,1037,1039,1040,2624,2625,2628,2630,2632,2633,0,0,0,0,0,0,0,0,0,1031,1032,1035,1036,1037,1039,1040,2624,2625,2628,2630,2632,2633,0,0,0,0,0,0,0,0,0,0.108599,0.106604,0.110798,0.0999834,0.110969,0.106297,0.108265,0.0445492,0.0396275,0.0503203,0.0506667,0.0386594,0.0434933,0,0,0,0,0,0,0,0,0,0.10866,0.106579,0.110829,0.1,0.110939,0.106242,0.108303,0.0447483,0.0388428,0.050296,0.0505504,0.0377998,0.0437715,0,0,0,0,0,0,0,0,0,1,1,1,1,1,1,1,1,1,1,1,1,1,0,0,0,0,0,0,0,0,0,1,1,1,1,1,1,1,1,1,1,1,1,1,0,0,0,0,0,0,0,0,0,1,0,0,0,0,0,0,0,0,0,0,0,0,0,0,0,0,0,0,0,0,0,0,13,0,0,0,0,0,0,0,0,0,0,0,0,0,0,0,0,0,0,0,0,0,0,0,0,0,0,0,0,0,0,0,0,0,0,0,0,0,0,0,0,0,0,0,0,0,0,0,0
0.24038,-0.660686,0.726536,0,0,0,0,-3.7254e-09,8.57845e-08,-8.69207e-08,2630,12,13,1032,1033,1036,1037,1040,1605,1606,2625,2626,2629,2633,0,0,0,0,0,0,0,0,0,12,13,1032,1033,1036,1037,1040,1605,1606,2625,2626,2629,2633,0,0,0,0,0,0,0,0,0,0.108485,0.111144,0.108685,0.106868,0.110925,0.0999646,0.106509,0.0441917,0.0511212,0.0447557,0.04046,0.0506667,0.0394256,0,0,0,0,0,0,0,0,0,0.10856,0.111098,0.108751,0.106822,0.110933,0.1,0.106462,0.0444689,0.0509377,0.0449928,0.0395732,0.0505504,0.0384766,0,0,0,0,0,0,0,0,0,1,1,1,1,1,1,1,1,1,1,1,1,1,0,0,0,0,0,0,0,0,0,1,1,1,1,1,1,1,1,1,1,1,1,1,0,0,0,0,0,0,0,0,0,1,0,0,0,0,0,0,0,0,0,0,0,0,0,0,0,0,0,0,0,0,0,0,13,0,0,0,0,0,0,0,0,0,0,0,0,0,0,0,0,0,0,0,0,0,0,0,0,0,0,0,0,0,0,0,0,0,0,0,0,0,0,0,0,0,0,0,0,0,0,0,0
0.175236,-0.72378,0.638873,0,0,0,0,-3.7955e-09,1.27869e-07,-1.17785e-07,2631,5,6,1034,1035,1038,1039,1041,1598,1599,2627,2628,2632,2634,0,0,0,0,0,0,0,0,0,5,6,1034,1035,1038,1039,1041,1598,1599,2627,2628,2632,2634,0,0,0,0,0,0,0,0,0,0.110673,0.106041,0.108053,0.106081,0.100019,0.110738,0.107678,0.0498702,0.0377248,0.0430268,0.037926,0.0499939,0.041815,0,0,0,0,0,0,0,0,0,0.110713,0.105974,0.108119,0.106055,0.1,0.110737,0.107712,0.0500087,0.0369576,0.0432727,0.0372184,0.0500499,0.0421253,0,0,0,0,0,0,0,0,0,1,1,1,1,1,1,1,1,1,1,1,1,1,0,0,0,0,0,0,0,0,0,1,1,1,1,1,1,1,1,1,1,1,1,1,0,0,0,0,0,0,0,0,0,1,0,0,0,0,0,0,0,0,0,0,0,0,0,0,0,0,0,0,0,0,0,0,13,0,0,0,0,0,0,0,0,0,0,0,0,0,0,0,0,0,0,0,0,0,0,0,0,0,0,0,0,0,0,0,0,0,0,0,0,0,0,0,0,0,0,0,0,0,0,0,0
0.18982,-0.700931,0.68088,0,0,0,0,-4.21587e-09,1.10253e-07,-1.07376e-07,2632,1035,1036,1038,1039,1040,1041,1042,2628,2629,2631,2633,2634,2635,0,0,0,0,0,0,0,0,0,1035,1036,1038,1039,1040,1041,1042,2628,2629,2631,2633,2634,2635,0,0,0,0,0,0,0,0,0,0.108114,0.106284,0.110688,0.0999852,0.110867,0.106057,0.107783,0.0432295,0.0386594,0.0499939,0.050385,0.0379088,0.0421717,0,0,0,0,0,0,0,0,0,0.10819,0.106241,0.110729,0.1,0.110835,0.105968,0.107854,0.0434685,0.0377998,0.0500499,0.0502933,0.0369355,0.0425261,0,0,0,0,0,0,0,0,0,1,1,1,1,1,1,1,1,1,1,1,1,1,0,0,0,0,0,0,0,0,0,1,1,1,1,1,1,1,1,1,1,1,1,1,0,0,0,0,0,0,0,0,0,1,0,0,0,0,0,0,0,0,0,0,0,0,0,0,0,0,0,0,0,0,0,0,13,0,0,0,0,0,0,0,0,0,0,0,0,0,0,0,0,0,0,0,0,0,0,0,0,0,0,0,0,0,0,0,0,0,0,0,0,0,0,0,0,0,0,0,0,0,0,0,0
0.204217,-0.675742,0.722074,0,0,0,0,-4.2402e-09,9.35363e-08,-9.63682e-08,2633,11,12,1036,1037,1039,1040,1042,1604,1605,2629,2630,2632,2635,0,0,0,0,0,0,0,0,0,11,12,1036,1037,1039,1040,1042,1604,1605,2629,2630,2632,2635,0,0,0,0,0,0,0,0,0,0.108104,0.111096,0.108214,0.106519,0.110828,0.0999645,0.106187,0.0431952,0.0509708,0.0434933,0.0394256,0.050385,0.0384257,0,0,0,0,0,0,0,0,0,0.108209,0.111044,0.1083,0.10646,0.110829,0.1,0.106119,0.0435136,0.0508014,0.0437715,0.0384766,0.0502933,0.0374107,0,0,0,0,0,0,0,0,0,1,1,1,1,1,1,1,1,1,1,1,1,1,0,0,0,0,0,0,0,0,0,1,1,1,1,1,1,1,1,1,1,1,1,1,0,0,0,0,0,0,0,0,0,1,0,0,0,0,0,0,0,0,0,0,0,0,0,0,0,0,0,0,0,0,0,0,13,0,0,0,0,0,0,0,0,0,0,0,0,0,0,0,0,0,0,0,0,0,0,0,0,0,0,0,0,0,0,0,0,0,0,0,0,0,0,0,0,0,0,0,0,0,0,0,0
0.154672,-0.713188,0.673707,0,0,0,0,-3.66493e-09,1.17805e-07,-1.14994e-07,2634,6,7,1038,1039,1041,1042,1043,1599,1600,2631,2632,2635,2636,0,0,0,0,0,0,0,0,0,6,7,1038,1039,1041,1042,1043,1599,1600,2631,2632,2635,2636,0,0,0,0,0,0,0,0,0,0.110742,0.10612,0.107615,0.10604,0.0999832,0.110817,0.107263,0.0499955,0.0382294,0.041815,0.0379088,0.0502453,0.04072,0,0,0,0,0,0,0,0,0,0.110767,0.106015,0.107709,0.105966,0.1,0.110782,0.107381,0.0501419,0.0370839,0.0421253,0.0369355,0.05016,0.0411817,0,0,0,0,0,0,0,0,0,1,1,1,1,1,1,1,1,1,1,1,1,1,0,0,0,0,0,0,0,0,0,1,1,1,1,1,1,1,1,1,1,1,1,1,0,0,0,0,0,0,0,0,0,1,0,0,0,0,0,0,0,0,0,0,0,0,0,0,0,0,0,0,0,0,0,0,13,0,0,0,0,0,0,0,0,0,0,0,0,0,0,0,0,0,0,0,0,0,0,0,0,0,0,0,0,0,0,0,0,0,0,0,0,0,0,0,0,0,0,0,0,0,0,0,0
0.168856,-0.689303,0.715575,0,0,0,0,-4.0388e-09,1.0095e-07,-1.04579e-07,2635,10,11,1039,1040,1041,1042,1043,1603,1604,2632,2633,2634,2636,0,0,0,0,0,0,0,0,0,10,11,1039,1040,1041,1042,1043,1603,1604,2632,2633,2634,2636,0,0,0,0,0,0,0,0,0,0.107794,0.11109,0.107735,0.106192,0.11079,0.0999653,0.105938,0.0423587,0.050927,0.0421717,0.0384257,0.0502453,0.0376035,0,0,0,0,0,0,0,0,0,0.107927,0.111034,0.107851,0.106117,0.110775,0.1,0.105845,0.0427324,0.0507737,0.0425261,0.0374107,0.05016,0.0365399,0,0,0,0,0,0,0,0,0,1,1,1,1,1,1,1,1,1,1,1,1,1,0,0,0,0,0,0,0,0,0,1,1,1,1,1,1,1,1,1,1,1,1,1,0,0,0,0,0,0,0,0,0,1,0,0,0,0,0,0,0,0,0,0,0,0,0,0,0,0,0,0,0,0,0,0,13,0,0,0,0,0,0,0,0,0,0,0,0,0,0,0,0,0,0,0,0,0,0,0,0,0,0,0,0,0,0,0,0,0,0,0,0,0,0,0,0,0,0,0,0,0,0,0,0
0.134343,-0.70153,0.707008,0,0,0,0,-3.2743e-09,1.08057e-07,-1.11672e-07,2636,7,8,9,10,1041,1042,1043,1600,1601,1602,1603,2634,2635,0,0,0,0,0,0,0,0,0,7,8,9,10,1041,1042,1043,1600,1601,1602,1603,2634,2635,0,0,0,0,0,0,0,0,0,0.111054,0.106449,0.107685,0.111255,0.107235,0.105938,0.099979,0.0508738,0.0390606,0.042118,0.051289,0.04072,0.0376035,0,0,0,0,0,0,0,0,0,0.111004,0.10636,0.107856,0.111196,0.107379,0.105843,0.1,0.050718,0.0380088,0.0425376,0.0511601,0.0411817,0.0365399,0,0,0,0,0,0,0,0,0,1,1,1,1,1,1,1,1,1,1,1,1,1,0,0,0,0,0,0,0,0,0,1,1,1,1,1,1,1,1,1,1,1,1,1,0,0,0,0,0,0,0,0,0,1,0,0,0,0,0,0,0,0,0,0,0,0,0,0,0,0,0,0,0,0,0,0,13,0,0,0,0,0,0,0,0,0,0,0,0,0,0,0,0,0,0,0,0,0,0,0,0,0,0,0,0,0,0,0,0,0,0,0,0,0,0,0,0,0,0,0,0,0,0,0,0
0.178216,-0.775297,0.484695,0,0,0,0,-1.56904e-09,1.88702e-07,-1.40426e-07,2637,2,3,1044,1045,1050,1051,1595,1596,2638,2643,2644,0,0,0,0,0,0,0,0,0,0,0,2,3,1044,1045,1050,1051,1595,1596,2638,2643,2644,0,0,0,0,0,0,0,0,0,0,0,0.107152,0.108257,0.10002,0.108879,0.108405,0.107096,0.0409287,0.0435966,0.0451362,0.0447246,0.0406691,0,0,0,0,0,0,0,0,0,0,0,0.10719,0.108221,0.1,0.108725,0.108511,0.107185,0.0406777,0.0435491,0.0449129,0.0443514,0.0406649,0,0,0,0,0,0,0,0,0,0,0,1,1,1,1,1,1,1,1,1,1,1,0,0,0,0,0,0,0,0,0,0,0,1,1,1,1,1,1,1,1,1,1,1,0,0,0,0,0,0,0,0,0,0,0,1,0,0,0,0,0,0,0,0,0,0,0,0,0,0,0,0,0,0,0,0,0,0,11,0,0,0,0,0,0,0,0,0,0,0,0,0,0,0,0,0,0,0,0,0,0,0,0,0,0,0,0,0,0,0,0,0,0,0,0,0,0,0,0,0,0,0,0,0,0,0,0
0.158975,-0.768455,0.524947,0,0,0,0,-2.2773e-09,1.74887e-07,-1.38452e-07,2638,3,4,1044,1045,1046,1051,1052,1596,1597,2637,2639,2644,2645,0,0,0,0,0,0,0,0,0,3,4,1044,1045,1046,1051,1052,1596,1597,2637,2639,2644,2645,0,0,0,0,0,0,0,0,0,0.107219,0.10801,0.108767,0.100048,0.108307,0.108143,0.107326,0.0412049,0.0429199,0.0451362,0.0433993,0.04307,0.0416776,0,0,0,0,0,0,0,0,0,0.107249,0.108038,0.10872,0.1,0.10831,0.1083,0.107225,0.0408458,0.0430438,0.0449129,0.0437921,0.0437751,0.0407792,0,0,0,0,0,0,0,0,0,1,1,1,1,1,1,1,1,1,1,1,1,1,0,0,0,0,0,0,0,0,0,1,1,1,1,1,1,1,1,1,1,1,1,1,0,0,0,0,0,0,0,0,0,1,0,0,0,0,0,0,0,0,0,0,0,0,0,0,0,0,0,0,0,0,0,0,13,0,0,0,0,0,0,0,0,0,0,0,0,0,0,0,0,0,0,0,0,0,0,0,0,0,0,0,0,0,0,0,0,0,0,0,0,0,0,0,0,0,0,0,0,0,0,0,0
0.139465,-0.760409,0.562869,0,0,0,0,-2.40021e-09,1.62154e-07,-1.35941e-07,2639,4,5,1045,1046,1047,1052,1053,1597,1598,2638,2640,2645,2646,0,0,0,0,0,0,0,0,0,4,5,1045,1046,1047,1052,1053,1597,1598,2638,2640,2645,2646,0,0,0,0,0,0,0,0,0,0.107327,0.107813,0.108252,0.100176,0.107906,0.108028,0.108104,0.0413452,0.0422084,0.0433993,0.0423972,0.0430192,0.043226,0,0,0,0,0,0,0,0,0,0.107301,0.107864,0.108306,0.1,0.107881,0.108077,0.108177,0.0409971,0.0425584,0.0437921,0.0426058,0.0431586,0.0430379,0,0,0,0,0,0,0,0,0,1,1,1,1,1,1,1,1,1,1,1,1,1,0,0,0,0,0,0,0,0,0,1,1,1,1,1,1,1,1,1,1,1,1,1,0,0,0,0,0,0,0,0,0,1,0,0,0,0,0,0,0,0,0,0,0,0,0,0,0,0,0,0,0,0,0,0,13,0,0,0,0,0,0,0,0,0,0,0,0,0,0,0,0,0,0,0,0,0,0,0,0,0,0,0,0,0,0,0,0,0,0,0,0,0,0,0,0,0,0,0,0,0,0,0,0
0.11845,-0.751269,0.598539,0,0,0,0,-2.24349e-09,1.50355e-07,-1.33025e-07,2640,5,6,1046,1047,1048,1053,1054,1598,1599,2639,2641,2646,2647,0,0,0,0,0,0,0,0,0,5,6,1046,1047,1048,1053,1054,1598,1599,2639,2641,2646,2647,0,0,0,0,0,0,0,0,0,0.107438,0.107733,0.107809,0.0998894,0.107453,0.107851,0.108028,0.0421503,0.0423657,0.0423972,0.0411828,0.0424741,0.0437384,0,0,0,0,0,0,0,0,0,0.107363,0.10771,0.107878,0.1,0.107497,0.107783,0.108019,0.0411726,0.042123,0.0426058,0.0414723,0.0423192,0.0426601,0,0,0,0,0,0,0,0,0,1,1,1,1,1,1,1,1,1,1,1,1,1,0,0,0,0,0,0,0,0,0,1,1,1,1,1,1,1,1,1,1,1,1,1,0,0,0,0,0,0,0,0,0,1,0,0,0,0,0,0,0,0,0,0,0,0,0,0,0,0,0,0,0,0,0,0,13,0,0,0,0,0,0,0,0,0,0,0,0,0,0,0,0,0,0,0,0,0,0,0,0,0,0,0,0,0,0,0,0,0,0,0,0,0,0,0,0,0,0,0,0,0,0,0,0
0.0973062,-0.741307,0.632447,0,0,0,0,-1.91556e-09,1.39096e-07,-1.29706e-07,2641,6,7,1047,1048,1049,1054,1055,1599,1600,2640,2642,2647,2648,0,0,0,0,0,0,0,0,0,6,7,1047,1048,1049,1054,1055,1599,1600,2640,2642,2647,2648,0,0,0,0,0,0,0,0,0,0.107923,0.107674,0.107372,0.100112,0.107173,0.107643,0.108381,0.0432202,0.0421399,0.0411828,0.0403142,0.0419437,0.0443802,0,0,0,0,0,0,0,0,0,0.107912,0.107581,0.107484,0.1,0.107257,0.107558,0.108531,0.0427014,0.0417289,0.0414723,0.0407338,0.0416319,0.0436813,0,0,0,0,0,0,0,0,0,1,1,1,1,1,1,1,1,1,1,1,1,1,0,0,0,0,0,0,0,0,0,1,1,1,1,1,1,1,1,1,1,1,1,1,0,0,0,0,0,0,0,0,0,1,0,0,0,0,0,0,0,0,0,0,0,0,0,0,0,0,0,0,0,0,0,0,13,0,0,0,0,0,0,0,0,0,0,0,0,0,0,0,0,0,0,0,0,0,0,0,0,0,0,0,0,0,0,0,0,0,0,0,0,0,0,0,0,0,0,0,0,0,0,0,0
0.0758745,-0.730209,0.664738,0,0,0,0,-1.49987e-09,1.28356e-07,-1.25855e-07,2642,7,8,125,126,1048,1049,1055,1600,1601,1718,1719,2641,2648,0,0,0,0,0,0,0,0,0,7,8,125,126,1048,1049,1055,1600,1601,1718,1719,2641,2648,0,0,0,0,0,0,0,0,0,0.108069,0.10792,0.108443,0.107706,0.107158,0.0999827,0.10737,0.0439298,0.0428205,0.0447726,0.0419958,0.0403142,0.0411736,0,0,0,0,0,0,0,0,0,0.108008,0.10783,0.108549,0.107844,0.107248,0.1,0.107231,0.042936,0.0423738,0.0437583,0.0424167,0.0407338,0.0406802,0,0,0,0,0,0,0,0,0,1,1,1,1,1,1,1,1,1,1,1,1,1,0,0,0,0,0,0,0,0,0,1,1,1,1,1,1,1,1,1,1,1,1,1,0,0,0,0,0,0,0,0,0,1,0,0,0,0,0,0,0,0,0,0,0,0,0,0,0,0,0,0,0,0,0,0,13,0,0,0,0,0,0,0,0,0,0,0,0,0,0,0,0,0,0,0,0,0,0,0,0,0,0,0,0,0,0,0,0,0,0,0,0,0,0,0,0,0,0,0,0,0,0,0,0
0.155695,-0.788717,0.44846,0,0,0,0,2.12776e-10,2.08419e-07,-1.48612e-07,2643,1044,1050,1051,1056,2637,2644,2649,0,0,0,0,0,0,0,0,0,0,0,0,0,0,0,1044,1050,1051,1056,2637,2644,2649,0,0,0,0,0,0,0,0,0,0,0,0,0,0,0,0.108678,0.0999547,0.108935,0.10706,0.0447246,0.0451464,0.0409809,0,0,0,0,0,0,0,0,0,0,0,0,0,0,0,0.108515,0.1,0.108973,0.107148,0.0443514,0.0455733,0.0405574,0,0,0,0,0,0,0,0,0,0,0,0,0,0,0,1,1,1,1,1,1,1,0,0,0,0,0,0,0,0,0,0,0,0,0,0,0,1,1,1,1,1,1,1,0,0,0,0,0,0,0,0,0,0,0,0,0,0,0,1,0,0,0,0,0,0,0,0,0,0,0,0,0,0,0,0,0,0,0,0,0,0,7,0,0,0,0,0,0,0,0,0,0,0,0,0,0,0,0,0,0,0,0,0,0,0,0,0,0,0,0,0,0,0,0,0,0,0,0,0,0,0,0,0,0,0,0,0,0,0,0
0.138472,-0.782319,0.489699,0,0,0,0,-1.28766e-09,1.92566e-07,-1.46255e-07,2644,1044,1045,1050,1051,1052,1056,1057,2637,2638,2643,2645,2649,2650,0,0,0,0,0,0,0,0,0,1044,1045,1050,1051,1052,1056,1057,2637,2638,2643,2645,2649,2650,0,0,0,0,0,0,0,0,0,0.107115,0.108179,0.10902,0.100276,0.108718,0.108653,0.108319,0.0406691,0.04307,0.0451464,0.0445509,0.0445822,0.043518,0,0,0,0,0,0,0,0,0,0.107186,0.108304,0.108967,0.1,0.108565,0.108679,0.108549,0.0406649,0.0437751,0.0455733,0.0444869,0.0448035,0.0439162,0,0,0,0,0,0,0,0,0,1,1,1,1,1,1,1,1,1,1,1,1,1,0,0,0,0,0,0,0,0,0,1,1,1,1,1,1,1,1,1,1,1,1,1,0,0,0,0,0,0,0,0,0,1,0,0,0,0,0,0,0,0,0,0,0,0,0,0,0,0,0,0,0,0,0,0,13,0,0,0,0,0,0,0,0,0,0,0,0,0,0,0,0,0,0,0,0,0,0,0,0,0,0,0,0,0,0,0,0,0,0,0,0,0,0,0,0,0,0,0,0,0,0,0,0
0.117926,-0.774729,0.528494,0,0,0,0,-1.53121e-09,1.78675e-07,-1.43583e-07,2645,1045,1046,1051,1052,1053,1057,1058,2638,2639,2644,2646,2650,2651,0,0,0,0,0,0,0,0,0,1045,1046,1051,1052,1053,1057,1058,2638,2639,2644,2646,2650,2651,0,0,0,0,0,0,0,0,0,0.107254,0.108009,0.108651,0.0998877,0.108242,0.108316,0.108306,0.0416776,0.0430192,0.0445509,0.0433011,0.0436043,0.0444661,0,0,0,0,0,0,0,0,0,0.107226,0.10808,0.108561,0.1,0.108151,0.108333,0.108352,0.0407792,0.0431586,0.0444869,0.0433184,0.0438601,0.0434512,0,0,0,0,0,0,0,0,0,1,1,1,1,1,1,1,1,1,1,1,1,1,0,0,0,0,0,0,0,0,0,1,1,1,1,1,1,1,1,1,1,1,1,1,0,0,0,0,0,0,0,0,0,1,0,0,0,0,0,0,0,0,0,0,0,0,0,0,0,0,0,0,0,0,0,0,13,0,0,0,0,0,0,0,0,0,0,0,0,0,0,0,0,0,0,0,0,0,0,0,0,0,0,0,0,0,0,0,0,0,0,0,0,0,0,0,0,0,0,0,0,0,0,0,0
0.0967007,-0.766237,0.565268,0,0,0,0,-1.40328e-09,1.65658e-07,-1.40605e-07,2646,1046,1047,1052,1053,1054,1058,1059,2639,2640,2645,2647,2651,2652,0,0,0,0,0,0,0,0,0,1046,1047,1052,1053,1054,1058,1059,2639,2640,2645,2647,2651,2652,0,0,0,0,0,0,0,0,0,0.107968,0.107816,0.108126,0.100189,0.107891,0.108126,0.10887,0.043226,0.0424741,0.0433011,0.0423072,0.0432308,0.0455489,0,0,0,0,0,0,0,0,0,0.108006,0.107792,0.108141,0.1,0.107856,0.108106,0.109119,0.0430379,0.0423192,0.0433184,0.0424485,0.0431775,0.0451753,0,0,0,0,0,0,0,0,0,1,1,1,1,1,1,1,1,1,1,1,1,1,0,0,0,0,0,0,0,0,0,1,1,1,1,1,1,1,1,1,1,1,1,1,0,0,0,0,0,0,0,0,0,1,0,0,0,0,0,0,0,0,0,0,0,0,0,0,0,0,0,0,0,0,0,0,13,0,0,0,0,0,0,0,0,0,0,0,0,0,0,0,0,0,0,0,0,0,0,0,0,0,0,0,0,0,0,0,0,0,0,0,0,0,0,0,0,0,0,0,0,0,0,0,0
0.0750337,-0.756293,0.600219,0,0,0,0,-1.03838e-09,1.53303e-07,-1.36991e-07,2647,1047,1048,1053,1054,1055,1059,1060,2640,2641,2646,2648,2652,2653,0,0,0,0,0,0,0,0,0,1047,1048,1053,1054,1055,1059,1060,2640,2641,2646,2648,2652,2653,0,0,0,0,0,0,0,0,0,0.107923,0.107623,0.10782,0.0999323,0.107578,0.107929,0.10863,0.0437384,0.0419437,0.0423072,0.0416637,0.0428573,0.0453402,0,0,0,0,0,0,0,0,0,0.107884,0.107568,0.107845,0.1,0.107583,0.107829,0.108794,0.0426601,0.0416319,0.0424485,0.041679,0.042396,0.0443541,0,0,0,0,0,0,0,0,0,1,1,1,1,1,1,1,1,1,1,1,1,1,0,0,0,0,0,0,0,0,0,1,1,1,1,1,1,1,1,1,1,1,1,1,0,0,0,0,0,0,0,0,0,1,0,0,0,0,0,0,0,0,0,0,0,0,0,0,0,0,0,0,0,0,0,0,13,0,0,0,0,0,0,0,0,0,0,0,0,0,0,0,0,0,0,0,0,0,0,0,0,0,0,0,0,0,0,0,0,0,0,0,0,0,0,0,0,0,0,0,0,0,0,0,0
0.053131,-0.745307,0.633915,0,0,0,0,-6.15407e-10,1.41371e-07,-1.32896e-07,2648,124,125,1048,1049,1054,1055,1060,1717,1718,2641,2642,2647,2653,0,0,0,0,0,0,0,0,0,124,125,1048,1049,1054,1055,1060,1717,1718,2641,2642,2647,2653,0,0,0,0,0,0,0,0,0,0.108529,0.10762,0.10836,0.10736,0.107577,0.100061,0.107604,0.0449191,0.0416861,0.0443802,0.0411736,0.0416637,0.0417614,0,0,0,0,0,0,0,0,0,0.108632,0.107684,0.108531,0.10724,0.107573,0.1,0.107517,0.0439543,0.0419664,0.0436813,0.0406802,0.041679,0.0415062,0,0,0,0,0,0,0,0,0,1,1,1,1,1,1,1,1,1,1,1,1,1,0,0,0,0,0,0,0,0,0,1,1,1,1,1,1,1,1,1,1,1,1,1,0,0,0,0,0,0,0,0,0,1,0,0,0,0,0,0,0,0,0,0,0,0,0,0,0,0,0,0,0,0,0,0,13,0,0,0,0,0,0,0,0,0,0,0,0,0,0,0,0,0,0,0,0,0,0,0,0,0,0,0,0,0,0,0,0,0,0,0,0,0,0,0,0,0,0,0,0,0,0,0,0
0.115433,-0.794453,0.453511,0,0,0,0,-5.62087e-11,2.10984e-07,-1.53055e-07,2649,1050,1051,1056,1057,1061,2643,2644,2650,2654,0,0,0,0,0,0,0,0,0,0,0,0,0,1050,1051,1056,1057,1061,2643,2644,2650,2654,0,0,0,0,0,0,0,0,0,0,0,0,0,0.107248,0.108603,0.0999404,0.10898,0.108573,0.0409809,0.0445822,0.045167,0.0446979,0,0,0,0,0,0,0,0,0,0,0,0,0,0.107148,0.108684,0.1,0.10876,0.108765,0.0405574,0.0448035,0.0449825,0.044421,0,0,0,0,0,0,0,0,0,0,0,0,0,1,1,1,1,1,1,1,1,1,0,0,0,0,0,0,0,0,0,0,0,0,0,1,1,1,1,1,1,1,1,1,0,0,0,0,0,0,0,0,0,0,0,0,0,1,0,0,0,0,0,0,0,0,0,0,0,0,0,0,0,0,0,0,0,0,0,0,9,0,0,0,0,0,0,0,0,0,0,0,0,0,0,0,0,0,0,0,0,0,0,0,0,0,0,0,0,0,0,0,0,0,0,0,0,0,0,0,0,0,0,0,0,0,0,0,0
0.0954518,-0.787704,0.493452,0,0,0,0,-5.45796e-10,1.95622e-07,-1.50561e-07,2650,1051,1052,1056,1057,1058,1061,1062,2644,2645,2649,2651,2654,2655,0,0,0,0,0,0,0,0,0,1051,1052,1056,1057,1058,1061,1062,2644,2645,2649,2651,2654,2655,0,0,0,0,0,0,0,0,0,0.108178,0.108248,0.108923,0.100304,0.108601,0.108696,0.109507,0.043518,0.0436043,0.045167,0.0441911,0.0443177,0.0469941,0,0,0,0,0,0,0,0,0,0.108295,0.108351,0.108754,0.1,0.108453,0.108674,0.109926,0.0439162,0.0438601,0.0449825,0.0440986,0.0447265,0.0471687,0,0,0,0,0,0,0,0,0,1,1,1,1,1,1,1,1,1,1,1,1,1,0,0,0,0,0,0,0,0,0,1,1,1,1,1,1,1,1,1,1,1,1,1,0,0,0,0,0,0,0,0,0,1,0,0,0,0,0,0,0,0,0,0,0,0,0,0,0,0,0,0,0,0,0,0,13,0,0,0,0,0,0,0,0,0,0,0,0,0,0,0,0,0,0,0,0,0,0,0,0,0,0,0,0,0,0,0,0,0,0,0,0,0,0,0,0,0,0,0,0,0,0,0,0
0.0737785,-0.779386,0.531055,0,0,0,0,-3.96087e-10,1.81464e-07,-1.4739e-07,2651,1052,1053,1057,1058,1059,1062,1063,2645,2646,2650,2652,2655,2656,0,0,0,0,0,0,0,0,0,1052,1053,1057,1058,1059,1062,1063,2645,2646,2650,2652,2655,2656,0,0,0,0,0,0,0,0,0,0.10816,0.108102,0.108533,0.0999125,0.108258,0.108494,0.109244,0.0444661,0.0432308,0.0441911,0.0435898,0.0443928,0.0469365,0,0,0,0,0,0,0,0,0,0.108141,0.108118,0.108441,0.1,0.108129,0.108432,0.109506,0.0434512,0.0431775,0.0440986,0.0432147,0.0440659,0.0461425,0,0,0,0,0,0,0,0,0,1,1,1,1,1,1,1,1,1,1,1,1,1,0,0,0,0,0,0,0,0,0,1,1,1,1,1,1,1,1,1,1,1,1,1,0,0,0,0,0,0,0,0,0,1,0,0,0,0,0,0,0,0,0,0,0,0,0,0,0,0,0,0,0,0,0,0,13,0,0,0,0,0,0,0,0,0,0,0,0,0,0,0,0,0,0,0,0,0,0,0,0,0,0,0,0,0,0,0,0,0,0,0,0,0,0,0,0,0,0,0,0,0,0,0,0
0.0513454,-0.769952,0.567218,0,0,0,0,-3.79892e-11,1.67889e-07,-1.43706e-07,2652,1053,1054,1058,1059,1060,1063,1064,2646,2647,2651,2653,2656,2657,0,0,0,0,0,0,0,0,0,1053,1054,1058,1059,1060,1063,1064,2646,2647,2651,2653,2656,2657,0,0,0,0,0,0,0,0,0,0.108826,0.107954,0.108239,0.100083,0.10791,0.108192,0.108961,0.0455489,0.0428573,0.0435898,0.0424219,0.0433834,0.0460144,0,0,0,0,0,0,0,0,0,0.109118,0.107839,0.108117,0.1,0.107858,0.108163,0.109134,0.0451753,0.042396,0.0432147,0.0424621,0.0433206,0.0452186,0,0,0,0,0,0,0,0,0,1,1,1,1,1,1,1,1,1,1,1,1,1,0,0,0,0,0,0,0,0,0,1,1,1,1,1,1,1,1,1,1,1,1,1,0,0,0,0,0,0,0,0,0,1,0,0,0,0,0,0,0,0,0,0,0,0,0,0,0,0,0,0,0,0,0,0,13,0,0,0,0,0,0,0,0,0,0,0,0,0,0,0,0,0,0,0,0,0,0,0,0,0,0,0,0,0,0,0,0,0,0,0,0,0,0,0,0,0,0,0,0,0,0,0,0
0.0298073,-0.758921,0.602062,0,0,0,0,4.48394e-10,1.54759e-07,-1.39274e-07,2653,123,124,1054,1055,1059,1060,1064,1716,1717,2647,2648,2652,2657,0,0,0,0,0,0,0,0,0,123,124,1054,1055,1059,1060,1064,1716,1717,2647,2648,2652,2657,0,0,0,0,0,0,0,0,0,0.108772,0.107814,0.108633,0.107592,0.107885,0.100042,0.107924,0.0456048,0.042278,0.0453402,0.0417614,0.0424219,0.0426926,0,0,0,0,0,0,0,0,0,0.108874,0.10783,0.108794,0.107527,0.107846,0.1,0.107865,0.0445709,0.0423846,0.0443541,0.0415062,0.0424621,0.0424849,0,0,0,0,0,0,0,0,0,1,1,1,1,1,1,1,1,1,1,1,1,1,0,0,0,0,0,0,0,0,0,1,1,1,1,1,1,1,1,1,1,1,1,1,0,0,0,0,0,0,0,0,0,1,0,0,0,0,0,0,0,0,0,0,0,0,0,0,0,0,0,0,0,0,0,0,13,0,0,0,0,0,0,0,0,0,0,0,0,0,0,0,0,0,0,0,0,0,0,0,0,0,0,0,0,0,0,0,0,0,0,0,0,0,0,0,0,0,0,0,0,0,0,0,0
0.071164,-0.798658,0.458038,0,0,0,0,5.32778e-10,2.1286e-07,-1.56626e-07,2654,1056,1057,1061,1062,1065,2649,2650,2655,2658,0,0,0,0,0,0,0,0,0,0,0,0,0,1056,1057,1061,1062,1065,2649,2650,2655,2658,0,0,0,0,0,0,0,0,0,0,0,0,0,0.108454,0.108648,0.100182,0.10893,0.10997,0.0446979,0.0443177,0.0450814,0.0482172,0,0,0,0,0,0,0,0,0,0,0,0,0,0.108463,0.108686,0.1,0.108685,0.110373,0.044421,0.0447265,0.044732,0.0482417,0,0,0,0,0,0,0,0,0,0,0,0,0,1,1,1,1,1,1,1,1,1,0,0,0,0,0,0,0,0,0,0,0,0,0,1,1,1,1,1,1,1,1,1,0,0,0,0,0,0,0,0,0,0,0,0,0,1,0,0,0,0,0,0,0,0,0,0,0,0,0,0,0,0,0,0,0,0,0,0,9,0,0,0,0,0,0,0,0,0,0,0,0,0,0,0,0,0,0,0,0,0,0,0,0,0,0,0,0,0,0,0,0,0,0,0,0,0,0,0,0,0,0,0,0,0,0,0,0
0.0486754,-0.791144,0.49638,0,0,0,0,6.27337e-10,1.97528e-07,-1.5356e-07,2655,1057,1058,1061,1062,1063,1065,1066,2650,2651,2654,2656,2658,2659,0,0,0,0,0,0,0,0,0,1057,1058,1061,1062,1063,1065,1066,2650,2651,2654,2656,2658,2659,0,0,0,0,0,0,0,0,0,0.109486,0.108546,0.10894,0.100166,0.108487,0.108887,0.109557,0.0469941,0.0443928,0.0450814,0.043882,0.0448724,0.0473978,0,0,0,0,0,0,0,0,0,0.109925,0.108444,0.108672,0.1,0.108372,0.108769,0.10992,0.0471687,0.0440659,0.044732,0.0438897,0.0449659,0.0471565,0,0,0,0,0,0,0,0,0,1,1,1,1,1,1,1,1,1,1,1,1,1,0,0,0,0,0,0,0,0,0,1,1,1,1,1,1,1,1,1,1,1,1,1,0,0,0,0,0,0,0,0,0,1,0,0,0,0,0,0,0,0,0,0,0,0,0,0,0,0,0,0,0,0,0,0,13,0,0,0,0,0,0,0,0,0,0,0,0,0,0,0,0,0,0,0,0,0,0,0,0,0,0,0,0,0,0,0,0,0,0,0,0,0,0,0,0,0,0,0,0,0,0,0,0
0.0269652,-0.781874,0.533372,0,0,0,0,1.06223e-09,1.82741e-07,-1.49619e-07,2656,1058,1059,1062,1063,1064,1066,1067,2651,2652,2655,2657,2659,2660,0,0,0,0,0,0,0,0,0,1058,1059,1062,1063,1064,1066,1067,2651,2652,2655,2657,2659,2660,0,0,0,0,0,0,0,0,0,0.109265,0.108222,0.108444,0.100097,0.1082,0.108575,0.109294,0.0469365,0.0433834,0.043882,0.0432106,0.0443965,0.0468559,0,0,0,0,0,0,0,0,0,0.109506,0.108173,0.108359,0.1,0.108103,0.10851,0.109509,0.0461425,0.0433206,0.0438897,0.0431522,0.0442609,0.046154,0,0,0,0,0,0,0,0,0,1,1,1,1,1,1,1,1,1,1,1,1,1,0,0,0,0,0,0,0,0,0,1,1,1,1,1,1,1,1,1,1,1,1,1,0,0,0,0,0,0,0,0,0,1,0,0,0,0,0,0,0,0,0,0,0,0,0,0,0,0,0,0,0,0,0,0,13,0,0,0,0,0,0,0,0,0,0,0,0,0,0,0,0,0,0,0,0,0,0,0,0,0,0,0,0,0,0,0,0,0,0,0,0,0,0,0,0,0,0,0,0,0,0,0,0
0.00538751,-0.771056,0.569212,0,0,0,0,1.58365e-09,1.6843e-07,-1.44958e-07,2657,122,123,1059,1060,1063,1064,1067,1715,1716,2652,2653,2656,2660,0,0,0,0,0,0,0,0,0,122,123,1059,1060,1063,1064,1067,1715,1716,2652,2653,2656,2660,0,0,0,0,0,0,0,0,0,0.109043,0.108013,0.108961,0.107935,0.108171,0.100065,0.108252,0.0462872,0.0428004,0.0460144,0.0426926,0.0432106,0.0435538,0,0,0,0,0,0,0,0,0,0.109182,0.108001,0.109135,0.107874,0.10809,0.1,0.108222,0.0453498,0.0428722,0.0452186,0.0424849,0.0431522,0.0434699,0,0,0,0,0,0,0,0,0,1,1,1,1,1,1,1,1,1,1,1,1,1,0,0,0,0,0,0,0,0,0,1,1,1,1,1,1,1,1,1,1,1,1,1,0,0,0,0,0,0,0,0,0,1,0,0,0,0,0,0,0,0,0,0,0,0,0,0,0,0,0,0,0,0,0,0,13,0,0,0,0,0,0,0,0,0,0,0,0,0,0,0,0,0,0,0,0,0,0,0,0,0,0,0,0,0,0,0,0,0,0,0,0,0,0,0,0,0,0,0,0,0,0,0,0
0.0230863,-0.800998,0.460861,0,0,0,0,1.68585e-09,2.13902e-07,-1.58868e-07,2658,1061,1062,1065,1066,1068,2654,2655,2659,2661,0,0,0,0,0,0,0,0,0,0,0,0,0,1061,1062,1065,1066,1068,2654,2655,2659,2661,0,0,0,0,0,0,0,0,0,0,0,0,0,0.110021,0.108916,0.100344,0.108778,0.110002,0.0482172,0.0448724,0.0444481,0.048103,0,0,0,0,0,0,0,0,0,0,0,0,0,0.110373,0.108781,0.1,0.108586,0.110344,0.0482417,0.0449659,0.0444777,0.0481764,0,0,0,0,0,0,0,0,0,0,0,0,0,1,1,1,1,1,1,1,1,1,0,0,0,0,0,0,0,0,0,0,0,0,0,1,1,1,1,1,1,1,1,1,0,0,0,0,0,0,0,0,0,0,0,0,0,1,0,0,0,0,0,0,0,0,0,0,0,0,0,0,0,0,0,0,0,0,0,0,9,0,0,0,0,0,0,0,0,0,0,0,0,0,0,0,0,0,0,0,0,0,0,0,0,0,0,0,0,0,0,0,0,0,0,0,0,0,0,0,0,0,0,0,0,0,0,0,0
0.00133884,-0.792103,0.498591,0,0,0,0,2.14904e-09,1.97854e-07,-1.54746e-07,2659,1062,1063,1065,1066,1067,1068,1069,2655,2656,2658,2660,2661,2662,0,0,0,0,0,0,0,0,0,1062,1063,1065,1066,1067,1068,1069,2655,2656,2658,2660,2661,2662,0,0,0,0,0,0,0,0,0,0.109573,0.108629,0.108748,0.100143,0.108404,0.108995,0.109563,0.0473978,0.0443965,0.0444481,0.0436815,0.0452025,0.0474441,0,0,0,0,0,0,0,0,0,0.10992,0.10852,0.108572,0.1,0.108323,0.108852,0.1099,0.0471565,0.0442609,0.0444777,0.0437651,0.0451699,0.047112,0,0,0,0,0,0,0,0,0,1,1,1,1,1,1,1,1,1,1,1,1,1,0,0,0,0,0,0,0,0,0,1,1,1,1,1,1,1,1,1,1,1,1,1,0,0,0,0,0,0,0,0,0,1,0,0,0,0,0,0,0,0,0,0,0,0,0,0,0,0,0,0,0,0,0,0,13,0,0,0,0,0,0,0,0,0,0,0,0,0,0,0,0,0,0,0,0,0,0,0,0,0,0,0,0,0,0,0,0,0,0,0,0,0,0,0,0,0,0,0,0,0,0,0,0
-0.0198496,-0.781586,0.535313,0,0,0,0,2.72853e-09,1.8232e-07,-1.49866e-07,2660,121,122,1063,1064,1066,1067,1069,1714,1715,2656,2657,2659,2662,0,0,0,0,0,0,0,0,0,121,122,1063,1064,1066,1067,1069,1714,1715,2656,2657,2659,2662,0,0,0,0,0,0,0,0,0,0.109268,0.108258,0.109313,0.108285,0.108366,0.100107,0.108678,0.0467761,0.043417,0.0468559,0.0435538,0.0436815,0.0446307,0,0,0,0,0,0,0,0,0,0.109524,0.108181,0.10951,0.108232,0.108309,0.1,0.108575,0.0462007,0.0433761,0.046154,0.0434699,0.0437651,0.0444216,0,0,0,0,0,0,0,0,0,1,1,1,1,1,1,1,1,1,1,1,1,1,0,0,0,0,0,0,0,0,0,1,1,1,1,1,1,1,1,1,1,1,1,1,0,0,0,0,0,0,0,0,0,1,0,0,0,0,0,0,0,0,0,0,0,0,0,0,0,0,0,0,0,0,0,0,13,0,0,0,0,0,0,0,0,0,0,0,0,0,0,0,0,0,0,0,0,0,0,0,0,0,0,0,0,0,0,0,0,0,0,0,0,0,0,0,0,0,0,0,0,0,0,0,0
-0.0249747,-0.800548,0.46282,0,0,0,0,3.11167e-09,2.13249e-07,-1.59014e-07,2661,1065,1066,1068,1069,1070,2658,2659,2662,2663,0,0,0,0,0,0,0,0,0,0,0,0,0,1065,1066,1068,1069,1070,2658,2659,2662,2663,0,0,0,0,0,0,0,0,0,0,0,0,0,0.109998,0.109026,0.100334,0.108677,0.109963,0.048103,0.0452025,0.0441522,0.0480847,0,0,0,0,0,0,0,0,0,0,0,0,0,0.110346,0.108862,0.1,0.108518,0.110296,0.0481764,0.0451699,0.0443026,0.0480654,0,0,0,0,0,0,0,0,0,0,0,0,0,1,1,1,1,1,1,1,1,1,0,0,0,0,0,0,0,0,0,0,0,0,0,1,1,1,1,1,1,1,1,1,0,0,0,0,0,0,0,0,0,0,0,0,0,1,0,0,0,0,0,0,0,0,0,0,0,0,0,0,0,0,0,0,0,0,0,0,9,0,0,0,0,0,0,0,0,0,0,0,0,0,0,0,0,0,0,0,0,0,0,0,0,0,0,0,0,0,0,0,0,0,0,0,0,0,0,0,0,0,0,0,0,0,0,0,0
-0.0460446,-0.790386,0.500266,0,0,0,0,3.76312e-09,1.96414e-07,-1.53914e-07,2662,120,121,1066,1067,1068,1069,1070,1713,1714,2659,2660,2661,2663,0,0,0,0,0,0,0,0,0,120,121,1066,1067,1068,1069,1070,1713,1714,2659,2660,2661,2663,0,0,0,0,0,0,0,0,0,0.109509,0.108416,0.109573,0.108721,0.108637,0.100156,0.109092,0.047416,0.0437524,0.0474441,0.0446307,0.0441522,0.045526,0,0,0,0,0,0,0,0,0,0.109883,0.108357,0.109901,0.108585,0.108502,0.1,0.108916,0.0470802,0.043866,0.047112,0.0444216,0.0443026,0.0453205,0,0,0,0,0,0,0,0,0,1,1,1,1,1,1,1,1,1,1,1,1,1,0,0,0,0,0,0,0,0,0,1,1,1,1,1,1,1,1,1,1,1,1,1,0,0,0,0,0,0,0,0,0,1,0,0,0,0,0,0,0,0,0,0,0,0,0,0,0,0,0,0,0,0,0,0,13,0,0,0,0,0,0,0,0,0,0,0,0,0,0,0,0,0,0,0,0,0,0,0,0,0,0,0,0,0,0,0,0,0,0,0,0,0,0,0,0,0,0,0,0,0,0,0,0
-0.0729291,-0.79728,0.464179,0,0,0,0,4.48079e-09,2.10698e-07,-1.56975e-07,2663,119,120,1068,1069,1070,1712,1713,2661,2662,0,0,0,0,0,0,0,0,0,0,0,0,0,119,120,1068,1069,1070,1712,1713,2661,2662,0,0,0,0,0,0,0,0,0,0,0,0,0,0.10839,0.108514,0.109915,0.109098,0.100251,0.0445319,0.044072,0.0480847,0.045526,0,0,0,0,0,0,0,0,0,0,0,0,0,0.108447,0.108523,0.110298,0.108925,0.1,0.0443617,0.0443238,0.0480654,0.0453205,0,0,0,0,0,0,0,0,0,0,0,0,0,1,1,1,1,1,1,1,1,1,0,0,0,0,0,0,0,0,0,0,0,0,0,1,1,1,1,1,1,1,1,1,0,0,0,0,0,0,0,0,0,0,0,0,0,1,0,0,0,0,0,0,0,0,0,0,0,0,0,0,0,0,0,0,0,0,0,0,9,0,0,0,0,0,0,0,0,0,0,0,0,0,0,0,0,0,0,0,0,0,0,0,0,0,0,0,0,0,0,0,0,0,0,0,0,0,0,0,0,0,0,0,0,0,0,0,0
0.112752,-0.666282,0.779714,0,0,0,0,-2.98573e-09,8.47915e-08,-9.93167e-08,2664,9,10,42,43,1071,1072,1092,1602,1603,1635,1636,2665,2685,0,0,0,0,0,0,0,0,0,9,10,42,43,1071,1072,1092,1602,1603,1635,1636,2665,2685,0,0,0,0,0,0,0,0,0,0.108888,0.109433,0.106653,0.109077,0.0999176,0.106306,0.108358,0.0451495,0.0469195,0.0397683,0.0462869,0.0389253,0.0440079,0,0,0,0,0,0,0,0,0,0.108828,0.109575,0.10643,0.109342,0.1,0.106147,0.108378,0.0451846,0.0471754,0.0383145,0.0465216,0.0375008,0.0439507,0,0,0,0,0,0,0,0,0,1,1,1,1,1,1,1,1,1,1,1,1,1,0,0,0,0,0,0,0,0,0,1,1,1,1,1,1,1,1,1,1,1,1,1,0,0,0,0,0,0,0,0,0,1,0,0,0,0,0,0,0,0,0,0,0,0,0,0,0,0,0,0,0,0,0,0,13,0,0,0,0,0,0,0,0,0,0,0,0,0,0,0,0,0,0,0,0,0,0,0,0,0,0,0,0,0,0,0,0,0,0,0,0,0,0,0,0,0,0,0,0,0,0,0,0
0.148424,-0.653436,0.788529,0,0,0,0,-3.71637e-09,7.85636e-08,-9.2505e-08,2665,10,11,1071,1072,1073,1092,1093,1603,1604,2664,2666,2685,2686,0,0,0,0,0,0,0,0,0,10,11,1071,1072,1073,1092,1093,1603,1604,2664,2666,2685,2686,0,0,0,0,0,0,0,0,0,0.10884,0.109577,0.106282,0.0999372,0.1066,0.109209,0.108871,0.0450621,0.047228,0.0389253,0.0398071,0.0467132,0.0453136,0,0,0,0,0,0,0,0,0,0.108765,0.109696,0.106149,0.1,0.106457,0.109493,0.108829,0.0450153,0.0474832,0.0375008,0.0384642,0.0469691,0.0451684,0,0,0,0,0,0,0,0,0,1,1,1,1,1,1,1,1,1,1,1,1,1,0,0,0,0,0,0,0,0,0,1,1,1,1,1,1,1,1,1,1,1,1,1,0,0,0,0,0,0,0,0,0,1,0,0,0,0,0,0,0,0,0,0,0,0,0,0,0,0,0,0,0,0,0,0,13,0,0,0,0,0,0,0,0,0,0,0,0,0,0,0,0,0,0,0,0,0,0,0,0,0,0,0,0,0,0,0,0,0,0,0,0,0,0,0,0,0,0,0,0,0,0,0,0
0.184752,-0.63887,0.795787,0,0,0,0,-4.03716e-09,7.19601e-08,-8.45053e-08,2666,11,12,1072,1073,1074,1093,1094,1604,1605,2665,2667,2686,2687,0,0,0,0,0,0,0,0,0,11,12,1072,1073,1074,1093,1094,1604,1605,2665,2667,2686,2687,0,0,0,0,0,0,0,0,0,0.10904,0.109884,0.106557,0.0999301,0.106943,0.109603,0.109275,0.0456979,0.047975,0.0398071,0.040831,0.0475614,0.0464105,0,0,0,0,0,0,0,0,0,0.10898,0.109989,0.106459,0.1,0.106825,0.109832,0.109218,0.0455873,0.0482259,0.0384642,0.0395798,0.0478335,0.0461973,0,0,0,0,0,0,0,0,0,1,1,1,1,1,1,1,1,1,1,1,1,1,0,0,0,0,0,0,0,0,0,1,1,1,1,1,1,1,1,1,1,1,1,1,0,0,0,0,0,0,0,0,0,1,0,0,0,0,0,0,0,0,0,0,0,0,0,0,0,0,0,0,0,0,0,0,13,0,0,0,0,0,0,0,0,0,0,0,0,0,0,0,0,0,0,0,0,0,0,0,0,0,0,0,0,0,0,0,0,0,0,0,0,0,0,0,0,0,0,0,0,0,0,0,0
0.22182,-0.622612,0.801158,0,0,0,0,-3.7446e-09,6.50468e-08,-7.52838e-08,2667,12,13,1073,1074,1075,1094,1095,1605,1606,2666,2668,2687,2688,0,0,0,0,0,0,0,0,0,12,13,1073,1074,1075,1094,1095,1605,1606,2666,2668,2687,2688,0,0,0,0,0,0,0,0,0,0.109274,0.110262,0.106893,0.0999325,0.107303,0.110056,0.10963,0.0463887,0.0488853,0.040831,0.0418664,0.0485921,0.0473589,0,0,0,0,0,0,0,0,0,0.109224,0.11035,0.106827,0.1,0.107207,0.110242,0.109567,0.0462336,0.0491292,0.0395798,0.0407095,0.0488651,0.0471059,0,0,0,0,0,0,0,0,0,1,1,1,1,1,1,1,1,1,1,1,1,1,0,0,0,0,0,0,0,0,0,1,1,1,1,1,1,1,1,1,1,1,1,1,0,0,0,0,0,0,0,0,0,1,0,0,0,0,0,0,0,0,0,0,0,0,0,0,0,0,0,0,0,0,0,0,13,0,0,0,0,0,0,0,0,0,0,0,0,0,0,0,0,0,0,0,0,0,0,0,0,0,0,0,0,0,0,0,0,0,0,0,0,0,0,0,0,0,0,0,0,0,0,0,0
0.259519,-0.60469,0.804372,0,0,0,0,-2.65001e-09,5.79163e-08,-6.48414e-08,2668,13,14,1074,1075,1076,1095,1096,1606,1607,2667,2669,2688,2689,0,0,0,0,0,0,0,0,0,13,14,1074,1075,1076,1095,1096,1606,1607,2667,2669,2688,2689,0,0,0,0,0,0,0,0,0,0.109506,0.110668,0.107257,0.0999364,0.107668,0.110538,0.109931,0.0470602,0.0498517,0.0418664,0.0428865,0.0496747,0.0481696,0,0,0,0,0,0,0,0,0,0.109472,0.110739,0.107209,0.1,0.107591,0.110679,0.109877,0.0468804,0.0500886,0.0407095,0.0418159,0.049943,0.0479025,0,0,0,0,0,0,0,0,0,1,1,1,1,1,1,1,1,1,1,1,1,1,0,0,0,0,0,0,0,0,0,1,1,1,1,1,1,1,1,1,1,1,1,1,0,0,0,0,0,0,0,0,0,1,0,0,0,0,0,0,0,0,0,0,0,0,0,0,0,0,0,0,0,0,0,0,13,0,0,0,0,0,0,0,0,0,0,0,0,0,0,0,0,0,0,0,0,0,0,0,0,0,0,0,0,0,0,0,0,0,0,0,0,0,0,0,0,0,0,0,0,0,0,0,0
0.297687,-0.58515,0.805207,0,0,0,0,-5.79223e-10,5.06754e-08,-5.3216e-08,2669,14,15,1075,1076,1077,1096,1097,1607,1608,2668,2670,2689,2690,0,0,0,0,0,0,0,0,0,14,15,1075,1076,1077,1096,1097,1607,1608,2668,2670,2689,2690,0,0,0,0,0,0,0,0,0,0.109722,0.111079,0.107632,0.0999434,0.108031,0.111018,0.110179,0.0476727,0.050815,0.0428865,0.0438756,0.0507471,0.0488447,0,0,0,0,0,0,0,0,0,0.109706,0.111135,0.107592,0.1,0.107968,0.11112,0.110144,0.0474859,0.0510473,0.0418159,0.0428794,0.0510099,0.0485817,0,0,0,0,0,0,0,0,0,1,1,1,1,1,1,1,1,1,1,1,1,1,0,0,0,0,0,0,0,0,0,1,1,1,1,1,1,1,1,1,1,1,1,1,0,0,0,0,0,0,0,0,0,1,0,0,0,0,0,0,0,0,0,0,0,0,0,0,0,0,0,0,0,0,0,0,13,0,0,0,0,0,0,0,0,0,0,0,0,0,0,0,0,0,0,0,0,0,0,0,0,0,0,0,0,0,0,0,0,0,0,0,0,0,0,0,0,0,0,0,0,0,0,0,0
0.336117,-0.564051,0.80348,0,0,0,0,2.62376e-09,4.34449e-08,-4.04802e-08,2670,15,16,1076,1077,1078,1097,1098,1608,1609,2669,2671,2690,2691,0,0,0,0,0,0,0,0,0,15,16,1076,1077,1078,1097,1098,1608,1609,2669,2671,2690,2691,0,0,0,0,0,0,0,0,0,0.109913,0.111477,0.108009,0.0999524,0.108387,0.111476,0.110376,0.048208,0.0517367,0.0438756,0.0448177,0.0517647,0.049387,0,0,0,0,0,0,0,0,0,0.109917,0.111521,0.107968,0.1,0.108331,0.111547,0.110363,0.0480248,0.0519689,0.0428794,0.043884,0.0520261,0.0491364,0,0,0,0,0,0,0,0,0,1,1,1,1,1,1,1,1,1,1,1,1,1,0,0,0,0,0,0,0,0,0,1,1,1,1,1,1,1,1,1,1,1,1,1,0,0,0,0,0,0,0,0,0,1,0,0,0,0,0,0,0,0,0,0,0,0,0,0,0,0,0,0,0,0,0,0,13,0,0,0,0,0,0,0,0,0,0,0,0,0,0,0,0,0,0,0,0,0,0,0,0,0,0,0,0,0,0,0,0,0,0,0,0,0,0,0,0,0,0,0,0,0,0,0,0
0.374574,-0.541465,0.79905,0,0,0,0,7.09023e-09,3.63547e-08,-2.67426e-08,2671,16,17,1077,1078,1079,1098,1099,1609,1610,2670,2672,2691,2692,0,0,0,0,0,0,0,0,0,16,17,1077,1078,1079,1098,1099,1609,1610,2670,2672,2691,2692,0,0,0,0,0,0,0,0,0,0.110075,0.111851,0.108378,0.0999626,0.108726,0.111896,0.110523,0.0486622,0.0525916,0.0448177,0.045693,0.0526925,0.049803,0,0,0,0,0,0,0,0,0,0.110097,0.111886,0.108331,0.1,0.108674,0.111945,0.110533,0.0484845,0.0528292,0.043884,0.0448125,0.0529592,0.0495634,0,0,0,0,0,0,0,0,0,1,1,1,1,1,1,1,1,1,1,1,1,1,0,0,0,0,0,0,0,0,0,1,1,1,1,1,1,1,1,1,1,1,1,1,0,0,0,0,0,0,0,0,0,1,0,0,0,0,0,0,0,0,0,0,0,0,0,0,0,0,0,0,0,0,0,0,13,0,0,0,0,0,0,0,0,0,0,0,0,0,0,0,0,0,0,0,0,0,0,0,0,0,0,0,0,0,0,0,0,0,0,0,0,0,0,0,0,0,0,0,0,0,0,0,0
0.412789,-0.517482,0.791824,0,0,0,0,1.29196e-08,2.95377e-08,-1.21476e-08,2672,17,18,1078,1079,1080,1099,1100,1610,1611,2671,2673,2692,2693,0,0,0,0,0,0,0,0,0,17,18,1078,1079,1080,1099,1100,1610,1611,2671,2673,2692,2693,0,0,0,0,0,0,0,0,0,0.110212,0.112195,0.108728,0.0999731,0.109036,0.112264,0.110624,0.0490428,0.0533699,0.045693,0.0464753,0.0535024,0.050103,0,0,0,0,0,0,0,0,0,0.110248,0.112225,0.108672,0.1,0.108985,0.112301,0.110653,0.0488652,0.0536175,0.0448125,0.0456422,0.0537805,0.0498659,0,0,0,0,0,0,0,0,0,1,1,1,1,1,1,1,1,1,1,1,1,1,0,0,0,0,0,0,0,0,0,1,1,1,1,1,1,1,1,1,1,1,1,1,0,0,0,0,0,0,0,0,0,1,0,0,0,0,0,0,0,0,0,0,0,0,0,0,0,0,0,0,0,0,0,0,13,0,0,0,0,0,0,0,0,0,0,0,0,0,0,0,0,0,0,0,0,0,0,0,0,0,0,0,0,0,0,0,0,0,0,0,0,0,0,0,0,0,0,0,0,0,0,0,0
0.45047,-0.492202,0.781772,0,0,0,0,2.01718e-08,2.31222e-08,3.1258e-09,2673,18,19,1079,1080,1081,1100,1101,1611,1612,2672,2674,2693,2694,0,0,0,0,0,0,0,0,0,18,19,1079,1080,1081,1100,1101,1611,1612,2672,2674,2693,2694,0,0,0,0,0,0,0,0,0,0.110329,0.112513,0.109047,0.0999829,0.109298,0.112568,0.110685,0.0493719,0.0540842,0.0464753,0.0471186,0.0541713,0.0503008,0,0,0,0,0,0,0,0,0,0.110374,0.112542,0.108983,0.1,0.109246,0.112601,0.110727,0.0491848,0.0543445,0.0456422,0.0463305,0.0544649,0.050055,0,0,0,0,0,0,0,0,0,1,1,1,1,1,1,1,1,1,1,1,1,1,0,0,0,0,0,0,0,0,0,1,1,1,1,1,1,1,1,1,1,1,1,1,0,0,0,0,0,0,0,0,0,1,0,0,0,0,0,0,0,0,0,0,0,0,0,0,0,0,0,0,0,0,0,0,13,0,0,0,0,0,0,0,0,0,0,0,0,0,0,0,0,0,0,0,0,0,0,0,0,0,0,0,0,0,0,0,0,0,0,0,0,0,0,0,0,0,0,0,0,0,0,0,0
0.487289,-0.465746,0.768943,0,0,0,0,2.88575e-08,1.7225e-08,1.88636e-08,2674,19,20,1080,1081,1082,1101,1102,1612,1613,2673,2675,2694,2695,0,0,0,0,0,0,0,0,0,19,20,1080,1081,1082,1101,1102,1612,1613,2673,2675,2694,2695,0,0,0,0,0,0,0,0,0,0.110443,0.112828,0.109314,0.0999915,0.109483,0.112796,0.110713,0.049692,0.0547922,0.0471186,0.0475568,0.0546743,0.0504063,0,0,0,0,0,0,0,0,0,0.110494,0.112858,0.109243,0.1,0.109432,0.112831,0.11076,0.0494847,0.0550652,0.0463305,0.0468127,0.0549838,0.0501423,0,0,0,0,0,0,0,0,0,1,1,1,1,1,1,1,1,1,1,1,1,1,0,0,0,0,0,0,0,0,0,1,1,1,1,1,1,1,1,1,1,1,1,1,0,0,0,0,0,0,0,0,0,1,0,0,0,0,0,0,0,0,0,0,0,0,0,0,0,0,0,0,0,0,0,0,13,0,0,0,0,0,0,0,0,0,0,0,0,0,0,0,0,0,0,0,0,0,0,0,0,0,0,0,0,0,0,0,0,0,0,0,0,0,0,0,0,0,0,0,0,0,0,0,0
0.522882,-0.438229,0.753528,0,0,0,0,3.89232e-08,1.19389e-08,3.48196e-08,2675,20,21,1081,1082,1083,1102,1103,1613,1614,2674,2676,2695,2696,0,0,0,0,0,0,0,0,0,20,21,1081,1082,1083,1102,1103,1613,1614,2674,2676,2695,2696,0,0,0,0,0,0,0,0,0,0.110597,0.113209,0.109502,0.0999987,0.109485,0.112927,0.110696,0.0501082,0.0556549,0.0475568,0.0475175,0.054961,0.0503873,0,0,0,0,0,0,0,0,0,0.11065,0.113245,0.109428,0.1,0.109433,0.112965,0.110741,0.0498732,0.0559362,0.0468127,0.0468171,0.0552834,0.0501026,0,0,0,0,0,0,0,0,0,1,1,1,1,1,1,1,1,1,1,1,1,1,0,0,0,0,0,0,0,0,0,1,1,1,1,1,1,1,1,1,1,1,1,1,0,0,0,0,0,0,0,0,0,1,0,0,0,0,0,0,0,0,0,0,0,0,0,0,0,0,0,0,0,0,0,0,13,0,0,0,0,0,0,0,0,0,0,0,0,0,0,0,0,0,0,0,0,0,0,0,0,0,0,0,0,0,0,0,0,0,0,0,0,0,0,0,0,0,0,0,0,0,0,0,0
0.556713,-0.409814,0.736036,0,0,0,0,5.01778e-08,7.32414e-09,5.06602e-08,2676,21,22,1082,1083,1084,1103,1104,1614,1615,2675,2677,2696,2697,0,0,0,0,0,0,0,0,0,21,22,1082,1083,1084,1103,1104,1614,1615,2675,2677,2696,2697,0,0,0,0,0,0,0,0,0,0.110877,0.113196,0.109502,0.100005,0.108613,0.112863,0.110509,0.0508329,0.0556332,0.0475175,0.0451563,0.0548094,0.0499213,0,0,0,0,0,0,0,0,0,0.110936,0.11324,0.109429,0.1,0.108562,0.112902,0.110541,0.0505765,0.0559217,0.0468171,0.0445109,0.0551363,0.0496152,0,0,0,0,0,0,0,0,0,1,1,1,1,1,1,1,1,1,1,1,1,1,0,0,0,0,0,0,0,0,0,1,1,1,1,1,1,1,1,1,1,1,1,1,0,0,0,0,0,0,0,0,0,1,0,0,0,0,0,0,0,0,0,0,0,0,0,0,0,0,0,0,0,0,0,0,13,0,0,0,0,0,0,0,0,0,0,0,0,0,0,0,0,0,0,0,0,0,0,0,0,0,0,0,0,0,0,0,0,0,0,0,0,0,0,0,0,0,0,0,0,0,0,0,0
0.587264,-0.382916,0.716484,0,0,0,0,6.19659e-08,3.76087e-09,6.53734e-08,2677,22,23,1083,1084,1085,1104,1105,1615,1616,2676,2678,2697,2698,0,0,0,0,0,0,0,0,0,22,23,1083,1084,1085,1104,1105,1615,1616,2676,2678,2697,2698,0,0,0,0,0,0,0,0,0,0.110816,0.113161,0.108627,0.100009,0.108457,0.112818,0.110548,0.0506859,0.0555594,0.0451563,0.0447003,0.0547162,0.0500354,0,0,0,0,0,0,0,0,0,0.110864,0.113206,0.108559,0.1,0.108414,0.112863,0.110574,0.0504032,0.0558452,0.0445109,0.0441073,0.0550436,0.0497005,0,0,0,0,0,0,0,0,0,1,1,1,1,1,1,1,1,1,1,1,1,1,0,0,0,0,0,0,0,0,0,1,1,1,1,1,1,1,1,1,1,1,1,1,0,0,0,0,0,0,0,0,0,1,0,0,0,0,0,0,0,0,0,0,0,0,0,0,0,0,0,0,0,0,0,0,13,0,0,0,0,0,0,0,0,0,0,0,0,0,0,0,0,0,0,0,0,0,0,0,0,0,0,0,0,0,0,0,0,0,0,0,0,0,0,0,0,0,0,0,0,0,0,0,0
0.615823,-0.356271,0.694747,0,0,0,0,7.46073e-08,9.5157e-10,7.94515e-08,2678,23,24,1084,1085,1086,1105,1106,1616,1617,2677,2679,2698,2699,0,0,0,0,0,0,0,0,0,23,24,1084,1085,1086,1105,1106,1616,1617,2677,2679,2698,2699,0,0,0,0,0,0,0,0,0,0.110597,0.113022,0.108476,0.100011,0.108715,0.112914,0.110049,0.0501533,0.0552553,0.0447003,0.0453559,0.0549566,0.0488328,0,0,0,0,0,0,0,0,0,0.110631,0.113067,0.108411,0.1,0.108679,0.112967,0.11007,0.0498377,0.0555319,0.0441073,0.0448261,0.0552775,0.0484504,0,0,0,0,0,0,0,0,0,1,1,1,1,1,1,1,1,1,1,1,1,1,0,0,0,0,0,0,0,0,0,1,1,1,1,1,1,1,1,1,1,1,1,1,0,0,0,0,0,0,0,0,0,1,0,0,0,0,0,0,0,0,0,0,0,0,0,0,0,0,0,0,0,0,0,0,13,0,0,0,0,0,0,0,0,0,0,0,0,0,0,0,0,0,0,0,0,0,0,0,0,0,0,0,0,0,0,0,0,0,0,0,0,0,0,0,0,0,0,0,0,0,0,0,0
0.642996,-0.329319,0.670408,0,0,0,0,8.83086e-08,-1.19783e-09,9.30811e-08,2679,24,25,1085,1086,1087,1106,1107,1617,1618,2678,2680,2699,2700,0,0,0,0,0,0,0,0,0,24,25,1085,1086,1087,1106,1107,1617,1618,2678,2680,2699,2700,0,0,0,0,0,0,0,0,0,0.110263,0.112719,0.108733,0.100011,0.109763,0.112433,0.109677,0.0493394,0.0545708,0.0453559,0.0480421,0.0538862,0.0479129,0,0,0,0,0,0,0,0,0,0.110288,0.11276,0.108677,0.1,0.109735,0.112489,0.109691,0.0489909,0.0548348,0.0448261,0.0475918,0.0541884,0.0474907,0,0,0,0,0,0,0,0,0,1,1,1,1,1,1,1,1,1,1,1,1,1,0,0,0,0,0,0,0,0,0,1,1,1,1,1,1,1,1,1,1,1,1,1,0,0,0,0,0,0,0,0,0,1,0,0,0,0,0,0,0,0,0,0,0,0,0,0,0,0,0,0,0,0,0,0,13,0,0,0,0,0,0,0,0,0,0,0,0,0,0,0,0,0,0,0,0,0,0,0,0,0,0,0,0,0,0,0,0,0,0,0,0,0,0,0,0,0,0,0,0,0,0,0,0
0.669731,-0.301259,0.64202,0,0,0,0,1.03676e-07,-2.74512e-09,1.0664e-07,2680,25,26,1086,1087,1088,1107,1108,1618,1619,2679,2681,2700,2701,0,0,0,0,0,0,0,0,0,25,26,1086,1087,1088,1107,1108,1618,1619,2679,2681,2700,2701,0,0,0,0,0,0,0,0,0,0.109844,0.112024,0.109777,0.100011,0.109757,0.112282,0.109478,0.0483024,0.0530139,0.0480421,0.0479788,0.0535506,0.0473818,0,0,0,0,0,0,0,0,0,0.109861,0.112072,0.109732,0.1,0.109732,0.112334,0.10948,0.0479202,0.0532496,0.0475918,0.0475855,0.0538306,0.0469503,0,0,0,0,0,0,0,0,0,1,1,1,1,1,1,1,1,1,1,1,1,1,0,0,0,0,0,0,0,0,0,1,1,1,1,1,1,1,1,1,1,1,1,1,0,0,0,0,0,0,0,0,0,1,0,0,0,0,0,0,0,0,0,0,0,0,0,0,0,0,0,0,0,0,0,0,13,0,0,0,0,0,0,0,0,0,0,0,0,0,0,0,0,0,0,0,0,0,0,0,0,0,0,0,0,0,0,0,0,0,0,0,0,0,0,0,0,0,0,0,0,0,0,0,0
0.694244,-0.27276,0.612206,0,0,0,0,1.19669e-07,-3.70219e-09,1.1928e-07,2681,26,27,1087,1088,1089,1108,1109,1619,1620,2680,2682,2701,2702,0,0,0,0,0,0,0,0,0,26,27,1087,1088,1089,1108,1109,1619,1620,2680,2682,2701,2702,0,0,0,0,0,0,0,0,0,0.109297,0.111461,0.109758,0.100011,0.109588,0.111878,0.109166,0.046913,0.0516563,0.0479788,0.0475039,0.0526276,0.0465431,0,0,0,0,0,0,0,0,0,0.109319,0.111491,0.10973,0.1,0.109569,0.111926,0.109159,0.0465258,0.0518809,0.0475855,0.0471653,0.0528829,0.046116,0,0,0,0,0,0,0,0,0,1,1,1,1,1,1,1,1,1,1,1,1,1,0,0,0,0,0,0,0,0,0,1,1,1,1,1,1,1,1,1,1,1,1,1,0,0,0,0,0,0,0,0,0,1,0,0,0,0,0,0,0,0,0,0,0,0,0,0,0,0,0,0,0,0,0,0,13,0,0,0,0,0,0,0,0,0,0,0,0,0,0,0,0,0,0,0,0,0,0,0,0,0,0,0,0,0,0,0,0,0,0,0,0,0,0,0,0,0,0,0,0,0,0,0,0
0.716318,-0.244406,0.581134,0,0,0,0,1.36013e-07,-4.12108e-09,1.30752e-07,2682,27,28,1088,1089,1090,1109,1110,1620,1621,2681,2683,2702,2703,0,0,0,0,0,0,0,0,0,27,28,1088,1089,1090,1109,1110,1620,1621,2681,2683,2702,2703,0,0,0,0,0,0,0,0,0,0.10887,0.110899,0.109581,0.100011,0.109356,0.111409,0.108827,0.0457339,0.0504436,0.0475039,0.0467841,0.0515405,0.0456213,0,0,0,0,0,0,0,0,0,0.10888,0.110953,0.109567,0.1,0.109326,0.111449,0.108811,0.0453744,0.0505866,0.0471653,0.0465356,0.0517571,0.0451963,0,0,0,0,0,0,0,0,0,1,1,1,1,1,1,1,1,1,1,1,1,1,0,0,0,0,0,0,0,0,0,1,1,1,1,1,1,1,1,1,1,1,1,1,0,0,0,0,0,0,0,0,0,1,0,0,0,0,0,0,0,0,0,0,0,0,0,0,0,0,0,0,0,0,0,0,13,0,0,0,0,0,0,0,0,0,0,0,0,0,0,0,0,0,0,0,0,0,0,0,0,0,0,0,0,0,0,0,0,0,0,0,0,0,0,0,0,0,0,0,0,0,0,0,0
0.735879,-0.216492,0.549088,0,0,0,0,1.52441e-07,-4.07727e-09,1.40917e-07,2683,28,29,1089,1090,1091,1110,1111,1621,1622,2682,2684,2703,2704,0,0,0,0,0,0,0,0,0,28,29,1089,1090,1091,1110,1111,1621,1622,2682,2684,2703,2704,0,0,0,0,0,0,0,0,0,0.108477,0.110433,0.109313,0.100013,0.109047,0.110885,0.108464,0.0446909,0.0490885,0.0467841,0.0459204,0.0503273,0.0446368,0,0,0,0,0,0,0,0,0,0.108488,0.110427,0.109325,0.1,0.10902,0.110941,0.108455,0.0443237,0.0492952,0.0465356,0.0457325,0.0505358,0.0442388,0,0,0,0,0,0,0,0,0,1,1,1,1,1,1,1,1,1,1,1,1,1,0,0,0,0,0,0,0,0,0,1,1,1,1,1,1,1,1,1,1,1,1,1,0,0,0,0,0,0,0,0,0,1,0,0,0,0,0,0,0,0,0,0,0,0,0,0,0,0,0,0,0,0,0,0,13,0,0,0,0,0,0,0,0,0,0,0,0,0,0,0,0,0,0,0,0,0,0,0,0,0,0,0,0,0,0,0,0,0,0,0,0,0,0,0,0,0,0,0,0,0,0,0,0
0.752971,-0.189283,0.516283,0,0,0,0,1.68865e-07,-3.65532e-09,1.49742e-07,2684,29,1090,1091,1111,1112,1622,2683,2704,2705,0,0,0,0,0,0,0,0,0,0,0,0,0,29,1090,1091,1111,1112,1622,2683,2704,2705,0,0,0,0,0,0,0,0,0,0,0,0,0,0.108129,0.108993,0.100006,0.110372,0.108135,0.0435272,0.0459204,0.0490874,0.043624,0,0,0,0,0,0,0,0,0,0,0,0,0,0.108121,0.10902,0.1,0.110415,0.108098,0.0433177,0.0457325,0.0492445,0.04326,0,0,0,0,0,0,0,0,0,0,0,0,0,1,1,1,1,1,1,1,1,1,0,0,0,0,0,0,0,0,0,0,0,0,0,1,1,1,1,1,1,1,1,1,0,0,0,0,0,0,0,0,0,0,0,0,0,1,0,0,0,0,0,0,0,0,0,0,0,0,0,0,0,0,0,0,0,0,0,0,9,0,0,0,0,0,0,0,0,0,0,0,0,0,0,0,0,0,0,0,0,0,0,0,0,0,0,0,0,0,0,0,0,0,0,0,0,0,0,0,0,0,0,0,0,0,0,0,0
0.113001,-0.643305,0.817247,0,0,0,0,-3.11396e-09,7.26677e-08,-9.0886e-08,2685,43,44,1071,1072,1092,1093,1113,1636,1637,2664,2665,2686,2706,0,0,0,0,0,0,0,0,0,43,44,1071,1072,1092,1093,1113,1636,1637,2664,2665,2686,2706,0,0,0,0,0,0,0,0,0,0.106653,0.109021,0.108466,0.109339,0.0998785,0.106844,0.108866,0.0399649,0.0462671,0.0440079,0.0467132,0.0407131,0.045528,0,0,0,0,0,0,0,0,0,0.106395,0.10935,0.108371,0.109496,0.1,0.10666,0.108882,0.0382488,0.0465666,0.0439507,0.0469691,0.0390816,0.0453099,0,0,0,0,0,0,0,0,0,1,1,1,1,1,1,1,1,1,1,1,1,1,0,0,0,0,0,0,0,0,0,1,1,1,1,1,1,1,1,1,1,1,1,1,0,0,0,0,0,0,0,0,0,1,0,0,0,0,0,0,0,0,0,0,0,0,0,0,0,0,0,0,0,0,0,0,13,0,0,0,0,0,0,0,0,0,0,0,0,0,0,0,0,0,0,0,0,0,0,0,0,0,0,0,0,0,0,0,0,0,0,0,0,0,0,0,0,0,0,0,0,0,0,0,0
0.149913,-0.628887,0.826587,0,0,0,0,-3.78261e-09,6.64374e-08,-8.35994e-08,2686,1072,1073,1092,1093,1094,1113,1114,2665,2666,2685,2687,2706,2707,0,0,0,0,0,0,0,0,0,1072,1073,1092,1093,1094,1113,1114,2665,2666,2685,2687,2706,2707,0,0,0,0,0,0,0,0,0,0.108944,0.109704,0.106803,0.0999149,0.107135,0.109412,0.109403,0.0453136,0.0475614,0.0407131,0.0415283,0.0473971,0.0468272,0,0,0,0,0,0,0,0,0,0.108822,0.109834,0.106662,0.1,0.106976,0.109774,0.109339,0.0451684,0.0478335,0.0390816,0.0400283,0.0476899,0.0465142,0,0,0,0,0,0,0,0,0,1,1,1,1,1,1,1,1,1,1,1,1,1,0,0,0,0,0,0,0,0,0,1,1,1,1,1,1,1,1,1,1,1,1,1,0,0,0,0,0,0,0,0,0,1,0,0,0,0,0,0,0,0,0,0,0,0,0,0,0,0,0,0,0,0,0,0,13,0,0,0,0,0,0,0,0,0,0,0,0,0,0,0,0,0,0,0,0,0,0,0,0,0,0,0,0,0,0,0,0,0,0,0,0,0,0,0,0,0,0,0,0,0,0,0,0
0.18743,-0.612712,0.83403,0,0,0,0,-3.97379e-09,5.99558e-08,-7.51396e-08,2687,1073,1074,1093,1094,1095,1114,1115,2666,2667,2686,2688,2707,2708,0,0,0,0,0,0,0,0,0,1073,1074,1093,1094,1095,1114,1115,2666,2667,2686,2688,2707,2708,0,0,0,0,0,0,0,0,0,0.109317,0.110129,0.107085,0.099907,0.107476,0.109898,0.109822,0.0464105,0.0485921,0.0415283,0.0425038,0.0484109,0.0479428,0,0,0,0,0,0,0,0,0,0.109211,0.110244,0.106978,0.1,0.107353,0.110184,0.109749,0.0461973,0.0488651,0.0400283,0.0411321,0.0487219,0.0475704,0,0,0,0,0,0,0,0,0,1,1,1,1,1,1,1,1,1,1,1,1,1,0,0,0,0,0,0,0,0,0,1,1,1,1,1,1,1,1,1,1,1,1,1,0,0,0,0,0,0,0,0,0,1,0,0,0,0,0,0,0,0,0,0,0,0,0,0,0,0,0,0,0,0,0,0,13,0,0,0,0,0,0,0,0,0,0,0,0,0,0,0,0,0,0,0,0,0,0,0,0,0,0,0,0,0,0,0,0,0,0,0,0,0,0,0,0,0,0,0,0,0,0,0,0
0.225617,-0.59481,0.839309,0,0,0,0,-3.50171e-09,5.32762e-08,-6.5477e-08,2688,1074,1075,1094,1095,1096,1115,1116,2667,2668,2687,2689,2708,2709,0,0,0,0,0,0,0,0,0,1074,1075,1094,1095,1096,1115,1116,2667,2668,2687,2689,2708,2709,0,0,0,0,0,0,0,0,0,0.109651,0.110585,0.107425,0.0999129,0.107842,0.110413,0.110188,0.0473589,0.0496747,0.0425038,0.0435079,0.0495489,0.0488934,0,0,0,0,0,0,0,0,0,0.10956,0.110679,0.107355,0.1,0.107747,0.110642,0.110113,0.0471059,0.049943,0.0411321,0.0422576,0.049857,0.0484972,0,0,0,0,0,0,0,0,0,1,1,1,1,1,1,1,1,1,1,1,1,1,0,0,0,0,0,0,0,0,0,1,1,1,1,1,1,1,1,1,1,1,1,1,0,0,0,0,0,0,0,0,0,1,0,0,0,0,0,0,0,0,0,0,0,0,0,0,0,0,0,0,0,0,0,0,13,0,0,0,0,0,0,0,0,0,0,0,0,0,0,0,0,0,0,0,0,0,0,0,0,0,0,0,0,0,0,0,0,0,0,0,0,0,0,0,0,0,0,0,0,0,0,0,0
0.264361,-0.575222,0.842168,0,0,0,0,-2.18478e-09,4.64889e-08,-5.46231e-08,2689,1075,1076,1095,1096,1097,1116,1117,2668,2669,2688,2690,2709,2710,0,0,0,0,0,0,0,0,0,1075,1076,1095,1096,1097,1116,1117,2668,2669,2688,2690,2709,2710,0,0,0,0,0,0,0,0,0,0.10994,0.111043,0.107799,0.0999201,0.108215,0.110944,0.110488,0.0481696,0.0507471,0.0435079,0.0445052,0.0507045,0.0496819,0,0,0,0,0,0,0,0,0,0.10987,0.111119,0.107748,0.1,0.108141,0.111116,0.110429,0.0479025,0.0510099,0.0422576,0.0433607,0.0510059,0.0492904,0,0,0,0,0,0,0,0,0,1,1,1,1,1,1,1,1,1,1,1,1,1,0,0,0,0,0,0,0,0,0,1,1,1,1,1,1,1,1,1,1,1,1,1,0,0,0,0,0,0,0,0,0,1,0,0,0,0,0,0,0,0,0,0,0,0,0,0,0,0,0,0,0,0,0,0,13,0,0,0,0,0,0,0,0,0,0,0,0,0,0,0,0,0,0,0,0,0,0,0,0,0,0,0,0,0,0,0,0,0,0,0,0,0,0,0,0,0,0,0,0,0,0,0,0
0.303488,-0.554015,0.842393,0,0,0,0,1.44341e-10,3.96996e-08,-4.26295e-08,2690,1076,1077,1096,1097,1098,1117,1118,2669,2670,2689,2691,2710,2711,0,0,0,0,0,0,0,0,0,1076,1077,1096,1097,1098,1117,1118,2669,2670,2689,2691,2710,2711,0,0,0,0,0,0,0,0,0,0.110183,0.111484,0.108187,0.0999307,0.108588,0.111457,0.110724,0.0488447,0.0517647,0.0445052,0.0454732,0.0518193,0.0503104,0,0,0,0,0,0,0,0,0,0.110138,0.111544,0.108142,0.1,0.108527,0.111582,0.11069,0.0485817,0.0520261,0.0433607,0.0444166,0.0521159,0.0499403,0,0,0,0,0,0,0,0,0,1,1,1,1,1,1,1,1,1,1,1,1,1,0,0,0,0,0,0,0,0,0,1,1,1,1,1,1,1,1,1,1,1,1,1,0,0,0,0,0,0,0,0,0,1,0,0,0,0,0,0,0,0,0,0,0,0,0,0,0,0,0,0,0,0,0,0,13,0,0,0,0,0,0,0,0,0,0,0,0,0,0,0,0,0,0,0,0,0,0,0,0,0,0,0,0,0,0,0,0,0,0,0,0,0,0,0,0,0,0,0,0,0,0,0,0
0.34278,-0.53127,0.839814,0,0,0,0,3.63253e-09,3.3027e-08,-2.95846e-08,2691,1077,1078,1097,1098,1099,1118,1119,2670,2671,2690,2692,2711,2712,0,0,0,0,0,0,0,0,0,1077,1078,1097,1098,1099,1118,1119,2670,2671,2690,2692,2711,2712,0,0,0,0,0,0,0,0,0,0.11038,0.111893,0.108575,0.0999432,0.108949,0.111932,0.110898,0.049387,0.0526925,0.0454732,0.0463887,0.0528457,0.0507835,0,0,0,0,0,0,0,0,0,0.110359,0.111941,0.108528,0.1,0.108896,0.112022,0.110891,0.0491364,0.0529592,0.0444166,0.0454042,0.0531451,0.0504388,0,0,0,0,0,0,0,0,0,1,1,1,1,1,1,1,1,1,1,1,1,1,0,0,0,0,0,0,0,0,0,1,1,1,1,1,1,1,1,1,1,1,1,1,0,0,0,0,0,0,0,0,0,1,0,0,0,0,0,0,0,0,0,0,0,0,0,0,0,0,0,0,0,0,0,0,13,0,0,0,0,0,0,0,0,0,0,0,0,0,0,0,0,0,0,0,0,0,0,0,0,0,0,0,0,0,0,0,0,0,0,0,0,0,0,0,0,0,0,0,0,0,0,0,0
0.381978,-0.507081,0.834309,0,0,0,0,8.39839e-09,2.65955e-08,-1.56144e-08,2692,1078,1079,1098,1099,1100,1119,1120,2671,2672,2691,2693,2712,2713,0,0,0,0,0,0,0,0,0,1078,1079,1098,1099,1100,1119,1120,2671,2672,2691,2693,2712,2713,0,0,0,0,0,0,0,0,0,0.11053,0.112253,0.108952,0.0999565,0.109287,0.11235,0.111012,0.049803,0.0535024,0.0463887,0.0472214,0.0537441,0.0511085,0,0,0,0,0,0,0,0,0,0.110529,0.112295,0.108895,0.1,0.109235,0.112418,0.11103,0.0495634,0.0537805,0.0454042,0.0462979,0.0540549,0.0507828,0,0,0,0,0,0,0,0,0,1,1,1,1,1,1,1,1,1,1,1,1,1,0,0,0,0,0,0,0,0,0,1,1,1,1,1,1,1,1,1,1,1,1,1,0,0,0,0,0,0,0,0,0,1,0,0,0,0,0,0,0,0,0,0,0,0,0,0,0,0,0,0,0,0,0,0,13,0,0,0,0,0,0,0,0,0,0,0,0,0,0,0,0,0,0,0,0,0,0,0,0,0,0,0,0,0,0,0,0,0,0,0,0,0,0,0,0,0,0,0,0,0,0,0,0
0.420789,-0.481557,0.82582,0,0,0,0,1.45243e-08,2.05287e-08,-8.8222e-10,2693,1079,1080,1099,1100,1101,1120,1121,2672,2673,2692,2694,2713,2714,0,0,0,0,0,0,0,0,0,1079,1080,1099,1100,1101,1120,1121,2672,2673,2692,2694,2713,2714,0,0,0,0,0,0,0,0,0,0.110636,0.112554,0.1093,0.0999694,0.109581,0.112691,0.111071,0.050103,0.0541713,0.0472214,0.0479275,0.0544785,0.0512945,0,0,0,0,0,0,0,0,0,0.110651,0.112594,0.109233,0.1,0.109528,0.112749,0.111106,0.0498659,0.0544649,0.0462979,0.0470588,0.0548072,0.0509752,0,0,0,0,0,0,0,0,0,1,1,1,1,1,1,1,1,1,1,1,1,1,0,0,0,0,0,0,0,0,0,1,1,1,1,1,1,1,1,1,1,1,1,1,0,0,0,0,0,0,0,0,0,1,0,0,0,0,0,0,0,0,0,0,0,0,0,0,0,0,0,0,0,0,0,0,13,0,0,0,0,0,0,0,0,0,0,0,0,0,0,0,0,0,0,0,0,0,0,0,0,0,0,0,0,0,0,0,0,0,0,0,0,0,0,0,0,0,0,0,0,0,0,0,0
0.458882,-0.454823,0.814363,0,0,0,0,2.20472e-08,1.49418e-08,1.44112e-08,2694,1080,1081,1100,1101,1102,1121,1122,2673,2674,2693,2695,2714,2715,0,0,0,0,0,0,0,0,0,1080,1081,1100,1101,1102,1121,1122,2673,2674,2693,2695,2714,2715,0,0,0,0,0,0,0,0,0,0.1107,0.112781,0.109602,0.099981,0.109796,0.11294,0.111077,0.0503008,0.0546743,0.0479275,0.0484231,0.0550112,0.0513473,0,0,0,0,0,0,0,0,0,0.110726,0.112822,0.109525,0.1,0.109741,0.112996,0.111122,0.050055,0.0549838,0.0470588,0.047607,0.0553599,0.0510217,0,0,0,0,0,0,0,0,0,1,1,1,1,1,1,1,1,1,1,1,1,1,0,0,0,0,0,0,0,0,0,1,1,1,1,1,1,1,1,1,1,1,1,1,0,0,0,0,0,0,0,0,0,1,0,0,0,0,0,0,0,0,0,0,0,0,0,0,0,0,0,0,0,0,0,0,13,0,0,0,0,0,0,0,0,0,0,0,0,0,0,0,0,0,0,0,0,0,0,0,0,0,0,0,0,0,0,0,0,0,0,0,0,0,0,0,0,0,0,0,0,0,0,0,0
0.495873,-0.427037,0.800067,0,0,0,0,3.09426e-08,9.93612e-09,3.00217e-08,2695,1081,1082,1101,1102,1103,1122,1123,2674,2675,2694,2696,2715,2716,0,0,0,0,0,0,0,0,0,1081,1082,1101,1102,1103,1122,1123,2674,2675,2694,2696,2715,2716,0,0,0,0,0,0,0,0,0,0.110728,0.11291,0.10982,0.0999907,0.109867,0.113071,0.111026,0.0504063,0.054961,0.0484231,0.0485518,0.0552887,0.0512492,0,0,0,0,0,0,0,0,0,0.11076,0.112955,0.109738,0.1,0.109812,0.113129,0.111073,0.0501423,0.0552834,0.047607,0.0477872,0.0556546,0.0509091,0,0,0,0,0,0,0,0,0,1,1,1,1,1,1,1,1,1,1,1,1,1,0,0,0,0,0,0,0,0,0,1,1,1,1,1,1,1,1,1,1,1,1,1,0,0,0,0,0,0,0,0,0,1,0,0,0,0,0,0,0,0,0,0,0,0,0,0,0,0,0,0,0,0,0,0,13,0,0,0,0,0,0,0,0,0,0,0,0,0,0,0,0,0,0,0,0,0,0,0,0,0,0,0,0,0,0,0,0,0,0,0,0,0,0,0,0,0,0,0,0,0,0,0,0
0.53129,-0.398409,0.783234,0,0,0,0,4.10961e-08,5.59228e-09,4.56469e-08,2696,1082,1083,1102,1103,1104,1123,1124,2675,2676,2695,2697,2716,2717,0,0,0,0,0,0,0,0,0,1082,1083,1102,1103,1104,1123,1124,2675,2676,2695,2697,2716,2717,0,0,0,0,0,0,0,0,0,0.110707,0.112839,0.109892,0.0999982,0.109636,0.113037,0.110874,0.0503873,0.0548094,0.0485518,0.0479095,0.0552058,0.0508851,0,0,0,0,0,0,0,0,0,0.110743,0.112891,0.109808,0.1,0.109581,0.113098,0.110914,0.0501026,0.0551363,0.0477872,0.0471967,0.0555806,0.050529,0,0,0,0,0,0,0,0,0,1,1,1,1,1,1,1,1,1,1,1,1,1,0,0,0,0,0,0,0,0,0,1,1,1,1,1,1,1,1,1,1,1,1,1,0,0,0,0,0,0,0,0,0,1,0,0,0,0,0,0,0,0,0,0,0,0,0,0,0,0,0,0,0,0,0,0,13,0,0,0,0,0,0,0,0,0,0,0,0,0,0,0,0,0,0,0,0,0,0,0,0,0,0,0,0,0,0,0,0,0,0,0,0,0,0,0,0,0,0,0,0,0,0,0,0
0.564464,-0.369447,0.764365,0,0,0,0,5.22313e-08,1.98746e-09,6.08496e-08,2697,1083,1084,1103,1104,1105,1124,1125,2676,2677,2696,2698,2717,2718,0,0,0,0,0,0,0,0,0,1083,1084,1103,1104,1105,1124,1125,2676,2677,2696,2698,2717,2718,0,0,0,0,0,0,0,0,0,0.110503,0.112794,0.109658,0.100004,0.109093,0.112769,0.110477,0.0499213,0.0547162,0.0479095,0.0464276,0.0546016,0.0499072,0,0,0,0,0,0,0,0,0,0.110543,0.112851,0.109577,0.1,0.109038,0.112832,0.110506,0.0496152,0.0550436,0.0471967,0.0457808,0.0549755,0.0495311,0,0,0,0,0,0,0,0,0,1,1,1,1,1,1,1,1,1,1,1,1,1,0,0,0,0,0,0,0,0,0,1,1,1,1,1,1,1,1,1,1,1,1,1,0,0,0,0,0,0,0,0,0,1,0,0,0,0,0,0,0,0,0,0,0,0,0,0,0,0,0,0,0,0,0,0,13,0,0,0,0,0,0,0,0,0,0,0,0,0,0,0,0,0,0,0,0,0,0,0,0,0,0,0,0,0,0,0,0,0,0,0,0,0,0,0,0,0,0,0,0,0,0,0,0
0.594923,-0.341407,0.743352,0,0,0,0,6.40374e-08,-7.65471e-10,7.51595e-08,2698,1084,1085,1104,1105,1106,1125,1126,2677,2678,2697,2699,2718,2719,0,0,0,0,0,0,0,0,0,1084,1085,1104,1105,1106,1125,1126,2677,2678,2697,2699,2718,2719,0,0,0,0,0,0,0,0,0,0.110543,0.112898,0.109106,0.100008,0.109241,0.112467,0.109942,0.0500354,0.0549566,0.0464276,0.0467441,0.0539313,0.0485912,0,0,0,0,0,0,0,0,0,0.110577,0.112954,0.109035,0.1,0.10919,0.112535,0.10996,0.0497005,0.0552775,0.0457808,0.0461792,0.0542948,0.0481693,0,0,0,0,0,0,0,0,0,1,1,1,1,1,1,1,1,1,1,1,1,1,0,0,0,0,0,0,0,0,0,1,1,1,1,1,1,1,1,1,1,1,1,1,0,0,0,0,0,0,0,0,0,1,0,0,0,0,0,0,0,0,0,0,0,0,0,0,0,0,0,0,0,0,0,0,13,0,0,0,0,0,0,0,0,0,0,0,0,0,0,0,0,0,0,0,0,0,0,0,0,0,0,0,0,0,0,0,0,0,0,0,0,0,0,0,0,0,0,0,0,0,0,0,0
0.623909,-0.314402,0.718543,0,0,0,0,7.69678e-08,-2.7153e-09,8.88384e-08,2699,1085,1086,1105,1106,1107,1126,1127,2678,2679,2698,2700,2719,2720,0,0,0,0,0,0,0,0,0,1085,1086,1105,1106,1107,1126,1127,2678,2679,2698,2700,2719,2720,0,0,0,0,0,0,0,0,0,0.110055,0.112427,0.109248,0.100009,0.109923,0.112617,0.109796,0.0488328,0.0538862,0.0467441,0.0484376,0.0543072,0.0482514,0,0,0,0,0,0,0,0,0,0.110074,0.112477,0.109187,0.1,0.109879,0.112692,0.10981,0.0484504,0.0541884,0.0461792,0.0479558,0.0546544,0.0477923,0,0,0,0,0,0,0,0,0,1,1,1,1,1,1,1,1,1,1,1,1,1,0,0,0,0,0,0,0,0,0,1,1,1,1,1,1,1,1,1,1,1,1,1,0,0,0,0,0,0,0,0,0,1,0,0,0,0,0,0,0,0,0,0,0,0,0,0,0,0,0,0,0,0,0,0,13,0,0,0,0,0,0,0,0,0,0,0,0,0,0,0,0,0,0,0,0,0,0,0,0,0,0,0,0,0,0,0,0,0,0,0,0,0,0,0,0,0,0,0,0,0,0,0,0
0.651936,-0.286695,0.690382,0,0,0,0,9.12416e-08,-4.09062e-09,1.0226e-07,2700,1086,1087,1106,1107,1108,1127,1128,2679,2680,2699,2701,2720,2721,0,0,0,0,0,0,0,0,0,1086,1087,1106,1107,1108,1127,1128,2679,2680,2699,2701,2720,2721,0,0,0,0,0,0,0,0,0,0.109683,0.112274,0.109924,0.100009,0.110178,0.112644,0.109704,0.0479129,0.0535506,0.0484376,0.0490339,0.0543929,0.048014,0,0,0,0,0,0,0,0,0,0.109694,0.112322,0.109876,0.1,0.110139,0.112719,0.109707,0.0474907,0.0538306,0.0479558,0.0486142,0.0547142,0.0475343,0,0,0,0,0,0,0,0,0,1,1,1,1,1,1,1,1,1,1,1,1,1,0,0,0,0,0,0,0,0,0,1,1,1,1,1,1,1,1,1,1,1,1,1,0,0,0,0,0,0,0,0,0,1,0,0,0,0,0,0,0,0,0,0,0,0,0,0,0,0,0,0,0,0,0,0,13,0,0,0,0,0,0,0,0,0,0,0,0,0,0,0,0,0,0,0,0,0,0,0,0,0,0,0,0,0,0,0,0,0,0,0,0,0,0,0,0,0,0,0,0,0,0,0,0
0.678117,-0.258303,0.66017,0,0,0,0,1.06419e-07,-4.92612e-09,1.14999e-07,2701,1087,1088,1107,1108,1109,1128,1129,2680,2681,2700,2702,2721,2722,0,0,0,0,0,0,0,0,0,1087,1088,1107,1108,1109,1128,1129,2680,2681,2700,2702,2721,2722,0,0,0,0,0,0,0,0,0,0.109472,0.111874,0.110172,0.10001,0.110123,0.112365,0.109482,0.0473818,0.0526276,0.0490339,0.0488493,0.0537693,0.0474242,0,0,0,0,0,0,0,0,0,0.109483,0.111915,0.110137,0.1,0.110091,0.112433,0.109476,0.0469503,0.0528829,0.0486142,0.0484927,0.0540614,0.0469418,0,0,0,0,0,0,0,0,0,1,1,1,1,1,1,1,1,1,1,1,1,1,0,0,0,0,0,0,0,0,0,1,1,1,1,1,1,1,1,1,1,1,1,1,0,0,0,0,0,0,0,0,0,1,0,0,0,0,0,0,0,0,0,0,0,0,0,0,0,0,0,0,0,0,0,0,13,0,0,0,0,0,0,0,0,0,0,0,0,0,0,0,0,0,0,0,0,0,0,0,0,0,0,0,0,0,0,0,0,0,0,0,0,0,0,0,0,0,0,0,0,0,0,0,0
0.70196,-0.229827,0.628439,0,0,0,0,1.22118e-07,-5.26668e-09,1.26721e-07,2702,1088,1089,1108,1109,1110,1129,1130,2681,2682,2701,2703,2722,2723,0,0,0,0,0,0,0,0,0,1088,1089,1108,1109,1110,1129,1130,2681,2682,2701,2703,2722,2723,0,0,0,0,0,0,0,0,0,0.109153,0.1114,0.110111,0.100009,0.109926,0.111947,0.109183,0.0465431,0.0515405,0.0488493,0.0482913,0.0528191,0.0466248,0,0,0,0,0,0,0,0,0,0.109162,0.111439,0.110089,0.1,0.109898,0.112008,0.109171,0.046116,0.0517571,0.0484927,0.0480033,0.0530753,0.0461474,0,0,0,0,0,0,0,0,0,1,1,1,1,1,1,1,1,1,1,1,1,1,0,0,0,0,0,0,0,0,0,1,1,1,1,1,1,1,1,1,1,1,1,1,0,0,0,0,0,0,0,0,0,1,0,0,0,0,0,0,0,0,0,0,0,0,0,0,0,0,0,0,0,0,0,0,13,0,0,0,0,0,0,0,0,0,0,0,0,0,0,0,0,0,0,0,0,0,0,0,0,0,0,0,0,0,0,0,0,0,0,0,0,0,0,0,0,0,0,0,0,0,0,0,0
0.723296,-0.201675,0.59551,0,0,0,0,1.38072e-07,-5.21206e-09,1.37239e-07,2703,1089,1090,1109,1110,1111,1130,1131,2682,2683,2702,2704,2723,2724,0,0,0,0,0,0,0,0,0,1089,1090,1109,1110,1111,1130,1131,2682,2683,2702,2704,2723,2724,0,0,0,0,0,0,0,0,0,0.108807,0.110921,0.109902,0.100009,0.109633,0.111459,0.108839,0.0456213,0.0503273,0.0482913,0.0475022,0.0516985,0.0457121,0,0,0,0,0,0,0,0,0,0.108814,0.110931,0.109897,0.1,0.109612,0.111518,0.10883,0.0451963,0.0505358,0.0480033,0.0472736,0.0519227,0.0452475,0,0,0,0,0,0,0,0,0,1,1,1,1,1,1,1,1,1,1,1,1,1,0,0,0,0,0,0,0,0,0,1,1,1,1,1,1,1,1,1,1,1,1,1,0,0,0,0,0,0,0,0,0,1,0,0,0,0,0,0,0,0,0,0,0,0,0,0,0,0,0,0,0,0,0,0,13,0,0,0,0,0,0,0,0,0,0,0,0,0,0,0,0,0,0,0,0,0,0,0,0,0,0,0,0,0,0,0,0,0,0,0,0,0,0,0,0,0,0,0,0,0,0,0,0
0.742095,-0.174124,0.561687,0,0,0,0,1.54102e-07,-4.86476e-09,1.46525e-07,2704,1090,1091,1110,1111,1112,1131,1132,2683,2684,2703,2705,2724,2725,0,0,0,0,0,0,0,0,0,1090,1091,1110,1111,1112,1131,1132,2683,2684,2703,2705,2724,2725,0,0,0,0,0,0,0,0,0,0.108469,0.110388,0.10961,0.10001,0.109278,0.11094,0.108481,0.0446368,0.0490874,0.0475022,0.0465296,0.0504722,0.0447384,0,0,0,0,0,0,0,0,0,0.108457,0.110405,0.109612,0.1,0.109264,0.110992,0.108472,0.0442388,0.0492445,0.0472736,0.0463699,0.0506614,0.0442858,0,0,0,0,0,0,0,0,0,1,1,1,1,1,1,1,1,1,1,1,1,1,0,0,0,0,0,0,0,0,0,1,1,1,1,1,1,1,1,1,1,1,1,1,0,0,0,0,0,0,0,0,0,1,0,0,0,0,0,0,0,0,0,0,0,0,0,0,0,0,0,0,0,0,0,0,13,0,0,0,0,0,0,0,0,0,0,0,0,0,0,0,0,0,0,0,0,0,0,0,0,0,0,0,0,0,0,0,0,0,0,0,0,0,0,0,0,0,0,0,0,0,0,0,0
0.758383,-0.147408,0.527249,0,0,0,0,1.70116e-07,-4.25903e-09,1.54655e-07,2705,1091,1111,1112,1132,1133,2684,2704,2725,2726,0,0,0,0,0,0,0,0,0,0,0,0,0,1091,1111,1112,1132,1133,2684,2704,2725,2726,0,0,0,0,0,0,0,0,0,0,0,0,0,0.108072,0.10925,0.100002,0.110418,0.108149,0.043624,0.0465296,0.0491861,0.0437641,0,0,0,0,0,0,0,0,0,0,0,0,0,0.1081,0.109265,0.1,0.110443,0.108108,0.04326,0.0463699,0.0493193,0.0432865,0,0,0,0,0,0,0,0,0,0,0,0,0,1,1,1,1,1,1,1,1,1,0,0,0,0,0,0,0,0,0,0,0,0,0,1,1,1,1,1,1,1,1,1,0,0,0,0,0,0,0,0,0,0,0,0,0,1,0,0,0,0,0,0,0,0,0,0,0,0,0,0,0,0,0,0,0,0,0,0,9,0,0,0,0,0,0,0,0,0,0,0,0,0,0,0,0,0,0,0,0,0,0,0,0,0,0,0,0,0,0,0,0,0,0,0,0,0,0,0,0,0,0,0,0,0,0,0,0
0.113647,-0.618024,0.855105,0,0,0,0,-3.18986e-09,6.11163e-08,-8.20716e-08,2706,44,45,1092,1093,1113,1114,1135,1637,1638,2685,2686,2707,2728,0,0,0,0,0,0,0,0,0,44,45,1092,1093,1113,1114,1135,1637,1638,2685,2686,2707,2728,0,0,0,0,0,0,0,0,0,0.106939,0.109129,0.109012,0.109597,0.0998331,0.107376,0.109486,0.0410024,0.0466994,0.045528,0.0473971,0.0424245,0.047338,0,0,0,0,0,0,0,0,0,0.106645,0.109528,0.108875,0.109777,0.1,0.10717,0.109482,0.0390522,0.0470546,0.0453099,0.0476899,0.040599,0.0468839,0,0,0,0,0,0,0,0,0,1,1,1,1,1,1,1,1,1,1,1,1,1,0,0,0,0,0,0,0,0,0,1,1,1,1,1,1,1,1,1,1,1,1,1,0,0,0,0,0,0,0,0,0,1,0,0,0,0,0,0,0,0,0,0,0,0,0,0,0,0,0,0,0,0,0,0,13,0,0,0,0,0,0,0,0,0,0,0,0,0,0,0,0,0,0,0,0,0,0,0,0,0,0,0,0,0,0,0,0,0,0,0,0,0,0,0,0,0,0,0,0,0,0,0,0
0.151669,-0.601903,0.864818,0,0,0,0,-3.76516e-09,5.50069e-08,-7.43548e-08,2707,1093,1094,1113,1114,1115,1135,1136,2686,2687,2706,2708,2728,2729,0,0,0,0,0,0,0,0,0,1093,1094,1113,1114,1115,1135,1136,2686,2687,2706,2708,2728,2729,0,0,0,0,0,0,0,0,0,0.109512,0.110047,0.107309,0.099891,0.107681,0.109692,0.110045,0.0468272,0.0484109,0.0424245,0.0432164,0.0483027,0.0486092,0,0,0,0,0,0,0,0,0,0.109332,0.110186,0.107173,0.1,0.107506,0.110149,0.109945,0.0465142,0.0487219,0.040599,0.0415731,0.0486376,0.0480685,0,0,0,0,0,0,0,0,0,1,1,1,1,1,1,1,1,1,1,1,1,1,0,0,0,0,0,0,0,0,0,1,1,1,1,1,1,1,1,1,1,1,1,1,0,0,0,0,0,0,0,0,0,1,0,0,0,0,0,0,0,0,0,0,0,0,0,0,0,0,0,0,0,0,0,0,13,0,0,0,0,0,0,0,0,0,0,0,0,0,0,0,0,0,0,0,0,0,0,0,0,0,0,0,0,0,0,0,0,0,0,0,0,0,0,0,0,0,0,0,0,0,0,0,0
0.190272,-0.583976,0.872301,0,0,0,0,-3.81441e-09,4.8757e-08,-6.54794e-08,2708,1094,1095,1114,1115,1116,1136,1137,2687,2688,2707,2709,2729,2730,0,0,0,0,0,0,0,0,0,1094,1095,1114,1115,1116,1136,1137,2687,2688,2707,2709,2729,2730,0,0,0,0,0,0,0,0,0,0.109897,0.110525,0.107609,0.0998823,0.108027,0.110255,0.11046,0.0479428,0.0495489,0.0432164,0.0441612,0.0494232,0.0496945,0,0,0,0,0,0,0,0,0,0.109741,0.110644,0.107509,0.1,0.107898,0.110606,0.110361,0.0475704,0.049857,0.0415731,0.0426826,0.0497703,0.0491157,0,0,0,0,0,0,0,0,0,1,1,1,1,1,1,1,1,1,1,1,1,1,0,0,0,0,0,0,0,0,0,1,1,1,1,1,1,1,1,1,1,1,1,1,0,0,0,0,0,0,0,0,0,1,0,0,0,0,0,0,0,0,0,0,0,0,0,0,0,0,0,0,0,0,0,0,13,0,0,0,0,0,0,0,0,0,0,0,0,0,0,0,0,0,0,0,0,0,0,0,0,0,0,0,0,0,0,0,0,0,0,0,0,0,0,0,0,0,0,0,0,0,0,0,0
0.229489,-0.5643,0.877319,0,0,0,0,-3.15752e-09,4.24184e-08,-5.5431e-08,2709,1095,1096,1115,1116,1117,1137,1138,2688,2689,2708,2710,2730,2731,0,0,0,0,0,0,0,0,0,1095,1096,1115,1116,1117,1137,1138,2688,2689,2708,2710,2730,2731,0,0,0,0,0,0,0,0,0,0.11024,0.111023,0.107961,0.0998928,0.108401,0.110821,0.110819,0.0488934,0.0507045,0.0441612,0.0451397,0.0506328,0.050598,0,0,0,0,0,0,0,0,0,0.110106,0.111117,0.1079,0.1,0.108305,0.111099,0.110727,0.0484972,0.0510059,0.0426826,0.0438093,0.0509698,0.0500225,0,0,0,0,0,0,0,0,0,1,1,1,1,1,1,1,1,1,1,1,1,1,0,0,0,0,0,0,0,0,0,1,1,1,1,1,1,1,1,1,1,1,1,1,0,0,0,0,0,0,0,0,0,1,0,0,0,0,0,0,0,0,0,0,0,0,0,0,0,0,0,0,0,0,0,0,13,0,0,0,0,0,0,0,0,0,0,0,0,0,0,0,0,0,0,0,0,0,0,0,0,0,0,0,0,0,0,0,0,0,0,0,0,0,0,0,0,0,0,0,0,0,0,0,0
0.26919,-0.542943,0.879625,0,0,0,0,-1.6182e-09,3.60817e-08,-4.42354e-08,2710,1096,1097,1116,1117,1118,1138,1139,2689,2690,2709,2711,2731,2732,0,0,0,0,0,0,0,0,0,1096,1097,1116,1117,1118,1138,1139,2689,2690,2709,2711,2731,2732,0,0,0,0,0,0,0,0,0,0.110526,0.111509,0.10835,0.0999042,0.108784,0.111392,0.111101,0.0496819,0.0518193,0.0451397,0.046115,0.0518331,0.0513205,0,0,0,0,0,0,0,0,0,0.110423,0.111581,0.108306,0.1,0.10871,0.1116,0.111034,0.0492904,0.0521159,0.0438093,0.0449088,0.0521618,0.0507764,0,0,0,0,0,0,0,0,0,1,1,1,1,1,1,1,1,1,1,1,1,1,0,0,0,0,0,0,0,0,0,1,1,1,1,1,1,1,1,1,1,1,1,1,0,0,0,0,0,0,0,0,0,1,0,0,0,0,0,0,0,0,0,0,0,0,0,0,0,0,0,0,0,0,0,0,13,0,0,0,0,0,0,0,0,0,0,0,0,0,0,0,0,0,0,0,0,0,0,0,0,0,0,0,0,0,0,0,0,0,0,0,0,0,0,0,0,0,0,0,0,0,0,0,0
0.309186,-0.519998,0.879019,0,0,0,0,9.63076e-10,2.98506e-08,-3.19596e-08,2711,1097,1098,1117,1118,1119,1139,1140,2690,2691,2710,2712,2732,2733,0,0,0,0,0,0,0,0,0,1097,1098,1117,1118,1119,1139,1140,2690,2691,2710,2712,2732,2733,0,0,0,0,0,0,0,0,0,0.110757,0.111963,0.108752,0.0999193,0.109165,0.111931,0.11131,0.0503104,0.0528457,0.046115,0.047059,0.0529653,0.0518654,0,0,0,0,0,0,0,0,0,0.110685,0.11202,0.108711,0.1,0.109104,0.112084,0.111276,0.0499403,0.0531451,0.0449088,0.0459539,0.0532926,0.051365,0,0,0,0,0,0,0,0,0,1,1,1,1,1,1,1,1,1,1,1,1,1,0,0,0,0,0,0,0,0,0,1,1,1,1,1,1,1,1,1,1,1,1,1,0,0,0,0,0,0,0,0,0,1,0,0,0,0,0,0,0,0,0,0,0,0,0,0,0,0,0,0,0,0,0,0,13,0,0,0,0,0,0,0,0,0,0,0,0,0,0,0,0,0,0,0,0,0,0,0,0,0,0,0,0,0,0,0,0,0,0,0,0,0,0,0,0,0,0,0,0,0,0,0,0
0.349241,-0.49557,0.875348,0,0,0,0,4.72236e-09,2.38387e-08,-1.87088e-08,2712,1098,1099,1118,1119,1120,1140,1141,2691,2692,2711,2713,2733,2734,0,0,0,0,0,0,0,0,0,1098,1099,1118,1119,1120,1140,1141,2691,2692,2711,2713,2733,2734,0,0,0,0,0,0,0,0,0,0.110931,0.112366,0.109152,0.0999359,0.10953,0.112414,0.111449,0.0507835,0.0537441,0.047059,0.047941,0.0539783,0.0522398,0,0,0,0,0,0,0,0,0,0.110887,0.112413,0.109104,0.1,0.109474,0.112529,0.111446,0.0504388,0.0540549,0.0459539,0.0469186,0.0543153,0.0517804,0,0,0,0,0,0,0,0,0,1,1,1,1,1,1,1,1,1,1,1,1,1,0,0,0,0,0,0,0,0,0,1,1,1,1,1,1,1,1,1,1,1,1,1,0,0,0,0,0,0,0,0,0,1,0,0,0,0,0,0,0,0,0,0,0,0,0,0,0,0,0,0,0,0,0,0,13,0,0,0,0,0,0,0,0,0,0,0,0,0,0,0,0,0,0,0,0,0,0,0,0,0,0,0,0,0,0,0,0,0,0,0,0,0,0,0,0,0,0,0,0,0,0,0,0
0.389071,-0.469778,0.868518,0,0,0,0,9.76383e-09,1.81614e-08,-4.62624e-09,2713,1099,1100,1119,1120,1121,1141,1142,2692,2693,2712,2714,2734,2735,0,0,0,0,0,0,0,0,0,1099,1100,1119,1120,1121,1141,1142,2692,2693,2712,2714,2734,2735,0,0,0,0,0,0,0,0,0,0.111047,0.112699,0.109533,0.0999527,0.109861,0.11282,0.111522,0.0511085,0.0544785,0.047941,0.048719,0.0548276,0.0524536,0,0,0,0,0,0,0,0,0,0.111027,0.112743,0.109473,0.1,0.109805,0.112913,0.111544,0.0507828,0.0548072,0.0469186,0.0477675,0.0551844,0.0520222,0,0,0,0,0,0,0,0,0,1,1,1,1,1,1,1,1,1,1,1,1,1,0,0,0,0,0,0,0,0,0,1,1,1,1,1,1,1,1,1,1,1,1,1,0,0,0,0,0,0,0,0,0,1,0,0,0,0,0,0,0,0,0,0,0,0,0,0,0,0,0,0,0,0,0,0,13,0,0,0,0,0,0,0,0,0,0,0,0,0,0,0,0,0,0,0,0,0,0,0,0,0,0,0,0,0,0,0,0,0,0,0,0,0,0,0,0,0,0,0,0,0,0,0,0
0.428355,-0.442757,0.858508,0,0,0,0,1.61511e-08,1.29291e-08,1.01058e-08,2714,1100,1101,1120,1121,1122,1142,1143,2693,2694,2713,2715,2735,2736,0,0,0,0,0,0,0,0,0,1100,1101,1120,1121,1122,1142,1143,2693,2694,2713,2715,2735,2736,0,0,0,0,0,0,0,0,0,0.111107,0.112943,0.109875,0.0999682,0.11013,0.113129,0.111534,0.0512945,0.0550112,0.048719,0.0493277,0.0554714,0.0525173,0,0,0,0,0,0,0,0,0,0.111105,0.112987,0.109802,0.1,0.110071,0.113213,0.111573,0.0509752,0.0553599,0.0477675,0.048442,0.0558532,0.0520971,0,0,0,0,0,0,0,0,0,1,1,1,1,1,1,1,1,1,1,1,1,1,0,0,0,0,0,0,0,0,0,1,1,1,1,1,1,1,1,1,1,1,1,1,0,0,0,0,0,0,0,0,0,1,0,0,0,0,0,0,0,0,0,0,0,0,0,0,0,0,0,0,0,0,0,0,13,0,0,0,0,0,0,0,0,0,0,0,0,0,0,0,0,0,0,0,0,0,0,0,0,0,0,0,0,0,0,0,0,0,0,0,0,0,0,0,0,0,0,0,0,0,0,0,0
0.46672,-0.414665,0.845387,0,0,0,0,2.38957e-08,8.23973e-09,2.52649e-08,2715,1101,1102,1121,1122,1123,1143,1144,2694,2695,2714,2716,2736,2737,0,0,0,0,0,0,0,0,0,1101,1102,1121,1122,1123,1143,1144,2694,2695,2714,2716,2736,2737,0,0,0,0,0,0,0,0,0,0.111113,0.11307,0.11015,0.0999815,0.110284,0.113318,0.111488,0.0513473,0.0552887,0.0493277,0.0496438,0.0558644,0.0524341,0,0,0,0,0,0,0,0,0,0.111123,0.113119,0.110068,0.1,0.110223,0.113402,0.111533,0.0510217,0.0556546,0.048442,0.0488231,0.0562696,0.0520108,0,0,0,0,0,0,0,0,0,1,1,1,1,1,1,1,1,1,1,1,1,1,0,0,0,0,0,0,0,0,0,1,1,1,1,1,1,1,1,1,1,1,1,1,0,0,0,0,0,0,0,0,0,1,0,0,0,0,0,0,0,0,0,0,0,0,0,0,0,0,0,0,0,0,0,0,13,0,0,0,0,0,0,0,0,0,0,0,0,0,0,0,0,0,0,0,0,0,0,0,0,0,0,0,0,0,0,0,0,0,0,0,0,0,0,0,0,0,0,0,0,0,0,0,0
0.503729,-0.38572,0.829354,0,0,0,0,3.29379e-08,4.174e-09,4.05772e-08,2716,1102,1103,1122,1123,1124,1144,1145,2695,2696,2715,2717,2737,2738,0,0,0,0,0,0,0,0,0,1102,1103,1122,1123,1124,1144,1145,2695,2696,2715,2717,2737,2738,0,0,0,0,0,0,0,0,0,0.111058,0.113033,0.110305,0.0999922,0.110238,0.113363,0.111373,0.0512492,0.0552058,0.0496438,0.0494589,0.055949,0.0521678,0,0,0,0,0,0,0,0,0,0.111075,0.113087,0.110219,0.1,0.110175,0.113449,0.111415,0.0509091,0.0555806,0.0488231,0.0487043,0.0563694,0.0517341,0,0,0,0,0,0,0,0,0,1,1,1,1,1,1,1,1,1,1,1,1,1,0,0,0,0,0,0,0,0,0,1,1,1,1,1,1,1,1,1,1,1,1,1,0,0,0,0,0,0,0,0,0,1,0,0,0,0,0,0,0,0,0,0,0,0,0,0,0,0,0,0,0,0,0,0,13,0,0,0,0,0,0,0,0,0,0,0,0,0,0,0,0,0,0,0,0,0,0,0,0,0,0,0,0,0,0,0,0,0,0,0,0,0,0,0,0,0,0,0,0,0,0,0,0
0.53885,-0.35628,0.810754,0,0,0,0,4.31184e-08,7.93225e-10,5.56995e-08,2717,1103,1104,1123,1124,1125,1145,1146,2696,2697,2716,2718,2738,2739,0,0,0,0,0,0,0,0,0,1103,1104,1123,1124,1125,1145,1146,2696,2697,2716,2718,2738,2739,0,0,0,0,0,0,0,0,0,0.110895,0.11276,0.110255,0.1,0.109917,0.113237,0.11112,0.0508851,0.0546016,0.0494589,0.0485807,0.0556645,0.0515571,0,0,0,0,0,0,0,0,0,0.110917,0.112821,0.110171,0.1,0.109855,0.113325,0.111152,0.050529,0.0549755,0.0487043,0.0478954,0.0560874,0.0511096,0,0,0,0,0,0,0,0,0,1,1,1,1,1,1,1,1,1,1,1,1,1,0,0,0,0,0,0,0,0,0,1,1,1,1,1,1,1,1,1,1,1,1,1,0,0,0,0,0,0,0,0,0,1,0,0,0,0,0,0,0,0,0,0,0,0,0,0,0,0,0,0,0,0,0,0,13,0,0,0,0,0,0,0,0,0,0,0,0,0,0,0,0,0,0,0,0,0,0,0,0,0,0,0,0,0,0,0,0,0,0,0,0,0,0,0,0,0,0,0,0,0,0,0,0
0.571576,-0.327111,0.789819,0,0,0,0,5.41945e-08,-1.8425e-09,7.02223e-08,2718,1104,1105,1124,1125,1126,1146,1147,2697,2698,2717,2719,2739,2740,0,0,0,0,0,0,0,0,0,1104,1105,1124,1125,1126,1146,1147,2697,2698,2717,2719,2739,2740,0,0,0,0,0,0,0,0,0,0.110487,0.112462,0.109928,0.100005,0.109718,0.11302,0.110648,0.0499072,0.0539313,0.0485807,0.0479957,0.0551887,0.0504098,0,0,0,0,0,0,0,0,0,0.110509,0.112523,0.109851,0.1,0.109658,0.113109,0.110668,0.0495311,0.0542948,0.0478954,0.0473917,0.0556015,0.0499346,0,0,0,0,0,0,0,0,0,1,1,1,1,1,1,1,1,1,1,1,1,1,0,0,0,0,0,0,0,0,0,1,1,1,1,1,1,1,1,1,1,1,1,1,0,0,0,0,0,0,0,0,0,1,0,0,0,0,0,0,0,0,0,0,0,0,0,0,0,0,0,0,0,0,0,0,13,0,0,0,0,0,0,0,0,0,0,0,0,0,0,0,0,0,0,0,0,0,0,0,0,0,0,0,0,0,0,0,0,0,0,0,0,0,0,0,0,0,0,0,0,0,0,0,0
0.602208,-0.298971,0.765873,0,0,0,0,6.61839e-08,-3.71892e-09,8.39989e-08,2719,1105,1106,1125,1126,1127,1147,1148,2698,2699,2718,2720,2740,2741,0,0,0,0,0,0,0,0,0,1105,1106,1125,1126,1127,1147,1148,2698,2699,2718,2720,2740,2741,0,0,0,0,0,0,0,0,0,0.10995,0.112622,0.10972,0.100008,0.110134,0.113023,0.110229,0.0485912,0.0543072,0.0479957,0.0489793,0.0552225,0.0493938,0,0,0,0,0,0,0,0,0,0.109963,0.11268,0.109654,0.1,0.110079,0.113116,0.110241,0.0481693,0.0546544,0.0473917,0.0484599,0.0556158,0.0488789,0,0,0,0,0,0,0,0,0,1,1,1,1,1,1,1,1,1,1,1,1,1,0,0,0,0,0,0,0,0,0,1,1,1,1,1,1,1,1,1,1,1,1,1,0,0,0,0,0,0,0,0,0,1,0,0,0,0,0,0,0,0,0,0,0,0,0,0,0,0,0,0,0,0,0,0,13,0,0,0,0,0,0,0,0,0,0,0,0,0,0,0,0,0,0,0,0,0,0,0,0,0,0,0,0,0,0,0,0,0,0,0,0,0,0,0,0,0,0,0,0,0,0,0,0
0.631588,-0.271077,0.738346,0,0,0,0,7.93887e-08,-4.96114e-09,9.73185e-08,2720,1106,1107,1126,1127,1128,1148,1149,2699,2700,2719,2721,2741,2742,0,0,0,0,0,0,0,0,0,1106,1107,1126,1127,1128,1148,1149,2699,2700,2719,2721,2741,2742,0,0,0,0,0,0,0,0,0,0.109811,0.112654,0.110127,0.100009,0.110541,0.113097,0.11004,0.0482514,0.0543929,0.0489793,0.0499362,0.0554219,0.0489229,0,0,0,0,0,0,0,0,0,0.109813,0.112706,0.110075,0.1,0.110494,0.113192,0.110043,0.0477923,0.0547142,0.0484599,0.0494953,0.0557876,0.0483864,0,0,0,0,0,0,0,0,0,1,1,1,1,1,1,1,1,1,1,1,1,1,0,0,0,0,0,0,0,0,0,1,1,1,1,1,1,1,1,1,1,1,1,1,0,0,0,0,0,0,0,0,0,1,0,0,0,0,0,0,0,0,0,0,0,0,0,0,0,0,0,0,0,0,0,0,13,0,0,0,0,0,0,0,0,0,0,0,0,0,0,0,0,0,0,0,0,0,0,0,0,0,0,0,0,0,0,0,0,0,0,0,0,0,0,0,0,0,0,0,0,0,0,0,0
0.659393,-0.242697,0.708097,0,0,0,0,9.36576e-08,-5.67619e-09,1.10093e-07,2721,1107,1108,1127,1128,1129,1149,1150,2700,2701,2720,2722,2742,2743,0,0,0,0,0,0,0,0,0,1107,1108,1127,1128,1129,1149,1150,2700,2701,2720,2722,2742,2743,0,0,0,0,0,0,0,0,0,0.109711,0.112373,0.11053,0.100009,0.110621,0.112905,0.109844,0.048014,0.0537693,0.0499362,0.0500824,0.0550086,0.0484116,0,0,0,0,0,0,0,0,0,0.109711,0.112422,0.110491,0.1,0.110582,0.112993,0.109839,0.0475343,0.0540614,0.0494953,0.0497129,0.055339,0.0478694,0,0,0,0,0,0,0,0,0,1,1,1,1,1,1,1,1,1,1,1,1,1,0,0,0,0,0,0,0,0,0,1,1,1,1,1,1,1,1,1,1,1,1,1,0,0,0,0,0,0,0,0,0,1,0,0,0,0,0,0,0,0,0,0,0,0,0,0,0,0,0,0,0,0,0,0,13,0,0,0,0,0,0,0,0,0,0,0,0,0,0,0,0,0,0,0,0,0,0,0,0,0,0,0,0,0,0,0,0,0,0,0,0,0,0,0,0,0,0,0,0,0,0,0,0
0.685019,-0.214111,0.675935,0,0,0,0,1.08624e-07,-5.92152e-09,1.22003e-07,2722,1108,1109,1128,1129,1130,1150,1151,2701,2702,2721,2723,2743,2744,0,0,0,0,0,0,0,0,0,1108,1109,1128,1129,1130,1150,1151,2701,2702,2721,2723,2743,2744,0,0,0,0,0,0,0,0,0,0.109481,0.111953,0.110607,0.100009,0.110488,0.112529,0.109573,0.0474242,0.0528191,0.0500824,0.049709,0.0541681,0.0476933,0,0,0,0,0,0,0,0,0,0.10948,0.111997,0.11058,0.1,0.110458,0.112605,0.10956,0.0469418,0.0530753,0.0497129,0.0494066,0.0544586,0.0471574,0,0,0,0,0,0,0,0,0,1,1,1,1,1,1,1,1,1,1,1,1,1,0,0,0,0,0,0,0,0,0,1,1,1,1,1,1,1,1,1,1,1,1,1,0,0,0,0,0,0,0,0,0,1,0,0,0,0,0,0,0,0,0,0,0,0,0,0,0,0,0,0,0,0,0,0,13,0,0,0,0,0,0,0,0,0,0,0,0,0,0,0,0,0,0,0,0,0,0,0,0,0,0,0,0,0,0,0,0,0,0,0,0,0,0,0,0,0,0,0,0,0,0,0,0
0.708174,-0.18575,0.642312,0,0,0,0,1.24002e-07,-5.78862e-09,1.32827e-07,2723,1109,1110,1129,1130,1131,1151,1152,2702,2703,2722,2724,2744,2745,0,0,0,0,0,0,0,0,0,1109,1110,1129,1130,1131,1151,1152,2702,2703,2722,2724,2744,2745,0,0,0,0,0,0,0,0,0,0.109178,0.111475,0.110474,0.100009,0.110223,0.112063,0.109247,0.0466248,0.0516985,0.049709,0.0490227,0.0531135,0.0468255,0,0,0,0,0,0,0,0,0,0.109174,0.111507,0.110457,0.1,0.110206,0.112129,0.109231,0.0461474,0.0519227,0.0494066,0.0487767,0.0533608,0.0463048,0,0,0,0,0,0,0,0,0,1,1,1,1,1,1,1,1,1,1,1,1,1,0,0,0,0,0,0,0,0,0,1,1,1,1,1,1,1,1,1,1,1,1,1,0,0,0,0,0,0,0,0,0,1,0,0,0,0,0,0,0,0,0,0,0,0,0,0,0,0,0,0,0,0,0,0,13,0,0,0,0,0,0,0,0,0,0,0,0,0,0,0,0,0,0,0,0,0,0,0,0,0,0,0,0,0,0,0,0,0,0,0,0,0,0,0,0,0,0,0,0,0,0,0,0
0.728754,-0.157927,0.60759,0,0,0,0,1.39577e-07,-5.38693e-09,1.42486e-07,2724,1110,1111,1130,1131,1132,1152,1153,2703,2704,2723,2725,2745,2746,0,0,0,0,0,0,0,0,0,1110,1111,1130,1131,1132,1152,1153,2703,2704,2723,2725,2745,2746,0,0,0,0,0,0,0,0,0,0.108847,0.110957,0.110216,0.100008,0.109868,0.111549,0.108888,0.0457121,0.0504722,0.0490227,0.0481378,0.0519281,0.0458585,0,0,0,0,0,0,0,0,0,0.108833,0.110982,0.110206,0.1,0.10987,0.111603,0.108873,0.0452475,0.0506614,0.0487767,0.047929,0.052129,0.0453606,0,0,0,0,0,0,0,0,0,1,1,1,1,1,1,1,1,1,1,1,1,1,0,0,0,0,0,0,0,0,0,1,1,1,1,1,1,1,1,1,1,1,1,1,0,0,0,0,0,0,0,0,0,1,0,0,0,0,0,0,0,0,0,0,0,0,0,0,0,0,0,0,0,0,0,0,13,0,0,0,0,0,0,0,0,0,0,0,0,0,0,0,0,0,0,0,0,0,0,0,0,0,0,0,0,0,0,0,0,0,0,0,0,0,0,0,0,0,0,0,0,0,0,0,0
0.74676,-0.130862,0.572087,0,0,0,0,1.55199e-07,-4.79736e-09,1.50985e-07,2725,1111,1112,1131,1132,1133,1153,1154,2704,2705,2724,2726,2746,2747,0,0,0,0,0,0,0,0,0,1111,1112,1131,1132,1133,1153,1154,2704,2705,2724,2726,2746,2747,0,0,0,0,0,0,0,0,0,0.108496,0.11039,0.109887,0.100008,0.109445,0.111016,0.108525,0.0447384,0.0491861,0.0481378,0.0471177,0.0506549,0.0448253,0,0,0,0,0,0,0,0,0,0.108475,0.110435,0.109871,0.1,0.109475,0.111047,0.108499,0.0442858,0.0493193,0.047929,0.0469147,0.050799,0.0443578,0,0,0,0,0,0,0,0,0,1,1,1,1,1,1,1,1,1,1,1,1,1,0,0,0,0,0,0,0,0,0,1,1,1,1,1,1,1,1,1,1,1,1,1,0,0,0,0,0,0,0,0,0,1,0,0,0,0,0,0,0,0,0,0,0,0,0,0,0,0,0,0,0,0,0,0,13,0,0,0,0,0,0,0,0,0,0,0,0,0,0,0,0,0,0,0,0,0,0,0,0,0,0,0,0,0,0,0,0,0,0,0,0,0,0,0,0,0,0,0,0,0,0,0,0
0.76223,-0.104715,0.536072,0,0,0,0,1.70875e-07,-4.10123e-09,1.58347e-07,2726,1112,1132,1133,1134,1154,1155,2705,2725,2727,2747,2748,0,0,0,0,0,0,0,0,0,0,0,1112,1132,1133,1134,1154,1155,2705,2725,2727,2747,2748,0,0,0,0,0,0,0,0,0,0,0,0.108083,0.1095,0.099991,0.108964,0.11048,0.108162,0.0437641,0.0471177,0.0459532,0.0493484,0.0438186,0,0,0,0,0,0,0,0,0,0,0,0.108109,0.109476,0.1,0.109038,0.110471,0.10812,0.0432865,0.0469147,0.0457705,0.0493941,0.0433195,0,0,0,0,0,0,0,0,0,0,0,1,1,1,1,1,1,1,1,1,1,1,0,0,0,0,0,0,0,0,0,0,0,1,1,1,1,1,1,1,1,1,1,1,0,0,0,0,0,0,0,0,0,0,0,1,0,0,0,0,0,0,0,0,0,0,0,0,0,0,0,0,0,0,0,0,0,0,11,0,0,0,0,0,0,0,0,0,0,0,0,0,0,0,0,0,0,0,0,0,0,0,0,0,0,0,0,0,0,0,0,0,0,0,0,0,0,0,0,0,0,0,0,0,0,0,0
0.775246,-0.0792608,0.500095,0,0,0,0,1.86163e-07,-3.15804e-09,1.64347e-07,2727,1133,1134,1155,1156,2726,2748,2749,0,0,0,0,0,0,0,0,0,0,0,0,0,0,0,1133,1134,1155,1156,2726,2748,2749,0,0,0,0,0,0,0,0,0,0,0,0,0,0,0,0.109099,0.100015,0.10984,0.107709,0.0459532,0.0477445,0.0424702,0,0,0,0,0,0,0,0,0,0,0,0,0,0,0,0.10904,0.1,0.109888,0.107743,0.0457705,0.0479337,0.0422656,0,0,0,0,0,0,0,0,0,0,0,0,0,0,0,1,1,1,1,1,1,1,0,0,0,0,0,0,0,0,0,0,0,0,0,0,0,1,1,1,1,1,1,1,0,0,0,0,0,0,0,0,0,0,0,0,0,0,0,1,0,0,0,0,0,0,0,0,0,0,0,0,0,0,0,0,0,0,0,0,0,0,7,0,0,0,0,0,0,0,0,0,0,0,0,0,0,0,0,0,0,0,0,0,0,0,0,0,0,0,0,0,0,0,0,0,0,0,0,0,0,0,0,0,0,0,0,0,0,0,0
0.114514,-0.590155,0.89336,0,0,0,0,-3.21635e-09,5.01895e-08,-7.29153e-08,2728,45,46,1113,1114,1135,1136,1157,1638,1639,2706,2707,2729,2750,0,0,0,0,0,0,0,0,0,45,46,1113,1114,1135,1136,1157,1638,1639,2706,2707,2729,2750,0,0,0,0,0,0,0,0,0,0.107267,0.109287,0.109675,0.10995,0.0997807,0.107918,0.11015,0.0421662,0.047287,0.047338,0.0483027,0.0441174,0.0492531,0,0,0,0,0,0,0,0,0,0.106949,0.109766,0.109475,0.110152,0.1,0.107698,0.110112,0.0400047,0.0476946,0.0468839,0.0486376,0.0421189,0.0484902,0,0,0,0,0,0,0,0,0,1,1,1,1,1,1,1,1,1,1,1,1,1,0,0,0,0,0,0,0,0,0,1,1,1,1,1,1,1,1,1,1,1,1,1,0,0,0,0,0,0,0,0,0,1,0,0,0,0,0,0,0,0,0,0,0,0,0,0,0,0,0,0,0,0,0,0,13,0,0,0,0,0,0,0,0,0,0,0,0,0,0,0,0,0,0,0,0,0,0,0,0,0,0,0,0,0,0,0,0,0,0,0,0,0,0,0,0,0,0,0,0,0,0,0,0
0.153579,-0.572193,0.903243,0,0,0,0,-3.6846e-09,4.43244e-08,-6.48231e-08,2729,1114,1115,1135,1136,1137,1157,1158,2707,2708,2728,2730,2750,2751,0,0,0,0,0,0,0,0,0,1114,1115,1135,1136,1137,1157,1158,2707,2708,2728,2730,2750,2751,0,0,0,0,0,0,0,0,0,0.110192,0.110464,0.107814,0.0998647,0.10824,0.110002,0.110731,0.0486092,0.0494232,0.0441174,0.0448894,0.0493057,0.0504824,0,0,0,0,0,0,0,0,0,0.109937,0.110608,0.107701,0.1,0.108056,0.110562,0.110581,0.0480685,0.0497703,0.0421189,0.0431232,0.0496652,0.0496583,0,0,0,0,0,0,0,0,0,1,1,1,1,1,1,1,1,1,1,1,1,1,0,0,0,0,0,0,0,0,0,1,1,1,1,1,1,1,1,1,1,1,1,1,0,0,0,0,0,0,0,0,0,1,0,0,0,0,0,0,0,0,0,0,0,0,0,0,0,0,0,0,0,0,0,0,13,0,0,0,0,0,0,0,0,0,0,0,0,0,0,0,0,0,0,0,0,0,0,0,0,0,0,0,0,0,0,0,0,0,0,0,0,0,0,0,0,0,0,0,0,0,0,0,0
0.193193,-0.552384,0.91055,0,0,0,0,-3.58405e-09,3.84262e-08,-5.55969e-08,2730,1115,1116,1136,1137,1138,1158,1159,2708,2709,2729,2731,2751,2752,0,0,0,0,0,0,0,0,0,1115,1116,1136,1137,1138,1158,1159,2708,2709,2729,2731,2751,2752,0,0,0,0,0,0,0,0,0,0.11057,0.110983,0.108138,0.0998555,0.108593,0.110637,0.111131,0.0496945,0.0506328,0.0448894,0.0458071,0.0505074,0.0515093,0,0,0,0,0,0,0,0,0,0.110354,0.111101,0.108059,0.1,0.108462,0.111057,0.110999,0.0491157,0.0509698,0.0431232,0.0442396,0.050871,0.0506832,0,0,0,0,0,0,0,0,0,1,1,1,1,1,1,1,1,1,1,1,1,1,0,0,0,0,0,0,0,0,0,1,1,1,1,1,1,1,1,1,1,1,1,1,0,0,0,0,0,0,0,0,0,1,0,0,0,0,0,0,0,0,0,0,0,0,0,0,0,0,0,0,0,0,0,0,13,0,0,0,0,0,0,0,0,0,0,0,0,0,0,0,0,0,0,0,0,0,0,0,0,0,0,0,0,0,0,0,0,0,0,0,0,0,0,0,0,0,0,0,0,0,0,0,0
0.23336,-0.530832,0.915068,0,0,0,0,-2.73998e-09,3.25458e-08,-4.52408e-08,2731,1116,1117,1137,1138,1139,1159,1160,2709,2710,2730,2732,2752,2753,0,0,0,0,0,0,0,0,0,1116,1117,1137,1138,1139,1159,1160,2709,2710,2730,2732,2752,2753,0,0,0,0,0,0,0,0,0,0.110902,0.111512,0.108504,0.0998719,0.108978,0.111251,0.11147,0.050598,0.0518331,0.0458071,0.0467607,0.0517686,0.0523357,0,0,0,0,0,0,0,0,0,0.11072,0.1116,0.108465,0.1,0.108882,0.111579,0.111357,0.0500225,0.0521618,0.0442396,0.0453659,0.0521176,0.0515502,0,0,0,0,0,0,0,0,0,1,1,1,1,1,1,1,1,1,1,1,1,1,0,0,0,0,0,0,0,0,0,1,1,1,1,1,1,1,1,1,1,1,1,1,0,0,0,0,0,0,0,0,0,1,0,0,0,0,0,0,0,0,0,0,0,0,0,0,0,0,0,0,0,0,0,0,13,0,0,0,0,0,0,0,0,0,0,0,0,0,0,0,0,0,0,0,0,0,0,0,0,0,0,0,0,0,0,0,0,0,0,0,0,0,0,0,0,0,0,0,0,0,0,0,0
0.273932,-0.507633,0.916564,0,0,0,0,-9.81959e-10,2.67726e-08,-3.37965e-08,2732,1117,1118,1138,1139,1140,1160,1161,2710,2711,2731,2733,2753,2754,0,0,0,0,0,0,0,0,0,1117,1118,1138,1139,1140,1160,1161,2710,2711,2731,2733,2753,2754,0,0,0,0,0,0,0,0,0,0.111169,0.112017,0.108911,0.0998887,0.109371,0.111857,0.111721,0.0513205,0.0529653,0.0467607,0.0477125,0.0529939,0.0529628,0,0,0,0,0,0,0,0,0,0.111028,0.112083,0.108883,0.1,0.109297,0.112101,0.111646,0.0507764,0.0532926,0.0453659,0.046459,0.0533377,0.0522423,0,0,0,0,0,0,0,0,0,1,1,1,1,1,1,1,1,1,1,1,1,1,0,0,0,0,0,0,0,0,0,1,1,1,1,1,1,1,1,1,1,1,1,1,0,0,0,0,0,0,0,0,0,1,0,0,0,0,0,0,0,0,0,0,0,0,0,0,0,0,0,0,0,0,0,0,13,0,0,0,0,0,0,0,0,0,0,0,0,0,0,0,0,0,0,0,0,0,0,0,0,0,0,0,0,0,0,0,0,0,0,0,0,0,0,0,0,0,0,0,0,0,0,0,0
0.314705,-0.482911,0.914853,0,0,0,0,1.84035e-09,2.12055e-08,-2.13473e-08,2733,1118,1119,1139,1140,1141,1161,1162,2711,2712,2732,2734,2754,2755,0,0,0,0,0,0,0,0,0,1118,1119,1139,1140,1141,1161,1162,2711,2712,2732,2734,2754,2755,0,0,0,0,0,0,0,0,0,0.111373,0.112475,0.109329,0.0999094,0.109759,0.112413,0.111892,0.0518654,0.0539783,0.0477125,0.0486291,0.0541232,0.0533974,0,0,0,0,0,0,0,0,0,0.111271,0.112526,0.109298,0.1,0.109696,0.112596,0.111856,0.051365,0.0543153,0.046459,0.0474897,0.0544741,0.0527463,0,0,0,0,0,0,0,0,0,1,1,1,1,1,1,1,1,1,1,1,1,1,0,0,0,0,0,0,0,0,0,1,1,1,1,1,1,1,1,1,1,1,1,1,0,0,0,0,0,0,0,0,0,1,0,0,0,0,0,0,0,0,0,0,0,0,0,0,0,0,0,0,0,0,0,0,13,0,0,0,0,0,0,0,0,0,0,0,0,0,0,0,0,0,0,0,0,0,0,0,0,0,0,0,0,0,0,0,0,0,0,0,0,0,0,0,0,0,0,0,0,0,0,0,0
0.355418,-0.456799,0.909811,0,0,0,0,5.85066e-09,1.59492e-08,-8.01445e-09,2734,1119,1120,1140,1141,1142,1162,1163,2712,2713,2733,2735,2755,2756,0,0,0,0,0,0,0,0,0,1119,1120,1140,1141,1142,1162,1163,2712,2713,2733,2735,2755,2756,0,0,0,0,0,0,0,0,0,0.11151,0.112864,0.10974,0.0999309,0.110125,0.112895,0.111986,0.0522398,0.0548276,0.0486291,0.049471,0.055101,0.0536507,0,0,0,0,0,0,0,0,0,0.111443,0.112908,0.109696,0.1,0.110065,0.113039,0.111985,0.0517804,0.0551844,0.0474897,0.0484261,0.0554731,0.0530574,0,0,0,0,0,0,0,0,0,1,1,1,1,1,1,1,1,1,1,1,1,1,0,0,0,0,0,0,0,0,0,1,1,1,1,1,1,1,1,1,1,1,1,1,0,0,0,0,0,0,0,0,0,1,0,0,0,0,0,0,0,0,0,0,0,0,0,0,0,0,0,0,0,0,0,0,13,0,0,0,0,0,0,0,0,0,0,0,0,0,0,0,0,0,0,0,0,0,0,0,0,0,0,0,0,0,0,0,0,0,0,0,0,0,0,0,0,0,0,0,0,0,0,0,0
0.395765,-0.429443,0.901376,0,0,0,0,1.11372e-08,1.1106e-08,6.04206e-09,2735,1120,1121,1141,1142,1143,1163,1164,2713,2714,2734,2736,2756,2757,0,0,0,0,0,0,0,0,0,1120,1121,1141,1142,1143,1163,1164,2713,2714,2734,2736,2756,2757,0,0,0,0,0,0,0,0,0,0.111583,0.113162,0.110124,0.0999515,0.110445,0.113279,0.11201,0.0524536,0.0554714,0.049471,0.0501816,0.0558791,0.0537377,0,0,0,0,0,0,0,0,0,0.111543,0.113206,0.110063,0.1,0.110383,0.113403,0.112035,0.0520222,0.0558532,0.0484261,0.0492205,0.0562819,0.0531817,0,0,0,0,0,0,0,0,0,1,1,1,1,1,1,1,1,1,1,1,1,1,0,0,0,0,0,0,0,0,0,1,1,1,1,1,1,1,1,1,1,1,1,1,0,0,0,0,0,0,0,0,0,1,0,0,0,0,0,0,0,0,0,0,0,0,0,0,0,0,0,0,0,0,0,0,13,0,0,0,0,0,0,0,0,0,0,0,0,0,0,0,0,0,0,0,0,0,0,0,0,0,0,0,0,0,0,0,0,0,0,0,0,0,0,0,0,0,0,0,0,0,0,0,0
0.43539,-0.401004,0.889575,0,0,0,0,1.77434e-08,6.76832e-09,2.06231e-08,2736,1121,1122,1142,1143,1144,1164,1165,2714,2715,2735,2737,2757,2758,0,0,0,0,0,0,0,0,0,1121,1122,1142,1143,1144,1164,1165,2714,2715,2735,2737,2757,2758,0,0,0,0,0,0,0,0,0,0.111594,0.113345,0.110454,0.0999697,0.110678,0.113544,0.111973,0.0525173,0.0558644,0.0501816,0.0506699,0.056412,0.0536735,0,0,0,0,0,0,0,0,0,0.111573,0.113393,0.11038,0.1,0.110613,0.11366,0.112011,0.0520971,0.0562696,0.0492205,0.0497892,0.0568467,0.0531336,0,0,0,0,0,0,0,0,0,1,1,1,1,1,1,1,1,1,1,1,1,1,0,0,0,0,0,0,0,0,0,1,1,1,1,1,1,1,1,1,1,1,1,1,0,0,0,0,0,0,0,0,0,1,0,0,0,0,0,0,0,0,0,0,0,0,0,0,0,0,0,0,0,0,0,0,13,0,0,0,0,0,0,0,0,0,0,0,0,0,0,0,0,0,0,0,0,0,0,0,0,0,0,0,0,0,0,0,0,0,0,0,0,0,0,0,0,0,0,0,0,0,0,0,0
0.473881,-0.371679,0.874545,0,0,0,0,2.56544e-08,3.01152e-09,3.54868e-08,2737,1122,1123,1143,1144,1145,1165,1166,2715,2716,2736,2738,2758,2759,0,0,0,0,0,0,0,0,0,1122,1123,1143,1144,1145,1165,1166,2715,2716,2736,2738,2758,2759,0,0,0,0,0,0,0,0,0,0.111543,0.113384,0.110691,0.0999845,0.110754,0.113667,0.111878,0.0524341,0.055949,0.0506699,0.0507692,0.0566522,0.053461,0,0,0,0,0,0,0,0,0,0.111535,0.113439,0.110609,0.1,0.110686,0.113783,0.111918,0.0520108,0.0563694,0.0497892,0.0499698,0.0571111,0.0529226,0,0,0,0,0,0,0,0,0,1,1,1,1,1,1,1,1,1,1,1,1,1,0,0,0,0,0,0,0,0,0,1,1,1,1,1,1,1,1,1,1,1,1,1,0,0,0,0,0,0,0,0,0,1,0,0,0,0,0,0,0,0,0,0,0,0,0,0,0,0,0,0,0,0,0,0,13,0,0,0,0,0,0,0,0,0,0,0,0,0,0,0,0,0,0,0,0,0,0,0,0,0,0,0,0,0,0,0,0,0,0,0,0,0,0,0,0,0,0,0,0,0,0,0,0
0.510747,-0.341764,0.856558,0,0,0,0,3.47759e-08,-1.09344e-10,5.03347e-08,2738,1123,1124,1144,1145,1146,1166,1167,2716,2717,2737,2739,2759,2760,0,0,0,0,0,0,0,0,0,1123,1124,1144,1145,1146,1166,1167,2716,2717,2737,2739,2759,2760,0,0,0,0,0,0,0,0,0,0.111417,0.113252,0.110765,0.0999958,0.110586,0.113632,0.111701,0.0521678,0.0556645,0.0507692,0.0502737,0.0565616,0.0530374,0,0,0,0,0,0,0,0,0,0.111418,0.113313,0.110681,0.1,0.110519,0.113748,0.111733,0.0517341,0.0560874,0.0499698,0.0495567,0.0570297,0.0524944,0,0,0,0,0,0,0,0,0,1,1,1,1,1,1,1,1,1,1,1,1,1,0,0,0,0,0,0,0,0,0,1,1,1,1,1,1,1,1,1,1,1,1,1,0,0,0,0,0,0,0,0,0,1,0,0,0,0,0,0,0,0,0,0,0,0,0,0,0,0,0,0,0,0,0,0,13,0,0,0,0,0,0,0,0,0,0,0,0,0,0,0,0,0,0,0,0,0,0,0,0,0,0,0,0,0,0,0,0,0,0,0,0,0,0,0,0,0,0,0,0,0,0,0,0
0.545455,-0.311791,0.835957,0,0,0,0,4.49253e-08,-2.55685e-09,6.48063e-08,2739,1124,1125,1145,1146,1147,1167,1168,2717,2718,2738,2740,2760,2761,0,0,0,0,0,0,0,0,0,1124,1125,1145,1146,1147,1167,1168,2717,2718,2738,2740,2760,2761,0,0,0,0,0,0,0,0,0,0.111151,0.113032,0.110593,0.100003,0.11028,0.113473,0.111344,0.0515571,0.0551887,0.0502737,0.049435,0.0562103,0.0521755,0,0,0,0,0,0,0,0,0,0.111156,0.113097,0.110514,0.1,0.110216,0.113587,0.111364,0.0511096,0.0556015,0.0495567,0.0488028,0.0566701,0.0516212,0,0,0,0,0,0,0,0,0,1,1,1,1,1,1,1,1,1,1,1,1,1,0,0,0,0,0,0,0,0,0,1,1,1,1,1,1,1,1,1,1,1,1,1,0,0,0,0,0,0,0,0,0,1,0,0,0,0,0,0,0,0,0,0,0,0,0,0,0,0,0,0,0,0,0,0,13,0,0,0,0,0,0,0,0,0,0,0,0,0,0,0,0,0,0,0,0,0,0,0,0,0,0,0,0,0,0,0,0,0,0,0,0,0,0,0,0,0,0,0,0,0,0,0,0
0.577838,-0.282605,0.812647,0,0,0,0,5.59701e-08,-4.30782e-09,7.85978e-08,2740,1125,1126,1146,1147,1148,1168,1169,2718,2719,2739,2741,2761,2762,0,0,0,0,0,0,0,0,0,1125,1126,1146,1147,1148,1168,1169,2718,2719,2739,2741,2761,2762,0,0,0,0,0,0,0,0,0,0.11067,0.113039,0.110281,0.100008,0.110397,0.11341,0.110811,0.0504098,0.0552225,0.049435,0.0496475,0.0560907,0.0508941,0,0,0,0,0,0,0,0,0,0.110672,0.113104,0.110211,0.1,0.110337,0.113524,0.110821,0.0499346,0.0556158,0.0488028,0.0491055,0.056529,0.0503116,0,0,0,0,0,0,0,0,0,1,1,1,1,1,1,1,1,1,1,1,1,1,0,0,0,0,0,0,0,0,0,1,1,1,1,1,1,1,1,1,1,1,1,1,0,0,0,0,0,0,0,0,0,1,0,0,0,0,0,0,0,0,0,0,0,0,0,0,0,0,0,0,0,0,0,0,13,0,0,0,0,0,0,0,0,0,0,0,0,0,0,0,0,0,0,0,0,0,0,0,0,0,0,0,0,0,0,0,0,0,0,0,0,0,0,0,0,0,0,0,0,0,0,0,0
0.608595,-0.254269,0.78589,0,0,0,0,6.80955e-08,-5.42148e-09,9.18007e-08,2741,1126,1127,1147,1148,1149,1169,1170,2719,2720,2740,2742,2762,2763,0,0,0,0,0,0,0,0,0,1126,1127,1147,1148,1149,1169,1170,2719,2720,2740,2742,2762,2763,0,0,0,0,0,0,0,0,0,0.110252,0.113121,0.110389,0.10001,0.110854,0.113528,0.110447,0.0493938,0.0554219,0.0496475,0.0507041,0.0563858,0.0500048,0,0,0,0,0,0,0,0,0,0.110245,0.11318,0.110333,0.1,0.110801,0.113642,0.110449,0.0488789,0.0557876,0.0491055,0.05025,0.0567928,0.0493977,0,0,0,0,0,0,0,0,0,1,1,1,1,1,1,1,1,1,1,1,1,1,0,0,0,0,0,0,0,0,0,1,1,1,1,1,1,1,1,1,1,1,1,1,0,0,0,0,0,0,0,0,0,1,0,0,0,0,0,0,0,0,0,0,0,0,0,0,0,0,0,0,0,0,0,0,13,0,0,0,0,0,0,0,0,0,0,0,0,0,0,0,0,0,0,0,0,0,0,0,0,0,0,0,0,0,0,0,0,0,0,0,0,0,0,0,0,0,0,0,0,0,0,0,0
0.637961,-0.225849,0.755876,0,0,0,0,8.13726e-08,-6.01234e-09,1.04528e-07,2742,1127,1128,1148,1149,1150,1170,1171,2720,2721,2741,2743,2763,2764,0,0,0,0,0,0,0,0,0,1127,1128,1148,1149,1150,1170,1171,2720,2721,2741,2743,2763,2764,0,0,0,0,0,0,0,0,0,0.110059,0.112926,0.11084,0.10001,0.111081,0.113436,0.110226,0.0489229,0.0550086,0.0507041,0.0511989,0.0562054,0.0494376,0,0,0,0,0,0,0,0,0,0.110048,0.112981,0.110798,0.1,0.111038,0.113543,0.110218,0.0483864,0.055339,0.05025,0.0508264,0.0565741,0.0488258,0,0,0,0,0,0,0,0,0,1,1,1,1,1,1,1,1,1,1,1,1,1,0,0,0,0,0,0,0,0,0,1,1,1,1,1,1,1,1,1,1,1,1,1,0,0,0,0,0,0,0,0,0,1,0,0,0,0,0,0,0,0,0,0,0,0,0,0,0,0,0,0,0,0,0,0,13,0,0,0,0,0,0,0,0,0,0,0,0,0,0,0,0,0,0,0,0,0,0,0,0,0,0,0,0,0,0,0,0,0,0,0,0,0,0,0,0,0,0,0,0,0,0,0,0
0.665362,-0.197186,0.723488,0,0,0,0,9.55128e-08,-6.15251e-09,1.16541e-07,2743,1128,1129,1149,1150,1151,1171,1172,2721,2722,2742,2744,2764,2765,0,0,0,0,0,0,0,0,0,1128,1129,1149,1150,1151,1171,1172,2721,2722,2742,2744,2764,2765,0,0,0,0,0,0,0,0,0,0.109854,0.112543,0.111066,0.100011,0.111037,0.113103,0.109972,0.0484116,0.0541681,0.0511989,0.0510431,0.0554765,0.0487713,0,0,0,0,0,0,0,0,0,0.109843,0.112594,0.111036,0.1,0.111005,0.113196,0.109956,0.0478694,0.0544586,0.0508264,0.0507441,0.0558007,0.0481679,0,0,0,0,0,0,0,0,0,1,1,1,1,1,1,1,1,1,1,1,1,1,0,0,0,0,0,0,0,0,0,1,1,1,1,1,1,1,1,1,1,1,1,1,0,0,0,0,0,0,0,0,0,1,0,0,0,0,0,0,0,0,0,0,0,0,0,0,0,0,0,0,0,0,0,0,13,0,0,0,0,0,0,0,0,0,0,0,0,0,0,0,0,0,0,0,0,0,0,0,0,0,0,0,0,0,0,0,0,0,0,0,0,0,0,0,0,0,0,0,0,0,0,0,0
0.690368,-0.168654,0.689341,0,0,0,0,1.10214e-07,-5.92068e-09,1.27581e-07,2744,1129,1130,1150,1151,1152,1172,1173,2722,2723,2743,2745,2765,2766,0,0,0,0,0,0,0,0,0,1129,1130,1150,1151,1152,1172,1173,2722,2723,2743,2745,2765,2766,0,0,0,0,0,0,0,0,0,0.109576,0.112074,0.111022,0.10001,0.110817,0.112654,0.109661,0.0476933,0.0531135,0.0510431,0.0504735,0.0544785,0.0479461,0,0,0,0,0,0,0,0,0,0.109563,0.112118,0.111003,0.1,0.110797,0.112733,0.109639,0.0471574,0.0533608,0.0507441,0.0502379,0.0547535,0.0473608,0,0,0,0,0,0,0,0,0,1,1,1,1,1,1,1,1,1,1,1,1,1,0,0,0,0,0,0,0,0,0,1,1,1,1,1,1,1,1,1,1,1,1,1,0,0,0,0,0,0,0,0,0,1,0,0,0,0,0,0,0,0,0,0,0,0,0,0,0,0,0,0,0,0,0,0,13,0,0,0,0,0,0,0,0,0,0,0,0,0,0,0,0,0,0,0,0,0,0,0,0,0,0,0,0,0,0,0,0,0,0,0,0,0,0,0,0,0,0,0,0,0,0,0,0
0.71279,-0.140608,0.653869,0,0,0,0,1.25236e-07,-5.4144e-09,1.37504e-07,2745,1130,1131,1151,1152,1153,1173,1174,2723,2724,2744,2746,2766,2767,0,0,0,0,0,0,0,0,0,1130,1131,1151,1152,1153,1173,1174,2723,2724,2744,2746,2766,2767,0,0,0,0,0,0,0,0,0,0.10925,0.111554,0.110808,0.100009,0.110488,0.112146,0.109306,0.0468255,0.0519281,0.0504735,0.0496458,0.05333,0.046998,0,0,0,0,0,0,0,0,0,0.109234,0.111593,0.110797,0.1,0.110482,0.112209,0.109282,0.0463048,0.052129,0.0502379,0.0494605,0.0535525,0.0464383,0,0,0,0,0,0,0,0,0,1,1,1,1,1,1,1,1,1,1,1,1,1,0,0,0,0,0,0,0,0,0,1,1,1,1,1,1,1,1,1,1,1,1,1,0,0,0,0,0,0,0,0,0,1,0,0,0,0,0,0,0,0,0,0,0,0,0,0,0,0,0,0,0,0,0,0,13,0,0,0,0,0,0,0,0,0,0,0,0,0,0,0,0,0,0,0,0,0,0,0,0,0,0,0,0,0,0,0,0,0,0,0,0,0,0,0,0,0,0,0,0,0,0,0,0
0.732576,-0.113301,0.617434,0,0,0,0,1.40394e-07,-4.72638e-09,1.46252e-07,2746,1131,1132,1152,1153,1154,1174,1175,2724,2725,2745,2747,2767,2768,0,0,0,0,0,0,0,0,0,1131,1132,1152,1153,1154,1174,1175,2724,2725,2745,2747,2767,2768,0,0,0,0,0,0,0,0,0,0.108893,0.110995,0.110489,0.100007,0.110086,0.111603,0.108931,0.0458585,0.0506549,0.0496458,0.0486313,0.0520736,0.045966,0,0,0,0,0,0,0,0,0,0.108875,0.111038,0.110482,0.1,0.110091,0.111648,0.108902,0.0453606,0.050799,0.0494605,0.0484852,0.0522412,0.045438,0,0,0,0,0,0,0,0,0,1,1,1,1,1,1,1,1,1,1,1,1,1,0,0,0,0,0,0,0,0,0,1,1,1,1,1,1,1,1,1,1,1,1,1,0,0,0,0,0,0,0,0,0,1,0,0,0,0,0,0,0,0,0,0,0,0,0,0,0,0,0,0,0,0,0,0,13,0,0,0,0,0,0,0,0,0,0,0,0,0,0,0,0,0,0,0,0,0,0,0,0,0,0,0,0,0,0,0,0,0,0,0,0,0,0,0,0,0,0,0,0,0,0,0,0
0.749747,-0.0869101,0.580371,0,0,0,0,1.55532e-07,-3.94687e-09,1.53775e-07,2747,1132,1133,1153,1154,1155,1175,1176,2725,2726,2746,2748,2768,2769,0,0,0,0,0,0,0,0,0,1132,1133,1153,1154,1155,1175,1176,2725,2726,2746,2748,2768,2769,0,0,0,0,0,0,0,0,0,0.10851,0.11039,0.110096,0.100007,0.109654,0.111039,0.108552,0.0448253,0.0493484,0.0486313,0.0474434,0.0507358,0.0448928,0,0,0,0,0,0,0,0,0,0.108501,0.110464,0.110093,0.1,0.109649,0.111063,0.108511,0.0443578,0.0493941,0.0484852,0.0473586,0.0508445,0.0443881,0,0,0,0,0,0,0,0,0,1,1,1,1,1,1,1,1,1,1,1,1,1,0,0,0,0,0,0,0,0,0,1,1,1,1,1,1,1,1,1,1,1,1,1,0,0,0,0,0,0,0,0,0,1,0,0,0,0,0,0,0,0,0,0,0,0,0,0,0,0,0,0,0,0,0,0,13,0,0,0,0,0,0,0,0,0,0,0,0,0,0,0,0,0,0,0,0,0,0,0,0,0,0,0,0,0,0,0,0,0,0,0,0,0,0,0,0,0,0,0,0,0,0,0,0
0.764341,-0.0615078,0.543053,0,0,0,0,1.70449e-07,-3.22948e-09,1.59963e-07,2748,1133,1134,1154,1155,1156,1176,1177,2726,2727,2747,2749,2769,2770,0,0,0,0,0,0,0,0,0,1133,1134,1154,1155,1156,1176,1177,2726,2727,2747,2749,2769,2770,0,0,0,0,0,0,0,0,0,0.108108,0.10988,0.109631,0.100009,0.109178,0.110426,0.108149,0.0438186,0.0477445,0.0474434,0.0462374,0.0492736,0.043748,0,0,0,0,0,0,0,0,0,0.108121,0.109881,0.109651,0.1,0.109172,0.110465,0.108117,0.0433195,0.0479337,0.0473586,0.0461191,0.0493828,0.0433119,0,0,0,0,0,0,0,0,0,1,1,1,1,1,1,1,1,1,1,1,1,1,0,0,0,0,0,0,0,0,0,1,1,1,1,1,1,1,1,1,1,1,1,1,0,0,0,0,0,0,0,0,0,1,0,0,0,0,0,0,0,0,0,0,0,0,0,0,0,0,0,0,0,0,0,0,13,0,0,0,0,0,0,0,0,0,0,0,0,0,0,0,0,0,0,0,0,0,0,0,0,0,0,0,0,0,0,0,0,0,0,0,0,0,0,0,0,0,0,0,0,0,0,0,0
0.776497,-0.0371758,0.505662,0,0,0,0,1.85103e-07,-2.72486e-09,1.64841e-07,2749,1134,1155,1156,1177,1178,2727,2748,2770,2771,0,0,0,0,0,0,0,0,0,0,0,0,0,1134,1155,1156,1177,1178,2727,2748,2770,2771,0,0,0,0,0,0,0,0,0,0,0,0,0,0.107797,0.109151,0.100003,0.109817,0.107728,0.0424702,0.0462374,0.0477898,0.0425557,0,0,0,0,0,0,0,0,0,0,0,0,0,0.107744,0.109174,0.1,0.109862,0.107732,0.0422656,0.0461191,0.0478739,0.0422333,0,0,0,0,0,0,0,0,0,0,0,0,0,1,1,1,1,1,1,1,1,1,0,0,0,0,0,0,0,0,0,0,0,0,0,1,1,1,1,1,1,1,1,1,0,0,0,0,0,0,0,0,0,0,0,0,0,1,0,0,0,0,0,0,0,0,0,0,0,0,0,0,0,0,0,0,0,0,0,0,9,0,0,0,0,0,0,0,0,0,0,0,0,0,0,0,0,0,0,0,0,0,0,0,0,0,0,0,0,0,0,0,0,0,0,0,0,0,0,0,0,0,0,0,0,0,0,0,0
0.115506,-0.559466,0.931871,0,0,0,0,-3.20385e-09,3.99982e-08,-6.34954e-08,2750,46,47,1135,1136,1157,1158,1179,1639,1640,2728,2729,2751,2772,0,0,0,0,0,0,0,0,0,46,47,1135,1136,1157,1158,1179,1639,1640,2728,2729,2751,2772,0,0,0,0,0,0,0,0,0,0.107617,0.109466,0.110388,0.110346,0.099721,0.108472,0.110833,0.0433971,0.0479631,0.0492531,0.0493057,0.0458017,0.0512084,0,0,0,0,0,0,0,0,0,0.107295,0.110028,0.110104,0.110565,0.1,0.108249,0.110749,0.0410588,0.0483876,0.0484902,0.0496652,0.0436562,0.0500719,0,0,0,0,0,0,0,0,0,1,1,1,1,1,1,1,1,1,1,1,1,1,0,0,0,0,0,0,0,0,0,1,1,1,1,1,1,1,1,1,1,1,1,1,0,0,0,0,0,0,0,0,0,1,0,0,0,0,0,0,0,0,0,0,0,0,0,0,0,0,0,0,0,0,0,0,13,0,0,0,0,0,0,0,0,0,0,0,0,0,0,0,0,0,0,0,0,0,0,0,0,0,0,0,0,0,0,0,0,0,0,0,0,0,0,0,0,0,0,0,0,0,0,0,0
0.155556,-0.539527,0.941681,0,0,0,0,-3.55334e-09,3.44992e-08,-5.50984e-08,2751,1136,1137,1157,1158,1159,1179,1180,2729,2730,2750,2752,2772,2773,0,0,0,0,0,0,0,0,0,1136,1137,1157,1158,1159,1179,1180,2729,2730,2750,2752,2772,2773,0,0,0,0,0,0,0,0,0,0.110918,0.110917,0.108319,0.0998358,0.108813,0.110325,0.11143,0.0504824,0.0505074,0.0458017,0.04655,0.0503707,0.0523738,0,0,0,0,0,0,0,0,0,0.110573,0.11106,0.108253,0.1,0.108626,0.110992,0.111222,0.0496583,0.050871,0.0436562,0.0446828,0.0507172,0.0512193,0,0,0,0,0,0,0,0,0,1,1,1,1,1,1,1,1,1,1,1,1,1,0,0,0,0,0,0,0,0,0,1,1,1,1,1,1,1,1,1,1,1,1,1,0,0,0,0,0,0,0,0,0,1,0,0,0,0,0,0,0,0,0,0,0,0,0,0,0,0,0,0,0,0,0,0,13,0,0,0,0,0,0,0,0,0,0,0,0,0,0,0,0,0,0,0,0,0,0,0,0,0,0,0,0,0,0,0,0,0,0,0,0,0,0,0,0,0,0,0,0,0,0,0,0
0.196109,-0.517726,0.948543,0,0,0,0,-3.29854e-09,2.90724e-08,-4.56065e-08,2752,1137,1138,1158,1159,1160,1180,1181,2730,2731,2751,2753,2773,2774,0,0,0,0,0,0,0,0,0,1137,1138,1158,1159,1160,1180,1181,2730,2731,2751,2753,2773,2774,0,0,0,0,0,0,0,0,0,0.111276,0.111469,0.108672,0.099827,0.109174,0.111031,0.111804,0.0515093,0.0517686,0.04655,0.0474393,0.051626,0.0533148,0,0,0,0,0,0,0,0,0,0.110991,0.111581,0.10863,0.1,0.109046,0.111518,0.111634,0.0506832,0.0521176,0.0446828,0.0458014,0.0519762,0.0522067,0,0,0,0,0,0,0,0,0,1,1,1,1,1,1,1,1,1,1,1,1,1,0,0,0,0,0,0,0,0,0,1,1,1,1,1,1,1,1,1,1,1,1,1,0,0,0,0,0,0,0,0,0,1,0,0,0,0,0,0,0,0,0,0,0,0,0,0,0,0,0,0,0,0,0,0,13,0,0,0,0,0,0,0,0,0,0,0,0,0,0,0,0,0,0,0,0,0,0,0,0,0,0,0,0,0,0,0,0,0,0,0,0,0,0,0,0,0,0,0,0,0,0,0,0
0.237145,-0.494219,0.952273,0,0,0,0,-2.26978e-09,2.37641e-08,-3.50427e-08,2753,1138,1139,1159,1160,1161,1181,1182,2731,2732,2752,2754,2774,2775,0,0,0,0,0,0,0,0,0,1138,1139,1159,1160,1161,1181,1182,2731,2732,2752,2754,2774,2775,0,0,0,0,0,0,0,0,0,0.111586,0.112022,0.109056,0.0998511,0.109569,0.111685,0.11211,0.0523357,0.0529939,0.0474393,0.0483658,0.0529164,0.0540343,0,0,0,0,0,0,0,0,0,0.11135,0.112101,0.109049,0.1,0.109476,0.112063,0.111975,0.0515502,0.0533377,0.0458014,0.0469229,0.0532552,0.0530132,0,0,0,0,0,0,0,0,0,1,1,1,1,1,1,1,1,1,1,1,1,1,0,0,0,0,0,0,0,0,0,1,1,1,1,1,1,1,1,1,1,1,1,1,0,0,0,0,0,0,0,0,0,1,0,0,0,0,0,0,0,0,0,0,0,0,0,0,0,0,0,0,0,0,0,0,13,0,0,0,0,0,0,0,0,0,0,0,0,0,0,0,0,0,0,0,0,0,0,0,0,0,0,0,0,0,0,0,0,0,0,0,0,0,0,0,0,0,0,0,0,0,0,0,0
0.278499,-0.469138,0.952653,0,0,0,0,-3.03074e-10,1.86594e-08,-2.34648e-08,2754,1139,1140,1160,1161,1162,1182,1183,2732,2733,2753,2755,2775,2776,0,0,0,0,0,0,0,0,0,1139,1140,1160,1161,1162,1182,1183,2732,2733,2753,2755,2775,2776,0,0,0,0,0,0,0,0,0,0.111821,0.112537,0.109483,0.0998748,0.109971,0.112318,0.112317,0.0529628,0.0541232,0.0483658,0.0492915,0.0541436,0.0545365,0,0,0,0,0,0,0,0,0,0.11164,0.112595,0.109478,0.1,0.109899,0.1126,0.112232,0.0522423,0.0544741,0.0469229,0.0480058,0.0544883,0.0536191,0,0,0,0,0,0,0,0,0,1,1,1,1,1,1,1,1,1,1,1,1,1,0,0,0,0,0,0,0,0,0,1,1,1,1,1,1,1,1,1,1,1,1,1,0,0,0,0,0,0,0,0,0,1,0,0,0,0,0,0,0,0,0,0,0,0,0,0,0,0,0,0,0,0,0,0,13,0,0,0,0,0,0,0,0,0,0,0,0,0,0,0,0,0,0,0,0,0,0,0,0,0,0,0,0,0,0,0,0,0,0,0,0,0,0,0,0,0,0,0,0,0,0,0,0
0.319946,-0.442643,0.949528,0,0,0,0,2.74174e-09,1.38483e-08,-1.09715e-08,2755,1140,1141,1161,1162,1163,1183,1184,2733,2734,2754,2756,2776,2777,0,0,0,0,0,0,0,0,0,1140,1141,1161,1162,1163,1183,1184,2733,2734,2754,2756,2776,2777,0,0,0,0,0,0,0,0,0,0.111984,0.11299,0.109917,0.099902,0.110366,0.112881,0.112436,0.0533974,0.055101,0.0492915,0.0501764,0.0552444,0.0548335,0,0,0,0,0,0,0,0,0,0.111852,0.113035,0.109899,0.1,0.110302,0.113098,0.112399,0.0527463,0.0554731,0.0480058,0.0490184,0.0556119,0.0540132,0,0,0,0,0,0,0,0,0,1,1,1,1,1,1,1,1,1,1,1,1,1,0,0,0,0,0,0,0,0,0,1,1,1,1,1,1,1,1,1,1,1,1,1,0,0,0,0,0,0,0,0,0,1,0,0,0,0,0,0,0,0,0,0,0,0,0,0,0,0,0,0,0,0,0,0,13,0,0,0,0,0,0,0,0,0,0,0,0,0,0,0,0,0,0,0,0,0,0,0,0,0,0,0,0,0,0,0,0,0,0,0,0,0,0,0,0,0,0,0,0,0,0,0,0
0.361205,-0.414891,0.942805,0,0,0,0,6.97499e-09,9.42253e-09,2.30132e-09,2756,1141,1142,1162,1163,1164,1184,1185,2734,2735,2755,2757,2777,2778,0,0,0,0,0,0,0,0,0,1141,1142,1162,1163,1164,1184,1185,2734,2735,2755,2757,2777,2778,0,0,0,0,0,0,0,0,0,0.112075,0.113354,0.110339,0.0999289,0.110731,0.113349,0.112475,0.0536507,0.0558791,0.0501764,0.05097,0.0561587,0.0549435,0,0,0,0,0,0,0,0,0,0.111983,0.113397,0.110301,0.1,0.110667,0.113527,0.112475,0.0530574,0.0562819,0.0490184,0.0499206,0.0565636,0.0541975,0,0,0,0,0,0,0,0,0,1,1,1,1,1,1,1,1,1,1,1,1,1,0,0,0,0,0,0,0,0,0,1,1,1,1,1,1,1,1,1,1,1,1,1,0,0,0,0,0,0,0,0,0,1,0,0,0,0,0,0,0,0,0,0,0,0,0,0,0,0,0,0,0,0,0,0,13,0,0,0,0,0,0,0,0,0,0,0,0,0,0,0,0,0,0,0,0,0,0,0,0,0,0,0,0,0,0,0,0,0,0,0,0,0,0,0,0,0,0,0,0,0,0,0,0
0.401943,-0.386054,0.932472,0,0,0,0,1.24681e-08,5.46675e-09,1.61797e-08,2757,1142,1143,1163,1164,1165,1185,1186,2735,2736,2756,2758,2778,2779,0,0,0,0,0,0,0,0,0,1142,1143,1163,1164,1165,1185,1186,2735,2736,2756,2758,2778,2779,0,0,0,0,0,0,0,0,0,0.112097,0.113605,0.110722,0.0999534,0.111032,0.113696,0.112445,0.0537377,0.056412,0.05097,0.0515964,0.0568343,0.0548891,0,0,0,0,0,0,0,0,0,0.112035,0.113652,0.110664,0.1,0.110965,0.113856,0.112467,0.0531817,0.0568467,0.0499206,0.0506473,0.0572823,0.0541891,0,0,0,0,0,0,0,0,0,1,1,1,1,1,1,1,1,1,1,1,1,1,0,0,0,0,0,0,0,0,0,1,1,1,1,1,1,1,1,1,1,1,1,1,0,0,0,0,0,0,0,0,0,1,0,0,0,0,0,0,0,0,0,0,0,0,0,0,0,0,0,0,0,0,0,0,13,0,0,0,0,0,0,0,0,0,0,0,0,0,0,0,0,0,0,0,0,0,0,0,0,0,0,0,0,0,0,0,0,0,0,0,0,0,0,0,0,0,0,0,0,0,0,0,0
0.441769,-0.356319,0.918618,0,0,0,0,1.92431e-08,2.05099e-09,3.04503e-08,2758,1143,1144,1164,1165,1166,1186,1187,2736,2737,2757,2759,2779,2780,0,0,0,0,0,0,0,0,0,1143,1144,1164,1165,1166,1186,1187,2736,2737,2757,2759,2779,2780,0,0,0,0,0,0,0,0,0,0.112054,0.113719,0.111032,0.0999739,0.111212,0.1139,0.112357,0.0536735,0.0566522,0.0515964,0.0519279,0.0572225,0.0546941,0,0,0,0,0,0,0,0,0,0.112013,0.113772,0.11096,0.1,0.111143,0.114053,0.112389,0.0531336,0.0571111,0.0506473,0.051078,0.0577077,0.0540161,0,0,0,0,0,0,0,0,0,1,1,1,1,1,1,1,1,1,1,1,1,1,0,0,0,0,0,0,0,0,0,1,1,1,1,1,1,1,1,1,1,1,1,1,0,0,0,0,0,0,0,0,0,1,0,0,0,0,0,0,0,0,0,0,0,0,0,0,0,0,0,0,0,0,0,0,13,0,0,0,0,0,0,0,0,0,0,0,0,0,0,0,0,0,0,0,0,0,0,0,0,0,0,0,0,0,0,0,0,0,0,0,0,0,0,0,0,0,0,0,0,0,0,0,0
0.48022,-0.325926,0.901463,0,0,0,0,2.72565e-08,-7.76062e-10,4.48546e-08,2759,1144,1145,1165,1166,1167,1187,1188,2737,2738,2758,2760,2780,2781,0,0,0,0,0,0,0,0,0,1144,1145,1165,1166,1167,1187,1188,2737,2738,2758,2760,2780,2781,0,0,0,0,0,0,0,0,0,0.111949,0.113675,0.111215,0.0999898,0.111177,0.11394,0.112218,0.053461,0.0565616,0.0519279,0.0517419,0.0572777,0.0543616,0,0,0,0,0,0,0,0,0,0.111921,0.113736,0.111137,0.1,0.111107,0.11409,0.112246,0.0529226,0.0570297,0.051078,0.0509923,0.0577838,0.053692,0,0,0,0,0,0,0,0,0,1,1,1,1,1,1,1,1,1,1,1,1,1,0,0,0,0,0,0,0,0,0,1,1,1,1,1,1,1,1,1,1,1,1,1,0,0,0,0,0,0,0,0,0,1,0,0,0,0,0,0,0,0,0,0,0,0,0,0,0,0,0,0,0,0,0,0,13,0,0,0,0,0,0,0,0,0,0,0,0,0,0,0,0,0,0,0,0,0,0,0,0,0,0,0,0,0,0,0,0,0,0,0,0,0,0,0,0,0,0,0,0,0,0,0,0
0.516748,-0.295277,0.881375,0,0,0,0,3.63783e-08,-2.98711e-09,5.90716e-08,2760,1145,1146,1166,1167,1168,1188,1189,2738,2739,2759,2761,2781,2782,0,0,0,0,0,0,0,0,0,1145,1146,1166,1167,1168,1188,1189,2738,2739,2759,2761,2781,2782,0,0,0,0,0,0,0,0,0,0.111756,0.113507,0.111177,0.100001,0.110878,0.113827,0.111973,0.0530374,0.0562103,0.0517419,0.0509234,0.0570141,0.0537661,0,0,0,0,0,0,0,0,0,0.111738,0.113575,0.111102,0.1,0.110811,0.113971,0.11199,0.0524944,0.0566701,0.0509923,0.0502726,0.0575185,0.0531006,0,0,0,0,0,0,0,0,0,1,1,1,1,1,1,1,1,1,1,1,1,1,0,0,0,0,0,0,0,0,0,1,1,1,1,1,1,1,1,1,1,1,1,1,0,0,0,0,0,0,0,0,0,1,0,0,0,0,0,0,0,0,0,0,0,0,0,0,0,0,0,0,0,0,0,0,13,0,0,0,0,0,0,0,0,0,0,0,0,0,0,0,0,0,0,0,0,0,0,0,0,0,0,0,0,0,0,0,0,0,0,0,0,0,0,0,0,0,0,0,0,0,0,0,0
0.550898,-0.265116,0.858631,0,0,0,0,4.64293e-08,-4.5692e-09,7.27476e-08,2761,1146,1147,1167,1168,1169,1189,1190,2739,2740,2760,2762,2782,2783,0,0,0,0,0,0,0,0,0,1146,1147,1167,1168,1169,1189,1190,2739,2740,2760,2762,2782,2783,0,0,0,0,0,0,0,0,0,0.111383,0.113442,0.110873,0.100008,0.1107,0.113704,0.111471,0.0521755,0.0560907,0.0509234,0.0504047,0.0567526,0.0525624,0,0,0,0,0,0,0,0,0,0.111369,0.113511,0.110806,0.1,0.110639,0.113841,0.111476,0.0516212,0.056529,0.0502726,0.0498502,0.0572338,0.0518903,0,0,0,0,0,0,0,0,0,1,1,1,1,1,1,1,1,1,1,1,1,1,0,0,0,0,0,0,0,0,0,1,1,1,1,1,1,1,1,1,1,1,1,1,0,0,0,0,0,0,0,0,0,1,0,0,0,0,0,0,0,0,0,0,0,0,0,0,0,0,0,0,0,0,0,0,13,0,0,0,0,0,0,0,0,0,0,0,0,0,0,0,0,0,0,0,0,0,0,0,0,0,0,0,0,0,0,0,0,0,0,0,0,0,0,0,0,0,0,0,0,0,0,0,0
0.583004,-0.236135,0.832747,0,0,0,0,5.74416e-08,-5.54057e-09,8.57643e-08,2762,1147,1148,1168,1169,1170,1190,1191,2740,2741,2761,2763,2783,2784,0,0,0,0,0,0,0,0,0,1147,1148,1168,1169,1170,1190,1191,2740,2741,2761,2763,2783,2784,0,0,0,0,0,0,0,0,0,0.110846,0.113565,0.11069,0.100011,0.111088,0.113843,0.110901,0.0508941,0.0563858,0.0504047,0.0512717,0.0570879,0.0511933,0,0,0,0,0,0,0,0,0,0.110826,0.11363,0.110635,0.1,0.111034,0.113978,0.110899,0.0503116,0.0567928,0.0498502,0.0508141,0.0575339,0.0505018,0,0,0,0,0,0,0,0,0,1,1,1,1,1,1,1,1,1,1,1,1,1,0,0,0,0,0,0,0,0,0,1,1,1,1,1,1,1,1,1,1,1,1,1,0,0,0,0,0,0,0,0,0,1,0,0,0,0,0,0,0,0,0,0,0,0,0,0,0,0,0,0,0,0,0,0,13,0,0,0,0,0,0,0,0,0,0,0,0,0,0,0,0,0,0,0,0,0,0,0,0,0,0,0,0,0,0,0,0,0,0,0,0,0,0,0,0,0,0,0,0,0,0,0,0
0.613788,-0.207661,0.803246,0,0,0,0,6.96298e-08,-5.99851e-09,9.83236e-08,2763,1148,1149,1169,1170,1171,1191,1192,2741,2742,2762,2764,2784,2785,0,0,0,0,0,0,0,0,0,1148,1149,1169,1170,1171,1191,1192,2741,2742,2762,2764,2784,2785,0,0,0,0,0,0,0,0,0,0.110479,0.113471,0.111071,0.100013,0.111483,0.113907,0.110594,0.0500048,0.0562054,0.0512717,0.0521522,0.0572552,0.0504227,0,0,0,0,0,0,0,0,0,0.110453,0.113531,0.111031,0.1,0.111439,0.114035,0.110582,0.0493977,0.0565741,0.0508141,0.0517861,0.0576592,0.0497279,0,0,0,0,0,0,0,0,0,1,1,1,1,1,1,1,1,1,1,1,1,1,0,0,0,0,0,0,0,0,0,1,1,1,1,1,1,1,1,1,1,1,1,1,0,0,0,0,0,0,0,0,0,1,0,0,0,0,0,0,0,0,0,0,0,0,0,0,0,0,0,0,0,0,0,0,13,0,0,0,0,0,0,0,0,0,0,0,0,0,0,0,0,0,0,0,0,0,0,0,0,0,0,0,0,0,0,0,0,0,0,0,0,0,0,0,0,0,0,0,0,0,0,0,0
0.642911,-0.178993,0.770844,0,0,0,0,8.28411e-08,-6.02935e-09,1.1033e-07,2764,1149,1150,1170,1171,1172,1192,1193,2742,2743,2763,2765,2785,2786,0,0,0,0,0,0,0,0,0,1149,1150,1170,1171,1172,1192,1193,2742,2743,2763,2765,2785,2786,0,0,0,0,0,0,0,0,0,0.110248,0.113129,0.111463,0.100013,0.111559,0.113638,0.110353,0.0494376,0.0554765,0.0521522,0.0522792,0.0566762,0.0497903,0,0,0,0,0,0,0,0,0,0.110223,0.113185,0.111436,0.1,0.111527,0.113749,0.110332,0.0488258,0.0558007,0.0517861,0.0519951,0.0570322,0.049109,0,0,0,0,0,0,0,0,0,1,1,1,1,1,1,1,1,1,1,1,1,1,0,0,0,0,0,0,0,0,0,1,1,1,1,1,1,1,1,1,1,1,1,1,0,0,0,0,0,0,0,0,0,1,0,0,0,0,0,0,0,0,0,0,0,0,0,0,0,0,0,0,0,0,0,0,13,0,0,0,0,0,0,0,0,0,0,0,0,0,0,0,0,0,0,0,0,0,0,0,0,0,0,0,0,0,0,0,0,0,0,0,0,0,0,0,0,0,0,0,0,0,0,0,0
0.669781,-0.150347,0.73634,0,0,0,0,9.67632e-08,-5.70395e-09,1.21498e-07,2765,1150,1151,1171,1172,1173,1193,1194,2743,2744,2764,2766,2786,2787,0,0,0,0,0,0,0,0,0,1150,1151,1171,1172,1173,1193,1194,2743,2744,2764,2766,2786,2787,0,0,0,0,0,0,0,0,0,0.109984,0.112671,0.111541,0.100012,0.1114,0.113207,0.110061,0.0487713,0.0544785,0.0522792,0.0518585,0.0557337,0.0490199,0,0,0,0,0,0,0,0,0,0.10996,0.112722,0.111525,0.1,0.11138,0.113299,0.110034,0.0481679,0.0547535,0.0519951,0.0516443,0.0560352,0.0483621,0,0,0,0,0,0,0,0,0,1,1,1,1,1,1,1,1,1,1,1,1,1,0,0,0,0,0,0,0,0,0,1,1,1,1,1,1,1,1,1,1,1,1,1,0,0,0,0,0,0,0,0,0,1,0,0,0,0,0,0,0,0,0,0,0,0,0,0,0,0,0,0,0,0,0,0,13,0,0,0,0,0,0,0,0,0,0,0,0,0,0,0,0,0,0,0,0,0,0,0,0,0,0,0,0,0,0,0,0,0,0,0,0,0,0,0,0,0,0,0,0,0,0,0,0
0.694091,-0.122118,0.700265,0,0,0,0,1.11137e-07,-5.11101e-09,1.31624e-07,2766,1151,1152,1172,1173,1174,1194,1195,2744,2745,2765,2767,2787,2788,0,0,0,0,0,0,0,0,0,1151,1152,1172,1173,1174,1194,1195,2744,2745,2765,2767,2787,2788,0,0,0,0,0,0,0,0,0,0.109666,0.112155,0.111386,0.100011,0.111102,0.112706,0.109715,0.0479461,0.05333,0.0518585,0.0511103,0.0546247,0.0481027,0,0,0,0,0,0,0,0,0,0.109642,0.1122,0.11138,0.1,0.111093,0.112781,0.109685,0.0473608,0.0535525,0.0516443,0.0509531,0.0548678,0.047476,0,0,0,0,0,0,0,0,0,1,1,1,1,1,1,1,1,1,1,1,1,1,0,0,0,0,0,0,0,0,0,1,1,1,1,1,1,1,1,1,1,1,1,1,0,0,0,0,0,0,0,0,0,1,0,0,0,0,0,0,0,0,0,0,0,0,0,0,0,0,0,0,0,0,0,0,13,0,0,0,0,0,0,0,0,0,0,0,0,0,0,0,0,0,0,0,0,0,0,0,0,0,0,0,0,0,0,0,0,0,0,0,0,0,0,0,0,0,0,0,0,0,0,0,0
0.715734,-0.0946048,0.663024,0,0,0,0,1.25755e-07,-4.34699e-09,1.40596e-07,2767,1152,1153,1173,1174,1175,1195,1196,2745,2746,2766,2768,2788,2789,0,0,0,0,0,0,0,0,0,1152,1153,1173,1174,1175,1195,1196,2745,2746,2766,2768,2788,2789,0,0,0,0,0,0,0,0,0,0.109307,0.111598,0.111093,0.10001,0.110712,0.112163,0.109335,0.046998,0.0520736,0.0511103,0.0501392,0.0533997,0.0470795,0,0,0,0,0,0,0,0,0,0.109285,0.11164,0.111094,0.1,0.110713,0.112221,0.109303,0.0464383,0.0522412,0.0509531,0.0500271,0.0535838,0.0464901,0,0,0,0,0,0,0,0,0,1,1,1,1,1,1,1,1,1,1,1,1,1,0,0,0,0,0,0,0,0,0,1,1,1,1,1,1,1,1,1,1,1,1,1,0,0,0,0,0,0,0,0,0,1,0,0,0,0,0,0,0,0,0,0,0,0,0,0,0,0,0,0,0,0,0,0,13,0,0,0,0,0,0,0,0,0,0,0,0,0,0,0,0,0,0,0,0,0,0,0,0,0,0,0,0,0,0,0,0,0,0,0,0,0,0,0,0,0,0,0,0,0,0,0,0
0.734699,-0.0680093,0.624985,0,0,0,0,1.40443e-07,-3.51468e-09,1.48346e-07,2768,1153,1154,1174,1175,1176,1196,1197,2746,2747,2767,2769,2789,2790,0,0,0,0,0,0,0,0,0,1153,1154,1174,1175,1176,1196,1197,2746,2747,2767,2769,2789,2790,0,0,0,0,0,0,0,0,0,0.108921,0.111013,0.110707,0.100008,0.110267,0.11159,0.108938,0.045966,0.0507358,0.0501392,0.0489963,0.052079,0.0459876,0,0,0,0,0,0,0,0,0,0.108904,0.111056,0.110715,0.1,0.110269,0.111632,0.108903,0.045438,0.0508445,0.0500271,0.048926,0.0522068,0.0454385,0,0,0,0,0,0,0,0,0,1,1,1,1,1,1,1,1,1,1,1,1,1,0,0,0,0,0,0,0,0,0,1,1,1,1,1,1,1,1,1,1,1,1,1,0,0,0,0,0,0,0,0,0,1,0,0,0,0,0,0,0,0,0,0,0,0,0,0,0,0,0,0,0,0,0,0,13,0,0,0,0,0,0,0,0,0,0,0,0,0,0,0,0,0,0,0,0,0,0,0,0,0,0,0,0,0,0,0,0,0,0,0,0,0,0,0,0,0,0,0,0,0,0,0,0
0.751023,-0.0424558,0.586499,0,0,0,0,1.5503e-07,-2.75333e-09,1.54812e-07,2769,1154,1155,1175,1176,1177,1197,1198,2747,2748,2768,2770,2790,2791,0,0,0,0,0,0,0,0,0,1154,1155,1175,1176,1177,1197,1198,2747,2748,2768,2770,2790,2791,0,0,0,0,0,0,0,0,0,0.108518,0.110441,0.110251,0.100008,0.109783,0.110987,0.108528,0.0448928,0.0492736,0.0489963,0.0477478,0.050667,0.0448447,0,0,0,0,0,0,0,0,0,0.108512,0.110458,0.110271,0.1,0.109781,0.111025,0.108497,0.0443881,0.0493828,0.048926,0.0476947,0.0507562,0.0443493,0,0,0,0,0,0,0,0,0,1,1,1,1,1,1,1,1,1,1,1,1,1,0,0,0,0,0,0,0,0,0,1,1,1,1,1,1,1,1,1,1,1,1,1,0,0,0,0,0,0,0,0,0,1,0,0,0,0,0,0,0,0,0,0,0,0,0,0,0,0,0,0,0,0,0,0,13,0,0,0,0,0,0,0,0,0,0,0,0,0,0,0,0,0,0,0,0,0,0,0,0,0,0,0,0,0,0,0,0,0,0,0,0,0,0,0,0,0,0,0,0,0,0,0,0
0.764807,-0.018027,0.547859,0,0,0,0,1.69408e-07,-2.19982e-09,1.6007e-07,2770,1155,1156,1176,1177,1178,1198,1199,2748,2749,2769,2771,2791,2792,0,0,0,0,0,0,0,0,0,1155,1156,1176,1177,1178,1198,1199,2748,2749,2769,2771,2791,2792,0,0,0,0,0,0,0,0,0,0.108133,0.109851,0.109759,0.100009,0.109266,0.110374,0.108119,0.043748,0.0477898,0.0477478,0.0464221,0.0491949,0.0436755,0,0,0,0,0,0,0,0,0,0.108118,0.109856,0.109785,0.1,0.109272,0.110409,0.108095,0.0433119,0.0478739,0.0476947,0.0463773,0.0492503,0.0432494,0,0,0,0,0,0,0,0,0,1,1,1,1,1,1,1,1,1,1,1,1,1,0,0,0,0,0,0,0,0,0,1,1,1,1,1,1,1,1,1,1,1,1,1,0,0,0,0,0,0,0,0,0,1,0,0,0,0,0,0,0,0,0,0,0,0,0,0,0,0,0,0,0,0,0,0,13,0,0,0,0,0,0,0,0,0,0,0,0,0,0,0,0,0,0,0,0,0,0,0,0,0,0,0,0,0,0,0,0,0,0,0,0,0,0,0,0,0,0,0,0,0,0,0,0
0.776178,0.00522127,0.50932,0,0,0,0,1.83551e-07,-1.94564e-09,1.64283e-07,2771,1156,1177,1178,1199,1200,2749,2770,2792,2793,0,0,0,0,0,0,0,0,0,0,0,0,0,1156,1177,1178,1199,1200,2749,2770,2792,2793,0,0,0,0,0,0,0,0,0,0,0,0,0,0.107751,0.109253,0.100002,0.109766,0.10772,0.0425557,0.0464221,0.0476931,0.0425221,0,0,0,0,0,0,0,0,0,0,0,0,0,0.107732,0.109275,0.1,0.109794,0.107709,0.0422333,0.0463773,0.0477055,0.0421693,0,0,0,0,0,0,0,0,0,0,0,0,0,1,1,1,1,1,1,1,1,1,0,0,0,0,0,0,0,0,0,0,0,0,0,1,1,1,1,1,1,1,1,1,0,0,0,0,0,0,0,0,0,0,0,0,0,1,0,0,0,0,0,0,0,0,0,0,0,0,0,0,0,0,0,0,0,0,0,0,9,0,0,0,0,0,0,0,0,0,0,0,0,0,0,0,0,0,0,0,0,0,0,0,0,0,0,0,0,0,0,0,0,0,0,0,0,0,0,0,0,0,0,0,0,0,0,0,0
0.116532,-0.52574,0.970391,0,0,0,0,-3.15789e-09,3.06704e-08,-5.39185e-08,2772,47,48,1157,1158,1179,1180,1201,1640,1641,2750,2751,2773,2794,0,0,0,0,0,0,0,0,0,47,48,1157,1158,1179,1180,1201,1640,1641,2750,2751,2773,2794,0,0,0,0,0,0,0,0,0,0.107979,0.109655,0.111122,0.110769,0.0996529,0.10904,0.111515,0.0446733,0.0487033,0.0512084,0.0503707,0.0474822,0.0531594,0,0,0,0,0,0,0,0,0,0.107675,0.110295,0.110741,0.110996,0.1,0.108824,0.111379,0.0421884,0.0490868,0.0500719,0.0507172,0.0452113,0.0515959,0,0,0,0,0,0,0,0,0,1,1,1,1,1,1,1,1,1,1,1,1,1,0,0,0,0,0,0,0,0,0,1,1,1,1,1,1,1,1,1,1,1,1,1,0,0,0,0,0,0,0,0,0,1,0,0,0,0,0,0,0,0,0,0,0,0,0,0,0,0,0,0,0,0,0,0,13,0,0,0,0,0,0,0,0,0,0,0,0,0,0,0,0,0,0,0,0,0,0,0,0,0,0,0,0,0,0,0,0,0,0,0,0,0,0,0,0,0,0,0,0,0,0,0,0
0.157516,-0.503701,0.979835,0,0,0,0,-3.38124e-09,2.56552e-08,-4.53055e-08,2773,1158,1159,1179,1180,1181,1201,1202,2751,2752,2772,2774,2794,2795,0,0,0,0,0,0,0,0,0,1158,1159,1179,1180,1181,1201,1202,2751,2752,2772,2774,2794,2795,0,0,0,0,0,0,0,0,0,0.111658,0.111389,0.108826,0.0998044,0.109399,0.110654,0.11212,0.0523738,0.051626,0.0474822,0.0481965,0.051477,0.0542354,0,0,0,0,0,0,0,0,0,0.111213,0.111521,0.108828,0.1,0.109216,0.111427,0.111849,0.0512193,0.0519762,0.0452113,0.0462476,0.0517643,0.0527108,0,0,0,0,0,0,0,0,0,1,1,1,1,1,1,1,1,1,1,1,1,1,0,0,0,0,0,0,0,0,0,1,1,1,1,1,1,1,1,1,1,1,1,1,0,0,0,0,0,0,0,0,0,1,0,0,0,0,0,0,0,0,0,0,0,0,0,0,0,0,0,0,0,0,0,0,13,0,0,0,0,0,0,0,0,0,0,0,0,0,0,0,0,0,0,0,0,0,0,0,0,0,0,0,0,0,0,0,0,0,0,0,0,0,0,0,0,0,0,0,0,0,0,0,0
0.198935,-0.479823,0.985931,0,0,0,0,-2.97292e-09,2.08119e-08,-3.56539e-08,2774,1159,1160,1180,1181,1182,1202,1203,2752,2753,2773,2775,2795,2796,0,0,0,0,0,0,0,0,0,1159,1160,1180,1181,1182,1202,1203,2752,2753,2773,2775,2795,2796,0,0,0,0,0,0,0,0,0,0.111983,0.111967,0.109212,0.0997975,0.109767,0.111424,0.112453,0.0533148,0.0529164,0.0481965,0.0490517,0.0527535,0.055059,0,0,0,0,0,0,0,0,0,0.111626,0.112066,0.10922,0.1,0.109646,0.111977,0.112246,0.0522067,0.0532552,0.0462476,0.0473611,0.053057,0.0536407,0,0,0,0,0,0,0,0,0,1,1,1,1,1,1,1,1,1,1,1,1,1,0,0,0,0,0,0,0,0,0,1,1,1,1,1,1,1,1,1,1,1,1,1,0,0,0,0,0,0,0,0,0,1,0,0,0,0,0,0,0,0,0,0,0,0,0,0,0,0,0,0,0,0,0,0,13,0,0,0,0,0,0,0,0,0,0,0,0,0,0,0,0,0,0,0,0,0,0,0,0,0,0,0,0,0,0,0,0,0,0,0,0,0,0,0,0,0,0,0,0,0,0,0,0
0.240756,-0.454322,0.988534,0,0,0,0,-1.76809e-09,1.61779e-08,-2.50035e-08,2775,1160,1161,1181,1182,1183,1203,1204,2753,2754,2774,2776,2796,2797,0,0,0,0,0,0,0,0,0,1160,1161,1181,1182,1183,1203,1204,2753,2754,2774,2776,2796,2797,0,0,0,0,0,0,0,0,0,0.112258,0.112534,0.109616,0.0998314,0.110173,0.112111,0.112712,0.0540343,0.0541436,0.0490517,0.0499473,0.0540451,0.0556375,0,0,0,0,0,0,0,0,0,0.111968,0.1126,0.109649,0.1,0.110084,0.112538,0.112555,0.0530132,0.0544883,0.0473611,0.0484728,0.054351,0.0543602,0,0,0,0,0,0,0,0,0,1,1,1,1,1,1,1,1,1,1,1,1,1,0,0,0,0,0,0,0,0,0,1,1,1,1,1,1,1,1,1,1,1,1,1,0,0,0,0,0,0,0,0,0,1,0,0,0,0,0,0,0,0,0,0,0,0,0,0,0,0,0,0,0,0,0,0,13,0,0,0,0,0,0,0,0,0,0,0,0,0,0,0,0,0,0,0,0,0,0,0,0,0,0,0,0,0,0,0,0,0,0,0,0,0,0,0,0,0,0,0,0,0,0,0,0
0.282794,-0.42737,0.987454,0,0,0,0,3.904e-10,1.18293e-08,-1.3427e-08,2776,1161,1162,1182,1183,1184,1204,1205,2754,2755,2775,2777,2797,2798,0,0,0,0,0,0,0,0,0,1161,1162,1182,1183,1184,1204,1205,2754,2755,2775,2777,2797,2798,0,0,0,0,0,0,0,0,0,0.112448,0.113048,0.110064,0.0998635,0.110585,0.112759,0.11286,0.0545365,0.0552444,0.0499473,0.0508436,0.0552443,0.0559812,0,0,0,0,0,0,0,0,0,0.112227,0.113096,0.110086,0.1,0.110513,0.113081,0.112766,0.0536191,0.0556119,0.0484728,0.0495423,0.0555773,0.0548498,0,0,0,0,0,0,0,0,0,1,1,1,1,1,1,1,1,1,1,1,1,1,0,0,0,0,0,0,0,0,0,1,1,1,1,1,1,1,1,1,1,1,1,1,0,0,0,0,0,0,0,0,0,1,0,0,0,0,0,0,0,0,0,0,0,0,0,0,0,0,0,0,0,0,0,0,13,0,0,0,0,0,0,0,0,0,0,0,0,0,0,0,0,0,0,0,0,0,0,0,0,0,0,0,0,0,0,0,0,0,0,0,0,0,0,0,0,0,0,0,0,0,0,0,0
0.324808,-0.399156,0.982572,0,0,0,0,3.63199e-09,7.84319e-09,-1.0358e-09,2777,1162,1163,1183,1184,1185,1205,1206,2755,2756,2776,2778,2798,2799,0,0,0,0,0,0,0,0,0,1162,1163,1183,1184,1185,1205,1206,2755,2756,2776,2778,2798,2799,0,0,0,0,0,0,0,0,0,0.112559,0.113481,0.110516,0.0998982,0.110985,0.113314,0.112915,0.0548335,0.0561587,0.0508436,0.0516922,0.0562829,0.0561105,0,0,0,0,0,0,0,0,0,0.112396,0.113523,0.110513,0.1,0.110918,0.11357,0.112873,0.0540132,0.0565636,0.0495423,0.0505341,0.0566621,0.0551037,0,0,0,0,0,0,0,0,0,1,1,1,1,1,1,1,1,1,1,1,1,1,0,0,0,0,0,0,0,0,0,1,1,1,1,1,1,1,1,1,1,1,1,1,0,0,0,0,0,0,0,0,0,1,0,0,0,0,0,0,0,0,0,0,0,0,0,0,0,0,0,0,0,0,0,0,13,0,0,0,0,0,0,0,0,0,0,0,0,0,0,0,0,0,0,0,0,0,0,0,0,0,0,0,0,0,0,0,0,0,0,0,0,0,0,0,0,0,0,0,0,0,0,0,0
0.366496,-0.369864,0.973843,0,0,0,0,8.05332e-09,4.29396e-09,1.20226e-08,2778,1163,1164,1184,1185,1186,1206,1207,2756,2757,2777,2779,2799,2800,0,0,0,0,0,0,0,0,0,1163,1164,1184,1185,1186,1206,1207,2756,2757,2777,2779,2799,2800,0,0,0,0,0,0,0,0,0,0.112592,0.113804,0.110946,0.0999307,0.111344,0.113749,0.112888,0.0549435,0.0568343,0.0516922,0.0524278,0.057095,0.0560529,0,0,0,0,0,0,0,0,0,0.112474,0.113849,0.110916,0.1,0.111276,0.113968,0.112883,0.0541975,0.0572823,0.0505341,0.0513962,0.0575319,0.0551357,0,0,0,0,0,0,0,0,0,1,1,1,1,1,1,1,1,1,1,1,1,1,0,0,0,0,0,0,0,0,0,1,1,1,1,1,1,1,1,1,1,1,1,1,0,0,0,0,0,0,0,0,0,1,0,0,0,0,0,0,0,0,0,0,0,0,0,0,0,0,0,0,0,0,0,0,13,0,0,0,0,0,0,0,0,0,0,0,0,0,0,0,0,0,0,0,0,0,0,0,0,0,0,0,0,0,0,0,0,0,0,0,0,0,0,0,0,0,0,0,0,0,0,0,0
0.407494,-0.339684,0.961313,0,0,0,0,1.37087e-08,1.24482e-09,2.55639e-08,2779,1164,1165,1185,1186,1187,1207,1208,2757,2758,2778,2780,2800,2801,0,0,0,0,0,0,0,0,0,1164,1165,1185,1186,1187,1207,1208,2757,2758,2778,2780,2800,2801,0,0,0,0,0,0,0,0,0,0.112555,0.113991,0.111324,0.0999587,0.111614,0.114037,0.112797,0.0548891,0.0572225,0.0524278,0.0529465,0.0576233,0.0558431,0,0,0,0,0,0,0,0,0,0.112469,0.114043,0.111272,0.1,0.111544,0.114238,0.112811,0.0541891,0.0577077,0.0513962,0.0520361,0.0581151,0.0549804,0,0,0,0,0,0,0,0,0,1,1,1,1,1,1,1,1,1,1,1,1,1,0,0,0,0,0,0,0,0,0,1,1,1,1,1,1,1,1,1,1,1,1,1,0,0,0,0,0,0,0,0,0,1,0,0,0,0,0,0,0,0,0,0,0,0,0,0,0,0,0,0,0,0,0,0,13,0,0,0,0,0,0,0,0,0,0,0,0,0,0,0,0,0,0,0,0,0,0,0,0,0,0,0,0,0,0,0,0,0,0,0,0,0,0,0,0,0,0,0,0,0,0,0,0
0.447368,-0.308824,0.945155,0,0,0,0,2.05973e-08,-1.25972e-09,3.93639e-08,2780,1165,1166,1186,1187,1188,1208,1209,2758,2759,2779,2781,2801,2802,0,0,0,0,0,0,0,0,0,1165,1166,1186,1187,1188,1208,1209,2758,2759,2779,2781,2801,2802,0,0,0,0,0,0,0,0,0,0.112457,0.114018,0.111603,0.0999809,0.111713,0.114154,0.112663,0.0546941,0.0572777,0.0529465,0.0530594,0.0578121,0.0555215,0,0,0,0,0,0,0,0,0,0.112392,0.114079,0.111538,0.1,0.111643,0.114346,0.11268,0.0540161,0.0577838,0.0520361,0.0522699,0.0583422,0.0546887,0,0,0,0,0,0,0,0,0,1,1,1,1,1,1,1,1,1,1,1,1,1,0,0,0,0,0,0,0,0,0,1,1,1,1,1,1,1,1,1,1,1,1,1,0,0,0,0,0,0,0,0,0,1,0,0,0,0,0,0,0,0,0,0,0,0,0,0,0,0,0,0,0,0,0,0,13,0,0,0,0,0,0,0,0,0,0,0,0,0,0,0,0,0,0,0,0,0,0,0,0,0,0,0,0,0,0,0,0,0,0,0,0,0,0,0,0,0,0,0,0,0,0,0,0
0.485586,-0.277571,0.925715,0,0,0,0,2.8642e-08,-3.19907e-09,5.31465e-08,2781,1166,1167,1187,1188,1189,1209,1210,2759,2760,2780,2782,2802,2803,0,0,0,0,0,0,0,0,0,1166,1167,1187,1188,1189,1209,1210,2759,2760,2780,2782,2802,2803,0,0,0,0,0,0,0,0,0,0.1123,0.113889,0.111703,0.0999971,0.111506,0.114082,0.11249,0.0543616,0.0570141,0.0530594,0.0524547,0.0576191,0.0550932,0,0,0,0,0,0,0,0,0,0.112251,0.113959,0.111636,0.1,0.111438,0.114264,0.112499,0.053692,0.0575185,0.0522699,0.0517848,0.058161,0.0542802,0,0,0,0,0,0,0,0,0,1,1,1,1,1,1,1,1,1,1,1,1,1,0,0,0,0,0,0,0,0,0,1,1,1,1,1,1,1,1,1,1,1,1,1,0,0,0,0,0,0,0,0,0,1,0,0,0,0,0,0,0,0,0,0,0,0,0,0,0,0,0,0,0,0,0,0,13,0,0,0,0,0,0,0,0,0,0,0,0,0,0,0,0,0,0,0,0,0,0,0,0,0,0,0,0,0,0,0,0,0,0,0,0,0,0,0,0,0,0,0,0,0,0,0,0
0.521522,-0.246497,0.903478,0,0,0,0,3.76688e-08,-4.57154e-09,6.65619e-08,2782,1167,1168,1188,1189,1190,1210,1211,2760,2761,2781,2783,2803,2804,0,0,0,0,0,0,0,0,0,1167,1168,1188,1189,1190,1210,1211,2760,2761,2781,2783,2803,2804,0,0,0,0,0,0,0,0,0,0.112034,0.113756,0.111493,0.100008,0.111083,0.11389,0.112145,0.0537661,0.0567526,0.0524547,0.0513406,0.0571873,0.0542571,0,0,0,0,0,0,0,0,0,0.111996,0.113829,0.111432,0.1,0.111022,0.114058,0.112142,0.0531006,0.0572338,0.0517848,0.0507834,0.0577115,0.0534581,0,0,0,0,0,0,0,0,0,1,1,1,1,1,1,1,1,1,1,1,1,1,0,0,0,0,0,0,0,0,0,1,1,1,1,1,1,1,1,1,1,1,1,1,0,0,0,0,0,0,0,0,0,1,0,0,0,0,0,0,0,0,0,0,0,0,0,0,0,0,0,0,0,0,0,0,13,0,0,0,0,0,0,0,0,0,0,0,0,0,0,0,0,0,0,0,0,0,0,0,0,0,0,0,0,0,0,0,0,0,0,0,0,0,0,0,0,0,0,0,0,0,0,0,0
0.554976,-0.216622,0.878494,0,0,0,0,4.75519e-08,-5.38468e-09,7.93099e-08,2783,1168,1169,1189,1190,1191,1211,1212,2761,2762,2782,2784,2804,2805,0,0,0,0,0,0,0,0,0,1168,1169,1189,1190,1191,1211,1212,2761,2762,2782,2784,2804,2805,0,0,0,0,0,0,0,0,0,0.111518,0.113895,0.111065,0.100014,0.11121,0.113944,0.111426,0.0525624,0.0570879,0.0513406,0.0515588,0.0573267,0.0525348,0,0,0,0,0,0,0,0,0,0.111482,0.113966,0.111017,0.1,0.111156,0.114103,0.111413,0.0518903,0.0575339,0.0507834,0.0511065,0.0578089,0.0517397,0,0,0,0,0,0,0,0,0,1,1,1,1,1,1,1,1,1,1,1,1,1,0,0,0,0,0,0,0,0,0,1,1,1,1,1,1,1,1,1,1,1,1,1,0,0,0,0,0,0,0,0,0,1,0,0,0,0,0,0,0,0,0,0,0,0,0,0,0,0,0,0,0,0,0,0,13,0,0,0,0,0,0,0,0,0,0,0,0,0,0,0,0,0,0,0,0,0,0,0,0,0,0,0,0,0,0,0,0,0,0,0,0,0,0,0,0,0,0,0,0,0,0,0,0
0.586925,-0.188041,0.849846,0,0,0,0,5.8539e-08,-5.69937e-09,9.15454e-08,2784,1169,1170,1190,1191,1192,1212,1213,2762,2763,2783,2785,2805,2806,0,0,0,0,0,0,0,0,0,1169,1170,1190,1191,1192,1212,1213,2762,2763,2783,2785,2805,2806,0,0,0,0,0,0,0,0,0,0.110945,0.113957,0.111186,0.100016,0.111781,0.114256,0.110914,0.0511933,0.0572552,0.0515588,0.0528431,0.0580296,0.0512846,0,0,0,0,0,0,0,0,0,0.110904,0.114022,0.111152,0.1,0.111738,0.114404,0.110894,0.0505018,0.0576592,0.0511065,0.0524932,0.0584653,0.0504911,0,0,0,0,0,0,0,0,0,1,1,1,1,1,1,1,1,1,1,1,1,1,0,0,0,0,0,0,0,0,0,1,1,1,1,1,1,1,1,1,1,1,1,1,0,0,0,0,0,0,0,0,0,1,0,0,0,0,0,0,0,0,0,0,0,0,0,0,0,0,0,0,0,0,0,0,13,0,0,0,0,0,0,0,0,0,0,0,0,0,0,0,0,0,0,0,0,0,0,0,0,0,0,0,0,0,0,0,0,0,0,0,0,0,0,0,0,0,0,0,0,0,0,0,0
0.617635,-0.159501,0.817678,0,0,0,0,7.07059e-08,-5.61679e-09,1.03403e-07,2785,1170,1171,1191,1192,1193,1213,1214,2763,2764,2784,2786,2806,2807,0,0,0,0,0,0,0,0,0,1170,1171,1191,1192,1193,1213,1214,2763,2764,2784,2786,2806,2807,0,0,0,0,0,0,0,0,0,0.110628,0.113676,0.111755,0.100017,0.112038,0.114108,0.110677,0.0504227,0.0566762,0.0528431,0.0533833,0.0577218,0.050664,0,0,0,0,0,0,0,0,0,0.110587,0.113737,0.111735,0.1,0.112007,0.114237,0.110649,0.0497279,0.0570322,0.0524932,0.053125,0.0581052,0.049892,0,0,0,0,0,0,0,0,0,1,1,1,1,1,1,1,1,1,1,1,1,1,0,0,0,0,0,0,0,0,0,1,1,1,1,1,1,1,1,1,1,1,1,1,0,0,0,0,0,0,0,0,0,1,0,0,0,0,0,0,0,0,0,0,0,0,0,0,0,0,0,0,0,0,0,0,13,0,0,0,0,0,0,0,0,0,0,0,0,0,0,0,0,0,0,0,0,0,0,0,0,0,0,0,0,0,0,0,0,0,0,0,0,0,0,0,0,0,0,0,0,0,0,0,0
0.646349,-0.130829,0.782991,0,0,0,0,8.37441e-08,-5.20435e-09,1.14599e-07,2786,1171,1172,1192,1193,1194,1214,1215,2764,2765,2785,2787,2807,2808,0,0,0,0,0,0,0,0,0,1171,1172,1192,1193,1194,1214,1215,2764,2765,2785,2787,2807,2808,0,0,0,0,0,0,0,0,0,0.110373,0.113233,0.112014,0.100016,0.111963,0.113694,0.110423,0.0497903,0.0557337,0.0533833,0.0531621,0.0568282,0.0499872,0,0,0,0,0,0,0,0,0,0.110336,0.113289,0.112006,0.1,0.111946,0.113801,0.110388,0.049109,0.0560352,0.053125,0.0529805,0.0571522,0.0492476,0,0,0,0,0,0,0,0,0,1,1,1,1,1,1,1,1,1,1,1,1,1,0,0,0,0,0,0,0,0,0,1,1,1,1,1,1,1,1,1,1,1,1,1,0,0,0,0,0,0,0,0,0,1,0,0,0,0,0,0,0,0,0,0,0,0,0,0,0,0,0,0,0,0,0,0,13,0,0,0,0,0,0,0,0,0,0,0,0,0,0,0,0,0,0,0,0,0,0,0,0,0,0,0,0,0,0,0,0,0,0,0,0,0,0,0,0,0,0,0,0,0,0,0,0
0.672575,-0.102466,0.746468,0,0,0,0,9.73664e-08,-4.54206e-09,1.2486e-07,2787,1172,1173,1193,1194,1195,1215,1216,2765,2766,2786,2788,2808,2809,0,0,0,0,0,0,0,0,0,1172,1173,1193,1194,1195,1215,1216,2765,2766,2786,2788,2808,2809,0,0,0,0,0,0,0,0,0,0.110071,0.112723,0.111944,0.100015,0.111703,0.113204,0.110098,0.0490199,0.0546247,0.0531621,0.0525139,0.0557591,0.0491304,0,0,0,0,0,0,0,0,0,0.110037,0.112771,0.111945,0.1,0.111697,0.113289,0.110061,0.0483621,0.0548678,0.0529805,0.0523939,0.0560183,0.0484299,0,0,0,0,0,0,0,0,0,1,1,1,1,1,1,1,1,1,1,1,1,1,0,0,0,0,0,0,0,0,0,1,1,1,1,1,1,1,1,1,1,1,1,1,0,0,0,0,0,0,0,0,0,1,0,0,0,0,0,0,0,0,0,0,0,0,0,0,0,0,0,0,0,0,0,0,13,0,0,0,0,0,0,0,0,0,0,0,0,0,0,0,0,0,0,0,0,0,0,0,0,0,0,0,0,0,0,0,0,0,0,0,0,0,0,0,0,0,0,0,0,0,0,0,0
0.69613,-0.0747811,0.708568,0,0,0,0,1.11355e-07,-3.72627e-09,1.34032e-07,2788,1173,1174,1194,1195,1196,1216,1217,2766,2767,2787,2789,2809,2810,0,0,0,0,0,0,0,0,0,1173,1174,1194,1195,1196,1216,1217,2766,2767,2787,2789,2809,2810,0,0,0,0,0,0,0,0,0,0.109718,0.112171,0.111688,0.100013,0.111329,0.11267,0.109724,0.0481027,0.0533997,0.0525139,0.0515994,0.0545789,0.0481356,0,0,0,0,0,0,0,0,0,0.109687,0.112212,0.111698,0.1,0.111333,0.112737,0.109687,0.047476,0.0535838,0.0523939,0.0515271,0.0547726,0.0474796,0,0,0,0,0,0,0,0,0,1,1,1,1,1,1,1,1,1,1,1,1,1,0,0,0,0,0,0,0,0,0,1,1,1,1,1,1,1,1,1,1,1,1,1,0,0,0,0,0,0,0,0,0,1,0,0,0,0,0,0,0,0,0,0,0,0,0,0,0,0,0,0,0,0,0,0,13,0,0,0,0,0,0,0,0,0,0,0,0,0,0,0,0,0,0,0,0,0,0,0,0,0,0,0,0,0,0,0,0,0,0,0,0,0,0,0,0,0,0,0,0,0,0,0,0
0.716964,-0.0480148,0.669683,0,0,0,0,1.25525e-07,-2.86297e-09,1.42027e-07,2789,1174,1175,1195,1196,1197,1217,1218,2767,2768,2788,2790,2810,2811,0,0,0,0,0,0,0,0,0,1174,1175,1195,1196,1197,1217,1218,2767,2768,2788,2790,2810,2811,0,0,0,0,0,0,0,0,0,0.109332,0.111589,0.111318,0.10001,0.110883,0.112102,0.109321,0.0470795,0.052079,0.0515994,0.0504948,0.0532988,0.0470493,0,0,0,0,0,0,0,0,0,0.109305,0.111624,0.111335,0.1,0.110891,0.112152,0.109285,0.0464901,0.0522068,0.0515271,0.0504594,0.0534307,0.0464419,0,0,0,0,0,0,0,0,0,1,1,1,1,1,1,1,1,1,1,1,1,1,0,0,0,0,0,0,0,0,0,1,1,1,1,1,1,1,1,1,1,1,1,1,0,0,0,0,0,0,0,0,0,1,0,0,0,0,0,0,0,0,0,0,0,0,0,0,0,0,0,0,0,0,0,0,13,0,0,0,0,0,0,0,0,0,0,0,0,0,0,0,0,0,0,0,0,0,0,0,0,0,0,0,0,0,0,0,0,0,0,0,0,0,0,0,0,0,0,0,0,0,0,0,0
0.735101,-0.0223179,0.630181,0,0,0,0,1.3971e-07,-2.07435e-09,1.48799e-07,2790,1175,1176,1196,1197,1198,1218,1219,2768,2769,2789,2791,2811,2812,0,0,0,0,0,0,0,0,0,1175,1176,1196,1197,1198,1218,1219,2768,2769,2789,2791,2811,2812,0,0,0,0,0,0,0,0,0,0.108926,0.110995,0.110871,0.100009,0.110388,0.111506,0.108903,0.0459876,0.050667,0.0504948,0.0492549,0.0519284,0.0459054,0,0,0,0,0,0,0,0,0,0.108904,0.111018,0.110894,0.1,0.110398,0.111545,0.108871,0.0454385,0.0507562,0.0504594,0.0492435,0.0520077,0.0453526,0,0,0,0,0,0,0,0,0,1,1,1,1,1,1,1,1,1,1,1,1,1,0,0,0,0,0,0,0,0,0,1,1,1,1,1,1,1,1,1,1,1,1,1,0,0,0,0,0,0,0,0,0,1,0,0,0,0,0,0,0,0,0,0,0,0,0,0,0,0,0,0,0,0,0,0,13,0,0,0,0,0,0,0,0,0,0,0,0,0,0,0,0,0,0,0,0,0,0,0,0,0,0,0,0,0,0,0,0,0,0,0,0,0,0,0,0,0,0,0,0,0,0,0,0
0.750614,0.00221801,0.590389,0,0,0,0,1.53783e-07,-1.47367e-09,1.54395e-07,2791,1176,1177,1197,1198,1199,1219,1220,2769,2770,2790,2792,2812,2813,0,0,0,0,0,0,0,0,0,1176,1177,1197,1198,1199,1219,1220,2769,2770,2790,2792,2812,2813,0,0,0,0,0,0,0,0,0,0.108519,0.110391,0.110374,0.100008,0.109865,0.110892,0.108483,0.0448447,0.0491949,0.0492549,0.0479245,0.0504863,0.0447347,0,0,0,0,0,0,0,0,0,0.108498,0.110403,0.110401,0.1,0.109874,0.110925,0.108458,0.0443493,0.0492503,0.0492435,0.0479276,0.0505209,0.0442432,0,0,0,0,0,0,0,0,0,1,1,1,1,1,1,1,1,1,1,1,1,1,0,0,0,0,0,0,0,0,0,1,1,1,1,1,1,1,1,1,1,1,1,1,0,0,0,0,0,0,0,0,0,1,0,0,0,0,0,0,0,0,0,0,0,0,0,0,0,0,0,0,0,0,0,0,13,0,0,0,0,0,0,0,0,0,0,0,0,0,0,0,0,0,0,0,0,0,0,0,0,0,0,0,0,0,0,0,0,0,0,0,0,0,0,0,0,0,0,0,0,0,0,0,0
0.763619,0.0255464,0.550597,0,0,0,0,1.67659e-07,-1.13788e-09,1.58923e-07,2792,1177,1178,1198,1199,1200,1220,1221,2770,2771,2791,2793,2813,2814,0,0,0,0,0,0,0,0,0,1177,1178,1198,1199,1200,1220,1221,2770,2771,2791,2793,2813,2814,0,0,0,0,0,0,0,0,0,0.108118,0.109776,0.109852,0.10001,0.109336,0.110274,0.10808,0.0436755,0.0476931,0.0479245,0.0465568,0.0489933,0.0435693,0,0,0,0,0,0,0,0,0,0.108096,0.109789,0.109879,0.1,0.109347,0.110301,0.108059,0.0432494,0.0477055,0.0479276,0.0465705,0.048987,0.0431472,0,0,0,0,0,0,0,0,0,1,1,1,1,1,1,1,1,1,1,1,1,1,0,0,0,0,0,0,0,0,0,1,1,1,1,1,1,1,1,1,1,1,1,1,0,0,0,0,0,0,0,0,0,1,0,0,0,0,0,0,0,0,0,0,0,0,0,0,0,0,0,0,0,0,0,0,13,0,0,0,0,0,0,0,0,0,0,0,0,0,0,0,0,0,0,0,0,0,0,0,0,0,0,0,0,0,0,0,0,0,0,0,0,0,0,0,0,0,0,0,0,0,0,0,0
0.774254,0.0476652,0.511034,0,0,0,0,1.81359e-07,-1.17145e-09,1.62495e-07,2793,1178,1199,1200,1221,1222,2771,2792,2814,2815,0,0,0,0,0,0,0,0,0,0,0,0,0,1178,1199,1200,1221,1222,2771,2792,2814,2815,0,0,0,0,0,0,0,0,0,0,0,0,0,0.107716,0.109324,0.100002,0.109657,0.10771,0.0425221,0.0465568,0.0474683,0.04242,0,0,0,0,0,0,0,0,0,0,0,0,0,0.10771,0.109352,0.1,0.10968,0.107686,0.0421693,0.0465705,0.0474201,0.0421029,0,0,0,0,0,0,0,0,0,0,0,0,0,1,1,1,1,1,1,1,1,1,0,0,0,0,0,0,0,0,0,0,0,0,0,1,1,1,1,1,1,1,1,1,0,0,0,0,0,0,0,0,0,0,0,0,0,1,0,0,0,0,0,0,0,0,0,0,0,0,0,0,0,0,0,0,0,0,0,0,9,0,0,0,0,0,0,0,0,0,0,0,0,0,0,0,0,0,0,0,0,0,0,0,0,0,0,0,0,0,0,0,0,0,0,0,0,0,0,0,0,0,0,0,0,0,0,0,0
0.117506,-0.48877,1.00858,0,0,0,0,-3.08301e-09,2.23367e-08,-4.43169e-08,2794,48,49,1179,1180,1201,1202,1223,1641,1642,2772,2773,2795,2816,0,0,0,0,0,0,0,0,0,48,49,1179,1180,1201,1202,1223,1641,1642,2772,2773,2795,2816,0,0,0,0,0,0,0,0,0,0.10835,0.109843,0.111857,0.111211,0.0995766,0.109623,0.112179,0.0459913,0.0494853,0.0531594,0.051477,0.0491595,0.0550705,0,0,0,0,0,0,0,0,0,0.108086,0.110556,0.11137,0.111432,0.1,0.10942,0.111987,0.043377,0.0497667,0.0515959,0.0517643,0.0467788,0.0530346,0,0,0,0,0,0,0,0,0,1,1,1,1,1,1,1,1,1,1,1,1,1,0,0,0,0,0,0,0,0,0,1,1,1,1,1,1,1,1,1,1,1,1,1,0,0,0,0,0,0,0,0,0,1,0,0,0,0,0,0,0,0,0,0,0,0,0,0,0,0,0,0,0,0,0,0,13,0,0,0,0,0,0,0,0,0,0,0,0,0,0,0,0,0,0,0,0,0,0,0,0,0,0,0,0,0,0,0,0,0,0,0,0,0,0,0,0,0,0,0,0,0,0,0,0
0.159377,-0.464535,1.01731,0,0,0,0,-3.1789e-09,1.79135e-08,-3.55966e-08,2795,1180,1181,1201,1202,1203,1223,1224,2773,2774,2794,2796,2816,2817,0,0,0,0,0,0,0,0,0,1180,1181,1201,1202,1203,1223,1224,2773,2774,2794,2796,2816,2817,0,0,0,0,0,0,0,0,0,0.112389,0.111869,0.109335,0.0997711,0.109998,0.110981,0.112782,0.0542354,0.0527535,0.0491595,0.0498226,0.0526054,0.0560265,0,0,0,0,0,0,0,0,0,0.11184,0.11198,0.109424,0.1,0.109821,0.11186,0.112445,0.0527108,0.053057,0.0467788,0.0478097,0.0527879,0.054098,0,0,0,0,0,0,0,0,0,1,1,1,1,1,1,1,1,1,1,1,1,1,0,0,0,0,0,0,0,0,0,1,1,1,1,1,1,1,1,1,1,1,1,1,0,0,0,0,0,0,0,0,0,1,0,0,0,0,0,0,0,0,0,0,0,0,0,0,0,0,0,0,0,0,0,0,13,0,0,0,0,0,0,0,0,0,0,0,0,0,0,0,0,0,0,0,0,0,0,0,0,0,0,0,0,0,0,0,0,0,0,0,0,0,0,0,0,0,0,0,0,0,0,0,0
0.201589,-0.438538,1.02226,0,0,0,0,-2.62377e-09,1.37509e-08,-2.59113e-08,2796,1181,1182,1202,1203,1204,1224,1225,2774,2775,2795,2797,2817,2818,0,0,0,0,0,0,0,0,0,1181,1182,1202,1203,1204,1224,1225,2774,2775,2795,2797,2817,2818,0,0,0,0,0,0,0,0,0,0.112668,0.11246,0.109755,0.0997682,0.110371,0.111807,0.113057,0.055059,0.0540451,0.0498226,0.050635,0.0538656,0.0566932,0,0,0,0,0,0,0,0,0,0.112238,0.11254,0.109825,0.1,0.110258,0.112422,0.112812,0.0536407,0.054351,0.0478097,0.0489092,0.0540907,0.054942,0,0,0,0,0,0,0,0,0,1,1,1,1,1,1,1,1,1,1,1,1,1,0,0,0,0,0,0,0,0,0,1,1,1,1,1,1,1,1,1,1,1,1,1,0,0,0,0,0,0,0,0,0,1,0,0,0,0,0,0,0,0,0,0,0,0,0,0,0,0,0,0,0,0,0,0,13,0,0,0,0,0,0,0,0,0,0,0,0,0,0,0,0,0,0,0,0,0,0,0,0,0,0,0,0,0,0,0,0,0,0,0,0,0,0,0,0,0,0,0,0,0,0,0,0
0.244105,-0.411059,1.02336,0,0,0,0,-1.25767e-09,9.87274e-09,-1.53147e-08,2797,1182,1183,1203,1204,1205,1225,1226,2775,2776,2796,2798,2818,2819,0,0,0,0,0,0,0,0,0,1182,1183,1203,1204,1205,1225,1226,2775,2776,2796,2798,2818,2819,0,0,0,0,0,0,0,0,0,0.112892,0.113029,0.110182,0.0998142,0.110787,0.112514,0.113249,0.0556375,0.0552443,0.050635,0.0514954,0.0551228,0.0570884,0,0,0,0,0,0,0,0,0,0.112549,0.11308,0.110261,0.1,0.110702,0.112989,0.113072,0.0543602,0.0555773,0.0489092,0.0500068,0.0553766,0.0555392,0,0,0,0,0,0,0,0,0,1,1,1,1,1,1,1,1,1,1,1,1,1,0,0,0,0,0,0,0,0,0,1,1,1,1,1,1,1,1,1,1,1,1,1,0,0,0,0,0,0,0,0,0,1,0,0,0,0,0,0,0,0,0,0,0,0,0,0,0,0,0,0,0,0,0,0,13,0,0,0,0,0,0,0,0,0,0,0,0,0,0,0,0,0,0,0,0,0,0,0,0,0,0,0,0,0,0,0,0,0,0,0,0,0,0,0,0,0,0,0,0,0,0,0,0
0.286726,-0.382307,1.02044,0,0,0,0,1.06945e-09,6.3421e-09,-3.8905e-09,2798,1183,1184,1204,1205,1206,1226,1227,2776,2777,2797,2799,2819,2820,0,0,0,0,0,0,0,0,0,1183,1184,1204,1205,1206,1226,1227,2776,2777,2797,2799,2819,2820,0,0,0,0,0,0,0,0,0,0.113022,0.113526,0.110653,0.0998562,0.111209,0.11316,0.11332,0.0559812,0.0562829,0.0514954,0.05236,0.0562548,0.0572326,0,0,0,0,0,0,0,0,0,0.112761,0.113566,0.110703,0.1,0.111137,0.113525,0.113216,0.0548498,0.0566621,0.0500068,0.0510624,0.0565679,0.0558728,0,0,0,0,0,0,0,0,0,1,1,1,1,1,1,1,1,1,1,1,1,1,0,0,0,0,0,0,0,0,0,1,1,1,1,1,1,1,1,1,1,1,1,1,0,0,0,0,0,0,0,0,0,1,0,0,0,0,0,0,0,0,0,0,0,0,0,0,0,0,0,0,0,0,0,0,13,0,0,0,0,0,0,0,0,0,0,0,0,0,0,0,0,0,0,0,0,0,0,0,0,0,0,0,0,0,0,0,0,0,0,0,0,0,0,0,0,0,0,0,0,0,0,0,0
0.329199,-0.352499,1.01343,0,0,0,0,4.47652e-09,3.21848e-09,8.24131e-09,2799,1184,1185,1205,1206,1207,1227,1228,2777,2778,2798,2800,2820,2821,0,0,0,0,0,0,0,0,0,1184,1185,1205,1206,1207,1227,1228,2777,2778,2798,2800,2820,2821,0,0,0,0,0,0,0,0,0,0.113066,0.11392,0.111121,0.0998989,0.111613,0.113686,0.113294,0.0561105,0.057095,0.05236,0.0531687,0.0571863,0.0571567,0,0,0,0,0,0,0,0,0,0.112872,0.113962,0.111136,0.1,0.111543,0.113986,0.113244,0.0551037,0.0575319,0.0510624,0.0520337,0.057576,0.0559474,0,0,0,0,0,0,0,0,0,1,1,1,1,1,1,1,1,1,1,1,1,1,0,0,0,0,0,0,0,0,0,1,1,1,1,1,1,1,1,1,1,1,1,1,0,0,0,0,0,0,0,0,0,1,0,0,0,0,0,0,0,0,0,0,0,0,0,0,0,0,0,0,0,0,0,0,13,0,0,0,0,0,0,0,0,0,0,0,0,0,0,0,0,0,0,0,0,0,0,0,0,0,0,0,0,0,0,0,0,0,0,0,0,0,0,0,0,0,0,0,0,0,0,0,0
0.371197,-0.321834,1.00235,0,0,0,0,9.04714e-09,5.55695e-10,2.09265e-08,2800,1185,1186,1206,1207,1208,1228,1229,2778,2779,2799,2801,2821,2822,0,0,0,0,0,0,0,0,0,1185,1186,1206,1207,1208,1228,1229,2778,2779,2799,2801,2821,2822,0,0,0,0,0,0,0,0,0,0.11303,0.114179,0.111559,0.0999367,0.111961,0.114063,0.113189,0.0560529,0.0576233,0.0531687,0.0538368,0.0578438,0.0569003,0,0,0,0,0,0,0,0,0,0.112884,0.114229,0.11154,0.1,0.11189,0.114327,0.113172,0.0551357,0.0581151,0.0520337,0.0528512,0.0583124,0.0557944,0,0,0,0,0,0,0,0,0,1,1,1,1,1,1,1,1,1,1,1,1,1,0,0,0,0,0,0,0,0,0,1,1,1,1,1,1,1,1,1,1,1,1,1,0,0,0,0,0,0,0,0,0,1,0,0,0,0,0,0,0,0,0,0,0,0,0,0,0,0,0,0,0,0,0,0,13,0,0,0,0,0,0,0,0,0,0,0,0,0,0,0,0,0,0,0,0,0,0,0,0,0,0,0,0,0,0,0,0,0,0,0,0,0,0,0,0,0,0,0,0,0,0,0,0
0.412325,-0.290509,0.987332,0,0,0,0,1.48189e-08,-1.60692e-09,3.39747e-08,2801,1186,1187,1207,1208,1209,1229,1230,2779,2780,2800,2802,2822,2823,0,0,0,0,0,0,0,0,0,1186,1187,1207,1208,1209,1229,1230,2779,2780,2800,2802,2822,2823,0,0,0,0,0,0,0,0,0,0.112927,0.114273,0.111926,0.0999673,0.112185,0.11426,0.11303,0.0558431,0.0578121,0.0538368,0.0542172,0.0581593,0.0565152,0,0,0,0,0,0,0,0,0,0.112814,0.114335,0.111885,0.1,0.112115,0.114505,0.113026,0.0549804,0.0583422,0.0528512,0.053377,0.05869,0.0554741,0,0,0,0,0,0,0,0,0,1,1,1,1,1,1,1,1,1,1,1,1,1,0,0,0,0,0,0,0,0,0,1,1,1,1,1,1,1,1,1,1,1,1,1,0,0,0,0,0,0,0,0,0,1,0,0,0,0,0,0,0,0,0,0,0,0,0,0,0,0,0,0,0,0,0,0,13,0,0,0,0,0,0,0,0,0,0,0,0,0,0,0,0,0,0,0,0,0,0,0,0,0,0,0,0,0,0,0,0,0,0,0,0,0,0,0,0,0,0,0,0,0,0,0,0
0.452092,-0.258741,0.968652,0,0,0,0,2.1766e-08,-3.25116e-09,4.71525e-08,2802,1187,1188,1208,1209,1210,1230,1231,2780,2781,2801,2803,2823,2824,0,0,0,0,0,0,0,0,0,1187,1188,1208,1209,1210,1230,1231,2780,2781,2801,2803,2823,2824,0,0,0,0,0,0,0,0,0,0.112774,0.114181,0.11216,0.0999901,0.112147,0.114245,0.112857,0.0555215,0.0576191,0.0542172,0.0539971,0.0580541,0.0560791,0,0,0,0,0,0,0,0,0,0.112685,0.114252,0.112109,0.1,0.112082,0.114473,0.112851,0.0546887,0.058161,0.053377,0.0532992,0.0586159,0.0550823,0,0,0,0,0,0,0,0,0,1,1,1,1,1,1,1,1,1,1,1,1,1,0,0,0,0,0,0,0,0,0,1,1,1,1,1,1,1,1,1,1,1,1,1,0,0,0,0,0,0,0,0,0,1,0,0,0,0,0,0,0,0,0,0,0,0,0,0,0,0,0,0,0,0,0,0,13,0,0,0,0,0,0,0,0,0,0,0,0,0,0,0,0,0,0,0,0,0,0,0,0,0,0,0,0,0,0,0,0,0,0,0,0,0,0,0,0,0,0,0,0,0,0,0,0
0.489838,-0.226872,0.946853,0,0,0,0,2.9763e-08,-4.38271e-09,6.01559e-08,2803,1188,1189,1209,1210,1211,1231,1232,2781,2782,2802,2804,2824,2825,0,0,0,0,0,0,0,0,0,1188,1189,1209,1210,1211,1231,1232,2781,2782,2802,2804,2824,2825,0,0,0,0,0,0,0,0,0,0.112578,0.113969,0.112124,0.100005,0.11164,0.113995,0.112577,0.0550932,0.0571873,0.0539971,0.0526912,0.0574723,0.0553814,0,0,0,0,0,0,0,0,0,0.112506,0.114046,0.112075,0.1,0.111582,0.114203,0.112561,0.0542802,0.0577115,0.0532992,0.0521248,0.0580276,0.0544237,0,0,0,0,0,0,0,0,0,1,1,1,1,1,1,1,1,1,1,1,1,1,0,0,0,0,0,0,0,0,0,1,1,1,1,1,1,1,1,1,1,1,1,1,0,0,0,0,0,0,0,0,0,1,0,0,0,0,0,0,0,0,0,0,0,0,0,0,0,0,0,0,0,0,0,0,13,0,0,0,0,0,0,0,0,0,0,0,0,0,0,0,0,0,0,0,0,0,0,0,0,0,0,0,0,0,0,0,0,0,0,0,0,0,0,0,0,0,0,0,0,0,0,0,0
0.524813,-0.195821,0.922583,0,0,0,0,3.85737e-08,-5.01544e-09,7.25748e-08,2804,1189,1190,1210,1211,1212,1232,1233,2782,2783,2803,2805,2825,2826,0,0,0,0,0,0,0,0,0,1189,1190,1210,1211,1212,1232,1233,2782,2783,2803,2805,2825,2826,0,0,0,0,0,0,0,0,0,0.11221,0.114016,0.111615,0.100014,0.11122,0.1137,0.111393,0.0542571,0.0573267,0.0526912,0.0515684,0.0568273,0.0525762,0,0,0,0,0,0,0,0,0,0.112149,0.114091,0.111577,0.1,0.111168,0.113888,0.11137,0.0534581,0.0578089,0.0521248,0.0511323,0.0573403,0.0516361,0,0,0,0,0,0,0,0,0,1,1,1,1,1,1,1,1,1,1,1,1,1,0,0,0,0,0,0,0,0,0,1,1,1,1,1,1,1,1,1,1,1,1,1,0,0,0,0,0,0,0,0,0,1,0,0,0,0,0,0,0,0,0,0,0,0,0,0,0,0,0,0,0,0,0,0,13,0,0,0,0,0,0,0,0,0,0,0,0,0,0,0,0,0,0,0,0,0,0,0,0,0,0,0,0,0,0,0,0,0,0,0,0,0,0,0,0,0,0,0,0,0,0,0,0
0.557556,-0.166882,0.895202,0,0,0,0,4.82484e-08,-5.18086e-09,8.43084e-08,2805,1190,1191,1211,1212,1213,1233,1234,2783,2784,2804,2806,2826,2827,0,0,0,0,0,0,0,0,0,1190,1191,1211,1212,1213,1233,1234,2783,2784,2804,2806,2826,2827,0,0,0,0,0,0,0,0,0,0.111476,0.114321,0.111183,0.100019,0.11188,0.113543,0.111092,0.0525348,0.0580296,0.0515684,0.0530525,0.0564862,0.0517897,0,0,0,0,0,0,0,0,0,0.111419,0.114392,0.111163,0.1,0.11184,0.113709,0.111058,0.0517397,0.0584653,0.0511323,0.0527318,0.0569481,0.0508853,0,0,0,0,0,0,0,0,0,1,1,1,1,1,1,1,1,1,1,1,1,1,0,0,0,0,0,0,0,0,0,1,1,1,1,1,1,1,1,1,1,1,1,1,0,0,0,0,0,0,0,0,0,1,0,0,0,0,0,0,0,0,0,0,0,0,0,0,0,0,0,0,0,0,0,0,13,0,0,0,0,0,0,0,0,0,0,0,0,0,0,0,0,0,0,0,0,0,0,0,0,0,0,0,0,0,0,0,0,0,0,0,0,0,0,0,0,0,0,0,0,0,0,0,0
0.589551,-0.138711,0.863622,0,0,0,0,5.92238e-08,-4.97821e-09,9.58241e-08,2806,1191,1192,1212,1213,1214,1234,1235,2784,2785,2805,2807,2827,2828,0,0,0,0,0,0,0,0,0,1191,1192,1212,1213,1214,1234,1235,2784,2785,2805,2807,2827,2828,0,0,0,0,0,0,0,0,0,0.110958,0.114161,0.111845,0.100021,0.112445,0.11437,0.110876,0.0512846,0.0577218,0.0530525,0.0543007,0.0583109,0.0512277,0,0,0,0,0,0,0,0,0,0.110899,0.114226,0.111837,0.1,0.11242,0.114516,0.110838,0.0504911,0.0581052,0.0527318,0.05408,0.0587133,0.0503525,0,0,0,0,0,0,0,0,0,1,1,1,1,1,1,1,1,1,1,1,1,1,0,0,0,0,0,0,0,0,0,1,1,1,1,1,1,1,1,1,1,1,1,1,0,0,0,0,0,0,0,0,0,1,0,0,0,0,0,0,0,0,0,0,0,0,0,0,0,0,0,0,0,0,0,0,13,0,0,0,0,0,0,0,0,0,0,0,0,0,0,0,0,0,0,0,0,0,0,0,0,0,0,0,0,0,0,0,0,0,0,0,0,0,0,0,0,0,0,0,0,0,0,0,0
0.62005,-0.110162,0.828933,0,0,0,0,7.12742e-08,-4.48482e-09,1.06923e-07,2807,1192,1193,1213,1214,1215,1235,1236,2785,2786,2806,2808,2828,2829,0,0,0,0,0,0,0,0,0,1192,1193,1213,1214,1215,1235,1236,2785,2786,2806,2808,2828,2829,0,0,0,0,0,0,0,0,0,0.110706,0.113732,0.112415,0.100021,0.112499,0.114082,0.110707,0.050664,0.0568282,0.0543007,0.0543725,0.0576978,0.0507564,0,0,0,0,0,0,0,0,0,0.110653,0.113791,0.112418,0.1,0.112487,0.114203,0.110663,0.049892,0.0571522,0.05408,0.0542347,0.0580363,0.049925,0,0,0,0,0,0,0,0,0,1,1,1,1,1,1,1,1,1,1,1,1,1,0,0,0,0,0,0,0,0,0,1,1,1,1,1,1,1,1,1,1,1,1,1,0,0,0,0,0,0,0,0,0,1,0,0,0,0,0,0,0,0,0,0,0,0,0,0,0,0,0,0,0,0,0,0,13,0,0,0,0,0,0,0,0,0,0,0,0,0,0,0,0,0,0,0,0,0,0,0,0,0,0,0,0,0,0,0,0,0,0,0,0,0,0,0,0,0,0,0,0,0,0,0,0
0.648199,-0.0817184,0.792123,0,0,0,0,8.40418e-08,-3.76427e-09,1.17235e-07,2808,1193,1194,1214,1215,1216,1236,1237,2786,2787,2807,2809,2829,2830,0,0,0,0,0,0,0,0,0,1193,1194,1214,1215,1216,1236,1237,2786,2787,2807,2809,2829,2830,0,0,0,0,0,0,0,0,0,0.110438,0.113229,0.112474,0.100019,0.112287,0.113602,0.110434,0.0499872,0.0557591,0.0543725,0.0538445,0.0566608,0.0500269,0,0,0,0,0,0,0,0,0,0.110391,0.11328,0.112487,0.1,0.112287,0.113697,0.110388,0.0492476,0.0560183,0.0542347,0.0537722,0.0569293,0.049245,0,0,0,0,0,0,0,0,0,1,1,1,1,1,1,1,1,1,1,1,1,1,0,0,0,0,0,0,0,0,0,1,1,1,1,1,1,1,1,1,1,1,1,1,0,0,0,0,0,0,0,0,0,1,0,0,0,0,0,0,0,0,0,0,0,0,0,0,0,0,0,0,0,0,0,0,13,0,0,0,0,0,0,0,0,0,0,0,0,0,0,0,0,0,0,0,0,0,0,0,0,0,0,0,0,0,0,0,0,0,0,0,0,0,0,0,0,0,0,0,0,0,0,0,0
0.673695,-0.0538872,0.753723,0,0,0,0,9.72964e-08,-2.90904e-09,1.26552e-07,2809,1194,1195,1215,1216,1217,1237,1238,2787,2788,2808,2810,2830,2831,0,0,0,0,0,0,0,0,0,1194,1195,1215,1216,1217,1237,1238,2787,2788,2808,2810,2830,2831,0,0,0,0,0,0,0,0,0,0.110105,0.112687,0.112267,0.100017,0.111934,0.113091,0.110081,0.0491304,0.0545789,0.0538445,0.0529948,0.0555461,0.0490965,0,0,0,0,0,0,0,0,0,0.110063,0.112728,0.112288,0.1,0.111944,0.113163,0.110037,0.0484299,0.0547726,0.0537722,0.0529716,0.0557419,0.0483686,0,0,0,0,0,0,0,0,0,1,1,1,1,1,1,1,1,1,1,1,1,1,0,0,0,0,0,0,0,0,0,1,1,1,1,1,1,1,1,1,1,1,1,1,0,0,0,0,0,0,0,0,0,1,0,0,0,0,0,0,0,0,0,0,0,0,0,0,0,0,0,0,0,0,0,0,13,0,0,0,0,0,0,0,0,0,0,0,0,0,0,0,0,0,0,0,0,0,0,0,0,0,0,0,0,0,0,0,0,0,0,0,0,0,0,0,0,0,0,0,0,0,0,0,0
0.696451,-0.0269711,0.714148,0,0,0,0,1.10851e-07,-2.02376e-09,1.34766e-07,2810,1195,1196,1216,1217,1218,1238,1239,2788,2789,2809,2811,2831,2832,0,0,0,0,0,0,0,0,0,1195,1196,1216,1217,1218,1238,1239,2788,2789,2809,2811,2831,2832,0,0,0,0,0,0,0,0,0,0.109726,0.112112,0.111919,0.100014,0.111493,0.112543,0.109684,0.0481356,0.0532988,0.0529948,0.0519315,0.054333,0.0480402,0,0,0,0,0,0,0,0,0,0.109688,0.112145,0.111946,0.1,0.111509,0.112597,0.109644,0.0474796,0.0534307,0.0529716,0.0519438,0.0544602,0.047369,0,0,0,0,0,0,0,0,0,1,1,1,1,1,1,1,1,1,1,1,1,1,0,0,0,0,0,0,0,0,0,1,1,1,1,1,1,1,1,1,1,1,1,1,0,0,0,0,0,0,0,0,0,1,0,0,0,0,0,0,0,0,0,0,0,0,0,0,0,0,0,0,0,0,0,0,13,0,0,0,0,0,0,0,0,0,0,0,0,0,0,0,0,0,0,0,0,0,0,0,0,0,0,0,0,0,0,0,0,0,0,0,0,0,0,0,0,0,0,0,0,0,0,0,0
0.716464,-0.00114702,0.673782,0,0,0,0,1.2454e-07,-1.22077e-09,1.41824e-07,2811,1196,1197,1217,1218,1219,1239,1240,2789,2790,2810,2812,2832,2833,0,0,0,0,0,0,0,0,0,1196,1197,1217,1218,1219,1239,1240,2789,2790,2810,2812,2832,2833,0,0,0,0,0,0,0,0,0,0.109319,0.111516,0.111481,0.100011,0.110994,0.111963,0.109264,0.0470493,0.0519284,0.0519315,0.0507149,0.053023,0.0469098,0,0,0,0,0,0,0,0,0,0.109286,0.111539,0.111512,0.1,0.111013,0.112003,0.10923,0.0464419,0.0520077,0.0519438,0.0507505,0.0530892,0.0462975,0,0,0,0,0,0,0,0,0,1,1,1,1,1,1,1,1,1,1,1,1,1,0,0,0,0,0,0,0,0,0,1,1,1,1,1,1,1,1,1,1,1,1,1,0,0,0,0,0,0,0,0,0,1,0,0,0,0,0,0,0,0,0,0,0,0,0,0,0,0,0,0,0,0,0,0,13,0,0,0,0,0,0,0,0,0,0,0,0,0,0,0,0,0,0,0,0,0,0,0,0,0,0,0,0,0,0,0,0,0,0,0,0,0,0,0,0,0,0,0,0,0,0,0,0
0.73379,0.0234836,0.632976,0,0,0,0,1.38222e-07,-6.05466e-10,1.47744e-07,2812,1197,1198,1218,1219,1220,1240,1241,2790,2791,2811,2813,2833,2834,0,0,0,0,0,0,0,0,0,1197,1198,1218,1219,1220,1240,1241,2790,2791,2811,2813,2833,2834,0,0,0,0,0,0,0,0,0,0.108902,0.110905,0.110983,0.10001,0.110461,0.111359,0.108838,0.0459054,0.0504863,0.0507149,0.049394,0.0516297,0.045746,0,0,0,0,0,0,0,0,0,0.108872,0.110919,0.111017,0.1,0.11048,0.11139,0.108812,0.0453526,0.0505209,0.0507505,0.0494439,0.051644,0.0451947,0,0,0,0,0,0,0,0,0,1,1,1,1,1,1,1,1,1,1,1,1,1,0,0,0,0,0,0,0,0,0,1,1,1,1,1,1,1,1,1,1,1,1,1,0,0,0,0,0,0,0,0,0,1,0,0,0,0,0,0,0,0,0,0,0,0,0,0,0,0,0,0,0,0,0,0,13,0,0,0,0,0,0,0,0,0,0,0,0,0,0,0,0,0,0,0,0,0,0,0,0,0,0,0,0,0,0,0,0,0,0,0,0,0,0,0,0,0,0,0,0,0,0,0,0
0.748525,0.0468733,0.592042,0,0,0,0,1.518e-07,-2.56619e-10,1.52599e-07,2813,1198,1199,1219,1220,1221,1241,1242,2791,2792,2812,2814,2834,2835,0,0,0,0,0,0,0,0,0,1198,1199,1219,1220,1221,1241,1242,2791,2792,2812,2814,2834,2835,0,0,0,0,0,0,0,0,0,0.108486,0.110289,0.110451,0.100008,0.109924,0.110741,0.108422,0.0447347,0.0489933,0.049394,0.0480228,0.0501708,0.0445887,0,0,0,0,0,0,0,0,0,0.108458,0.110296,0.110485,0.1,0.109938,0.110767,0.108406,0.0442432,0.048987,0.0494439,0.0480854,0.0501415,0.0440992,0,0,0,0,0,0,0,0,0,1,1,1,1,1,1,1,1,1,1,1,1,1,0,0,0,0,0,0,0,0,0,1,1,1,1,1,1,1,1,1,1,1,1,1,0,0,0,0,0,0,0,0,0,1,0,0,0,0,0,0,0,0,0,0,0,0,0,0,0,0,0,0,0,0,0,0,13,0,0,0,0,0,0,0,0,0,0,0,0,0,0,0,0,0,0,0,0,0,0,0,0,0,0,0,0,0,0,0,0,0,0,0,0,0,0,0,0,0,0,0,0,0,0,0,0
0.760799,0.0690196,0.551236,0,0,0,0,1.65231e-07,-2.33933e-10,1.5649e-07,2814,1199,1200,1220,1221,1222,1242,1243,2792,2793,2813,2815,2835,2836,0,0,0,0,0,0,0,0,0,1199,1200,1220,1221,1222,1242,1243,2792,2793,2813,2815,2835,2836,0,0,0,0,0,0,0,0,0,0.108081,0.109669,0.10991,0.10001,0.109422,0.110117,0.108036,0.0435693,0.0474683,0.0480228,0.0466879,0.048663,0.0434722,0,0,0,0,0,0,0,0,0,0.108059,0.109676,0.109943,0.1,0.109425,0.110143,0.108024,0.0431472,0.0474201,0.0480854,0.0467699,0.0485964,0.0430496,0,0,0,0,0,0,0,0,0,1,1,1,1,1,1,1,1,1,1,1,1,1,0,0,0,0,0,0,0,0,0,1,1,1,1,1,1,1,1,1,1,1,1,1,0,0,0,0,0,0,0,0,0,1,0,0,0,0,0,0,0,0,0,0,0,0,0,0,0,0,0,0,0,0,0,0,13,0,0,0,0,0,0,0,0,0,0,0,0,0,0,0,0,0,0,0,0,0,0,0,0,0,0,0,0,0,0,0,0,0,0,0,0,0,0,0,0,0,0,0,0,0,0,0,0
0.770769,0.0899405,0.510706,0,0,0,0,1.78598e-07,-7.09061e-10,1.5952e-07,2815,92,1200,1221,1222,1243,1685,2793,2814,2836,0,0,0,0,0,0,0,0,0,0,0,0,0,92,1200,1221,1222,1243,1685,2793,2814,2836,0,0,0,0,0,0,0,0,0,0,0,0,0,0.107739,0.107677,0.109387,0.100003,0.109497,0.042286,0.04242,0.0466879,0.0471397,0,0,0,0,0,0,0,0,0,0,0,0,0,0.107682,0.107686,0.109431,0.1,0.109521,0.0420901,0.0421029,0.0467699,0.0470176,0,0,0,0,0,0,0,0,0,0,0,0,0,1,1,1,1,1,1,1,1,1,0,0,0,0,0,0,0,0,0,0,0,0,0,1,1,1,1,1,1,1,1,1,0,0,0,0,0,0,0,0,0,0,0,0,0,1,0,0,0,0,0,0,0,0,0,0,0,0,0,0,0,0,0,0,0,0,0,0,9,0,0,0,0,0,0,0,0,0,0,0,0,0,0,0,0,0,0,0,0,0,0,0,0,0,0,0,0,0,0,0,0,0,0,0,0,0,0,0,0,0,0,0,0,0,0,0,0
0.11835,-0.448366,1.04599,0,0,0,0,-2.98563e-09,1.51187e-08,-3.48481e-08,2816,49,50,1201,1202,1223,1224,1244,1642,1643,2794,2795,2817,2837,0,0,0,0,0,0,0,0,0,49,50,1201,1202,1223,1224,1244,1642,1643,2794,2795,2817,2837,0,0,0,0,0,0,0,0,0,0.108731,0.110023,0.112571,0.111663,0.0994931,0.110221,0.112811,0.0473509,0.0502879,0.0550705,0.0526054,0.0508279,0.0569132,0,0,0,0,0,0,0,0,0,0.108524,0.110806,0.111978,0.111865,0.1,0.110035,0.11256,0.0446132,0.0504144,0.0530346,0.0527879,0.048351,0.054361,0,0,0,0,0,0,0,0,0,1,1,1,1,1,1,1,1,1,1,1,1,1,0,0,0,0,0,0,0,0,0,1,1,1,1,1,1,1,1,1,1,1,1,1,0,0,0,0,0,0,0,0,0,1,0,0,0,0,0,0,0,0,0,0,0,0,0,0,0,0,0,0,0,0,0,0,13,0,0,0,0,0,0,0,0,0,0,0,0,0,0,0,0,0,0,0,0,0,0,0,0,0,0,0,0,0,0,0,0,0,0,0,0,0,0,0,0,0,0,0,0,0,0,0,0
0.161062,-0.421883,1.0536,0,0,0,0,-2.95857e-09,1.13787e-08,-2.6149e-08,2817,1202,1203,1223,1224,1225,1244,1245,2795,2796,2816,2818,2837,2838,0,0,0,0,0,0,0,0,0,1202,1203,1223,1224,1225,1244,1245,2795,2796,2816,2818,2837,2838,0,0,0,0,0,0,0,0,0,0.113088,0.112343,0.109845,0.0997373,0.110606,0.111301,0.113396,0.0560265,0.0538656,0.0508279,0.0514165,0.0537378,0.0577046,0,0,0,0,0,0,0,0,0,0.112436,0.112426,0.11004,0.1,0.110438,0.112284,0.11299,0.054098,0.0540907,0.048351,0.0493583,0.0537747,0.0553433,0,0,0,0,0,0,0,0,0,1,1,1,1,1,1,1,1,1,1,1,1,1,0,0,0,0,0,0,0,0,0,1,1,1,1,1,1,1,1,1,1,1,1,1,0,0,0,0,0,0,0,0,0,1,0,0,0,0,0,0,0,0,0,0,0,0,0,0,0,0,0,0,0,0,0,0,13,0,0,0,0,0,0,0,0,0,0,0,0,0,0,0,0,0,0,0,0,0,0,0,0,0,0,0,0,0,0,0,0,0,0,0,0,0,0,0,0,0,0,0,0,0,0,0,0
0.20399,-0.393789,1.05699,0,0,0,0,-2.26888e-09,7.97134e-09,-1.65752e-08,2818,1203,1204,1224,1225,1226,1245,1246,2796,2797,2817,2819,2838,2839,0,0,0,0,0,0,0,0,0,1203,1204,1224,1225,1226,1245,1246,2796,2797,2817,2819,2838,2839,0,0,0,0,0,0,0,0,0,0.113304,0.112932,0.1103,0.0997411,0.110982,0.112169,0.113587,0.0566932,0.0551228,0.0514165,0.0521762,0.0549351,0.0581596,0,0,0,0,0,0,0,0,0,0.112804,0.112991,0.110442,0.1,0.110877,0.112845,0.113306,0.054942,0.0553766,0.0493583,0.0504351,0.0550549,0.0560597,0,0,0,0,0,0,0,0,0,1,1,1,1,1,1,1,1,1,1,1,1,1,0,0,0,0,0,0,0,0,0,1,1,1,1,1,1,1,1,1,1,1,1,1,0,0,0,0,0,0,0,0,0,1,0,0,0,0,0,0,0,0,0,0,0,0,0,0,0,0,0,0,0,0,0,0,13,0,0,0,0,0,0,0,0,0,0,0,0,0,0,0,0,0,0,0,0,0,0,0,0,0,0,0,0,0,0,0,0,0,0,0,0,0,0,0,0,0,0,0,0,0,0,0,0
0.247111,-0.364426,1.05615,0,0,0,0,-7.61839e-10,4.90251e-09,-6.18814e-09,2819,1204,1205,1225,1226,1227,1246,1247,2797,2798,2818,2820,2839,2840,0,0,0,0,0,0,0,0,0,1204,1205,1225,1226,1227,1246,1247,2797,2798,2818,2820,2839,2840,0,0,0,0,0,0,0,0,0,0.11346,0.113486,0.11075,0.0998017,0.111408,0.112878,0.113687,0.0570884,0.0562548,0.0521762,0.0529984,0.0561105,0.0583152,0,0,0,0,0,0,0,0,0,0.113066,0.113524,0.11088,0.1,0.111326,0.113401,0.113491,0.0555392,0.0565679,0.0504351,0.051517,0.0562991,0.0564836,0,0,0,0,0,0,0,0,0,1,1,1,1,1,1,1,1,1,1,1,1,1,0,0,0,0,0,0,0,0,0,1,1,1,1,1,1,1,1,1,1,1,1,1,0,0,0,0,0,0,0,0,0,1,0,0,0,0,0,0,0,0,0,0,0,0,0,0,0,0,0,0,0,0,0,0,13,0,0,0,0,0,0,0,0,0,0,0,0,0,0,0,0,0,0,0,0,0,0,0,0,0,0,0,0,0,0,0,0,0,0,0,0,0,0,0,0,0,0,0,0,0,0,0,0
0.290219,-0.334032,1.05098,0,0,0,0,1.70594e-09,2.21759e-09,4.92303e-09,2820,1205,1206,1226,1227,1228,1247,1248,2798,2799,2819,2821,2840,2841,0,0,0,0,0,0,0,0,0,1205,1206,1226,1227,1228,1247,1248,2798,2799,2819,2821,2840,2841,0,0,0,0,0,0,0,0,0,0.113511,0.113945,0.111245,0.0998547,0.111841,0.113497,0.113657,0.0572326,0.0571863,0.0529984,0.0538311,0.0571231,0.0582045,0,0,0,0,0,0,0,0,0,0.113213,0.113981,0.111327,0.1,0.111767,0.113909,0.11354,0.0558728,0.057576,0.051517,0.0525626,0.0574143,0.0566046,0,0,0,0,0,0,0,0,0,1,1,1,1,1,1,1,1,1,1,1,1,1,0,0,0,0,0,0,0,0,0,1,1,1,1,1,1,1,1,1,1,1,1,1,0,0,0,0,0,0,0,0,0,1,0,0,0,0,0,0,0,0,0,0,0,0,0,0,0,0,0,0,0,0,0,0,13,0,0,0,0,0,0,0,0,0,0,0,0,0,0,0,0,0,0,0,0,0,0,0,0,0,0,0,0,0,0,0,0,0,0,0,0,0,0,0,0,0,0,0,0,0,0,0,0
0.333048,-0.302838,1.04147,0,0,0,0,5.24423e-09,-4.44168e-11,1.66358e-08,2821,1206,1207,1227,1228,1229,1248,1249,2799,2800,2820,2822,2841,2842,0,0,0,0,0,0,0,0,0,1206,1207,1227,1228,1229,1248,1249,2799,2800,2820,2822,2841,2842,0,0,0,0,0,0,0,0,0,0.11347,0.114273,0.111731,0.0999052,0.11225,0.113965,0.113528,0.0571567,0.0578438,0.0538311,0.0546002,0.0578885,0.0578688,0,0,0,0,0,0,0,0,0,0.113245,0.11432,0.111765,0.1,0.112177,0.114315,0.113462,0.0559474,0.0583124,0.0525626,0.0535201,0.0582905,0.0564423,0,0,0,0,0,0,0,0,0,1,1,1,1,1,1,1,1,1,1,1,1,1,0,0,0,0,0,0,0,0,0,1,1,1,1,1,1,1,1,1,1,1,1,1,0,0,0,0,0,0,0,0,0,1,0,0,0,0,0,0,0,0,0,0,0,0,0,0,0,0,0,0,0,0,0,0,13,0,0,0,0,0,0,0,0,0,0,0,0,0,0,0,0,0,0,0,0,0,0,0,0,0,0,0,0,0,0,0,0,0,0,0,0,0,0,0,0,0,0,0,0,0,0,0,0
0.375251,-0.27105,1.0277,0,0,0,0,9.92537e-09,-1.85221e-09,2.8795e-08,2822,1207,1208,1228,1229,1230,1249,1250,2800,2801,2821,2823,2842,2843,0,0,0,0,0,0,0,0,0,1207,1208,1228,1229,1230,1249,1250,2800,2801,2821,2823,2842,2843,0,0,0,0,0,0,0,0,0,0.113349,0.114434,0.112175,0.099947,0.112584,0.11425,0.113321,0.0569003,0.0581593,0.0546002,0.0551987,0.0583218,0.0573541,0,0,0,0,0,0,0,0,0,0.113175,0.114495,0.112172,0.1,0.112514,0.114563,0.113281,0.0557944,0.05869,0.0535201,0.0542962,0.0588188,0.0560456,0,0,0,0,0,0,0,0,0,1,1,1,1,1,1,1,1,1,1,1,1,1,0,0,0,0,0,0,0,0,0,1,1,1,1,1,1,1,1,1,1,1,1,1,0,0,0,0,0,0,0,0,0,1,0,0,0,0,0,0,0,0,0,0,0,0,0,0,0,0,0,0,0,0,0,0,13,0,0,0,0,0,0,0,0,0,0,0,0,0,0,0,0,0,0,0,0,0,0,0,0,0,0,0,0,0,0,0,0,0,0,0,0,0,0,0,0,0,0,0,0,0,0,0,0
0.416401,-0.238853,1.00989,0,0,0,0,1.57714e-08,-3.19051e-09,4.12098e-08,2823,1208,1209,1229,1230,1231,1250,1251,2801,2802,2822,2824,2843,2844,0,0,0,0,0,0,0,0,0,1208,1209,1229,1230,1231,1250,1251,2801,2802,2822,2824,2843,2844,0,0,0,0,0,0,0,0,0,0.113171,0.114388,0.11253,0.0999787,0.112746,0.114309,0.113067,0.0565152,0.0580541,0.0551987,0.0554101,0.0583268,0.0567243,0,0,0,0,0,0,0,0,0,0.113032,0.114461,0.112507,0.1,0.112681,0.114595,0.113035,0.0554741,0.0586159,0.0542962,0.0546803,0.058882,0.0554969,0,0,0,0,0,0,0,0,0,1,1,1,1,1,1,1,1,1,1,1,1,1,0,0,0,0,0,0,0,0,0,1,1,1,1,1,1,1,1,1,1,1,1,1,0,0,0,0,0,0,0,0,0,1,0,0,0,0,0,0,0,0,0,0,0,0,0,0,0,0,0,0,0,0,0,0,13,0,0,0,0,0,0,0,0,0,0,0,0,0,0,0,0,0,0,0,0,0,0,0,0,0,0,0,0,0,0,0,0,0,0,0,0,0,0,0,0,0,0,0,0,0,0,0,0
0.455919,-0.206433,0.988504,0,0,0,0,2.2726e-08,-4.06699e-09,5.36393e-08,2824,1209,1210,1230,1231,1232,1251,1252,2802,2803,2823,2825,2844,2845,0,0,0,0,0,0,0,0,0,1209,1210,1230,1231,1232,1251,1252,2802,2803,2823,2825,2844,2845,0,0,0,0,0,0,0,0,0,0.112972,0.11411,0.112701,0.100001,0.112399,0.114071,0.112588,0.0560791,0.0574723,0.0554101,0.0544752,0.0577334,0.0555593,0,0,0,0,0,0,0,0,0,0.112858,0.114191,0.112674,0.1,0.112344,0.114327,0.112552,0.0550823,0.0580276,0.0546803,0.0539046,0.0583001,0.0544015,0,0,0,0,0,0,0,0,0,1,1,1,1,1,1,1,1,1,1,1,1,1,0,0,0,0,0,0,0,0,0,1,1,1,1,1,1,1,1,1,1,1,1,1,0,0,0,0,0,0,0,0,0,1,0,0,0,0,0,0,0,0,0,0,0,0,0,0,0,0,0,0,0,0,0,0,13,0,0,0,0,0,0,0,0,0,0,0,0,0,0,0,0,0,0,0,0,0,0,0,0,0,0,0,0,0,0,0,0,0,0,0,0,0,0,0,0,0,0,0,0,0,0,0,0
0.492821,-0.174426,0.964393,0,0,0,0,3.05687e-08,-4.50209e-09,6.56822e-08,2825,1210,1211,1231,1232,1233,1252,1253,2803,2804,2824,2826,2845,2846,0,0,0,0,0,0,0,0,0,1210,1211,1231,1232,1233,1252,1253,2803,2804,2824,2826,2845,2846,0,0,0,0,0,0,0,0,0,0.112662,0.113799,0.112356,0.100014,0.11147,0.113486,0.111199,0.0553814,0.0568273,0.0544752,0.0521699,0.056421,0.0522282,0,0,0,0,0,0,0,0,0,0.112568,0.113877,0.112337,0.1,0.111424,0.113711,0.111158,0.0544237,0.0573403,0.0539046,0.0517446,0.0569508,0.051123,0,0,0,0,0,0,0,0,0,1,1,1,1,1,1,1,1,1,1,1,1,1,0,0,0,0,0,0,0,0,0,1,1,1,1,1,1,1,1,1,1,1,1,1,0,0,0,0,0,0,0,0,0,1,0,0,0,0,0,0,0,0,0,0,0,0,0,0,0,0,0,0,0,0,0,0,13,0,0,0,0,0,0,0,0,0,0,0,0,0,0,0,0,0,0,0,0,0,0,0,0,0,0,0,0,0,0,0,0,0,0,0,0,0,0,0,0,0,0,0,0,0,0,0,0
0.52683,-0.145438,0.937472,0,0,0,0,3.91525e-08,-4.49554e-09,7.69179e-08,2826,1211,1212,1232,1233,1234,1253,1254,2804,2805,2825,2827,2846,2847,0,0,0,0,0,0,0,0,0,1211,1212,1232,1233,1234,1253,1254,2804,2805,2825,2827,2846,2847,0,0,0,0,0,0,0,0,0,0.111462,0.113626,0.111423,0.10002,0.111485,0.113225,0.110991,0.0525762,0.0564862,0.0521699,0.0521038,0.0558251,0.0516526,0,0,0,0,0,0,0,0,0,0.111376,0.113699,0.11142,0.1,0.111452,0.113417,0.110943,0.0516361,0.0569481,0.0517446,0.0518116,0.0563019,0.0506047,0,0,0,0,0,0,0,0,0,1,1,1,1,1,1,1,1,1,1,1,1,1,0,0,0,0,0,0,0,0,0,1,1,1,1,1,1,1,1,1,1,1,1,1,0,0,0,0,0,0,0,0,0,1,0,0,0,0,0,0,0,0,0,0,0,0,0,0,0,0,0,0,0,0,0,0,13,0,0,0,0,0,0,0,0,0,0,0,0,0,0,0,0,0,0,0,0,0,0,0,0,0,0,0,0,0,0,0,0,0,0,0,0,0,0,0,0,0,0,0,0,0,0,0,0
0.55888,-0.116737,0.90808,0,0,0,0,4.85584e-08,-4.18651e-09,8.77269e-08,2827,1212,1213,1233,1234,1235,1254,1255,2805,2806,2826,2828,2847,2848,0,0,0,0,0,0,0,0,0,1212,1213,1233,1234,1235,1254,1255,2805,2806,2826,2828,2847,2848,0,0,0,0,0,0,0,0,0,0.111135,0.114436,0.11144,0.100025,0.112658,0.112913,0.110782,0.0517897,0.0583109,0.0521038,0.0547583,0.0551232,0.0510681,0,0,0,0,0,0,0,0,0,0.111063,0.114506,0.111449,0.1,0.11264,0.113072,0.110726,0.0508853,0.0587133,0.0518116,0.0545826,0.0555315,0.0500747,0,0,0,0,0,0,0,0,0,1,1,1,1,1,1,1,1,1,1,1,1,1,0,0,0,0,0,0,0,0,0,1,1,1,1,1,1,1,1,1,1,1,1,1,0,0,0,0,0,0,0,0,0,1,0,0,0,0,0,0,0,0,0,0,0,0,0,0,0,0,0,0,0,0,0,0,13,0,0,0,0,0,0,0,0,0,0,0,0,0,0,0,0,0,0,0,0,0,0,0,0,0,0,0,0,0,0,0,0,0,0,0,0,0,0,0,0,0,0,0,0,0,0,0,0
0.590906,-0.0885188,0.873779,0,0,0,0,5.94758e-08,-3.61394e-09,9.85462e-08,2828,1213,1214,1234,1235,1236,1255,1256,2806,2807,2827,2829,2848,2849,0,0,0,0,0,0,0,0,0,1213,1214,1234,1235,1236,1255,1256,2806,2807,2827,2829,2848,2849,0,0,0,0,0,0,0,0,0,0.110912,0.114132,0.112617,0.100026,0.113011,0.113956,0.110841,0.0512277,0.0576978,0.0547583,0.0555027,0.0574557,0.0511493,0,0,0,0,0,0,0,0,0,0.110842,0.114193,0.112639,0.1,0.113007,0.114091,0.110784,0.0503525,0.0580363,0.0545826,0.055417,0.0577948,0.0502169,0,0,0,0,0,0,0,0,0,1,1,1,1,1,1,1,1,1,1,1,1,1,0,0,0,0,0,0,0,0,0,1,1,1,1,1,1,1,1,1,1,1,1,1,0,0,0,0,0,0,0,0,0,1,0,0,0,0,0,0,0,0,0,0,0,0,0,0,0,0,0,0,0,0,0,0,13,0,0,0,0,0,0,0,0,0,0,0,0,0,0,0,0,0,0,0,0,0,0,0,0,0,0,0,0,0,0,0,0,0,0,0,0,0,0,0,0,0,0,0,0,0,0,0,0
0.620975,-0.0600332,0.836834,0,0,0,0,7.13004e-08,-2.84476e-09,1.08804e-07,2829,1214,1215,1235,1236,1237,1256,1257,2807,2808,2828,2830,2849,2850,0,0,0,0,0,0,0,0,0,1214,1215,1235,1236,1237,1256,1257,2807,2808,2828,2830,2849,2850,0,0,0,0,0,0,0,0,0,0.110727,0.113637,0.112976,0.100024,0.112853,0.113819,0.110688,0.0507564,0.0566608,0.0555027,0.0551021,0.0571614,0.0507128,0,0,0,0,0,0,0,0,0,0.110667,0.113689,0.113007,0.1,0.112862,0.113923,0.110631,0.049925,0.0569293,0.055417,0.0550868,0.0574291,0.0498422,0,0,0,0,0,0,0,0,0,1,1,1,1,1,1,1,1,1,1,1,1,1,0,0,0,0,0,0,0,0,0,1,1,1,1,1,1,1,1,1,1,1,1,1,0,0,0,0,0,0,0,0,0,1,0,0,0,0,0,0,0,0,0,0,0,0,0,0,0,0,0,0,0,0,0,0,13,0,0,0,0,0,0,0,0,0,0,0,0,0,0,0,0,0,0,0,0,0,0,0,0,0,0,0,0,0,0,0,0,0,0,0,0,0,0,0,0,0,0,0,0,0,0,0,0
0.648421,-0.0320509,0.798105,0,0,0,0,8.37154e-08,-1.95843e-09,1.18182e-07,2830,1215,1216,1236,1237,1238,1257,1258,2808,2809,2829,2831,2850,2851,0,0,0,0,0,0,0,0,0,1215,1216,1236,1237,1238,1257,1258,2808,2809,2829,2831,2850,2851,0,0,0,0,0,0,0,0,0,0.110443,0.113115,0.112825,0.100021,0.112521,0.113366,0.110387,0.0500269,0.0555461,0.0551021,0.0543141,0.0561842,0.0499136,0,0,0,0,0,0,0,0,0,0.11039,0.113156,0.112863,0.1,0.112539,0.113444,0.110334,0.049245,0.0557419,0.0550868,0.0543491,0.0563724,0.049109,0,0,0,0,0,0,0,0,0,1,1,1,1,1,1,1,1,1,1,1,1,1,0,0,0,0,0,0,0,0,0,1,1,1,1,1,1,1,1,1,1,1,1,1,0,0,0,0,0,0,0,0,0,1,0,0,0,0,0,0,0,0,0,0,0,0,0,0,0,0,0,0,0,0,0,0,13,0,0,0,0,0,0,0,0,0,0,0,0,0,0,0,0,0,0,0,0,0,0,0,0,0,0,0,0,0,0,0,0,0,0,0,0,0,0,0,0,0,0,0,0,0,0,0,0
0.67312,-0.004982,0.758014,0,0,0,0,9.65446e-08,-1.05651e-09,1.26549e-07,2831,1216,1217,1237,1238,1239,1258,1259,2809,2810,2830,2832,2851,2852,0,0,0,0,0,0,0,0,0,1216,1217,1237,1238,1239,1258,1259,2809,2810,2830,2832,2851,2852,0,0,0,0,0,0,0,0,0,0.110085,0.11256,0.112499,0.100018,0.112088,0.112869,0.110012,0.0490965,0.054333,0.0543141,0.0532936,0.0550966,0.048922,0,0,0,0,0,0,0,0,0,0.110039,0.11259,0.112542,0.1,0.112113,0.112924,0.109965,0.0483686,0.0544602,0.0543491,0.0533626,0.0552094,0.0481842,0,0,0,0,0,0,0,0,0,1,1,1,1,1,1,1,1,1,1,1,1,1,0,0,0,0,0,0,0,0,0,1,1,1,1,1,1,1,1,1,1,1,1,1,0,0,0,0,0,0,0,0,0,1,0,0,0,0,0,0,0,0,0,0,0,0,0,0,0,0,0,0,0,0,0,0,13,0,0,0,0,0,0,0,0,0,0,0,0,0,0,0,0,0,0,0,0,0,0,0,0,0,0,0,0,0,0,0,0,0,0,0,0,0,0,0,0,0,0,0,0,0,0,0,0
0.695051,0.0209666,0.716954,0,0,0,0,1.09625e-07,-2.44785e-10,1.3384e-07,2832,1217,1218,1238,1239,1240,1259,1260,2810,2811,2831,2833,2852,2853,0,0,0,0,0,0,0,0,0,1217,1218,1238,1239,1240,1259,1260,2810,2811,2831,2833,2852,2853,0,0,0,0,0,0,0,0,0,0.109686,0.111976,0.112072,0.100014,0.111589,0.112328,0.1096,0.0480402,0.053023,0.0532936,0.052108,0.0538897,0.0478276,0,0,0,0,0,0,0,0,0,0.109645,0.111997,0.112117,0.1,0.111617,0.112366,0.109562,0.047369,0.0530892,0.0533626,0.0521976,0.0539356,0.0471559,0,0,0,0,0,0,0,0,0,1,1,1,1,1,1,1,1,1,1,1,1,1,0,0,0,0,0,0,0,0,0,1,1,1,1,1,1,1,1,1,1,1,1,1,0,0,0,0,0,0,0,0,0,1,0,0,0,0,0,0,0,0,0,0,0,0,0,0,0,0,0,0,0,0,0,0,13,0,0,0,0,0,0,0,0,0,0,0,0,0,0,0,0,0,0,0,0,0,0,0,0,0,0,0,0,0,0,0,0,0,0,0,0,0,0,0,0,0,0,0,0,0,0,0,0
0.714248,0.045686,0.675293,0,0,0,0,1.22812e-07,3.74615e-10,1.40049e-07,2833,1218,1219,1239,1240,1241,1260,1261,2811,2812,2832,2834,2853,2854,0,0,0,0,0,0,0,0,0,1218,1219,1239,1240,1241,1260,1261,2811,2812,2832,2834,2853,2854,0,0,0,0,0,0,0,0,0,0.109267,0.111372,0.111578,0.100011,0.11105,0.111753,0.109176,0.0469098,0.0516297,0.052108,0.0508093,0.05258,0.0466883,0,0,0,0,0,0,0,0,0,0.10923,0.111385,0.111622,0.1,0.11108,0.111778,0.109148,0.0462975,0.051644,0.0521976,0.0509091,0.0525686,0.0460813,0,0,0,0,0,0,0,0,0,1,1,1,1,1,1,1,1,1,1,1,1,1,0,0,0,0,0,0,0,0,0,1,1,1,1,1,1,1,1,1,1,1,1,1,0,0,0,0,0,0,0,0,0,1,0,0,0,0,0,0,0,0,0,0,0,0,0,0,0,0,0,0,0,0,0,0,13,0,0,0,0,0,0,0,0,0,0,0,0,0,0,0,0,0,0,0,0,0,0,0,0,0,0,0,0,0,0,0,0,0,0,0,0,0,0,0,0,0,0,0,0,0,0,0,0
0.730792,0.0691296,0.633361,0,0,0,0,1.35994e-07,7.1665e-10,1.45223e-07,2834,1219,1220,1240,1241,1242,1261,1262,2812,2813,2833,2835,2854,2855,0,0,0,0,0,0,0,0,0,1219,1220,1240,1241,1242,1261,1262,2812,2813,2833,2835,2854,2855,0,0,0,0,0,0,0,0,0,0.108847,0.110758,0.111045,0.100009,0.110501,0.111154,0.108759,0.045746,0.0501708,0.0508093,0.0494567,0.0511872,0.0455544,0,0,0,0,0,0,0,0,0,0.108812,0.110763,0.111085,0.1,0.110529,0.111172,0.108743,0.0451947,0.0501415,0.0509091,0.0495606,0.0511287,0.045009,0,0,0,0,0,0,0,0,0,1,1,1,1,1,1,1,1,1,1,1,1,1,0,0,0,0,0,0,0,0,0,1,1,1,1,1,1,1,1,1,1,1,1,1,0,0,0,0,0,0,0,0,0,1,0,0,0,0,0,0,0,0,0,0,0,0,0,0,0,0,0,0,0,0,0,0,13,0,0,0,0,0,0,0,0,0,0,0,0,0,0,0,0,0,0,0,0,0,0,0,0,0,0,0,0,0,0,0,0,0,0,0,0,0,0,0,0,0,0,0,0,0,0,0,0
0.744795,0.0913015,0.591429,0,0,0,0,1.49107e-07,7.19944e-10,1.49453e-07,2835,1220,1221,1241,1242,1243,1262,1263,2813,2814,2834,2836,2855,2856,0,0,0,0,0,0,0,0,0,1220,1221,1241,1242,1243,1262,1263,2813,2814,2834,2836,2855,2856,0,0,0,0,0,0,0,0,0,0.108438,0.110143,0.110499,0.100008,0.109985,0.110541,0.108361,0.0445887,0.048663,0.0494567,0.0481325,0.0497251,0.0444741,0,0,0,0,0,0,0,0,0,0.108405,0.110139,0.110534,0.1,0.110003,0.110557,0.108362,0.0440992,0.0485964,0.0495606,0.0482471,0.0496322,0.0439809,0,0,0,0,0,0,0,0,0,1,1,1,1,1,1,1,1,1,1,1,1,1,0,0,0,0,0,0,0,0,0,1,1,1,1,1,1,1,1,1,1,1,1,1,0,0,0,0,0,0,0,0,0,1,0,0,0,0,0,0,0,0,0,0,0,0,0,0,0,0,0,0,0,0,0,0,13,0,0,0,0,0,0,0,0,0,0,0,0,0,0,0,0,0,0,0,0,0,0,0,0,0,0,0,0,0,0,0,0,0,0,0,0,0,0,0,0,0,0,0,0,0,0,0,0
0.756408,0.112241,0.549675,0,0,0,0,1.62178e-07,3.19922e-10,1.52878e-07,2836,91,92,1221,1222,1242,1243,1263,1684,1685,2814,2815,2835,2856,0,0,0,0,0,0,0,0,0,91,92,1221,1222,1242,1243,1263,1684,1685,2814,2815,2835,2856,0,0,0,0,0,0,0,0,0,0.108,0.109548,0.108052,0.109523,0.109974,0.10001,0.10992,0.0434975,0.0469052,0.0434722,0.0471397,0.0481325,0.0481912,0,0,0,0,0,0,0,0,0,0.108016,0.109547,0.108023,0.109518,0.110009,0.1,0.109938,0.0430281,0.0470823,0.0430496,0.0470176,0.0482471,0.0480858,0,0,0,0,0,0,0,0,0,1,1,1,1,1,1,1,1,1,1,1,1,1,0,0,0,0,0,0,0,0,0,1,1,1,1,1,1,1,1,1,1,1,1,1,0,0,0,0,0,0,0,0,0,1,0,0,0,0,0,0,0,0,0,0,0,0,0,0,0,0,0,0,0,0,0,0,13,0,0,0,0,0,0,0,0,0,0,0,0,0,0,0,0,0,0,0,0,0,0,0,0,0,0,0,0,0,0,0,0,0,0,0,0,0,0,0,0,0,0,0,0,0,0,0,0
0.118997,-0.404367,1.08208,0,0,0,0,-2.87418e-09,9.11752e-09,-2.56941e-08,2837,50,51,1223,1224,1244,1245,1264,1643,1644,2816,2817,2838,2857,0,0,0,0,0,0,0,0,0,50,51,1223,1224,1244,1245,1264,1643,1644,2816,2817,2838,2857,0,0,0,0,0,0,0,0,0,0.109123,0.11019,0.113248,0.112114,0.0994039,0.110831,0.113399,0.0487478,0.0510997,0.0569132,0.0537378,0.0524737,0.0586603,0,0,0,0,0,0,0,0,0,0.108989,0.111044,0.112551,0.112289,0.1,0.110665,0.11308,0.0458902,0.0510293,0.054361,0.0537747,0.0499193,0.0555455,0,0,0,0,0,0,0,0,0,1,1,1,1,1,1,1,1,1,1,1,1,1,0,0,0,0,0,0,0,0,0,1,1,1,1,1,1,1,1,1,1,1,1,1,0,0,0,0,0,0,0,0,0,1,0,0,0,0,0,0,0,0,0,0,0,0,0,0,0,0,0,0,0,0,0,0,13,0,0,0,0,0,0,0,0,0,0,0,0,0,0,0,0,0,0,0,0,0,0,0,0,0,0,0,0,0,0,0,0,0,0,0,0,0,0,0,0,0,0,0,0,0,0,0,0
0.162504,-0.375655,1.0881,0,0,0,0,-2.73319e-09,6.12765e-09,-1.71635e-08,2838,1224,1225,1244,1245,1246,1264,1265,2817,2818,2837,2839,2857,2858,0,0,0,0,0,0,0,0,0,1224,1225,1244,1245,1246,1264,1265,2817,2818,2837,2839,2857,2858,0,0,0,0,0,0,0,0,0,0.113733,0.112798,0.110354,0.0997049,0.111217,0.111611,0.113935,0.0577046,0.0549351,0.0524737,0.0529595,0.0548578,0.0592132,0,0,0,0,0,0,0,0,0,0.112981,0.112849,0.110671,0.1,0.11106,0.112693,0.113459,0.0553433,0.0550549,0.0499193,0.0508806,0.0547143,0.056397,0,0,0,0,0,0,0,0,0,1,1,1,1,1,1,1,1,1,1,1,1,1,0,0,0,0,0,0,0,0,0,1,1,1,1,1,1,1,1,1,1,1,1,1,0,0,0,0,0,0,0,0,0,1,0,0,0,0,0,0,0,0,0,0,0,0,0,0,0,0,0,0,0,0,0,0,13,0,0,0,0,0,0,0,0,0,0,0,0,0,0,0,0,0,0,0,0,0,0,0,0,0,0,0,0,0,0,0,0,0,0,0,0,0,0,0,0,0,0,0,0,0,0,0,0
0.206076,-0.345582,1.08946,0,0,0,0,-1.92599e-09,3.51951e-09,-7.86188e-09,2839,1225,1226,1245,1246,1247,1265,1266,2818,2819,2838,2840,2858,2859,0,0,0,0,0,0,0,0,0,1225,1226,1245,1246,1247,1265,1266,2818,2819,2838,2840,2858,2859,0,0,0,0,0,0,0,0,0,0.113863,0.113366,0.110844,0.099719,0.111594,0.112497,0.114006,0.0581596,0.0561105,0.0529595,0.0536568,0.0559254,0.0593746,0,0,0,0,0,0,0,0,0,0.113299,0.113402,0.111065,0.1,0.111497,0.113229,0.11369,0.0560597,0.0562991,0.0508806,0.0519261,0.0559201,0.0569187,0,0,0,0,0,0,0,0,0,1,1,1,1,1,1,1,1,1,1,1,1,1,0,0,0,0,0,0,0,0,0,1,1,1,1,1,1,1,1,1,1,1,1,1,0,0,0,0,0,0,0,0,0,1,0,0,0,0,0,0,0,0,0,0,0,0,0,0,0,0,0,0,0,0,0,0,13,0,0,0,0,0,0,0,0,0,0,0,0,0,0,0,0,0,0,0,0,0,0,0,0,0,0,0,0,0,0,0,0,0,0,0,0,0,0,0,0,0,0,0,0,0,0,0,0
0.249718,-0.314534,1.08623,0,0,0,0,-3.02727e-10,1.27706e-09,2.15052e-09,2840,1226,1227,1246,1247,1248,1266,1267,2819,2820,2839,2841,2859,2860,0,0,0,0,0,0,0,0,0,1226,1227,1246,1247,1248,1266,1267,2819,2820,2839,2841,2859,2860,0,0,0,0,0,0,0,0,0,0.113926,0.113879,0.111318,0.0997964,0.112033,0.113176,0.113978,0.0583152,0.0571231,0.0536568,0.0544396,0.0569521,0.0592086,0,0,0,0,0,0,0,0,0,0.113487,0.113907,0.1115,0.1,0.111952,0.113751,0.113762,0.0564836,0.0574143,0.0519261,0.0529949,0.0570717,0.0570891,0,0,0,0,0,0,0,0,0,1,1,1,1,1,1,1,1,1,1,1,1,1,0,0,0,0,0,0,0,0,0,1,1,1,1,1,1,1,1,1,1,1,1,1,0,0,0,0,0,0,0,0,0,1,0,0,0,0,0,0,0,0,0,0,0,0,0,0,0,0,0,0,0,0,0,0,13,0,0,0,0,0,0,0,0,0,0,0,0,0,0,0,0,0,0,0,0,0,0,0,0,0,0,0,0,0,0,0,0,0,0,0,0,0,0,0,0,0,0,0,0,0,0,0,0
0.293225,-0.282766,1.07838,0,0,0,0,2.27506e-09,-5.75161e-10,1.27867e-08,2841,1227,1228,1247,1248,1249,1267,1268,2820,2821,2840,2842,2860,2861,0,0,0,0,0,0,0,0,0,1227,1228,1247,1248,1249,1267,1268,2820,2821,2840,2842,2860,2861,0,0,0,0,0,0,0,0,0,0.113872,0.11427,0.111837,0.0998606,0.11248,0.113736,0.113812,0.0582045,0.0578885,0.0544396,0.0552431,0.0577774,0.0587586,0,0,0,0,0,0,0,0,0,0.11354,0.114309,0.111951,0.1,0.112403,0.114203,0.113674,0.0566046,0.0582905,0.0529949,0.0540411,0.0580513,0.0569087,0,0,0,0,0,0,0,0,0,1,1,1,1,1,1,1,1,1,1,1,1,1,0,0,0,0,0,0,0,0,0,1,1,1,1,1,1,1,1,1,1,1,1,1,0,0,0,0,0,0,0,0,0,1,0,0,0,0,0,0,0,0,0,0,0,0,0,0,0,0,0,0,0,0,0,0,13,0,0,0,0,0,0,0,0,0,0,0,0,0,0,0,0,0,0,0,0,0,0,0,0,0,0,0,0,0,0,0,0,0,0,0,0,0,0,0,0,0,0,0,0,0,0,0,0
0.336325,-0.250515,1.06597,0,0,0,0,5.91047e-09,-2.01991e-09,2.39292e-08,2842,1228,1229,1248,1249,1250,1268,1269,2821,2822,2841,2843,2861,2862,0,0,0,0,0,0,0,0,0,1228,1229,1248,1249,1250,1268,1269,2821,2822,2841,2843,2861,2862,0,0,0,0,0,0,0,0,0,0.113721,0.114496,0.11234,0.0999175,0.112897,0.114112,0.113538,0.0578688,0.0583218,0.0552431,0.0559806,0.058308,0.0580614,0,0,0,0,0,0,0,0,0,0.113466,0.114554,0.112399,0.1,0.112823,0.114517,0.113443,0.0564423,0.0588188,0.0540411,0.0550009,0.0587223,0.0564064,0,0,0,0,0,0,0,0,0,1,1,1,1,1,1,1,1,1,1,1,1,1,0,0,0,0,0,0,0,0,0,1,1,1,1,1,1,1,1,1,1,1,1,1,0,0,0,0,0,0,0,0,0,1,0,0,0,0,0,0,0,0,0,0,0,0,0,0,0,0,0,0,0,0,0,0,13,0,0,0,0,0,0,0,0,0,0,0,0,0,0,0,0,0,0,0,0,0,0,0,0,0,0,0,0,0,0,0,0,0,0,0,0,0,0,0,0,0,0,0,0,0,0,0,0
0.378663,-0.217974,1.04916,0,0,0,0,1.06677e-08,-3.04775e-09,3.54296e-08,2843,1229,1230,1249,1250,1251,1269,1270,2822,2823,2842,2844,2862,2863,0,0,0,0,0,0,0,0,0,1229,1230,1249,1250,1251,1269,1270,2822,2823,2842,2844,2862,2863,0,0,0,0,0,0,0,0,0,0.113489,0.11451,0.112793,0.0999612,0.113228,0.114267,0.11316,0.0573541,0.0583268,0.0559806,0.0565337,0.0584431,0.0571264,0,0,0,0,0,0,0,0,0,0.113287,0.114584,0.112816,0.1,0.113162,0.114628,0.113085,0.0560456,0.058882,0.0550009,0.0557663,0.0589549,0.0556079,0,0,0,0,0,0,0,0,0,1,1,1,1,1,1,1,1,1,1,1,1,1,0,0,0,0,0,0,0,0,0,1,1,1,1,1,1,1,1,1,1,1,1,1,0,0,0,0,0,0,0,0,0,1,0,0,0,0,0,0,0,0,0,0,0,0,0,0,0,0,0,0,0,0,0,0,13,0,0,0,0,0,0,0,0,0,0,0,0,0,0,0,0,0,0,0,0,0,0,0,0,0,0,0,0,0,0,0,0,0,0,0,0,0,0,0,0,0,0,0,0,0,0,0,0
0.419794,-0.185296,1.02827,0,0,0,0,1.65564e-08,-3.66516e-09,4.71067e-08,2844,1230,1231,1250,1251,1252,1270,1271,2823,2824,2843,2845,2863,2864,0,0,0,0,0,0,0,0,0,1230,1231,1250,1251,1252,1270,1271,2823,2824,2843,2845,2863,2864,0,0,0,0,0,0,0,0,0,0.113208,0.114232,0.113144,0.0999921,0.11308,0.114135,0.112601,0.0567243,0.0577334,0.0565337,0.0560209,0.0580257,0.0557629,0,0,0,0,0,0,0,0,0,0.113042,0.114316,0.113154,0.1,0.113025,0.114455,0.11253,0.0554969,0.0583001,0.0557663,0.0554589,0.0585777,0.0543473,0,0,0,0,0,0,0,0,0,1,1,1,1,1,1,1,1,1,1,1,1,1,0,0,0,0,0,0,0,0,0,1,1,1,1,1,1,1,1,1,1,1,1,1,0,0,0,0,0,0,0,0,0,1,0,0,0,0,0,0,0,0,0,0,0,0,0,0,0,0,0,0,0,0,0,0,13,0,0,0,0,0,0,0,0,0,0,0,0,0,0,0,0,0,0,0,0,0,0,0,0,0,0,0,0,0,0,0,0,0,0,0,0,0,0,0,0,0,0,0,0,0,0,0,0
0.45875,-0.15316,1.00402,0,0,0,0,2.34312e-08,-3.88961e-09,5.86127e-08,2845,1231,1232,1251,1252,1253,1271,1272,2824,2825,2844,2846,2864,2865,0,0,0,0,0,0,0,0,0,1231,1232,1251,1252,1253,1271,1272,2824,2825,2844,2846,2864,2865,0,0,0,0,0,0,0,0,0,0.112697,0.11362,0.113004,0.100011,0.111916,0.113554,0.111371,0.0555593,0.056421,0.0560209,0.0532161,0.0566793,0.0527755,0,0,0,0,0,0,0,0,0,0.11256,0.1137,0.113018,0.1,0.111873,0.113829,0.1113,0.0544015,0.0569508,0.0554589,0.0528057,0.0572131,0.0514637,0,0,0,0,0,0,0,0,0,1,1,1,1,1,1,1,1,1,1,1,1,1,0,0,0,0,0,0,0,0,0,1,1,1,1,1,1,1,1,1,1,1,1,1,0,0,0,0,0,0,0,0,0,1,0,0,0,0,0,0,0,0,0,0,0,0,0,0,0,0,0,0,0,0,0,0,13,0,0,0,0,0,0,0,0,0,0,0,0,0,0,0,0,0,0,0,0,0,0,0,0,0,0,0,0,0,0,0,0,0,0,0,0,0,0,0,0,0,0,0,0,0,0,0,0
0.494302,-0.12386,0.977382,0,0,0,0,3.10038e-08,-3.73916e-09,6.93539e-08,2846,1232,1233,1252,1253,1254,1272,1273,2825,2826,2845,2847,2865,2866,0,0,0,0,0,0,0,0,0,1232,1233,1252,1253,1254,1272,1273,2825,2826,2845,2847,2865,2866,0,0,0,0,0,0,0,0,0,0.111277,0.113332,0.111846,0.100021,0.111934,0.113303,0.111169,0.0522282,0.0558251,0.0532161,0.0531453,0.056075,0.0521931,0,0,0,0,0,0,0,0,0,0.111163,0.113408,0.111868,0.1,0.111907,0.113531,0.111095,0.051123,0.0563019,0.0528057,0.0528852,0.0565573,0.0509707,0,0,0,0,0,0,0,0,0,1,1,1,1,1,1,1,1,1,1,1,1,1,0,0,0,0,0,0,0,0,0,1,1,1,1,1,1,1,1,1,1,1,1,1,0,0,0,0,0,0,0,0,0,1,0,0,0,0,0,0,0,0,0,0,0,0,0,0,0,0,0,0,0,0,0,0,13,0,0,0,0,0,0,0,0,0,0,0,0,0,0,0,0,0,0,0,0,0,0,0,0,0,0,0,0,0,0,0,0,0,0,0,0,0,0,0,0,0,0,0,0,0,0,0,0
0.527916,-0.0949064,0.948121,0,0,0,0,3.94238e-08,-3.31775e-09,7.97598e-08,2847,1233,1234,1253,1254,1255,1273,1274,2826,2827,2846,2848,2866,2867,0,0,0,0,0,0,0,0,0,1233,1234,1253,1254,1255,1273,1274,2826,2827,2846,2848,2866,2867,0,0,0,0,0,0,0,0,0,0.111045,0.112996,0.11187,0.100026,0.111925,0.112994,0.110964,0.0516526,0.0551232,0.0531453,0.0530321,0.0553642,0.0516075,0,0,0,0,0,0,0,0,0,0.110948,0.113064,0.111904,0.1,0.111913,0.113179,0.110889,0.0506047,0.0555315,0.0528852,0.052899,0.0557746,0.0504711,0,0,0,0,0,0,0,0,0,1,1,1,1,1,1,1,1,1,1,1,1,1,0,0,0,0,0,0,0,0,0,1,1,1,1,1,1,1,1,1,1,1,1,1,0,0,0,0,0,0,0,0,0,1,0,0,0,0,0,0,0,0,0,0,0,0,0,0,0,0,0,0,0,0,0,0,13,0,0,0,0,0,0,0,0,0,0,0,0,0,0,0,0,0,0,0,0,0,0,0,0,0,0,0,0,0,0,0,0,0,0,0,0,0,0,0,0,0,0,0,0,0,0,0,0
0.559503,-0.06637,0.916493,0,0,0,0,4.86256e-08,-2.67647e-09,8.97196e-08,2848,1234,1235,1254,1255,1256,1274,1275,2827,2828,2847,2849,2867,2868,0,0,0,0,0,0,0,0,0,1234,1235,1254,1255,1256,1274,1275,2827,2828,2847,2849,2867,2868,0,0,0,0,0,0,0,0,0,0.110813,0.114021,0.111866,0.100029,0.11324,0.112643,0.110757,0.0510681,0.0574557,0.0530321,0.0559828,0.0545629,0.051021,0,0,0,0,0,0,0,0,0,0.11073,0.114082,0.111912,0.1,0.113242,0.112788,0.110683,0.0500747,0.0577948,0.052899,0.0559432,0.0548932,0.0499663,0,0,0,0,0,0,0,0,0,1,1,1,1,1,1,1,1,1,1,1,1,1,0,0,0,0,0,0,0,0,0,1,1,1,1,1,1,1,1,1,1,1,1,1,0,0,0,0,0,0,0,0,0,1,0,0,0,0,0,0,0,0,0,0,0,0,0,0,0,0,0,0,0,0,0,0,13,0,0,0,0,0,0,0,0,0,0,0,0,0,0,0,0,0,0,0,0,0,0,0,0,0,0,0,0,0,0,0,0,0,0,0,0,0,0,0,0,0,0,0,0,0,0,0,0
0.591021,-0.0377651,0.880127,0,0,0,0,5.9295e-08,-1.86333e-09,9.96805e-08,2849,1235,1236,1255,1256,1257,1275,1276,2828,2829,2848,2850,2868,2869,0,0,0,0,0,0,0,0,0,1235,1236,1255,1256,1257,1275,1276,2828,2829,2848,2850,2868,2869,0,0,0,0,0,0,0,0,0,0.110861,0.113864,0.113186,0.100029,0.113407,0.113491,0.110832,0.0511493,0.0571614,0.0559828,0.0563059,0.0564718,0.0511192,0,0,0,0,0,0,0,0,0,0.110787,0.113915,0.113242,0.1,0.113424,0.113604,0.110757,0.0502169,0.0574291,0.0559432,0.0563504,0.0567289,0.0501494,0,0,0,0,0,0,0,0,0,1,1,1,1,1,1,1,1,1,1,1,1,1,0,0,0,0,0,0,0,0,0,1,1,1,1,1,1,1,1,1,1,1,1,1,0,0,0,0,0,0,0,0,0,1,0,0,0,0,0,0,0,0,0,0,0,0,0,0,0,0,0,0,0,0,0,0,13,0,0,0,0,0,0,0,0,0,0,0,0,0,0,0,0,0,0,0,0,0,0,0,0,0,0,0,0,0,0,0,0,0,0,0,0,0,0,0,0,0,0,0,0,0,0,0,0
0.620386,-0.00951797,0.841267,0,0,0,0,7.07745e-08,-9.526e-10,1.09006e-07,2850,1236,1237,1256,1257,1258,1276,1277,2829,2830,2849,2851,2869,2870,0,0,0,0,0,0,0,0,0,1236,1237,1256,1257,1258,1276,1277,2829,2830,2849,2851,2869,2870,0,0,0,0,0,0,0,0,0,0.110696,0.113398,0.113364,0.100026,0.113082,0.113359,0.110621,0.0507128,0.0561842,0.0563059,0.0555458,0.0561979,0.0505399,0,0,0,0,0,0,0,0,0,0.110632,0.113437,0.113426,0.1,0.11311,0.11344,0.110555,0.0498422,0.0563724,0.0563504,0.0556447,0.0563672,0.0496534,0,0,0,0,0,0,0,0,0,1,1,1,1,1,1,1,1,1,1,1,1,1,0,0,0,0,0,0,0,0,0,1,1,1,1,1,1,1,1,1,1,1,1,1,0,0,0,0,0,0,0,0,0,1,0,0,0,0,0,0,0,0,0,0,0,0,0,0,0,0,0,0,0,0,0,0,13,0,0,0,0,0,0,0,0,0,0,0,0,0,0,0,0,0,0,0,0,0,0,0,0,0,0,0,0,0,0,0,0,0,0,0,0,0,0,0,0,0,0,0,0,0,0,0,0
0.647007,0.0177661,0.800866,0,0,0,0,8.27645e-08,-4.1022e-11,1.17423e-07,2851,1237,1238,1257,1258,1259,1277,1278,2830,2831,2850,2852,2870,2871,0,0,0,0,0,0,0,0,0,1237,1238,1257,1258,1259,1277,1278,2830,2831,2850,2852,2870,2871,0,0,0,0,0,0,0,0,0,0.110389,0.112892,0.113049,0.100022,0.112657,0.112998,0.110286,0.0499136,0.0550966,0.0555458,0.0545617,0.0554176,0.049652,0,0,0,0,0,0,0,0,0,0.110335,0.112919,0.113113,0.1,0.112691,0.113053,0.110229,0.049109,0.0552094,0.0556447,0.0546939,0.0555044,0.0488461,0,0,0,0,0,0,0,0,0,1,1,1,1,1,1,1,1,1,1,1,1,1,0,0,0,0,0,0,0,0,0,1,1,1,1,1,1,1,1,1,1,1,1,1,0,0,0,0,0,0,0,0,0,1,0,0,0,0,0,0,0,0,0,0,0,0,0,0,0,0,0,0,0,0,0,0,13,0,0,0,0,0,0,0,0,0,0,0,0,0,0,0,0,0,0,0,0,0,0,0,0,0,0,0,0,0,0,0,0,0,0,0,0,0,0,0,0,0,0,0,0,0,0,0,0
0.670857,0.0438704,0.759312,0,0,0,0,9.51172e-08,7.73777e-10,1.24858e-07,2852,1238,1239,1258,1259,1260,1278,1279,2831,2832,2851,2853,2871,2872,0,0,0,0,0,0,0,0,0,1238,1239,1258,1259,1260,1278,1279,2831,2832,2851,2853,2871,2872,0,0,0,0,0,0,0,0,0,0.110012,0.112344,0.112632,0.100017,0.112161,0.112546,0.109895,0.048922,0.0538897,0.0545617,0.0534116,0.0544167,0.0486198,0,0,0,0,0,0,0,0,0,0.109966,0.112361,0.112696,0.1,0.1122,0.11258,0.10985,0.0481842,0.0539356,0.0546939,0.0535617,0.0544323,0.0478901,0,0,0,0,0,0,0,0,0,1,1,1,1,1,1,1,1,1,1,1,1,1,0,0,0,0,0,0,0,0,0,1,1,1,1,1,1,1,1,1,1,1,1,1,0,0,0,0,0,0,0,0,0,1,0,0,0,0,0,0,0,0,0,0,0,0,0,0,0,0,0,0,0,0,0,0,13,0,0,0,0,0,0,0,0,0,0,0,0,0,0,0,0,0,0,0,0,0,0,0,0,0,0,0,0,0,0,0,0,0,0,0,0,0,0,0,0,0,0,0,0,0,0,0,0
0.691951,0.0686937,0.716984,0,0,0,0,1.07689e-07,1.39468e-09,1.31285e-07,2853,1239,1240,1259,1260,1261,1279,1280,2832,2833,2852,2854,2872,2873,0,0,0,0,0,0,0,0,0,1239,1240,1259,1260,1261,1279,1280,2832,2833,2852,2854,2872,2873,0,0,0,0,0,0,0,0,0,0.109603,0.111765,0.112146,0.100014,0.111622,0.112034,0.109486,0.0478276,0.05258,0.0534116,0.0521454,0.0532591,0.0475292,0,0,0,0,0,0,0,0,0,0.109562,0.111774,0.112205,0.1,0.111662,0.112052,0.109452,0.0471559,0.0525686,0.0535617,0.0523009,0.0532143,0.0468713,0,0,0,0,0,0,0,0,0,1,1,1,1,1,1,1,1,1,1,1,1,1,0,0,0,0,0,0,0,0,0,1,1,1,1,1,1,1,1,1,1,1,1,1,0,0,0,0,0,0,0,0,0,1,0,0,0,0,0,0,0,0,0,0,0,0,0,0,0,0,0,0,0,0,0,0,13,0,0,0,0,0,0,0,0,0,0,0,0,0,0,0,0,0,0,0,0,0,0,0,0,0,0,0,0,0,0,0,0,0,0,0,0,0,0,0,0,0,0,0,0,0,0,0,0
0.71035,0.0921991,0.674228,0,0,0,0,1.20361e-07,1.73447e-09,1.36723e-07,2854,1240,1241,1260,1261,1262,1280,1281,2833,2834,2853,2855,2873,2874,0,0,0,0,0,0,0,0,0,1240,1241,1260,1261,1262,1280,1281,2833,2834,2853,2855,2873,2874,0,0,0,0,0,0,0,0,0,0.109185,0.111166,0.111616,0.100011,0.111066,0.111482,0.109084,0.0466883,0.0511872,0.0521454,0.0508284,0.0519868,0.0464443,0,0,0,0,0,0,0,0,0,0.109148,0.111169,0.111669,0.1,0.111109,0.111489,0.109062,0.0460813,0.0511287,0.0523009,0.0509772,0.0518914,0.0458544,0,0,0,0,0,0,0,0,0,1,1,1,1,1,1,1,1,1,1,1,1,1,0,0,0,0,0,0,0,0,0,1,1,1,1,1,1,1,1,1,1,1,1,1,0,0,0,0,0,0,0,0,0,1,0,0,0,0,0,0,0,0,0,0,0,0,0,0,0,0,0,0,0,0,0,0,13,0,0,0,0,0,0,0,0,0,0,0,0,0,0,0,0,0,0,0,0,0,0,0,0,0,0,0,0,0,0,0,0,0,0,0,0,0,0,0,0,0,0,0,0,0,0,0,0
0.726152,0.114401,0.631322,0,0,0,0,1.33057e-07,1.72652e-09,1.41238e-07,2855,1241,1242,1261,1262,1263,1281,1282,2834,2835,2854,2856,2874,2875,0,0,0,0,0,0,0,0,0,1241,1242,1261,1262,1263,1281,1282,2834,2835,2854,2856,2874,2875,0,0,0,0,0,0,0,0,0,0.108779,0.110557,0.111076,0.100009,0.11053,0.110907,0.108708,0.0455544,0.0497251,0.0508284,0.0495662,0.0506267,0.0454121,0,0,0,0,0,0,0,0,0,0.108742,0.110554,0.111116,0.1,0.110582,0.110905,0.108699,0.045009,0.0496322,0.0509772,0.0496888,0.0504887,0.0448892,0,0,0,0,0,0,0,0,0,1,1,1,1,1,1,1,1,1,1,1,1,1,0,0,0,0,0,0,0,0,0,1,1,1,1,1,1,1,1,1,1,1,1,1,0,0,0,0,0,0,0,0,0,1,0,0,0,0,0,0,0,0,0,0,0,0,0,0,0,0,0,0,0,0,0,0,13,0,0,0,0,0,0,0,0,0,0,0,0,0,0,0,0,0,0,0,0,0,0,0,0,0,0,0,0,0,0,0,0,0,0,0,0,0,0,0,0,0,0,0,0,0,0,0,0
0.739502,0.135358,0.588434,0,0,0,0,1.45767e-07,1.32325e-09,1.44919e-07,2856,90,91,1242,1243,1262,1263,1282,1683,1684,2835,2836,2855,2875,0,0,0,0,0,0,0,0,0,90,91,1242,1243,1262,1263,1282,1683,1684,2835,2836,2855,2875,0,0,0,0,0,0,0,0,0,0.108367,0.110031,0.108403,0.109941,0.110572,0.100008,0.110319,0.0444326,0.048491,0.0444741,0.0481912,0.0495662,0.0491885,0,0,0,0,0,0,0,0,0,0.108365,0.110118,0.108362,0.109935,0.110588,0.1,0.110304,0.0439866,0.0485328,0.0439809,0.0480858,0.0496888,0.0490101,0,0,0,0,0,0,0,0,0,1,1,1,1,1,1,1,1,1,1,1,1,1,0,0,0,0,0,0,0,0,0,1,1,1,1,1,1,1,1,1,1,1,1,1,0,0,0,0,0,0,0,0,0,1,0,0,0,0,0,0,0,0,0,0,0,0,0,0,0,0,0,0,0,0,0,0,13,0,0,0,0,0,0,0,0,0,0,0,0,0,0,0,0,0,0,0,0,0,0,0,0,0,0,0,0,0,0,0,0,0,0,0,0,0,0,0,0,0,0,0,0,0,0,0,0
0.119396,-0.356658,1.11621,0,0,0,0,-2.7569e-09,4.40151e-09,-1.70592e-08,2857,51,52,1244,1245,1264,1265,1283,1644,1645,2837,2838,2858,2876,0,0,0,0,0,0,0,0,0,51,52,1244,1245,1264,1265,1283,1644,1645,2837,2838,2858,2876,0,0,0,0,0,0,0,0,0,0.10952,0.110356,0.113871,0.112556,0.0993112,0.111447,0.113921,0.0501648,0.0519351,0.0586603,0.0548578,0.0540724,0.0602576,0,0,0,0,0,0,0,0,0,0.109479,0.111276,0.113071,0.112699,0.1,0.111306,0.113524,0.0472069,0.0516297,0.0555455,0.0547143,0.0514738,0.0565385,0,0,0,0,0,0,0,0,0,1,1,1,1,1,1,1,1,1,1,1,1,1,0,0,0,0,0,0,0,0,0,1,1,1,1,1,1,1,1,1,1,1,1,1,0,0,0,0,0,0,0,0,0,1,0,0,0,0,0,0,0,0,0,0,0,0,0,0,0,0,0,0,0,0,0,0,13,0,0,0,0,0,0,0,0,0,0,0,0,0,0,0,0,0,0,0,0,0,0,0,0,0,0,0,0,0,0,0,0,0,0,0,0,0,0,0,0,0,0,0,0,0,0,0,0
0.163663,-0.325852,1.12011,0,0,0,0,-2.51468e-09,2.19723e-09,-8.86037e-09,2858,1245,1246,1264,1265,1266,1283,1284,2838,2839,2857,2859,2876,2877,0,0,0,0,0,0,0,0,0,1245,1246,1264,1265,1266,1283,1284,2838,2839,2857,2859,2876,2877,0,0,0,0,0,0,0,0,0,0.114296,0.113216,0.110859,0.0996774,0.111822,0.111908,0.114349,0.0592132,0.0559254,0.0540724,0.0544208,0.0559428,0.0604433,0,0,0,0,0,0,0,0,0,0.11345,0.113233,0.111312,0.1,0.111678,0.113079,0.113804,0.056397,0.0559201,0.0514738,0.0523567,0.0555897,0.0571643,0,0,0,0,0,0,0,0,0,1,1,1,1,1,1,1,1,1,1,1,1,1,0,0,0,0,0,0,0,0,0,1,1,1,1,1,1,1,1,1,1,1,1,1,0,0,0,0,0,0,0,0,0,1,0,0,0,0,0,0,0,0,0,0,0,0,0,0,0,0,0,0,0,0,0,0,13,0,0,0,0,0,0,0,0,0,0,0,0,0,0,0,0,0,0,0,0,0,0,0,0,0,0,0,0,0,0,0,0,0,0,0,0,0,0,0,0,0,0,0,0,0,0,0,0
0.207815,-0.294058,1.11891,0,0,0,0,-1.61118e-09,3.93868e-10,-1.6298e-12,2859,1246,1247,1265,1266,1267,1284,1285,2839,2840,2858,2860,2877,2878,0,0,0,0,0,0,0,0,0,1246,1247,1265,1266,1267,1284,1285,2839,2840,2858,2860,2877,2878,0,0,0,0,0,0,0,0,0,0.114305,0.113732,0.111379,0.0997058,0.112199,0.112764,0.11424,0.0593746,0.0569521,0.0544208,0.0550441,0.0567702,0.0601829,0,0,0,0,0,0,0,0,0,0.113684,0.113751,0.111683,0.1,0.112108,0.113548,0.113894,0.0569187,0.0570717,0.0523567,0.0533604,0.0566314,0.0573737,0,0,0,0,0,0,0,0,0,1,1,1,1,1,1,1,1,1,1,1,1,1,0,0,0,0,0,0,0,0,0,1,1,1,1,1,1,1,1,1,1,1,1,1,0,0,0,0,0,0,0,0,0,1,0,0,0,0,0,0,0,0,0,0,0,0,0,0,0,0,0,0,0,0,0,0,13,0,0,0,0,0,0,0,0,0,0,0,0,0,0,0,0,0,0,0,0,0,0,0,0,0,0,0,0,0,0,0,0,0,0,0,0,0,0,0,0,0,0,0,0,0,0,0,0
0.251906,-0.261676,1.11282,0,0,0,0,1.00684e-10,-1.0485e-09,9.47007e-09,2860,1247,1248,1266,1267,1268,1285,1286,2840,2841,2859,2861,2878,2879,0,0,0,0,0,0,0,0,0,1247,1248,1266,1267,1268,1285,1286,2840,2841,2859,2861,2878,2879,0,0,0,0,0,0,0,0,0,0.114238,0.114173,0.111873,0.0998013,0.112653,0.113367,0.114035,0.0592086,0.0577774,0.0550441,0.0557826,0.05756,0.0595727,0,0,0,0,0,0,0,0,0,0.11376,0.114199,0.112109,0.1,0.112568,0.114001,0.113792,0.0570891,0.0580513,0.0533604,0.0544196,0.0576175,0.0571634,0,0,0,0,0,0,0,0,0,1,1,1,1,1,1,1,1,1,1,1,1,1,0,0,0,0,0,0,0,0,0,1,1,1,1,1,1,1,1,1,1,1,1,1,0,0,0,0,0,0,0,0,0,1,0,0,0,0,0,0,0,0,0,0,0,0,0,0,0,0,0,0,0,0,0,0,13,0,0,0,0,0,0,0,0,0,0,0,0,0,0,0,0,0,0,0,0,0,0,0,0,0,0,0,0,0,0,0,0,0,0,0,0,0,0,0,0,0,0,0,0,0,0,0,0
0.295739,-0.228962,1.10186,0,0,0,0,2.75717e-09,-2.12684e-09,1.94787e-08,2861,1248,1249,1267,1268,1269,1286,1287,2841,2842,2860,2862,2879,2880,0,0,0,0,0,0,0,0,0,1248,1249,1267,1268,1269,1286,1287,2841,2842,2860,2862,2879,2880,0,0,0,0,0,0,0,0,0,0.11404,0.11446,0.112412,0.0998752,0.113112,0.113837,0.113682,0.0587586,0.058308,0.0557826,0.056551,0.0581343,0.0586566,0,0,0,0,0,0,0,0,0,0.113677,0.114509,0.112565,0.1,0.113032,0.114365,0.113509,0.0569087,0.0587223,0.0544196,0.0554715,0.0583982,0.0565498,0,0,0,0,0,0,0,0,0,1,1,1,1,1,1,1,1,1,1,1,1,1,0,0,0,0,0,0,0,0,0,1,1,1,1,1,1,1,1,1,1,1,1,1,0,0,0,0,0,0,0,0,0,1,0,0,0,0,0,0,0,0,0,0,0,0,0,0,0,0,0,0,0,0,0,0,13,0,0,0,0,0,0,0,0,0,0,0,0,0,0,0,0,0,0,0,0,0,0,0,0,0,0,0,0,0,0,0,0,0,0,0,0,0,0,0,0,0,0,0,0,0,0,0,0
0.33905,-0.196153,1.08618,0,0,0,0,6.4572e-09,-2.8437e-09,2.99197e-08,2862,1249,1250,1268,1269,1270,1287,1288,2842,2843,2861,2863,2880,2881,0,0,0,0,0,0,0,0,0,1249,1250,1268,1269,1270,1287,1288,2842,2843,2861,2863,2880,2881,0,0,0,0,0,0,0,0,0,0.113734,0.114546,0.112928,0.0999354,0.113535,0.114107,0.113195,0.0580614,0.0584431,0.056551,0.0572533,0.0584068,0.0574291,0,0,0,0,0,0,0,0,0,0.11345,0.114618,0.113025,0.1,0.113462,0.114567,0.113056,0.0564064,0.0589549,0.0554715,0.0564364,0.0588259,0.0555414,0,0,0,0,0,0,0,0,0,1,1,1,1,1,1,1,1,1,1,1,1,1,0,0,0,0,0,0,0,0,0,1,1,1,1,1,1,1,1,1,1,1,1,1,0,0,0,0,0,0,0,0,0,1,0,0,0,0,0,0,0,0,0,0,0,0,0,0,0,0,0,0,0,0,0,0,13,0,0,0,0,0,0,0,0,0,0,0,0,0,0,0,0,0,0,0,0,0,0,0,0,0,0,0,0,0,0,0,0,0,0,0,0,0,0,0,0,0,0,0,0,0,0,0,0
0.3815,-0.16346,1.066,0,0,0,0,1.12621e-08,-3.20651e-09,4.0659e-08,2863,1250,1251,1269,1270,1271,1288,1289,2843,2844,2862,2864,2881,2882,0,0,0,0,0,0,0,0,0,1250,1251,1269,1270,1271,1288,1289,2843,2844,2862,2864,2881,2882,0,0,0,0,0,0,0,0,0,0.113322,0.11436,0.113387,0.0999784,0.113764,0.11416,0.112514,0.0571264,0.0580257,0.0572533,0.0575458,0.0583078,0.055756,0,0,0,0,0,0,0,0,0,0.113092,0.114444,0.113454,0.1,0.113704,0.114562,0.112393,0.0556079,0.0585777,0.0564364,0.056974,0.0588106,0.0540299,0,0,0,0,0,0,0,0,0,1,1,1,1,1,1,1,1,1,1,1,1,1,0,0,0,0,0,0,0,0,0,1,1,1,1,1,1,1,1,1,1,1,1,1,0,0,0,0,0,0,0,0,0,1,0,0,0,0,0,0,0,0,0,0,0,0,0,0,0,0,0,0,0,0,0,0,13,0,0,0,0,0,0,0,0,0,0,0,0,0,0,0,0,0,0,0,0,0,0,0,0,0,0,0,0,0,0,0,0,0,0,0,0,0,0,0,0,0,0,0,0,0,0,0,0
0.422547,-0.131251,1.04173,0,0,0,0,1.71628e-08,-3.23264e-09,5.14937e-08,2864,1251,1252,1270,1271,1272,1289,1290,2844,2845,2863,2865,2882,2883,0,0,0,0,0,0,0,0,0,1251,1252,1270,1271,1272,1289,1290,2844,2845,2863,2865,2882,2883,0,0,0,0,0,0,0,0,0,0.112725,0.113736,0.113634,0.100006,0.112365,0.113924,0.111549,0.0557629,0.0566793,0.0575458,0.054246,0.0576491,0.053352,0,0,0,0,0,0,0,0,0,0.112537,0.113819,0.113696,0.1,0.112322,0.114266,0.111435,0.0543473,0.0572131,0.056974,0.0538483,0.0581709,0.051784,0,0,0,0,0,0,0,0,0,1,1,1,1,1,1,1,1,1,1,1,1,1,0,0,0,0,0,0,0,0,0,1,1,1,1,1,1,1,1,1,1,1,1,1,0,0,0,0,0,0,0,0,0,1,0,0,0,0,0,0,0,0,0,0,0,0,0,0,0,0,0,0,0,0,0,0,13,0,0,0,0,0,0,0,0,0,0,0,0,0,0,0,0,0,0,0,0,0,0,0,0,0,0,0,0,0,0,0,0,0,0,0,0,0,0,0,0,0,0,0,0,0,0,0,0
0.459621,-0.101641,1.01543,0,0,0,0,2.37119e-08,-2.94846e-09,6.16269e-08,2865,1252,1253,1271,1272,1273,1290,1291,2845,2846,2864,2866,2883,2884,0,0,0,0,0,0,0,0,0,1252,1253,1271,1272,1273,1290,1291,2845,2846,2864,2866,2883,2884,0,0,0,0,0,0,0,0,0,0.111457,0.113442,0.112255,0.10002,0.112381,0.113357,0.11135,0.0527755,0.056075,0.054246,0.0541579,0.0563094,0.0527497,0,0,0,0,0,0,0,0,0,0.111306,0.113522,0.112317,0.1,0.112359,0.11363,0.11124,0.0514637,0.0565573,0.0538483,0.0539353,0.0567784,0.0513157,0,0,0,0,0,0,0,0,0,1,1,1,1,1,1,1,1,1,1,1,1,1,0,0,0,0,0,0,0,0,0,1,1,1,1,1,1,1,1,1,1,1,1,1,0,0,0,0,0,0,0,0,0,1,0,0,0,0,0,0,0,0,0,0,0,0,0,0,0,0,0,0,0,0,0,0,13,0,0,0,0,0,0,0,0,0,0,0,0,0,0,0,0,0,0,0,0,0,0,0,0,0,0,0,0,0,0,0,0,0,0,0,0,0,0,0,0,0,0,0,0,0,0,0,0
0.494783,-0.0724495,0.986371,0,0,0,0,3.11264e-08,-2.43373e-09,7.15228e-08,2866,1253,1254,1272,1273,1274,1291,1292,2846,2847,2865,2867,2884,2885,0,0,0,0,0,0,0,0,0,1253,1254,1272,1273,1274,1291,1292,2846,2847,2865,2867,2884,2885,0,0,0,0,0,0,0,0,0,0.111226,0.113101,0.112288,0.100028,0.112369,0.113053,0.111152,0.0521931,0.0553642,0.0541579,0.0540347,0.0555825,0.0521564,0,0,0,0,0,0,0,0,0,0.1111,0.113172,0.112356,0.1,0.112367,0.113268,0.111046,0.0509707,0.0557746,0.0539353,0.0539527,0.0559766,0.0508482,0,0,0,0,0,0,0,0,0,1,1,1,1,1,1,1,1,1,1,1,1,1,0,0,0,0,0,0,0,0,0,1,1,1,1,1,1,1,1,1,1,1,1,1,0,0,0,0,0,0,0,0,0,1,0,0,0,0,0,0,0,0,0,0,0,0,0,0,0,0,0,0,0,0,0,0,13,0,0,0,0,0,0,0,0,0,0,0,0,0,0,0,0,0,0,0,0,0,0,0,0,0,0,0,0,0,0,0,0,0,0,0,0,0,0,0,0,0,0,0,0,0,0,0,0
0.527936,-0.0437343,0.954811,0,0,0,0,3.93524e-08,-1.73258e-09,8.10657e-08,2867,1254,1255,1273,1274,1275,1292,1293,2847,2848,2866,2868,2885,2886,0,0,0,0,0,0,0,0,0,1254,1255,1273,1274,1275,1292,1293,2847,2848,2866,2868,2885,2886,0,0,0,0,0,0,0,0,0,0.110997,0.112723,0.112289,0.10003,0.112332,0.112704,0.110952,0.0516075,0.0545629,0.0540347,0.0538774,0.0547711,0.0515694,0,0,0,0,0,0,0,0,0,0.110893,0.112781,0.112366,0.1,0.112347,0.112867,0.110853,0.0504711,0.0548932,0.0539527,0.0539041,0.0550778,0.0503795,0,0,0,0,0,0,0,0,0,1,1,1,1,1,1,1,1,1,1,1,1,1,0,0,0,0,0,0,0,0,0,1,1,1,1,1,1,1,1,1,1,1,1,1,0,0,0,0,0,0,0,0,0,1,0,0,0,0,0,0,0,0,0,0,0,0,0,0,0,0,0,0,0,0,0,0,13,0,0,0,0,0,0,0,0,0,0,0,0,0,0,0,0,0,0,0,0,0,0,0,0,0,0,0,0,0,0,0,0,0,0,0,0,0,0,0,0,0,0,0,0,0,0,0,0
0.559007,-0.015551,0.921002,0,0,0,0,4.83233e-08,-8.94158e-10,9.0149e-08,2868,1255,1256,1274,1275,1276,1293,1294,2848,2849,2867,2869,2886,2887,0,0,0,0,0,0,0,0,0,1255,1256,1274,1275,1276,1293,1294,2848,2849,2867,2869,2886,2887,0,0,0,0,0,0,0,0,0,0.110773,0.113548,0.112265,0.100031,0.113779,0.112323,0.110998,0.051021,0.0564718,0.0538774,0.0570949,0.05389,0.0515966,0,0,0,0,0,0,0,0,0,0.110685,0.113598,0.112347,0.1,0.113808,0.112441,0.110908,0.0499663,0.0567289,0.0539041,0.0571996,0.054107,0.0505134,0,0,0,0,0,0,0,0,0,1,1,1,1,1,1,1,1,1,1,1,1,1,0,0,0,0,0,0,0,0,0,1,1,1,1,1,1,1,1,1,1,1,1,1,0,0,0,0,0,0,0,0,0,1,0,0,0,0,0,0,0,0,0,0,0,0,0,0,0,0,0,0,0,0,0,0,13,0,0,0,0,0,0,0,0,0,0,0,0,0,0,0,0,0,0,0,0,0,0,0,0,0,0,0,0,0,0,0,0,0,0,0,0,0,0,0,0,0,0,0,0,0,0,0,0
0.589889,0.0132817,0.882599,0,0,0,0,5.86822e-08,2.46317e-11,9.9204e-08,2869,1256,1257,1275,1276,1277,1294,1295,2849,2850,2868,2870,2887,2888,0,0,0,0,0,0,0,0,0,1256,1257,1275,1276,1277,1294,1295,2849,2850,2868,2870,2887,2888,0,0,0,0,0,0,0,0,0,0.110831,0.113399,0.11372,0.10003,0.113582,0.112805,0.110828,0.0511192,0.0561979,0.0570949,0.0566195,0.0549963,0.0510911,0,0,0,0,0,0,0,0,0,0.110758,0.113434,0.11381,0.1,0.11362,0.112889,0.110744,0.0501494,0.0563672,0.0571996,0.0567831,0.0551318,0.0501156,0,0,0,0,0,0,0,0,0,1,1,1,1,1,1,1,1,1,1,1,1,1,0,0,0,0,0,0,0,0,0,1,1,1,1,1,1,1,1,1,1,1,1,1,0,0,0,0,0,0,0,0,0,1,0,0,0,0,0,0,0,0,0,0,0,0,0,0,0,0,0,0,0,0,0,0,13,0,0,0,0,0,0,0,0,0,0,0,0,0,0,0,0,0,0,0,0,0,0,0,0,0,0,0,0,0,0,0,0,0,0,0,0,0,0,0,0,0,0,0,0,0,0,0,0
0.618291,0.04097,0.842195,0,0,0,0,6.97068e-08,9.34621e-10,1.07523e-07,2870,1257,1258,1276,1277,1278,1295,1296,2850,2851,2869,2871,2888,2889,0,0,0,0,0,0,0,0,0,1257,1258,1276,1277,1278,1295,1296,2850,2851,2869,2871,2888,2889,0,0,0,0,0,0,0,0,0,0.110616,0.113028,0.113533,0.100025,0.113172,0.112774,0.110506,0.0505399,0.0554176,0.0566195,0.0556841,0.0549477,0.0502346,0,0,0,0,0,0,0,0,0,0.110555,0.113049,0.113624,0.1,0.113217,0.112827,0.110437,0.0496534,0.0555044,0.0567831,0.0558818,0.0549944,0.049359,0,0,0,0,0,0,0,0,0,1,1,1,1,1,1,1,1,1,1,1,1,1,0,0,0,0,0,0,0,0,0,1,1,1,1,1,1,1,1,1,1,1,1,1,0,0,0,0,0,0,0,0,0,1,0,0,0,0,0,0,0,0,0,0,0,0,0,0,0,0,0,0,0,0,0,0,13,0,0,0,0,0,0,0,0,0,0,0,0,0,0,0,0,0,0,0,0,0,0,0,0,0,0,0,0,0,0,0,0,0,0,0,0,0,0,0,0,0,0,0,0,0,0,0,0
0.643983,0.0673238,0.800408,0,0,0,0,8.12051e-08,1.74049e-09,1.14974e-07,2871,1258,1259,1277,1278,1279,1296,1297,2851,2852,2870,2872,2889,2890,0,0,0,0,0,0,0,0,0,1258,1259,1277,1278,1279,1296,1297,2851,2852,2870,2872,2889,2890,0,0,0,0,0,0,0,0,0,0.11028,0.112567,0.113134,0.100021,0.112691,0.112512,0.110133,0.049652,0.0544167,0.0556841,0.0545845,0.0543727,0.0492494,0,0,0,0,0,0,0,0,0,0.110229,0.112576,0.113222,0.1,0.112738,0.112541,0.110078,0.0488461,0.0544323,0.0558818,0.0547983,0.0543456,0.0484638,0,0,0,0,0,0,0,0,0,1,1,1,1,1,1,1,1,1,1,1,1,1,0,0,0,0,0,0,0,0,0,1,1,1,1,1,1,1,1,1,1,1,1,1,0,0,0,0,0,0,0,0,0,1,0,0,0,0,0,0,0,0,0,0,0,0,0,0,0,0,0,0,0,0,0,0,13,0,0,0,0,0,0,0,0,0,0,0,0,0,0,0,0,0,0,0,0,0,0,0,0,0,0,0,0,0,0,0,0,0,0,0,0,0,0,0,0,0,0,0,0,0,0,0,0
0.666942,0.0923038,0.757649,0,0,0,0,9.30335e-08,2.3529e-09,1.21507e-07,2872,1259,1260,1278,1279,1280,1297,1298,2852,2853,2871,2873,2890,2891,0,0,0,0,0,0,0,0,0,1259,1260,1278,1279,1280,1297,1298,2852,2853,2871,2873,2890,2891,0,0,0,0,0,0,0,0,0,0.109891,0.112047,0.112664,0.100016,0.112161,0.112126,0.109745,0.0486198,0.0532591,0.0545845,0.0533662,0.0535043,0.0482205,0,0,0,0,0,0,0,0,0,0.109849,0.112049,0.112745,0.1,0.11221,0.112137,0.109704,0.0478901,0.0532143,0.0547983,0.0535827,0.0534163,0.0475158,0,0,0,0,0,0,0,0,0,1,1,1,1,1,1,1,1,1,1,1,1,1,0,0,0,0,0,0,0,0,0,1,1,1,1,1,1,1,1,1,1,1,1,1,0,0,0,0,0,0,0,0,0,1,0,0,0,0,0,0,0,0,0,0,0,0,0,0,0,0,0,0,0,0,0,0,13,0,0,0,0,0,0,0,0,0,0,0,0,0,0,0,0,0,0,0,0,0,0,0,0,0,0,0,0,0,0,0,0,0,0,0,0,0,0,0,0,0,0,0,0,0,0,0,0
0.687196,0.115907,0.714283,0,0,0,0,1.05067e-07,2.68666e-09,1.27113e-07,2873,1260,1261,1279,1280,1281,1298,1299,2853,2854,2872,2874,2891,2892,0,0,0,0,0,0,0,0,0,1260,1261,1279,1280,1281,1298,1299,2853,2854,2872,2874,2891,2892,0,0,0,0,0,0,0,0,0,0.109487,0.111489,0.112147,0.100013,0.111616,0.111669,0.109374,0.0475292,0.0519868,0.0533662,0.0520977,0.0524516,0.0472256,0,0,0,0,0,0,0,0,0,0.109451,0.111486,0.112217,0.1,0.111666,0.111666,0.109346,0.0468713,0.0518914,0.0535827,0.0523066,0.0523142,0.046594,0,0,0,0,0,0,0,0,0,1,1,1,1,1,1,1,1,1,1,1,1,1,0,0,0,0,0,0,0,0,0,1,1,1,1,1,1,1,1,1,1,1,1,1,0,0,0,0,0,0,0,0,0,1,0,0,0,0,0,0,0,0,0,0,0,0,0,0,0,0,0,0,0,0,0,0,13,0,0,0,0,0,0,0,0,0,0,0,0,0,0,0,0,0,0,0,0,0,0,0,0,0,0,0,0,0,0,0,0,0,0,0,0,0,0,0,0,0,0,0,0,0,0,0,0
0.70482,0.13817,0.670604,0,0,0,0,1.17219e-07,2.66925e-09,1.31817e-07,2874,1261,1262,1280,1281,1282,1299,1300,2854,2855,2873,2875,2892,2893,0,0,0,0,0,0,0,0,0,1261,1262,1280,1281,1282,1299,1300,2854,2855,2873,2875,2892,2893,0,0,0,0,0,0,0,0,0,0.109092,0.110905,0.111616,0.10001,0.1111,0.111166,0.109044,0.0464443,0.0506267,0.0520977,0.0508874,0.0512699,0.0463244,0,0,0,0,0,0,0,0,0,0.109061,0.110903,0.111673,0.1,0.111153,0.111153,0.109027,0.0458544,0.0504887,0.0523066,0.0510792,0.0510921,0.045761,0,0,0,0,0,0,0,0,0,1,1,1,1,1,1,1,1,1,1,1,1,1,0,0,0,0,0,0,0,0,0,1,1,1,1,1,1,1,1,1,1,1,1,1,0,0,0,0,0,0,0,0,0,1,0,0,0,0,0,0,0,0,0,0,0,0,0,0,0,0,0,0,0,0,0,0,13,0,0,0,0,0,0,0,0,0,0,0,0,0,0,0,0,0,0,0,0,0,0,0,0,0,0,0,0,0,0,0,0,0,0,0,0,0,0,0,0,0,0,0,0,0,0,0,0
0.719943,0.159157,0.626781,0,0,0,0,1.29459e-07,2.24257e-09,1.35662e-07,2875,89,90,1262,1263,1281,1282,1300,1682,1683,2855,2856,2874,2893,0,0,0,0,0,0,0,0,0,89,90,1262,1263,1281,1282,1300,1682,1683,2855,2856,2874,2893,0,0,0,0,0,0,0,0,0,0.108748,0.110646,0.108725,0.110295,0.11112,0.100008,0.110626,0.0454819,0.0498249,0.0454121,0.0491885,0.0508874,0.0499648,0,0,0,0,0,0,0,0,0,0.108736,0.110705,0.108697,0.110302,0.11116,0.1,0.110602,0.0449882,0.0499884,0.0448892,0.0490101,0.0510792,0.0497517,0,0,0,0,0,0,0,0,0,1,1,1,1,1,1,1,1,1,1,1,1,1,0,0,0,0,0,0,0,0,0,1,1,1,1,1,1,1,1,1,1,1,1,1,0,0,0,0,0,0,0,0,0,1,0,0,0,0,0,0,0,0,0,0,0,0,0,0,0,0,0,0,0,0,0,0,13,0,0,0,0,0,0,0,0,0,0,0,0,0,0,0,0,0,0,0,0,0,0,0,0,0,0,0,0,0,0,0,0,0,0,0,0,0,0,0,0,0,0,0,0,0,0,0,0
0.119524,-0.305223,1.1476,0,0,0,0,-2.63974e-09,9.96037e-10,-9.16785e-09,2876,52,53,1264,1265,1283,1284,1301,1645,1646,2857,2858,2877,2894,0,0,0,0,0,0,0,0,0,52,53,1264,1265,1283,1284,1301,1645,1646,2857,2858,2877,2894,0,0,0,0,0,0,0,0,0,0.109917,0.110559,0.114409,0.112977,0.0992206,0.112053,0.114346,0.0515705,0.0528611,0.0602576,0.0559428,0.0555802,0.0616096,0,0,0,0,0,0,0,0,0,0.109998,0.111529,0.113514,0.113086,0.1,0.111948,0.113855,0.0485656,0.0522769,0.0565385,0.0555897,0.0529928,0.0572735,0,0,0,0,0,0,0,0,0,1,1,1,1,1,1,1,1,1,1,1,1,1,0,0,0,0,0,0,0,0,0,1,1,1,1,1,1,1,1,1,1,1,1,1,0,0,0,0,0,0,0,0,0,1,0,0,0,0,0,0,0,0,0,0,0,0,0,0,0,0,0,0,0,0,0,0,13,0,0,0,0,0,0,0,0,0,0,0,0,0,0,0,0,0,0,0,0,0,0,0,0,0,0,0,0,0,0,0,0,0,0,0,0,0,0,0,0,0,0,0,0,0,0,0,0
0.164544,-0.272651,1.14879,0,0,0,0,-2.31288e-09,-4.26593e-10,-1.47571e-09,2877,1265,1266,1283,1284,1285,1301,1302,2858,2859,2876,2878,2894,2895,0,0,0,0,0,0,0,0,0,1265,1266,1283,1284,1285,1301,1302,2858,2859,2876,2878,2894,2895,0,0,0,0,0,0,0,0,0,0.114724,0.113567,0.111352,0.0996606,0.112399,0.112184,0.114539,0.0604433,0.0567702,0.0555802,0.0557358,0.0569419,0.0611909,0,0,0,0,0,0,0,0,0,0.113796,0.113552,0.111955,0.1,0.112269,0.113422,0.113938,0.0571643,0.0566314,0.0529928,0.0537369,0.0563585,0.0574626,0,0,0,0,0,0,0,0,0,1,1,1,1,1,1,1,1,1,1,1,1,1,0,0,0,0,0,0,0,0,0,1,1,1,1,1,1,1,1,1,1,1,1,1,0,0,0,0,0,0,0,0,0,1,0,0,0,0,0,0,0,0,0,0,0,0,0,0,0,0,0,0,0,0,0,0,13,0,0,0,0,0,0,0,0,0,0,0,0,0,0,0,0,0,0,0,0,0,0,0,0,0,0,0,0,0,0,0,0,0,0,0,0,0,0,0,0,0,0,0,0,0,0,0,0
0.209221,-0.239604,1.1445,0,0,0,0,-1.3381e-09,-1.46579e-09,6.76748e-09,2878,1266,1267,1284,1285,1286,1302,1303,2859,2860,2877,2879,2895,2896,0,0,0,0,0,0,0,0,0,1266,1267,1284,1285,1286,1302,1303,2859,2860,2877,2879,2895,2896,0,0,0,0,0,0,0,0,0,0.114559,0.113994,0.111885,0.099707,0.112772,0.112899,0.11418,0.0601829,0.05756,0.0557358,0.0562561,0.0573383,0.0603192,0,0,0,0,0,0,0,0,0,0.11389,0.114,0.112273,0.1,0.11268,0.113747,0.113798,0.0573737,0.0576175,0.0537369,0.0546742,0.0570681,0.057171,0,0,0,0,0,0,0,0,0,1,1,1,1,1,1,1,1,1,1,1,1,1,0,0,0,0,0,0,0,0,0,1,1,1,1,1,1,1,1,1,1,1,1,1,0,0,0,0,0,0,0,0,0,1,0,0,0,0,0,0,0,0,0,0,0,0,0,0,0,0,0,0,0,0,0,0,13,0,0,0,0,0,0,0,0,0,0,0,0,0,0,0,0,0,0,0,0,0,0,0,0,0,0,0,0,0,0,0,0,0,0,0,0,0,0,0,0,0,0,0,0,0,0,0,0
0.253682,-0.206449,1.13508,0,0,0,0,4.32818e-10,-2.18328e-09,1.55414e-08,2879,1267,1268,1285,1286,1287,1303,1304,2860,2861,2878,2880,2896,2897,0,0,0,0,0,0,0,0,0,1267,1268,1285,1286,1287,1303,1304,2860,2861,2878,2880,2896,2897,0,0,0,0,0,0,0,0,0,0.114306,0.114329,0.112381,0.0998189,0.113225,0.113398,0.11376,0.0595727,0.0581343,0.0562561,0.0569126,0.0578194,0.0591593,0,0,0,0,0,0,0,0,0,0.113793,0.114359,0.112678,0.1,0.113133,0.114103,0.113472,0.0571634,0.0583982,0.0546742,0.0556973,0.0578338,0.0564636,0,0,0,0,0,0,0,0,0,1,1,1,1,1,1,1,1,1,1,1,1,1,0,0,0,0,0,0,0,0,0,1,1,1,1,1,1,1,1,1,1,1,1,1,0,0,0,0,0,0,0,0,0,1,0,0,0,0,0,0,0,0,0,0,0,0,0,0,0,0,0,0,0,0,0,0,13,0,0,0,0,0,0,0,0,0,0,0,0,0,0,0,0,0,0,0,0,0,0,0,0,0,0,0,0,0,0,0,0,0,0,0,0,0,0,0,0,0,0,0,0,0,0,0,0
0.297743,-0.173438,1.12066,0,0,0,0,3.13369e-09,-2.59378e-09,2.47874e-08,2880,1268,1269,1286,1287,1288,1304,1305,2861,2862,2879,2881,2897,2898,0,0,0,0,0,0,0,0,0,1268,1269,1286,1287,1288,1304,1305,2861,2862,2879,2881,2897,2898,0,0,0,0,0,0,0,0,0,0.113907,0.114496,0.112919,0.0998985,0.113655,0.113803,0.11323,0.0586566,0.0584068,0.0569126,0.0575616,0.0582042,0.0577724,0,0,0,0,0,0,0,0,0,0.113515,0.114558,0.113126,0.1,0.11357,0.114399,0.112999,0.0565498,0.0588259,0.0556973,0.0566745,0.0584646,0.0554111,0,0,0,0,0,0,0,0,0,1,1,1,1,1,1,1,1,1,1,1,1,1,0,0,0,0,0,0,0,0,0,1,1,1,1,1,1,1,1,1,1,1,1,1,0,0,0,0,0,0,0,0,0,1,0,0,0,0,0,0,0,0,0,0,0,0,0,0,0,0,0,0,0,0,0,0,13,0,0,0,0,0,0,0,0,0,0,0,0,0,0,0,0,0,0,0,0,0,0,0,0,0,0,0,0,0,0,0,0,0,0,0,0,0,0,0,0,0,0,0,0,0,0,0,0
0.341136,-0.140841,1.10148,0,0,0,0,6.85835e-09,-2.7131e-09,3.44123e-08,2881,1269,1270,1287,1288,1289,1305,1306,2862,2863,2880,2882,2898,2899,0,0,0,0,0,0,0,0,0,1269,1270,1287,1288,1289,1305,1306,2862,2863,2880,2882,2898,2899,0,0,0,0,0,0,0,0,0,0.113373,0.11447,0.113406,0.099958,0.113977,0.114081,0.112617,0.0574291,0.0583078,0.0575616,0.0580241,0.0584603,0.0561885,0,0,0,0,0,0,0,0,0,0.113064,0.114551,0.113562,0.1,0.11391,0.114591,0.112415,0.0555414,0.0588106,0.0566745,0.0574248,0.0588751,0.0540802,0,0,0,0,0,0,0,0,0,1,1,1,1,1,1,1,1,1,1,1,1,1,0,0,0,0,0,0,0,0,0,1,1,1,1,1,1,1,1,1,1,1,1,1,0,0,0,0,0,0,0,0,0,1,0,0,0,0,0,0,0,0,0,0,0,0,0,0,0,0,0,0,0,0,0,0,13,0,0,0,0,0,0,0,0,0,0,0,0,0,0,0,0,0,0,0,0,0,0,0,0,0,0,0,0,0,0,0,0,0,0,0,0,0,0,0,0,0,0,0,0,0,0,0,0
0.383507,-0.109014,1.07785,0,0,0,0,1.1666e-08,-2.55675e-09,4.4277e-08,2882,1270,1271,1288,1289,1290,1306,1307,2863,2864,2881,2883,2899,2900,0,0,0,0,0,0,0,0,0,1270,1271,1288,1289,1290,1306,1307,2863,2864,2881,2883,2899,2900,0,0,0,0,0,0,0,0,0,0.112651,0.114169,0.11377,0.0999958,0.113228,0.11431,0.111958,0.055756,0.0576491,0.0580241,0.0562021,0.0587169,0.0544736,0,0,0,0,0,0,0,0,0,0.1124,0.114256,0.113902,0.1,0.113184,0.114736,0.111777,0.0540299,0.0581709,0.0574248,0.0558125,0.0591877,0.0525911,0,0,0,0,0,0,0,0,0,1,1,1,1,1,1,1,1,1,1,1,1,1,0,0,0,0,0,0,0,0,0,1,1,1,1,1,1,1,1,1,1,1,1,1,0,0,0,0,0,0,0,0,0,1,0,0,0,0,0,0,0,0,0,0,0,0,0,0,0,0,0,0,0,0,0,0,13,0,0,0,0,0,0,0,0,0,0,0,0,0,0,0,0,0,0,0,0,0,0,0,0,0,0,0,0,0,0,0,0,0,0,0,0,0,0,0,0,0,0,0,0,0,0,0,0
0.422852,-0.0787918,1.05144,0,0,0,0,1.73089e-08,-2.1586e-09,5.38474e-08,2883,1271,1272,1289,1290,1291,1307,1308,2864,2865,2882,2884,2900,2901,0,0,0,0,0,0,0,0,0,1271,1272,1289,1290,1291,1307,1308,2864,2865,2882,2884,2900,2901,0,0,0,0,0,0,0,0,0,0.111637,0.113536,0.113065,0.100016,0.112823,0.113823,0.111541,0.053352,0.0563094,0.0562021,0.0551398,0.0575068,0.0533283,0,0,0,0,0,0,0,0,0,0.111441,0.113622,0.113179,0.1,0.112807,0.114154,0.111377,0.051784,0.0567784,0.0558125,0.0549581,0.0579334,0.0516408,0,0,0,0,0,0,0,0,0,1,1,1,1,1,1,1,1,1,1,1,1,1,0,0,0,0,0,0,0,0,0,1,1,1,1,1,1,1,1,1,1,1,1,1,0,0,0,0,0,0,0,0,0,1,0,0,0,0,0,0,0,0,0,0,0,0,0,0,0,0,0,0,0,0,0,0,13,0,0,0,0,0,0,0,0,0,0,0,0,0,0,0,0,0,0,0,0,0,0,0,0,0,0,0,0,0,0,0,0,0,0,0,0,0,0,0,0,0,0,0,0,0,0,0,0
0.459542,-0.0493859,1.02264,0,0,0,0,2.37071e-08,-1.57014e-09,6.31218e-08,2884,1272,1273,1290,1291,1292,1308,1309,2865,2866,2883,2885,2901,2902,0,0,0,0,0,0,0,0,0,1272,1273,1290,1291,1292,1308,1309,2865,2866,2883,2885,2901,2902,0,0,0,0,0,0,0,0,0,0.111404,0.113187,0.112688,0.100027,0.112807,0.113083,0.111346,0.0527497,0.0555825,0.0551398,0.0549949,0.0557796,0.0527181,0,0,0,0,0,0,0,0,0,0.111244,0.113261,0.112804,0.1,0.112813,0.113336,0.111196,0.0513157,0.0559766,0.0549581,0.054972,0.0561318,0.0512067,0,0,0,0,0,0,0,0,0,1,1,1,1,1,1,1,1,1,1,1,1,1,0,0,0,0,0,0,0,0,0,1,1,1,1,1,1,1,1,1,1,1,1,1,0,0,0,0,0,0,0,0,0,1,0,0,0,0,0,0,0,0,0,0,0,0,0,0,0,0,0,0,0,0,0,0,13,0,0,0,0,0,0,0,0,0,0,0,0,0,0,0,0,0,0,0,0,0,0,0,0,0,0,0,0,0,0,0,0,0,0,0,0,0,0,0,0,0,0,0,0,0,0,0,0
0.494243,-0.020522,0.991223,0,0,0,0,3.09361e-08,-8.32373e-10,7.21455e-08,2885,1273,1274,1291,1292,1293,1309,1310,2866,2867,2884,2886,2902,2903,0,0,0,0,0,0,0,0,0,1273,1274,1291,1292,1293,1309,1310,2866,2867,2884,2886,2902,2903,0,0,0,0,0,0,0,0,0,0.111179,0.112803,0.112693,0.100032,0.112764,0.112738,0.11115,0.0521564,0.0547711,0.0549949,0.0548197,0.0549462,0.0521274,0,0,0,0,0,0,0,0,0,0.111049,0.112862,0.112812,0.1,0.112789,0.112923,0.111018,0.0508482,0.0550778,0.054972,0.054916,0.0552083,0.0507764,0,0,0,0,0,0,0,0,0,1,1,1,1,1,1,1,1,1,1,1,1,1,0,0,0,0,0,0,0,0,0,1,1,1,1,1,1,1,1,1,1,1,1,1,0,0,0,0,0,0,0,0,0,1,0,0,0,0,0,0,0,0,0,0,0,0,0,0,0,0,0,0,0,0,0,0,13,0,0,0,0,0,0,0,0,0,0,0,0,0,0,0,0,0,0,0,0,0,0,0,0,0,0,0,0,0,0,0,0,0,0,0,0,0,0,0,0,0,0,0,0,0,0,0,0
0.526876,0.00775657,0.95745,0,0,0,0,3.89378e-08,9.35696e-12,8.08073e-08,2886,1274,1275,1292,1293,1294,1310,1311,2867,2868,2885,2887,2903,2904,0,0,0,0,0,0,0,0,0,1274,1275,1292,1293,1294,1310,1311,2867,2868,2885,2887,2903,2904,0,0,0,0,0,0,0,0,0,0.110959,0.112394,0.112669,0.100032,0.113095,0.112359,0.111307,0.0515694,0.05389,0.0548197,0.0555141,0.0540545,0.0523983,0,0,0,0,0,0,0,0,0,0.110855,0.112437,0.11279,0.1,0.113136,0.112488,0.11119,0.0503795,0.054107,0.054916,0.0557004,0.0542206,0.0511924,0,0,0,0,0,0,0,0,0,1,1,1,1,1,1,1,1,1,1,1,1,1,0,0,0,0,0,0,0,0,0,1,1,1,1,1,1,1,1,1,1,1,1,1,0,0,0,0,0,0,0,0,0,1,0,0,0,0,0,0,0,0,0,0,0,0,0,0,0,0,0,0,0,0,0,0,13,0,0,0,0,0,0,0,0,0,0,0,0,0,0,0,0,0,0,0,0,0,0,0,0,0,0,0,0,0,0,0,0,0,0,0,0,0,0,0,0,0,0,0,0,0,0,0,0
0.557792,0.0360313,0.921029,0,0,0,0,4.77695e-08,9.08501e-10,8.91226e-08,2887,1275,1276,1293,1294,1295,1311,1312,2868,2869,2886,2888,2904,2905,0,0,0,0,0,0,0,0,0,1275,1276,1293,1294,1295,1311,1312,2868,2869,2886,2888,2904,2905,0,0,0,0,0,0,0,0,0,0.110994,0.112856,0.113016,0.100031,0.113826,0.112166,0.111296,0.0515966,0.0549963,0.0555141,0.0571158,0.0536019,0.0522816,0,0,0,0,0,0,0,0,0,0.110908,0.112885,0.113138,0.1,0.113876,0.112251,0.111197,0.0505134,0.0551318,0.0557004,0.0573466,0.0536773,0.0512108,0,0,0,0,0,0,0,0,0,1,1,1,1,1,1,1,1,1,1,1,1,1,0,0,0,0,0,0,0,0,0,1,1,1,1,1,1,1,1,1,1,1,1,1,0,0,0,0,0,0,0,0,0,1,0,0,0,0,0,0,0,0,0,0,0,0,0,0,0,0,0,0,0,0,0,0,13,0,0,0,0,0,0,0,0,0,0,0,0,0,0,0,0,0,0,0,0,0,0,0,0,0,0,0,0,0,0,0,0,0,0,0,0,0,0,0,0,0,0,0,0,0,0,0,0
0.587462,0.0642971,0.881242,0,0,0,0,5.7634e-08,1.78999e-09,9.70987e-08,2888,1276,1277,1294,1295,1296,1312,1313,2869,2870,2887,2889,2905,2906,0,0,0,0,0,0,0,0,0,1276,1277,1294,1295,1296,1312,1313,2869,2870,2887,2889,2905,2906,0,0,0,0,0,0,0,0,0,0.11081,0.11281,0.113759,0.100027,0.11354,0.112216,0.110783,0.0510911,0.0549477,0.0571158,0.0564593,0.0537206,0.0509521,0,0,0,0,0,0,0,0,0,0.110744,0.112823,0.11388,0.1,0.113594,0.112265,0.1107,0.0501156,0.0549944,0.0573466,0.0567218,0.0537107,0.0500046,0,0,0,0,0,0,0,0,0,1,1,1,1,1,1,1,1,1,1,1,1,1,0,0,0,0,0,0,0,0,0,1,1,1,1,1,1,1,1,1,1,1,1,1,0,0,0,0,0,0,0,0,0,1,0,0,0,0,0,0,0,0,0,0,0,0,0,0,0,0,0,0,0,0,0,0,13,0,0,0,0,0,0,0,0,0,0,0,0,0,0,0,0,0,0,0,0,0,0,0,0,0,0,0,0,0,0,0,0,0,0,0,0,0,0,0,0,0,0,0,0,0,0,0,0
0.614732,0.0910134,0.839645,0,0,0,0,6.81264e-08,2.56539e-09,1.04384e-07,2889,1277,1278,1295,1296,1297,1313,1314,2870,2871,2888,2890,2906,2907,0,0,0,0,0,0,0,0,0,1277,1278,1295,1296,1297,1313,1314,2870,2871,2888,2890,2906,2907,0,0,0,0,0,0,0,0,0,0.110488,0.112537,0.113484,0.100023,0.113117,0.112136,0.110333,0.0502346,0.0543727,0.0564593,0.0555062,0.0535469,0.0497755,0,0,0,0,0,0,0,0,0,0.110436,0.112538,0.1136,0.1,0.113174,0.112157,0.110267,0.049359,0.0543456,0.0567218,0.0557836,0.0534628,0.0489359,0,0,0,0,0,0,0,0,0,1,1,1,1,1,1,1,1,1,1,1,1,1,0,0,0,0,0,0,0,0,0,1,1,1,1,1,1,1,1,1,1,1,1,1,0,0,0,0,0,0,0,0,0,1,0,0,0,0,0,0,0,0,0,0,0,0,0,0,0,0,0,0,0,0,0,0,13,0,0,0,0,0,0,0,0,0,0,0,0,0,0,0,0,0,0,0,0,0,0,0,0,0,0,0,0,0,0,0,0,0,0,0,0,0,0,0,0,0,0,0,0,0,0,0,0
0.639408,0.116227,0.796794,0,0,0,0,7.90695e-08,3.14749e-09,1.10878e-07,2890,1278,1279,1296,1297,1298,1314,1315,2871,2872,2889,2891,2907,2908,0,0,0,0,0,0,0,0,0,1278,1279,1296,1297,1298,1314,1315,2871,2872,2889,2891,2907,2908,0,0,0,0,0,0,0,0,0,0.110118,0.112143,0.113076,0.100018,0.112625,0.111924,0.109928,0.0492494,0.0535043,0.0555062,0.0543911,0.0530686,0.0487044,0,0,0,0,0,0,0,0,0,0.110076,0.112135,0.113181,0.1,0.112682,0.111925,0.109879,0.0484638,0.0534163,0.0557836,0.054668,0.0529247,0.047959,0,0,0,0,0,0,0,0,0,1,1,1,1,1,1,1,1,1,1,1,1,1,0,0,0,0,0,0,0,0,0,1,1,1,1,1,1,1,1,1,1,1,1,1,0,0,0,0,0,0,0,0,0,1,0,0,0,0,0,0,0,0,0,0,0,0,0,0,0,0,0,0,0,0,0,0,13,0,0,0,0,0,0,0,0,0,0,0,0,0,0,0,0,0,0,0,0,0,0,0,0,0,0,0,0,0,0,0,0,0,0,0,0,0,0,0,0,0,0,0,0,0,0,0,0
0.661437,0.139993,0.75311,0,0,0,0,9.0325e-08,3.45314e-09,1.16534e-07,2891,1279,1280,1297,1298,1299,1315,1316,2872,2873,2890,2892,2908,2909,0,0,0,0,0,0,0,0,0,1279,1280,1297,1298,1299,1315,1316,2872,2873,2890,2892,2908,2909,0,0,0,0,0,0,0,0,0,0.109735,0.111676,0.112598,0.100014,0.112113,0.111622,0.10959,0.0482205,0.0524516,0.0543911,0.0532211,0.0523706,0.0478,0,0,0,0,0,0,0,0,0,0.109702,0.111664,0.11269,0.1,0.11217,0.111609,0.109556,0.0475158,0.0523142,0.054668,0.0534872,0.0521816,0.0471348,0,0,0,0,0,0,0,0,0,1,1,1,1,1,1,1,1,1,1,1,1,1,0,0,0,0,0,0,0,0,0,1,1,1,1,1,1,1,1,1,1,1,1,1,0,0,0,0,0,0,0,0,0,1,0,0,0,0,0,0,0,0,0,0,0,0,0,0,0,0,0,0,0,0,0,0,13,0,0,0,0,0,0,0,0,0,0,0,0,0,0,0,0,0,0,0,0,0,0,0,0,0,0,0,0,0,0,0,0,0,0,0,0,0,0,0,0,0,0,0,0,0,0,0,0
0.680847,0.162394,0.708906,0,0,0,0,1.01797e-07,3.40381e-09,1.21342e-07,2892,1280,1281,1298,1299,1300,1316,1317,2873,2874,2891,2893,2909,2910,0,0,0,0,0,0,0,0,0,1280,1281,1298,1299,1300,1316,1317,2873,2874,2891,2893,2909,2910,0,0,0,0,0,0,0,0,0,0.10937,0.111163,0.112102,0.100011,0.111644,0.111264,0.109353,0.0472256,0.0512699,0.0532211,0.0521398,0.0515258,0.0471512,0,0,0,0,0,0,0,0,0,0.109344,0.111151,0.112179,0.1,0.111702,0.111239,0.109331,0.046594,0.0510921,0.0534872,0.0523887,0.0513029,0.0465558,0,0,0,0,0,0,0,0,0,1,1,1,1,1,1,1,1,1,1,1,1,1,0,0,0,0,0,0,0,0,0,1,1,1,1,1,1,1,1,1,1,1,1,1,0,0,0,0,0,0,0,0,0,1,0,0,0,0,0,0,0,0,0,0,0,0,0,0,0,0,0,0,0,0,0,0,13,0,0,0,0,0,0,0,0,0,0,0,0,0,0,0,0,0,0,0,0,0,0,0,0,0,0,0,0,0,0,0,0,0,0,0,0,0,0,0,0,0,0,0,0,0,0,0,0
0.697748,0.183521,0.664335,0,0,0,0,1.13456e-07,2.9227e-09,1.25318e-07,2893,88,89,1281,1282,1299,1300,1317,1681,1682,2874,2875,2892,2910,0,0,0,0,0,0,0,0,0,88,89,1281,1282,1299,1300,1317,1681,1682,2874,2875,2892,2910,0,0,0,0,0,0,0,0,0,0.109166,0.111254,0.109045,0.110604,0.111651,0.10001,0.110846,0.04662,0.0512333,0.0463244,0.0499648,0.0521398,0.0505206,0,0,0,0,0,0,0,0,0,0.109153,0.111312,0.109025,0.110601,0.11171,0.1,0.110811,0.0460922,0.0514603,0.045761,0.0497517,0.0523887,0.0502682,0,0,0,0,0,0,0,0,0,1,1,1,1,1,1,1,1,1,1,1,1,1,0,0,0,0,0,0,0,0,0,1,1,1,1,1,1,1,1,1,1,1,1,1,0,0,0,0,0,0,0,0,0,1,0,0,0,0,0,0,0,0,0,0,0,0,0,0,0,0,0,0,0,0,0,0,13,0,0,0,0,0,0,0,0,0,0,0,0,0,0,0,0,0,0,0,0,0,0,0,0,0,0,0,0,0,0,0,0,0,0,0,0,0,0,0,0,0,0,0,0,0,0,0,0
0.11945,-0.250214,1.17535,0,0,0,0,-2.52513e-09,-1.12876e-09,-2.25586e-09,2894,53,54,1283,1284,1301,1302,1318,1646,1647,2876,2877,2895,2911,0,0,0,0,0,0,0,0,0,53,54,1283,1284,1301,1302,1318,1646,1647,2876,2877,2895,2911,0,0,0,0,0,0,0,0,0,0.110319,0.11089,0.11482,0.113354,0.0991426,0.112616,0.114516,0.0529608,0.0540428,0.0616096,0.0569419,0.0568917,0.0623576,0,0,0,0,0,0,0,0,0,0.110556,0.111867,0.113846,0.11343,0.1,0.112553,0.113934,0.0499977,0.0531257,0.0572735,0.0563585,0.0543928,0.057449,0,0,0,0,0,0,0,0,0,1,1,1,1,1,1,1,1,1,1,1,1,1,0,0,0,0,0,0,0,0,0,1,1,1,1,1,1,1,1,1,1,1,1,1,0,0,0,0,0,0,0,0,0,1,0,0,0,0,0,0,0,0,0,0,0,0,0,0,0,0,0,0,0,0,0,0,13,0,0,0,0,0,0,0,0,0,0,0,0,0,0,0,0,0,0,0,0,0,0,0,0,0,0,0,0,0,0,0,0,0,0,0,0,0,0,0,0,0,0,0,0,0,0,0,0
0.165249,-0.216534,1.17317,0,0,0,0,-2.13448e-09,-1.82106e-09,4.74852e-09,2895,1284,1285,1301,1302,1303,1318,1319,2877,2878,2894,2896,2911,2912,0,0,0,0,0,0,0,0,0,1284,1285,1301,1302,1303,1318,1319,2877,2878,2894,2896,2911,2912,0,0,0,0,0,0,0,0,0,0.114929,0.113798,0.111799,0.0996603,0.112895,0.112289,0.114296,0.0611909,0.0573383,0.0568917,0.0567338,0.0576249,0.0609135,0,0,0,0,0,0,0,0,0,0.113931,0.11375,0.11256,0.1,0.112762,0.113614,0.113631,0.0574626,0.0570681,0.0543928,0.054864,0.0567817,0.0567929,0,0,0,0,0,0,0,0,0,1,1,1,1,1,1,1,1,1,1,1,1,1,0,0,0,0,0,0,0,0,0,1,1,1,1,1,1,1,1,1,1,1,1,1,0,0,0,0,0,0,0,0,0,1,0,0,0,0,0,0,0,0,0,0,0,0,0,0,0,0,0,0,0,0,0,0,13,0,0,0,0,0,0,0,0,0,0,0,0,0,0,0,0,0,0,0,0,0,0,0,0,0,0,0,0,0,0,0,0,0,0,0,0,0,0,0,0,0,0,0,0,0,0,0,0
0.210335,-0.183002,1.16532,0,0,0,0,-1.11649e-09,-2.19012e-09,1.22107e-08,2896,1285,1286,1302,1303,1304,1319,1320,2878,2879,2895,2897,2912,2913,0,0,0,0,0,0,0,0,0,1285,1286,1302,1303,1304,1319,1320,2878,2879,2895,2897,2912,2913,0,0,0,0,0,0,0,0,0,0.114502,0.114099,0.112275,0.0997281,0.11323,0.112797,0.113725,0.0603192,0.0578194,0.0567338,0.0570811,0.0573735,0.059498,0,0,0,0,0,0,0,0,0,0.113797,0.1141,0.112764,0.1,0.113122,0.113726,0.113284,0.057171,0.0578338,0.054864,0.0556718,0.0570142,0.0560389,0,0,0,0,0,0,0,0,0,1,1,1,1,1,1,1,1,1,1,1,1,1,0,0,0,0,0,0,0,0,0,1,1,1,1,1,1,1,1,1,1,1,1,1,0,0,0,0,0,0,0,0,0,1,0,0,0,0,0,0,0,0,0,0,0,0,0,0,0,0,0,0,0,0,0,0,13,0,0,0,0,0,0,0,0,0,0,0,0,0,0,0,0,0,0,0,0,0,0,0,0,0,0,0,0,0,0,0,0,0,0,0,0,0,0,0,0,0,0,0,0,0,0,0,0
0.254951,-0.149865,1.1523,0,0,0,0,6.76505e-10,-2.30891e-09,2.01465e-08,2897,1286,1287,1303,1304,1305,1320,1321,2879,2880,2896,2898,2913,2914,0,0,0,0,0,0,0,0,0,1286,1287,1303,1304,1305,1320,1321,2879,2880,2896,2898,2913,2914,0,0,0,0,0,0,0,0,0,0.114016,0.114349,0.112739,0.0998493,0.113621,0.113323,0.113287,0.0591593,0.0582042,0.0570811,0.0575529,0.0578337,0.0581993,0,0,0,0,0,0,0,0,0,0.113477,0.11439,0.113117,0.1,0.113515,0.114108,0.112925,0.0564636,0.0584646,0.0556718,0.0565488,0.0578366,0.0552414,0,0,0,0,0,0,0,0,0,1,1,1,1,1,1,1,1,1,1,1,1,1,0,0,0,0,0,0,0,0,0,1,1,1,1,1,1,1,1,1,1,1,1,1,0,0,0,0,0,0,0,0,0,1,0,0,0,0,0,0,0,0,0,0,0,0,0,0,0,0,0,0,0,0,0,0,13,0,0,0,0,0,0,0,0,0,0,0,0,0,0,0,0,0,0,0,0,0,0,0,0,0,0,0,0,0,0,0,0,0,0,0,0,0,0,0,0,0,0,0,0,0,0,0,0
0.298921,-0.117333,1.13439,0,0,0,0,3.37155e-09,-2.20092e-09,2.8505e-08,2898,1287,1288,1304,1305,1306,1321,1322,2880,2881,2897,2899,2914,2915,0,0,0,0,0,0,0,0,0,1287,1288,1304,1305,1306,1321,1322,2880,2881,2897,2899,2914,2915,0,0,0,0,0,0,0,0,0,0.113421,0.114504,0.113224,0.0999279,0.113897,0.113852,0.112912,0.0577724,0.0584603,0.0575529,0.0578616,0.0584228,0.0570918,0,0,0,0,0,0,0,0,0,0.113007,0.114581,0.113506,0.1,0.113814,0.114508,0.112599,0.0554111,0.0588751,0.0565488,0.0572118,0.0586974,0.0545003,0,0,0,0,0,0,0,0,0,1,1,1,1,1,1,1,1,1,1,1,1,1,0,0,0,0,0,0,0,0,0,1,1,1,1,1,1,1,1,1,1,1,1,1,0,0,0,0,0,0,0,0,0,1,0,0,0,0,0,0,0,0,0,0,0,0,0,0,0,0,0,0,0,0,0,0,13,0,0,0,0,0,0,0,0,0,0,0,0,0,0,0,0,0,0,0,0,0,0,0,0,0,0,0,0,0,0,0,0,0,0,0,0,0,0,0,0,0,0,0,0,0,0,0,0
0.341871,-0.0856563,1.11203,0,0,0,0,7.03968e-09,-1.88666e-09,3.71773e-08,2899,1288,1289,1305,1306,1307,1322,1323,2881,2882,2898,2900,2915,2916,0,0,0,0,0,0,0,0,0,1288,1289,1305,1306,1307,1322,1323,2881,2882,2898,2900,2915,2916,0,0,0,0,0,0,0,0,0,0.11275,0.114635,0.113573,0.09998,0.113941,0.11431,0.112649,0.0561885,0.0587169,0.0578616,0.0577457,0.0590376,0.0562562,0,0,0,0,0,0,0,0,0,0.112423,0.114726,0.113806,0.1,0.113889,0.114846,0.112371,0.0540802,0.0591877,0.0572118,0.0573763,0.0594261,0.0539746,0,0,0,0,0,0,0,0,0,1,1,1,1,1,1,1,1,1,1,1,1,1,0,0,0,0,0,0,0,0,0,1,1,1,1,1,1,1,1,1,1,1,1,1,0,0,0,0,0,0,0,0,0,1,0,0,0,0,0,0,0,0,0,0,0,0,0,0,0,0,0,0,0,0,0,0,13,0,0,0,0,0,0,0,0,0,0,0,0,0,0,0,0,0,0,0,0,0,0,0,0,0,0,0,0,0,0,0,0,0,0,0,0,0,0,0,0,0,0,0,0,0,0,0,0
0.383279,-0.0551252,1.08581,0,0,0,0,1.16957e-08,-1.39502e-09,4.59824e-08,2900,1289,1290,1306,1307,1308,1323,1324,2882,2883,2899,2901,2916,2917,0,0,0,0,0,0,0,0,0,1289,1290,1306,1307,1308,1323,1324,2882,2883,2899,2901,2916,2917,0,0,0,0,0,0,0,0,0,0.112037,0.114055,0.11368,0.100009,0.113599,0.114673,0.112572,0.0544736,0.0575068,0.0577457,0.0568273,0.0595676,0.0558705,0,0,0,0,0,0,0,0,0,0.111782,0.114146,0.113884,0.1,0.113579,0.115091,0.112323,0.0525911,0.0579334,0.0573763,0.0566925,0.0599548,0.0538624,0,0,0,0,0,0,0,0,0,1,1,1,1,1,1,1,1,1,1,1,1,1,0,0,0,0,0,0,0,0,0,1,1,1,1,1,1,1,1,1,1,1,1,1,0,0,0,0,0,0,0,0,0,1,0,0,0,0,0,0,0,0,0,0,0,0,0,0,0,0,0,0,0,0,0,0,13,0,0,0,0,0,0,0,0,0,0,0,0,0,0,0,0,0,0,0,0,0,0,0,0,0,0,0,0,0,0,0,0,0,0,0,0,0,0,0,0,0,0,0,0,0,0,0,0
0.422263,-0.0257295,1.05673,0,0,0,0,1.7197e-08,-7.58344e-10,5.46692e-08,2901,1290,1291,1307,1308,1309,1324,1325,2883,2884,2900,2902,2917,2918,0,0,0,0,0,0,0,0,0,1290,1291,1307,1308,1309,1324,1325,2883,2884,2900,2902,2917,2918,0,0,0,0,0,0,0,0,0,0.111583,0.113256,0.113387,0.100025,0.113237,0.114652,0.112641,0.0533283,0.0557796,0.0568273,0.0559121,0.0593724,0.0558598,0,0,0,0,0,0,0,0,0,0.11138,0.11333,0.113577,0.1,0.113247,0.114965,0.112423,0.0516408,0.0561318,0.0566925,0.0559499,0.0596944,0.054093,0,0,0,0,0,0,0,0,0,1,1,1,1,1,1,1,1,1,1,1,1,1,0,0,0,0,0,0,0,0,0,1,1,1,1,1,1,1,1,1,1,1,1,1,0,0,0,0,0,0,0,0,0,1,0,0,0,0,0,0,0,0,0,0,0,0,0,0,0,0,0,0,0,0,0,0,13,0,0,0,0,0,0,0,0,0,0,0,0,0,0,0,0,0,0,0,0,0,0,0,0,0,0,0,0,0,0,0,0,0,0,0,0,0,0,0,0,0,0,0,0,0,0,0,0
0.458496,0.00324303,1.02552,0,0,0,0,2.34197e-08,-1.05753e-11,6.30656e-08,2902,1291,1292,1308,1309,1310,1325,1326,2884,2885,2901,2903,2918,2919,0,0,0,0,0,0,0,0,0,1291,1292,1308,1309,1310,1325,1326,2884,2885,2901,2903,2918,2919,0,0,0,0,0,0,0,0,0,0.111357,0.112861,0.113067,0.100031,0.11318,0.114071,0.112576,0.0527181,0.0549462,0.0559121,0.0557095,0.0580283,0.0555627,0,0,0,0,0,0,0,0,0,0.111198,0.112919,0.113247,0.1,0.113215,0.114291,0.112387,0.0512067,0.0552083,0.0559499,0.0558781,0.0582502,0.0540109,0,0,0,0,0,0,0,0,0,1,1,1,1,1,1,1,1,1,1,1,1,1,0,0,0,0,0,0,0,0,0,1,1,1,1,1,1,1,1,1,1,1,1,1,0,0,0,0,0,0,0,0,0,1,0,0,0,0,0,0,0,0,0,0,0,0,0,0,0,0,0,0,0,0,0,0,13,0,0,0,0,0,0,0,0,0,0,0,0,0,0,0,0,0,0,0,0,0,0,0,0,0,0,0,0,0,0,0,0,0,0,0,0,0,0,0,0,0,0,0,0,0,0,0,0
0.492673,0.0315778,0.991868,0,0,0,0,3.04362e-08,8.10849e-10,7.12055e-08,2903,1292,1293,1309,1310,1311,1326,1327,2885,2886,2902,2904,2919,2920,0,0,0,0,0,0,0,0,0,1292,1293,1309,1310,1311,1326,1327,2885,2886,2902,2904,2919,2920,0,0,0,0,0,0,0,0,0,0.111144,0.112446,0.113046,0.100032,0.113384,0.113447,0.112501,0.0521274,0.0540545,0.0557095,0.0561167,0.0566134,0.055272,0,0,0,0,0,0,0,0,0,0.111018,0.112486,0.113218,0.1,0.113438,0.11359,0.112346,0.0507764,0.0542206,0.0558781,0.0563748,0.0567167,0.0539168,0,0,0,0,0,0,0,0,0,1,1,1,1,1,1,1,1,1,1,1,1,1,0,0,0,0,0,0,0,0,0,1,1,1,1,1,1,1,1,1,1,1,1,1,0,0,0,0,0,0,0,0,0,1,0,0,0,0,0,0,0,0,0,0,0,0,0,0,0,0,0,0,0,0,0,0,13,0,0,0,0,0,0,0,0,0,0,0,0,0,0,0,0,0,0,0,0,0,0,0,0,0,0,0,0,0,0,0,0,0,0,0,0,0,0,0,0,0,0,0,0,0,0,0,0
0.524844,0.0600894,0.955796,0,0,0,0,3.82106e-08,1.65825e-09,7.89998e-08,2904,1293,1294,1310,1311,1312,1327,1328,2886,2887,2903,2905,2920,2921,0,0,0,0,0,0,0,0,0,1293,1294,1310,1311,1312,1327,1328,2886,2887,2903,2905,2920,2921,0,0,0,0,0,0,0,0,0,0.111286,0.11223,0.113278,0.10003,0.113646,0.112698,0.112021,0.0523983,0.0536019,0.0561167,0.0566648,0.0549053,0.0540525,0,0,0,0,0,0,0,0,0,0.111189,0.112249,0.113441,0.1,0.11371,0.112784,0.111898,0.0511924,0.0536773,0.0563748,0.0569784,0.0549075,0.052873,0,0,0,0,0,0,0,0,0,1,1,1,1,1,1,1,1,1,1,1,1,1,0,0,0,0,0,0,0,0,0,1,1,1,1,1,1,1,1,1,1,1,1,1,0,0,0,0,0,0,0,0,0,1,0,0,0,0,0,0,0,0,0,0,0,0,0,0,0,0,0,0,0,0,0,0,13,0,0,0,0,0,0,0,0,0,0,0,0,0,0,0,0,0,0,0,0,0,0,0,0,0,0,0,0,0,0,0,0,0,0,0,0,0,0,0,0,0,0,0,0,0,0,0,0
0.555287,0.0881028,0.917074,0,0,0,0,4.68158e-08,2.47413e-09,8.64364e-08,2905,1294,1295,1311,1312,1313,1328,1329,2887,2888,2904,2906,2921,2922,0,0,0,0,0,0,0,0,0,1294,1295,1311,1312,1313,1328,1329,2887,2888,2904,2906,2921,2922,0,0,0,0,0,0,0,0,0,0.111271,0.112259,0.11356,0.100027,0.113587,0.112144,0.111329,0.0522816,0.0537206,0.0566648,0.0565195,0.0536196,0.0523172,0,0,0,0,0,0,0,0,0,0.111195,0.112263,0.113715,0.1,0.113654,0.112187,0.111232,0.0512108,0.0537107,0.0569784,0.0568541,0.0535379,0.0512945,0,0,0,0,0,0,0,0,0,1,1,1,1,1,1,1,1,1,1,1,1,1,0,0,0,0,0,0,0,0,0,1,1,1,1,1,1,1,1,1,1,1,1,1,0,0,0,0,0,0,0,0,0,1,0,0,0,0,0,0,0,0,0,0,0,0,0,0,0,0,0,0,0,0,0,0,13,0,0,0,0,0,0,0,0,0,0,0,0,0,0,0,0,0,0,0,0,0,0,0,0,0,0,0,0,0,0,0,0,0,0,0,0,0,0,0,0,0,0,0,0,0,0,0,0
0.583701,0.114859,0.876193,0,0,0,0,5.61611e-08,3.18319e-09,9.33642e-08,2906,1295,1296,1312,1313,1314,1329,1330,2888,2889,2905,2907,2922,2923,0,0,0,0,0,0,0,0,0,1295,1296,1312,1313,1314,1329,1330,2888,2889,2905,2907,2922,2923,0,0,0,0,0,0,0,0,0,0.110752,0.112164,0.113518,0.100023,0.113312,0.111771,0.110669,0.0509521,0.0535469,0.0565195,0.0558999,0.0527471,0.0506349,0,0,0,0,0,0,0,0,0,0.110697,0.112155,0.113661,0.1,0.11338,0.111781,0.110595,0.0500046,0.0534628,0.0568541,0.0562422,0.0525892,0.0497448,0,0,0,0,0,0,0,0,0,1,1,1,1,1,1,1,1,1,1,1,1,1,0,0,0,0,0,0,0,0,0,1,1,1,1,1,1,1,1,1,1,1,1,1,0,0,0,0,0,0,0,0,0,1,0,0,0,0,0,0,0,0,0,0,0,0,0,0,0,0,0,0,0,0,0,0,13,0,0,0,0,0,0,0,0,0,0,0,0,0,0,0,0,0,0,0,0,0,0,0,0,0,0,0,0,0,0,0,0,0,0,0,0,0,0,0,0,0,0,0,0,0,0,0,0
0.609782,0.140188,0.833732,0,0,0,0,6.60726e-08,3.70354e-09,9.96514e-08,2907,1296,1297,1313,1314,1315,1330,1331,2889,2890,2906,2908,2923,2924,0,0,0,0,0,0,0,0,0,1296,1297,1313,1314,1315,1330,1331,2889,2890,2906,2908,2923,2924,0,0,0,0,0,0,0,0,0,0.110305,0.111942,0.113258,0.100019,0.112912,0.111474,0.110093,0.0497755,0.0530686,0.0558999,0.0550037,0.0520513,0.049142,0,0,0,0,0,0,0,0,0,0.110265,0.111924,0.113387,0.1,0.112979,0.111462,0.110039,0.0489359,0.0529247,0.0562422,0.0553404,0.0518351,0.0483618,0,0,0,0,0,0,0,0,0,1,1,1,1,1,1,1,1,1,1,1,1,1,0,0,0,0,0,0,0,0,0,1,1,1,1,1,1,1,1,1,1,1,1,1,0,0,0,0,0,0,0,0,0,1,0,0,0,0,0,0,0,0,0,0,0,0,0,0,0,0,0,0,0,0,0,0,13,0,0,0,0,0,0,0,0,0,0,0,0,0,0,0,0,0,0,0,0,0,0,0,0,0,0,0,0,0,0,0,0,0,0,0,0,0,0,0,0,0,0,0,0,0,0,0,0
0.633363,0.164099,0.79017,0,0,0,0,7.63974e-08,3.95242e-09,1.0521e-07,2908,1297,1298,1314,1315,1316,1331,1332,2890,2891,2907,2909,2924,2925,0,0,0,0,0,0,0,0,0,1297,1298,1314,1315,1316,1331,1332,2890,2891,2907,2909,2924,2925,0,0,0,0,0,0,0,0,0,0.109905,0.111631,0.112873,0.100015,0.112479,0.111215,0.109674,0.0487044,0.0523706,0.0550037,0.0540269,0.0514395,0.0480215,0,0,0,0,0,0,0,0,0,0.109876,0.111608,0.112987,0.1,0.112543,0.111189,0.109634,0.047959,0.0521816,0.0553404,0.0543458,0.0511837,0.0473341,0,0,0,0,0,0,0,0,0,1,1,1,1,1,1,1,1,1,1,1,1,1,0,0,0,0,0,0,0,0,0,1,1,1,1,1,1,1,1,1,1,1,1,1,0,0,0,0,0,0,0,0,0,1,0,0,0,0,0,0,0,0,0,0,0,0,0,0,0,0,0,0,0,0,0,0,13,0,0,0,0,0,0,0,0,0,0,0,0,0,0,0,0,0,0,0,0,0,0,0,0,0,0,0,0,0,0,0,0,0,0,0,0,0,0,0,0,0,0,0,0,0,0,0,0
0.654395,0.186709,0.745838,0,0,0,0,8.70258e-08,3.84383e-09,1.09992e-07,2909,1298,1299,1315,1316,1317,1332,1333,2891,2892,2908,2910,2925,2926,0,0,0,0,0,0,0,0,0,1298,1299,1315,1316,1317,1332,1333,2891,2892,2908,2910,2925,2926,0,0,0,0,0,0,0,0,0,0.109573,0.11126,0.112455,0.100012,0.112123,0.111019,0.109558,0.0478,0.0515258,0.0540269,0.0532255,0.0509568,0.0476892,0,0,0,0,0,0,0,0,0,0.109553,0.111239,0.112552,0.1,0.112187,0.110981,0.109531,0.0471348,0.0513029,0.0543458,0.0535238,0.0506828,0.0470714,0,0,0,0,0,0,0,0,0,1,1,1,1,1,1,1,1,1,1,1,1,1,0,0,0,0,0,0,0,0,0,1,1,1,1,1,1,1,1,1,1,1,1,1,0,0,0,0,0,0,0,0,0,1,0,0,0,0,0,0,0,0,0,0,0,0,0,0,0,0,0,0,0,0,0,0,13,0,0,0,0,0,0,0,0,0,0,0,0,0,0,0,0,0,0,0,0,0,0,0,0,0,0,0,0,0,0,0,0,0,0,0,0,0,0,0,0,0,0,0,0,0,0,0,0
0.672971,0.208173,0.700814,0,0,0,0,9.79402e-08,3.2884e-09,1.14001e-07,2910,87,88,1299,1300,1316,1317,1333,1680,1681,2892,2893,2909,2926,0,0,0,0,0,0,0,0,0,87,88,1299,1300,1316,1317,1333,1680,1681,2892,2893,2909,2926,0,0,0,0,0,0,0,0,0,0.109691,0.111903,0.109342,0.110825,0.112119,0.10001,0.110886,0.0479967,0.0527339,0.0471512,0.0505206,0.0532255,0.0506356,0,0,0,0,0,0,0,0,0,0.109675,0.111968,0.109329,0.110811,0.112196,0.1,0.110839,0.047444,0.0530112,0.0465558,0.0502682,0.0535238,0.0503379,0,0,0,0,0,0,0,0,0,1,1,1,1,1,1,1,1,1,1,1,1,1,0,0,0,0,0,0,0,0,0,1,1,1,1,1,1,1,1,1,1,1,1,1,0,0,0,0,0,0,0,0,0,1,0,0,0,0,0,0,0,0,0,0,0,0,0,0,0,0,0,0,0,0,0,0,13,0,0,0,0,0,0,0,0,0,0,0,0,0,0,0,0,0,0,0,0,0,0,0,0,0,0,0,0,0,0,0,0,0,0,0,0,0,0,0,0,0,0,0,0,0,0,0,0
0.119453,-0.192254,1.19835,0,0,0,0,-2.41065e-09,-2.06552e-09,3.42595e-09,2911,54,55,1301,1302,1318,1319,1334,1647,1648,2894,2895,2912,2927,0,0,0,0,0,0,0,0,0,54,55,1301,1302,1318,1319,1334,1647,1648,2894,2895,2912,2927,0,0,0,0,0,0,0,0,0,0.110716,0.110436,0.114957,0.113624,0.0991234,0.113036,0.113277,0.0542848,0.0536291,0.0623576,0.0576249,0.0576197,0.0599932,0,0,0,0,0,0,0,0,0,0.111152,0.111503,0.113925,0.113621,0.1,0.11293,0.112651,0.0515093,0.0523741,0.057449,0.0567817,0.0552492,0.0545767,0,0,0,0,0,0,0,0,0,1,1,1,1,1,1,1,1,1,1,1,1,1,0,0,0,0,0,0,0,0,0,1,1,1,1,1,1,1,1,1,1,1,1,1,0,0,0,0,0,0,0,0,0,1,0,0,0,0,0,0,0,0,0,0,0,0,0,0,0,0,0,0,0,0,0,0,13,0,0,0,0,0,0,0,0,0,0,0,0,0,0,0,0,0,0,0,0,0,0,0,0,0,0,0,0,0,0,0,0,0,0,0,0,0,0,0,0,0,0,0,0,0,0,0,0
0.16588,-0.158681,1.19223,0,0,0,0,-1.98004e-09,-2.13554e-09,9.5604e-09,2912,1302,1303,1318,1319,1320,1334,1335,2895,2896,2911,2913,2927,2928,0,0,0,0,0,0,0,0,0,1302,1303,1318,1319,1320,1334,1335,2895,2896,2911,2913,2927,2928,0,0,0,0,0,0,0,0,0,0.114658,0.113801,0.111971,0.0996937,0.113153,0.112378,0.113559,0.0609135,0.0573735,0.0576197,0.0570385,0.0581014,0.0594133,0,0,0,0,0,0,0,0,0,0.113627,0.113726,0.112936,0.1,0.112984,0.113784,0.112804,0.0567929,0.0570142,0.0552492,0.0553612,0.0571565,0.0549461,0,0,0,0,0,0,0,0,0,1,1,1,1,1,1,1,1,1,1,1,1,1,0,0,0,0,0,0,0,0,0,1,1,1,1,1,1,1,1,1,1,1,1,1,0,0,0,0,0,0,0,0,0,1,0,0,0,0,0,0,0,0,0,0,0,0,0,0,0,0,0,0,0,0,0,0,13,0,0,0,0,0,0,0,0,0,0,0,0,0,0,0,0,0,0,0,0,0,0,0,0,0,0,0,0,0,0,0,0,0,0,0,0,0,0,0,0,0,0,0,0,0,0,0,0
0.210853,-0.125536,1.18073,0,0,0,0,-9.67802e-10,-1.98827e-09,1.60966e-08,2913,1303,1304,1319,1320,1321,1335,1336,2896,2897,2912,2914,2928,2929,0,0,0,0,0,0,0,0,0,1303,1304,1319,1320,1321,1335,1336,2896,2897,2912,2914,2928,2929,0,0,0,0,0,0,0,0,0,0.114007,0.114092,0.112365,0.0997667,0.113476,0.112668,0.113371,0.059498,0.0578337,0.0570385,0.0573548,0.0572564,0.0587298,0,0,0,0,0,0,0,0,0,0.113288,0.114102,0.112982,0.1,0.11334,0.11367,0.112834,0.0560389,0.0578366,0.0553612,0.0561558,0.0568816,0.0550324,0,0,0,0,0,0,0,0,0,1,1,1,1,1,1,1,1,1,1,1,1,1,0,0,0,0,0,0,0,0,0,1,1,1,1,1,1,1,1,1,1,1,1,1,0,0,0,0,0,0,0,0,0,1,0,0,0,0,0,0,0,0,0,0,0,0,0,0,0,0,0,0,0,0,0,0,13,0,0,0,0,0,0,0,0,0,0,0,0,0,0,0,0,0,0,0,0,0,0,0,0,0,0,0,0,0,0,0,0,0,0,0,0,0,0,0,0,0,0,0,0,0,0,0,0
0.255096,-0.0929245,1.16434,0,0,0,0,7.9569e-10,-1.68153e-09,2.30814e-08,2914,1304,1305,1320,1321,1322,1336,1337,2897,2898,2913,2915,2929,2930,0,0,0,0,0,0,0,0,0,1304,1305,1320,1321,1322,1336,1337,2897,2898,2913,2915,2929,2930,0,0,0,0,0,0,0,0,0,0.113484,0.11443,0.112866,0.0998874,0.113809,0.113475,0.113327,0.0581993,0.0584228,0.0573548,0.0577377,0.0582438,0.0582644,0,0,0,0,0,0,0,0,0,0.112933,0.114498,0.113331,0.1,0.11371,0.114319,0.112857,0.0552414,0.0586974,0.0561558,0.0569789,0.0582889,0.0550868,0,0,0,0,0,0,0,0,0,1,1,1,1,1,1,1,1,1,1,1,1,1,0,0,0,0,0,0,0,0,0,1,1,1,1,1,1,1,1,1,1,1,1,1,0,0,0,0,0,0,0,0,0,1,0,0,0,0,0,0,0,0,0,0,0,0,0,0,0,0,0,0,0,0,0,0,13,0,0,0,0,0,0,0,0,0,0,0,0,0,0,0,0,0,0,0,0,0,0,0,0,0,0,0,0,0,0,0,0,0,0,0,0,0,0,0,0,0,0,0,0,0,0,0,0
0.298401,-0.0609646,1.14344,0,0,0,0,3.41314e-09,-1.23064e-09,3.04491e-08,2915,1305,1306,1321,1322,1323,1337,1338,2898,2899,2914,2916,2930,2931,0,0,0,0,0,0,0,0,0,1305,1306,1321,1322,1323,1337,1338,2898,2899,2914,2916,2930,2931,0,0,0,0,0,0,0,0,0,0.113036,0.114739,0.113338,0.0999509,0.114017,0.114061,0.113279,0.0570918,0.0590376,0.0577377,0.0579513,0.058942,0.0578764,0,0,0,0,0,0,0,0,0,0.112607,0.114837,0.113701,0.1,0.113965,0.114723,0.112877,0.0545003,0.0594261,0.0569789,0.0575411,0.0591662,0.0551304,0,0,0,0,0,0,0,0,0,1,1,1,1,1,1,1,1,1,1,1,1,1,0,0,0,0,0,0,0,0,0,1,1,1,1,1,1,1,1,1,1,1,1,1,0,0,0,0,0,0,0,0,0,1,0,0,0,0,0,0,0,0,0,0,0,0,0,0,0,0,0,0,0,0,0,0,13,0,0,0,0,0,0,0,0,0,0,0,0,0,0,0,0,0,0,0,0,0,0,0,0,0,0,0,0,0,0,0,0,0,0,0,0,0,0,0,0,0,0,0,0,0,0,0,0
0.340422,-0.0297938,1.11852,0,0,0,0,6.93568e-09,-6.58525e-10,3.80775e-08,2916,1306,1307,1322,1323,1324,1338,1339,2899,2900,2915,2917,2931,2932,0,0,0,0,0,0,0,0,0,1306,1307,1322,1323,1324,1338,1339,2899,2900,2915,2917,2931,2932,0,0,0,0,0,0,0,0,0,0.112713,0.114979,0.113655,0.0999906,0.114084,0.114388,0.113245,0.0562562,0.0595676,0.0579513,0.0579136,0.0592781,0.057551,0,0,0,0,0,0,0,0,0,0.112377,0.115084,0.11396,0.1,0.114074,0.11489,0.112898,0.0539746,0.0599548,0.0575411,0.0577796,0.0595333,0.0551758,0,0,0,0,0,0,0,0,0,1,1,1,1,1,1,1,1,1,1,1,1,1,0,0,0,0,0,0,0,0,0,1,1,1,1,1,1,1,1,1,1,1,1,1,0,0,0,0,0,0,0,0,0,1,0,0,0,0,0,0,0,0,0,0,0,0,0,0,0,0,0,0,0,0,0,0,13,0,0,0,0,0,0,0,0,0,0,0,0,0,0,0,0,0,0,0,0,0,0,0,0,0,0,0,0,0,0,0,0,0,0,0,0,0,0,0,0,0,0,0,0,0,0,0,0
0.380771,0.000522792,1.09011,0,0,0,0,1.13552e-08,7.90676e-12,4.58146e-08,2917,1307,1308,1323,1324,1325,1339,1340,2900,2901,2916,2918,2932,2933,0,0,0,0,0,0,0,0,0,1307,1308,1323,1324,1325,1339,1340,2900,2901,2916,2918,2932,2933,0,0,0,0,0,0,0,0,0,0.112587,0.11487,0.113802,0.100013,0.114043,0.114465,0.113197,0.0558705,0.0593724,0.0579136,0.0576799,0.0592086,0.0572305,0,0,0,0,0,0,0,0,0,0.112326,0.114961,0.114072,0.1,0.114069,0.11483,0.1129,0.0538624,0.0596944,0.0577796,0.0577695,0.0594125,0.0551782,0,0,0,0,0,0,0,0,0,1,1,1,1,1,1,1,1,1,1,1,1,1,0,0,0,0,0,0,0,0,0,1,1,1,1,1,1,1,1,1,1,1,1,1,0,0,0,0,0,0,0,0,0,1,0,0,0,0,0,0,0,0,0,0,0,0,0,0,0,0,0,0,0,0,0,0,13,0,0,0,0,0,0,0,0,0,0,0,0,0,0,0,0,0,0,0,0,0,0,0,0,0,0,0,0,0,0,0,0,0,0,0,0,0,0,0,0,0,0,0,0,0,0,0,0
0.419141,0.0300074,1.05872,0,0,0,0,1.66246e-08,7.36008e-10,5.35226e-08,2918,1308,1309,1324,1325,1326,1340,1341,2901,2902,2917,2919,2933,2934,0,0,0,0,0,0,0,0,0,1308,1309,1324,1325,1326,1340,1341,2901,2902,2917,2919,2933,2934,0,0,0,0,0,0,0,0,0,0.112629,0.11422,0.113822,0.100025,0.113963,0.114286,0.113073,0.0558598,0.0580283,0.0576799,0.0573991,0.0586762,0.056778,0,0,0,0,0,0,0,0,0,0.112424,0.114289,0.114071,0.1,0.114017,0.114535,0.112825,0.054093,0.0582502,0.0577695,0.0576548,0.0587858,0.055008,0,0,0,0,0,0,0,0,0,1,1,1,1,1,1,1,1,1,1,1,1,1,0,0,0,0,0,0,0,0,0,1,1,1,1,1,1,1,1,1,1,1,1,1,0,0,0,0,0,0,0,0,0,1,0,0,0,0,0,0,0,0,0,0,0,0,0,0,0,0,0,0,0,0,0,0,13,0,0,0,0,0,0,0,0,0,0,0,0,0,0,0,0,0,0,0,0,0,0,0,0,0,0,0,0,0,0,0,0,0,0,0,0,0,0,0,0,0,0,0,0,0,0,0,0
0.455401,0.0587138,1.02472,0,0,0,0,2.27012e-08,1.49331e-09,6.10933e-08,2919,1309,1310,1325,1326,1327,1341,1342,2902,2903,2918,2920,2934,2935,0,0,0,0,0,0,0,0,0,1309,1310,1325,1326,1327,1341,1342,2902,2903,2918,2920,2934,2935,0,0,0,0,0,0,0,0,0,0.112543,0.113548,0.113789,0.100028,0.113878,0.113874,0.112821,0.0555627,0.0566134,0.0573991,0.0571466,0.0576913,0.0560605,0,0,0,0,0,0,0,0,0,0.112387,0.11359,0.114021,0.1,0.113951,0.114031,0.112618,0.0540109,0.0567167,0.0576548,0.0575075,0.0576936,0.0545384,0,0,0,0,0,0,0,0,0,1,1,1,1,1,1,1,1,1,1,1,1,1,0,0,0,0,0,0,0,0,0,1,1,1,1,1,1,1,1,1,1,1,1,1,0,0,0,0,0,0,0,0,0,1,0,0,0,0,0,0,0,0,0,0,0,0,0,0,0,0,0,0,0,0,0,0,13,0,0,0,0,0,0,0,0,0,0,0,0,0,0,0,0,0,0,0,0,0,0,0,0,0,0,0,0,0,0,0,0,0,0,0,0,0,0,0,0,0,0,0,0,0,0,0,0
0.489518,0.0866489,0.988373,0,0,0,0,2.95486e-08,2.24674e-09,6.84322e-08,2920,1310,1311,1326,1327,1328,1342,1343,2903,2904,2919,2921,2935,2936,0,0,0,0,0,0,0,0,0,1310,1311,1326,1327,1328,1342,1343,2903,2904,2919,2921,2935,2936,0,0,0,0,0,0,0,0,0,0.112464,0.112767,0.11374,0.100028,0.113774,0.113301,0.112408,0.055272,0.0549053,0.0571466,0.056882,0.0563709,0.0549947,0,0,0,0,0,0,0,0,0,0.112344,0.112784,0.113956,0.1,0.113855,0.113388,0.112251,0.0539168,0.0549075,0.0575075,0.0572961,0.0562753,0.0536934,0,0,0,0,0,0,0,0,0,1,1,1,1,1,1,1,1,1,1,1,1,1,0,0,0,0,0,0,0,0,0,1,1,1,1,1,1,1,1,1,1,1,1,1,0,0,0,0,0,0,0,0,0,1,0,0,0,0,0,0,0,0,0,0,0,0,0,0,0,0,0,0,0,0,0,0,13,0,0,0,0,0,0,0,0,0,0,0,0,0,0,0,0,0,0,0,0,0,0,0,0,0,0,0,0,0,0,0,0,0,0,0,0,0,0,0,0,0,0,0,0,0,0,0,0
0.521481,0.113712,0.949883,0,0,0,0,3.71364e-08,2.95319e-09,7.54483e-08,2921,1311,1312,1327,1328,1329,1343,1344,2904,2905,2920,2922,2936,2937,0,0,0,0,0,0,0,0,0,1311,1312,1327,1328,1329,1343,1344,2904,2905,2920,2922,2936,2937,0,0,0,0,0,0,0,0,0,0.111982,0.112191,0.113667,0.100026,0.113597,0.112656,0.111853,0.0540525,0.0536196,0.056882,0.0564856,0.0548854,0.0535967,0,0,0,0,0,0,0,0,0,0.111894,0.112188,0.113862,0.1,0.113681,0.112692,0.111735,0.052873,0.0535379,0.0572961,0.0569119,0.054708,0.0524903,0,0,0,0,0,0,0,0,0,1,1,1,1,1,1,1,1,1,1,1,1,1,0,0,0,0,0,0,0,0,0,1,1,1,1,1,1,1,1,1,1,1,1,1,0,0,0,0,0,0,0,0,0,1,0,0,0,0,0,0,0,0,0,0,0,0,0,0,0,0,0,0,0,0,0,0,13,0,0,0,0,0,0,0,0,0,0,0,0,0,0,0,0,0,0,0,0,0,0,0,0,0,0,0,0,0,0,0,0,0,0,0,0,0,0,0,0,0,0,0,0,0,0,0,0
0.551231,0.139712,0.909515,0,0,0,0,4.54175e-08,3.55165e-09,8.20302e-08,2922,1312,1313,1328,1329,1330,1344,1345,2905,2906,2921,2923,2937,2938,0,0,0,0,0,0,0,0,0,1312,1313,1328,1329,1330,1344,1345,2905,2906,2921,2923,2937,2938,0,0,0,0,0,0,0,0,0,0.11129,0.111799,0.113517,0.100022,0.113318,0.112014,0.111199,0.0523172,0.0527471,0.0564856,0.0558691,0.0533878,0.0519508,0,0,0,0,0,0,0,0,0,0.111228,0.111781,0.113689,0.1,0.113401,0.112012,0.111114,0.0512945,0.0525892,0.0569119,0.0562881,0.0531385,0.0510092,0,0,0,0,0,0,0,0,0,1,1,1,1,1,1,1,1,1,1,1,1,1,0,0,0,0,0,0,0,0,0,1,1,1,1,1,1,1,1,1,1,1,1,1,0,0,0,0,0,0,0,0,0,1,0,0,0,0,0,0,0,0,0,0,0,0,0,0,0,0,0,0,0,0,0,0,13,0,0,0,0,0,0,0,0,0,0,0,0,0,0,0,0,0,0,0,0,0,0,0,0,0,0,0,0,0,0,0,0,0,0,0,0,0,0,0,0,0,0,0,0,0,0,0,0
0.578644,0.164506,0.86762,0,0,0,0,5.42877e-08,3.97079e-09,8.80628e-08,2923,1313,1314,1329,1330,1331,1345,1346,2906,2907,2922,2924,2938,2939,0,0,0,0,0,0,0,0,0,1313,1314,1329,1330,1331,1345,1346,2906,2907,2922,2924,2938,2939,0,0,0,0,0,0,0,0,0,0.110632,0.111491,0.113259,0.100018,0.112943,0.111393,0.11049,0.0506349,0.0520513,0.0558691,0.0550386,0.0519178,0.0501478,0,0,0,0,0,0,0,0,0,0.110591,0.111462,0.11341,0.1,0.113023,0.111365,0.110432,0.0497448,0.0518351,0.0562881,0.0554382,0.0516104,0.0493421,0,0,0,0,0,0,0,0,0,1,1,1,1,1,1,1,1,1,1,1,1,1,0,0,0,0,0,0,0,0,0,1,1,1,1,1,1,1,1,1,1,1,1,1,0,0,0,0,0,0,0,0,0,1,0,0,0,0,0,0,0,0,0,0,0,0,0,0,0,0,0,0,0,0,0,0,13,0,0,0,0,0,0,0,0,0,0,0,0,0,0,0,0,0,0,0,0,0,0,0,0,0,0,0,0,0,0,0,0,0,0,0,0,0,0,0,0,0,0,0,0,0,0,0,0
0.603587,0.188073,0.824589,0,0,0,0,6.36118e-08,4.1324e-09,9.34416e-08,2924,1314,1315,1330,1331,1332,1346,1347,2907,2908,2923,2925,2939,2940,0,0,0,0,0,0,0,0,0,1314,1315,1330,1331,1332,1346,1347,2907,2908,2923,2925,2939,2940,0,0,0,0,0,0,0,0,0,0.110062,0.111225,0.112901,0.100014,0.112541,0.1108,0.109785,0.049142,0.0514395,0.0550386,0.0541438,0.0504866,0.0483209,0,0,0,0,0,0,0,0,0,0.110036,0.11119,0.113032,0.1,0.112617,0.110758,0.109748,0.0483618,0.0511837,0.0554382,0.0545145,0.0501412,0.0476223,0,0,0,0,0,0,0,0,0,1,1,1,1,1,1,1,1,1,1,1,1,1,0,0,0,0,0,0,0,0,0,1,1,1,1,1,1,1,1,1,1,1,1,1,0,0,0,0,0,0,0,0,0,1,0,0,0,0,0,0,0,0,0,0,0,0,0,0,0,0,0,0,0,0,0,0,13,0,0,0,0,0,0,0,0,0,0,0,0,0,0,0,0,0,0,0,0,0,0,0,0,0,0,0,0,0,0,0,0,0,0,0,0,0,0,0,0,0,0,0,0,0,0,0,0
0.62596,0.210597,0.78073,0,0,0,0,7.32563e-08,3.94437e-09,9.80665e-08,2925,1315,1316,1331,1332,1333,1347,1348,2908,2909,2924,2926,2940,2941,0,0,0,0,0,0,0,0,0,1315,1316,1331,1332,1333,1347,1348,2908,2909,2924,2926,2940,2941,0,0,0,0,0,0,0,0,0,0.109646,0.111014,0.112516,0.100012,0.112346,0.1103,0.109872,0.0480215,0.0509568,0.0541438,0.0537136,0.0492415,0.0484904,0,0,0,0,0,0,0,0,0,0.109631,0.110982,0.112626,0.1,0.112418,0.110247,0.109846,0.0473341,0.0506828,0.0545145,0.0540579,0.0488778,0.0478749,0,0,0,0,0,0,0,0,0,1,1,1,1,1,1,1,1,1,1,1,1,1,0,0,0,0,0,0,0,0,0,1,1,1,1,1,1,1,1,1,1,1,1,1,0,0,0,0,0,0,0,0,0,1,0,0,0,0,0,0,0,0,0,0,0,0,0,0,0,0,0,0,0,0,0,0,13,0,0,0,0,0,0,0,0,0,0,0,0,0,0,0,0,0,0,0,0,0,0,0,0,0,0,0,0,0,0,0,0,0,0,0,0,0,0,0,0,0,0,0,0,0,0,0,0
0.645824,0.232561,0.735917,0,0,0,0,8.31697e-08,3.29035e-09,1.01911e-07,2926,86,87,1316,1317,1332,1333,1348,1679,1680,2909,2910,2925,2941,0,0,0,0,0,0,0,0,0,86,87,1316,1317,1332,1333,1348,1679,1680,2909,2910,2925,2941,0,0,0,0,0,0,0,0,0,0.110045,0.112654,0.109534,0.110864,0.112337,0.10001,0.109754,0.0488924,0.0544316,0.0476892,0.0506356,0.0537136,0.0478654,0,0,0,0,0,0,0,0,0,0.110032,0.112722,0.109528,0.110839,0.112428,0.1,0.109692,0.0483484,0.0547535,0.0470714,0.0503379,0.0540579,0.0474767,0,0,0,0,0,0,0,0,0,1,1,1,1,1,1,1,1,1,1,1,1,1,0,0,0,0,0,0,0,0,0,1,1,1,1,1,1,1,1,1,1,1,1,1,0,0,0,0,0,0,0,0,0,1,0,0,0,0,0,0,0,0,0,0,0,0,0,0,0,0,0,0,0,0,0,0,13,0,0,0,0,0,0,0,0,0,0,0,0,0,0,0,0,0,0,0,0,0,0,0,0,0,0,0,0,0,0,0,0,0,0,0,0,0,0,0,0,0,0,0,0,0,0,0,0
0.118283,-0.134752,1.21542,0,0,0,0,-2.36015e-09,-1.96489e-09,7.40491e-09,2927,55,56,1318,1319,1334,1335,1349,1648,1649,2911,2912,2928,2942,0,0,0,0,0,0,0,0,0,55,56,1318,1319,1334,1335,1349,1648,1649,2911,2912,2928,2942,0,0,0,0,0,0,0,0,0,0.110909,0.110347,0.113657,0.113808,0.0991369,0.113787,0.113153,0.055013,0.0537363,0.0599932,0.0581014,0.0590639,0.0599247,0,0,0,0,0,0,0,0,0,0.111483,0.111467,0.112644,0.113791,0.1,0.113683,0.112428,0.0523433,0.0523504,0.0545767,0.0571565,0.0569309,0.0540682,0,0,0,0,0,0,0,0,0,1,1,1,1,1,1,1,1,1,1,1,1,1,0,0,0,0,0,0,0,0,0,1,1,1,1,1,1,1,1,1,1,1,1,1,0,0,0,0,0,0,0,0,0,1,0,0,0,0,0,0,0,0,0,0,0,0,0,0,0,0,0,0,0,0,0,0,13,0,0,0,0,0,0,0,0,0,0,0,0,0,0,0,0,0,0,0,0,0,0,0,0,0,0,0,0,0,0,0,0,0,0,0,0,0,0,0,0,0,0,0,0,0,0,0,0
0.165582,-0.100781,1.20555,0,0,0,0,-1.90491e-09,-1.62029e-09,1.27053e-08,2928,1319,1320,1334,1335,1336,1349,1350,2912,2913,2927,2929,2942,2943,0,0,0,0,0,0,0,0,0,1319,1320,1334,1335,1336,1349,1350,2912,2913,2927,2929,2942,2943,0,0,0,0,0,0,0,0,0,0.113821,0.113726,0.112584,0.0997408,0.113318,0.11276,0.113648,0.0594133,0.0572564,0.0590639,0.0571398,0.0591094,0.0595715,0,0,0,0,0,0,0,0,0,0.112804,0.113667,0.113687,0.1,0.113121,0.114234,0.112783,0.0549461,0.0568816,0.0569309,0.0556638,0.0581384,0.0549132,0,0,0,0,0,0,0,0,0,1,1,1,1,1,1,1,1,1,1,1,1,1,0,0,0,0,0,0,0,0,0,1,1,1,1,1,1,1,1,1,1,1,1,1,0,0,0,0,0,0,0,0,0,1,0,0,0,0,0,0,0,0,0,0,0,0,0,0,0,0,0,0,0,0,0,0,13,0,0,0,0,0,0,0,0,0,0,0,0,0,0,0,0,0,0,0,0,0,0,0,0,0,0,0,0,0,0,0,0,0,0,0,0,0,0,0,0,0,0,0,0,0,0,0,0
0.209819,-0.0677058,1.19091,0,0,0,0,-9.312e-10,-1.15365e-09,1.82554e-08,2929,1320,1321,1335,1336,1337,1350,1351,2913,2914,2928,2930,2943,2944,0,0,0,0,0,0,0,0,0,1320,1321,1335,1336,1337,1350,1351,2913,2914,2928,2930,2943,2944,0,0,0,0,0,0,0,0,0,0.113551,0.114247,0.11242,0.0998152,0.113791,0.113059,0.11383,0.0587298,0.0582438,0.0571398,0.0578258,0.0580987,0.0596635,0,0,0,0,0,0,0,0,0,0.112842,0.114309,0.113113,0.1,0.113679,0.114099,0.113157,0.0550324,0.0582889,0.0556638,0.0569093,0.0578123,0.0557646,0,0,0,0,0,0,0,0,0,1,1,1,1,1,1,1,1,1,1,1,1,1,0,0,0,0,0,0,0,0,0,1,1,1,1,1,1,1,1,1,1,1,1,1,0,0,0,0,0,0,0,0,0,1,0,0,0,0,0,0,0,0,0,0,0,0,0,0,0,0,0,0,0,0,0,0,13,0,0,0,0,0,0,0,0,0,0,0,0,0,0,0,0,0,0,0,0,0,0,0,0,0,0,0,0,0,0,0,0,0,0,0,0,0,0,0,0,0,0,0,0,0,0,0,0
0.253474,-0.0351258,1.17151,0,0,0,0,7.60597e-10,-6.02241e-10,2.42558e-08,2930,1321,1322,1336,1337,1338,1351,1352,2914,2915,2929,2931,2944,2945,0,0,0,0,0,0,0,0,0,1321,1322,1336,1337,1338,1351,1352,2914,2915,2929,2931,2944,2945,0,0,0,0,0,0,0,0,0,0.113426,0.114612,0.113119,0.0999106,0.11416,0.113644,0.113844,0.0582644,0.058942,0.0578258,0.0583278,0.0586466,0.059331,0,0,0,0,0,0,0,0,0,0.112865,0.114715,0.11367,0.1,0.114108,0.114452,0.113281,0.0550868,0.0591662,0.0569093,0.0578536,0.0585876,0.0560346,0,0,0,0,0,0,0,0,0,1,1,1,1,1,1,1,1,1,1,1,1,1,0,0,0,0,0,0,0,0,0,1,1,1,1,1,1,1,1,1,1,1,1,1,0,0,0,0,0,0,0,0,0,1,0,0,0,0,0,0,0,0,0,0,0,0,0,0,0,0,0,0,0,0,0,0,13,0,0,0,0,0,0,0,0,0,0,0,0,0,0,0,0,0,0,0,0,0,0,0,0,0,0,0,0,0,0,0,0,0,0,0,0,0,0,0,0,0,0,0,0,0,0,0,0
0.296194,-0.0032925,1.14777,0,0,0,0,3.26484e-09,1.29105e-11,3.06216e-08,2931,1322,1323,1337,1338,1339,1352,1353,2915,2916,2930,2932,2945,2946,0,0,0,0,0,0,0,0,0,1322,1323,1337,1338,1339,1352,1353,2915,2916,2930,2932,2945,2946,0,0,0,0,0,0,0,0,0,0.113318,0.114774,0.113658,0.0999588,0.114384,0.11393,0.113753,0.0578764,0.0592781,0.0583278,0.0585879,0.0587365,0.0588445,0,0,0,0,0,0,0,0,0,0.112882,0.114886,0.114104,0.1,0.114381,0.114526,0.113287,0.0551304,0.0595333,0.0578536,0.0584481,0.0587607,0.056045,0,0,0,0,0,0,0,0,0,1,1,1,1,1,1,1,1,1,1,1,1,1,0,0,0,0,0,0,0,0,0,1,1,1,1,1,1,1,1,1,1,1,1,1,0,0,0,0,0,0,0,0,0,1,0,0,0,0,0,0,0,0,0,0,0,0,0,0,0,0,0,0,0,0,0,0,13,0,0,0,0,0,0,0,0,0,0,0,0,0,0,0,0,0,0,0,0,0,0,0,0,0,0,0,0,0,0,0,0,0,0,0,0,0,0,0,0,0,0,0,0,0,0,0,0
0.337598,0.0276633,1.1202,0,0,0,0,6.62142e-09,6.69183e-10,3.72395e-08,2932,1323,1324,1338,1339,1340,1353,1354,2916,2917,2931,2933,2946,2947,0,0,0,0,0,0,0,0,0,1323,1324,1338,1339,1340,1353,1354,2916,2917,2931,2933,2946,2947,0,0,0,0,0,0,0,0,0,0.113236,0.114732,0.113998,0.0999902,0.11448,0.114012,0.113597,0.057551,0.0592086,0.0585879,0.0586202,0.058566,0.0582483,0,0,0,0,0,0,0,0,0,0.1129,0.114828,0.114382,0.1,0.114516,0.11444,0.113206,0.0551758,0.0594125,0.0584481,0.0587386,0.0585836,0.0558645,0,0,0,0,0,0,0,0,0,1,1,1,1,1,1,1,1,1,1,1,1,1,0,0,0,0,0,0,0,0,0,1,1,1,1,1,1,1,1,1,1,1,1,1,0,0,0,0,0,0,0,0,0,1,0,0,0,0,0,0,0,0,0,0,0,0,0,0,0,0,0,0,0,0,0,0,13,0,0,0,0,0,0,0,0,0,0,0,0,0,0,0,0,0,0,0,0,0,0,0,0,0,0,0,0,0,0,0,0,0,0,0,0,0,0,0,0,0,0,0,0,0,0,0,0
0.37737,0.0576462,1.08929,0,0,0,0,1.08321e-08,1.34175e-09,4.39888e-08,2933,1324,1325,1339,1340,1341,1354,1355,2917,2918,2932,2934,2947,2948,0,0,0,0,0,0,0,0,0,1324,1325,1339,1340,1341,1354,1355,2917,2918,2932,2934,2947,2948,0,0,0,0,0,0,0,0,0,0.113155,0.114467,0.114177,0.100008,0.114471,0.113935,0.113359,0.0572305,0.0586762,0.0586202,0.0584715,0.0581663,0.0575073,0,0,0,0,0,0,0,0,0,0.112899,0.114536,0.11452,0.1,0.114536,0.114224,0.113036,0.0551782,0.0587858,0.0587386,0.058781,0.0581197,0.0554827,0,0,0,0,0,0,0,0,0,1,1,1,1,1,1,1,1,1,1,1,1,1,0,0,0,0,0,0,0,0,0,1,1,1,1,1,1,1,1,1,1,1,1,1,0,0,0,0,0,0,0,0,0,1,0,0,0,0,0,0,0,0,0,0,0,0,0,0,0,0,0,0,0,0,0,0,13,0,0,0,0,0,0,0,0,0,0,0,0,0,0,0,0,0,0,0,0,0,0,0,0,0,0,0,0,0,0,0,0,0,0,0,0,0,0,0,0,0,0,0,0,0,0,0,0
0.415298,0.0865611,1.05546,0,0,0,0,1.58782e-08,2.00441e-09,5.07626e-08,2934,1325,1326,1340,1341,1342,1355,1356,2918,2919,2933,2935,2948,2949,0,0,0,0,0,0,0,0,0,1325,1326,1340,1341,1342,1355,1356,2918,2919,2933,2935,2948,2949,0,0,0,0,0,0,0,0,0,0.113014,0.113994,0.114231,0.100017,0.114368,0.113716,0.113036,0.056778,0.0576913,0.0584715,0.0581667,0.0575366,0.0566072,0,0,0,0,0,0,0,0,0,0.112822,0.114033,0.114542,0.1,0.114453,0.113893,0.112778,0.055008,0.0576936,0.058781,0.0586002,0.0573978,0.0548982,0,0,0,0,0,0,0,0,0,1,1,1,1,1,1,1,1,1,1,1,1,1,0,0,0,0,0,0,0,0,0,1,1,1,1,1,1,1,1,1,1,1,1,1,0,0,0,0,0,0,0,0,0,1,0,0,0,0,0,0,0,0,0,0,0,0,0,0,0,0,0,0,0,0,0,0,13,0,0,0,0,0,0,0,0,0,0,0,0,0,0,0,0,0,0,0,0,0,0,0,0,0,0,0,0,0,0,0,0,0,0,0,0,0,0,0,0,0,0,0,0,0,0,0,0
0.451223,0.114336,1.01911,0,0,0,0,2.17276e-08,2.62983e-09,5.74599e-08,2935,1326,1327,1341,1342,1343,1356,1357,2919,2920,2934,2936,2949,2950,0,0,0,0,0,0,0,0,0,1326,1327,1341,1342,1343,1356,1357,2919,2920,2934,2936,2949,2950,0,0,0,0,0,0,0,0,0,0.112754,0.113381,0.114181,0.10002,0.11418,0.113371,0.112629,0.0560605,0.0563709,0.0581667,0.057715,0.0566747,0.0555383,0,0,0,0,0,0,0,0,0,0.112614,0.11339,0.11446,0.1,0.114274,0.113461,0.11243,0.0545384,0.0562753,0.0586002,0.058211,0.0564454,0.0541046,0,0,0,0,0,0,0,0,0,1,1,1,1,1,1,1,1,1,1,1,1,1,0,0,0,0,0,0,0,0,0,1,1,1,1,1,1,1,1,1,1,1,1,1,0,0,0,0,0,0,0,0,0,1,0,0,0,0,0,0,0,0,0,0,0,0,0,0,0,0,0,0,0,0,0,0,13,0,0,0,0,0,0,0,0,0,0,0,0,0,0,0,0,0,0,0,0,0,0,0,0,0,0,0,0,0,0,0,0,0,0,0,0,0,0,0,0,0,0,0,0,0,0,0,0
0.485016,0.140904,0.980595,0,0,0,0,2.8339e-08,3.18561e-09,6.39783e-08,2936,1327,1328,1342,1343,1344,1357,1358,2920,2921,2935,2937,2950,2951,0,0,0,0,0,0,0,0,0,1327,1328,1342,1343,1344,1357,1358,2920,2921,2935,2937,2950,2951,0,0,0,0,0,0,0,0,0,0.112344,0.112709,0.114037,0.10002,0.113908,0.112918,0.112143,0.0549947,0.0548854,0.057715,0.0571085,0.0555955,0.0543023,0,0,0,0,0,0,0,0,0,0.112246,0.112695,0.114282,0.1,0.114003,0.112947,0.111998,0.0536934,0.054708,0.058211,0.05762,0.0552929,0.0531038,0,0,0,0,0,0,0,0,0,1,1,1,1,1,1,1,1,1,1,1,1,1,0,0,0,0,0,0,0,0,0,1,1,1,1,1,1,1,1,1,1,1,1,1,0,0,0,0,0,0,0,0,0,1,0,0,0,0,0,0,0,0,0,0,0,0,0,0,0,0,0,0,0,0,0,0,13,0,0,0,0,0,0,0,0,0,0,0,0,0,0,0,0,0,0,0,0,0,0,0,0,0,0,0,0,0,0,0,0,0,0,0,0,0,0,0,0,0,0,0,0,0,0,0,0
0.51656,0.16621,0.940272,0,0,0,0,3.56584e-08,3.62719e-09,7.0206e-08,2937,1328,1329,1343,1344,1345,1358,1359,2921,2922,2936,2938,2951,2952,0,0,0,0,0,0,0,0,0,1328,1329,1343,1344,1345,1358,1359,2921,2922,2936,2938,2951,2952,0,0,0,0,0,0,0,0,0,0.111796,0.112043,0.113803,0.100018,0.113543,0.112377,0.111591,0.0535967,0.0533878,0.0571085,0.0563143,0.0543211,0.052907,0,0,0,0,0,0,0,0,0,0.11173,0.112015,0.114013,0.1,0.113638,0.112364,0.111489,0.0524903,0.0531385,0.05762,0.0568129,0.05396,0.0519054,0,0,0,0,0,0,0,0,0,1,1,1,1,1,1,1,1,1,1,1,1,1,0,0,0,0,0,0,0,0,0,1,1,1,1,1,1,1,1,1,1,1,1,1,0,0,0,0,0,0,0,0,0,1,0,0,0,0,0,0,0,0,0,0,0,0,0,0,0,0,0,0,0,0,0,0,13,0,0,0,0,0,0,0,0,0,0,0,0,0,0,0,0,0,0,0,0,0,0,0,0,0,0,0,0,0,0,0,0,0,0,0,0,0,0,0,0,0,0,0,0,0,0,0,0
0.545743,0.190184,0.8985,0,0,0,0,4.36055e-08,3.89831e-09,7.60277e-08,2938,1329,1330,1344,1345,1346,1359,1360,2922,2923,2937,2939,2952,2953,0,0,0,0,0,0,0,0,0,1329,1330,1344,1345,1346,1359,1360,2922,2923,2937,2939,2952,2953,0,0,0,0,0,0,0,0,0,0.11115,0.111406,0.113471,0.100015,0.11308,0.111763,0.110979,0.0519508,0.0519178,0.0563143,0.0553035,0.0528688,0.0513608,0,0,0,0,0,0,0,0,0,0.111109,0.111368,0.113648,0.1,0.113172,0.11172,0.110913,0.0510092,0.0516104,0.0568129,0.0557733,0.0524599,0.0505216,0,0,0,0,0,0,0,0,0,1,1,1,1,1,1,1,1,1,1,1,1,1,0,0,0,0,0,0,0,0,0,1,1,1,1,1,1,1,1,1,1,1,1,1,0,0,0,0,0,0,0,0,0,1,0,0,0,0,0,0,0,0,0,0,0,0,0,0,0,0,0,0,0,0,0,0,13,0,0,0,0,0,0,0,0,0,0,0,0,0,0,0,0,0,0,0,0,0,0,0,0,0,0,0,0,0,0,0,0,0,0,0,0,0,0,0,0,0,0,0,0,0,0,0,0
0.572436,0.212813,0.855676,0,0,0,0,5.20647e-08,3.93409e-09,8.1325e-08,2939,1330,1331,1345,1346,1347,1360,1361,2923,2924,2938,2940,2953,2954,0,0,0,0,0,0,0,0,0,1330,1331,1345,1346,1347,1360,1361,2923,2924,2938,2940,2953,2954,0,0,0,0,0,0,0,0,0,0.110451,0.110804,0.113035,0.100012,0.112512,0.111054,0.110309,0.0501478,0.0504866,0.0553035,0.0540423,0.0511675,0.0496465,0,0,0,0,0,0,0,0,0,0.110428,0.11076,0.113182,0.1,0.112599,0.110993,0.110272,0.0493421,0.0501412,0.0557733,0.0544722,0.0507209,0.0489424,0,0,0,0,0,0,0,0,0,1,1,1,1,1,1,1,1,1,1,1,1,1,0,0,0,0,0,0,0,0,0,1,1,1,1,1,1,1,1,1,1,1,1,1,0,0,0,0,0,0,0,0,0,1,0,0,0,0,0,0,0,0,0,0,0,0,0,0,0,0,0,0,0,0,0,0,13,0,0,0,0,0,0,0,0,0,0,0,0,0,0,0,0,0,0,0,0,0,0,0,0,0,0,0,0,0,0,0,0,0,0,0,0,0,0,0,0,0,0,0,0,0,0,0,0
0.596447,0.234247,0.812264,0,0,0,0,6.08638e-08,3.65639e-09,8.59576e-08,2940,1331,1332,1346,1347,1348,1361,1362,2924,2925,2939,2941,2954,2955,0,0,0,0,0,0,0,0,0,1331,1332,1346,1347,1348,1361,1362,2924,2925,2939,2941,2954,2955,0,0,0,0,0,0,0,0,0,0.109757,0.110292,0.112489,0.100011,0.112917,0.110164,0.11034,0.0483209,0.0492415,0.0540423,0.0549898,0.0489701,0.0496822,0,0,0,0,0,0,0,0,0,0.109744,0.110249,0.112609,0.1,0.113,0.110095,0.110323,0.0476223,0.0488778,0.0544722,0.0553847,0.0485019,0.0490737,0,0,0,0,0,0,0,0,0,1,1,1,1,1,1,1,1,1,1,1,1,1,0,0,0,0,0,0,0,0,0,1,1,1,1,1,1,1,1,1,1,1,1,1,0,0,0,0,0,0,0,0,0,1,0,0,0,0,0,0,0,0,0,0,0,0,0,0,0,0,0,0,0,0,0,0,13,0,0,0,0,0,0,0,0,0,0,0,0,0,0,0,0,0,0,0,0,0,0,0,0,0,0,0,0,0,0,0,0,0,0,0,0,0,0,0,0,0,0,0,0,0,0,0,0
0.618133,0.256393,0.766842,0,0,0,0,7.00711e-08,2.85003e-09,8.97942e-08,2941,85,86,1332,1333,1347,1348,1362,1678,1679,2925,2926,2940,2955,0,0,0,0,0,0,0,0,0,85,86,1332,1333,1347,1348,1362,1678,1679,2925,2926,2940,2955,0,0,0,0,0,0,0,0,0,0.110375,0.113045,0.109842,0.109732,0.112908,0.10001,0.109484,0.0497294,0.0552859,0.0484904,0.0478654,0.0549898,0.0472229,0,0,0,0,0,0,0,0,0,0.110368,0.113117,0.109842,0.109694,0.113011,0.1,0.109411,0.0491881,0.0556481,0.0478749,0.0474767,0.0553847,0.0467544,0,0,0,0,0,0,0,0,0,1,1,1,1,1,1,1,1,1,1,1,1,1,0,0,0,0,0,0,0,0,0,1,1,1,1,1,1,1,1,1,1,1,1,1,0,0,0,0,0,0,0,0,0,1,0,0,0,0,0,0,0,0,0,0,0,0,0,0,0,0,0,0,0,0,0,0,13,0,0,0,0,0,0,0,0,0,0,0,0,0,0,0,0,0,0,0,0,0,0,0,0,0,0,0,0,0,0,0,0,0,0,0,0,0,0,0,0,0,0,0,0,0,0,0,0
0.116346,-0.0759587,1.22684,0,0,0,0,-2.34641e-09,-1.17511e-09,9.78627e-09,2942,56,57,1334,1335,1349,1350,1363,1649,1650,2927,2928,2943,2956,0,0,0,0,0,0,0,0,0,56,57,1334,1335,1349,1350,1363,1649,1650,2927,2928,2943,2956,0,0,0,0,0,0,0,0,0,0.111055,0.110391,0.113453,0.114206,0.0991214,0.113978,0.113602,0.0554591,0.0538583,0.0599247,0.0591094,0.0593334,0.060968,0,0,0,0,0,0,0,0,0,0.111747,0.111469,0.112422,0.11424,0.1,0.113912,0.11276,0.0529953,0.0523976,0.0540682,0.0581384,0.0574279,0.054844,0,0,0,0,0,0,0,0,0,1,1,1,1,1,1,1,1,1,1,1,1,1,0,0,0,0,0,0,0,0,0,1,1,1,1,1,1,1,1,1,1,1,1,1,0,0,0,0,0,0,0,0,0,1,0,0,0,0,0,0,0,0,0,0,0,0,0,0,0,0,0,0,0,0,0,0,13,0,0,0,0,0,0,0,0,0,0,0,0,0,0,0,0,0,0,0,0,0,0,0,0,0,0,0,0,0,0,0,0,0,0,0,0,0,0,0,0,0,0,0,0,0,0,0,0
0.163085,-0.041831,1.21376,0,0,0,0,-1.92435e-09,-6.00337e-10,1.40902e-08,2943,1335,1336,1349,1350,1351,1363,1364,2928,2929,2942,2944,2956,2957,0,0,0,0,0,0,0,0,0,1335,1336,1349,1350,1351,1363,1364,2928,2929,2942,2944,2956,2957,0,0,0,0,0,0,0,0,0,0.113807,0.11406,0.112749,0.0998208,0.113961,0.112605,0.114571,0.0595715,0.0580987,0.0593334,0.0583491,0.0587357,0.0614432,0,0,0,0,0,0,0,0,0,0.11279,0.114091,0.113909,0.1,0.113833,0.114102,0.113556,0.0549132,0.0578123,0.0574279,0.0572469,0.0578251,0.056651,0,0,0,0,0,0,0,0,0,1,1,1,1,1,1,1,1,1,1,1,1,1,0,0,0,0,0,0,0,0,0,1,1,1,1,1,1,1,1,1,1,1,1,1,0,0,0,0,0,0,0,0,0,1,0,0,0,0,0,0,0,0,0,0,0,0,0,0,0,0,0,0,0,0,0,0,13,0,0,0,0,0,0,0,0,0,0,0,0,0,0,0,0,0,0,0,0,0,0,0,0,0,0,0,0,0,0,0,0,0,0,0,0,0,0,0,0,0,0,0,0,0,0,0,0
0.207319,-0.0082937,1.19578,0,0,0,0,-9.96565e-10,7.01793e-12,1.86985e-08,2944,1336,1337,1350,1351,1352,1364,1365,2929,2930,2943,2945,2957,2958,0,0,0,0,0,0,0,0,0,1336,1337,1350,1351,1352,1364,1365,2929,2930,2943,2945,2957,2958,0,0,0,0,0,0,0,0,0,0.113881,0.114339,0.113052,0.0998293,0.114325,0.113159,0.11436,0.0596635,0.0586466,0.0583491,0.0588246,0.0583246,0.0607326,0,0,0,0,0,0,0,0,0,0.113166,0.114447,0.113823,0.1,0.114287,0.11409,0.113623,0.0557646,0.0585876,0.0572469,0.058242,0.057817,0.0567897,0,0,0,0,0,0,0,0,0,1,1,1,1,1,1,1,1,1,1,1,1,1,0,0,0,0,0,0,0,0,0,1,1,1,1,1,1,1,1,1,1,1,1,1,0,0,0,0,0,0,0,0,0,1,0,0,0,0,0,0,0,0,0,0,0,0,0,0,0,0,0,0,0,0,0,0,13,0,0,0,0,0,0,0,0,0,0,0,0,0,0,0,0,0,0,0,0,0,0,0,0,0,0,0,0,0,0,0,0,0,0,0,0,0,0,0,0,0,0,0,0,0,0,0,0
0.250883,0.0241254,1.17316,0,0,0,0,6.18426e-10,6.19848e-10,2.37391e-08,2945,1337,1338,1351,1352,1353,1365,1366,2930,2931,2944,2946,2958,2959,0,0,0,0,0,0,0,0,0,1337,1338,1351,1352,1353,1365,1366,2930,2931,2944,2946,2958,2959,0,0,0,0,0,0,0,0,0,0.113842,0.114422,0.113643,0.0999124,0.114584,0.113331,0.114185,0.059331,0.0587365,0.0588246,0.0590731,0.0580557,0.0599706,0,0,0,0,0,0,0,0,0,0.113283,0.114526,0.114286,0.1,0.114583,0.114036,0.113579,0.0560346,0.0587607,0.058242,0.0588822,0.0577093,0.0566914,0,0,0,0,0,0,0,0,0,1,1,1,1,1,1,1,1,1,1,1,1,1,0,0,0,0,0,0,0,0,0,1,1,1,1,1,1,1,1,1,1,1,1,1,0,0,0,0,0,0,0,0,0,1,0,0,0,0,0,0,0,0,0,0,0,0,0,0,0,0,0,0,0,0,0,0,13,0,0,0,0,0,0,0,0,0,0,0,0,0,0,0,0,0,0,0,0,0,0,0,0,0,0,0,0,0,0,0,0,0,0,0,0,0,0,0,0,0,0,0,0,0,0,0,0
0.29326,0.0554649,1.14649,0,0,0,0,2.9979e-09,1.21978e-09,2.91278e-08,2946,1338,1339,1352,1353,1354,1366,1367,2931,2932,2945,2947,2959,2960,0,0,0,0,0,0,0,0,0,1338,1339,1352,1353,1354,1366,1367,2931,2932,2945,2947,2959,2960,0,0,0,0,0,0,0,0,0,0.113708,0.114353,0.114057,0.0999524,0.114712,0.113428,0.113946,0.0588445,0.058566,0.0590731,0.0591304,0.0577519,0.0591539,0,0,0,0,0,0,0,0,0,0.113285,0.114443,0.114587,0.1,0.114748,0.113934,0.113447,0.056045,0.0585836,0.0588822,0.0592363,0.0574901,0.0563991,0,0,0,0,0,0,0,0,0,1,1,1,1,1,1,1,1,1,1,1,1,1,0,0,0,0,0,0,0,0,0,1,1,1,1,1,1,1,1,1,1,1,1,1,0,0,0,0,0,0,0,0,0,1,0,0,0,0,0,0,0,0,0,0,0,0,0,0,0,0,0,0,0,0,0,0,13,0,0,0,0,0,0,0,0,0,0,0,0,0,0,0,0,0,0,0,0,0,0,0,0,0,0,0,0,0,0,0,0,0,0,0,0,0,0,0,0,0,0,0,0,0,0,0,0
0.334147,0.0856779,1.11629,0,0,0,0,6.17924e-09,1.78991e-09,3.47694e-08,2947,1339,1340,1353,1354,1355,1367,1368,2932,2933,2946,2948,2960,2961,0,0,0,0,0,0,0,0,0,1339,1340,1353,1354,1355,1367,1368,2932,2933,2946,2948,2960,2961,0,0,0,0,0,0,0,0,0,0.11352,0.114166,0.114298,0.0999787,0.114732,0.113421,0.113642,0.0582483,0.0581663,0.0591304,0.0590196,0.0573865,0.058231,0,0,0,0,0,0,0,0,0,0.113202,0.114229,0.114755,0.1,0.1148,0.113767,0.11323,0.0558645,0.0581197,0.0592363,0.059347,0.0571232,0.0559159,0,0,0,0,0,0,0,0,0,1,1,1,1,1,1,1,1,1,1,1,1,1,0,0,0,0,0,0,0,0,0,1,1,1,1,1,1,1,1,1,1,1,1,1,0,0,0,0,0,0,0,0,0,1,0,0,0,0,0,0,0,0,0,0,0,0,0,0,0,0,0,0,0,0,0,0,13,0,0,0,0,0,0,0,0,0,0,0,0,0,0,0,0,0,0,0,0,0,0,0,0,0,0,0,0,0,0,0,0,0,0,0,0,0,0,0,0,0,0,0,0,0,0,0,0
0.373343,0.11467,1.08303,0,0,0,0,1.01729e-08,2.31296e-09,4.05687e-08,2948,1340,1341,1354,1355,1356,1368,1369,2933,2934,2947,2949,2961,2962,0,0,0,0,0,0,0,0,0,1340,1341,1354,1355,1356,1368,1369,2933,2934,2947,2949,2961,2962,0,0,0,0,0,0,0,0,0,0.113263,0.113869,0.114407,0.0999933,0.114655,0.11332,0.113266,0.0575073,0.0575366,0.0590196,0.0587536,0.0569212,0.0571869,0,0,0,0,0,0,0,0,0,0.113031,0.113898,0.114808,0.1,0.114743,0.113529,0.112939,0.0554827,0.0573978,0.059347,0.0592259,0.0565978,0.0552612,0,0,0,0,0,0,0,0,0,1,1,1,1,1,1,1,1,1,1,1,1,1,0,0,0,0,0,0,0,0,0,1,1,1,1,1,1,1,1,1,1,1,1,1,0,0,0,0,0,0,0,0,0,1,0,0,0,0,0,0,0,0,0,0,0,0,0,0,0,0,0,0,0,0,0,0,13,0,0,0,0,0,0,0,0,0,0,0,0,0,0,0,0,0,0,0,0,0,0,0,0,0,0,0,0,0,0,0,0,0,0,0,0,0,0,0,0,0,0,0,0,0,0,0,0
0.410692,0.142359,1.04711,0,0,0,0,1.49678e-08,2.76934e-09,4.64327e-08,2949,1341,1342,1355,1356,1357,1369,1370,2934,2935,2948,2950,2962,2963,0,0,0,0,0,0,0,0,0,1341,1342,1355,1356,1357,1369,1370,2934,2935,2948,2950,2962,2963,0,0,0,0,0,0,0,0,0,0.112934,0.113468,0.114402,0.100001,0.114486,0.113119,0.112827,0.0566072,0.0566747,0.0587536,0.0583361,0.0563111,0.0560291,0,0,0,0,0,0,0,0,0,0.112772,0.113467,0.114753,0.1,0.114584,0.113221,0.11258,0.0548982,0.0564454,0.0592259,0.0588827,0.055912,0.054446,0,0,0,0,0,0,0,0,0,1,1,1,1,1,1,1,1,1,1,1,1,1,0,0,0,0,0,0,0,0,0,1,1,1,1,1,1,1,1,1,1,1,1,1,0,0,0,0,0,0,0,0,0,1,0,0,0,0,0,0,0,0,0,0,0,0,0,0,0,0,0,0,0,0,0,0,13,0,0,0,0,0,0,0,0,0,0,0,0,0,0,0,0,0,0,0,0,0,0,0,0,0,0,0,0,0,0,0,0,0,0,0,0,0,0,0,0,0,0,0,0,0,0,0,0
0.44606,0.168685,1.00891,0,0,0,0,2.05381e-08,3.13454e-09,5.22678e-08,2950,1342,1343,1356,1357,1358,1370,1371,2935,2936,2949,2951,2963,2964,0,0,0,0,0,0,0,0,0,1342,1343,1356,1357,1358,1370,1371,2935,2936,2949,2951,2963,2964,0,0,0,0,0,0,0,0,0,0.112531,0.112978,0.114295,0.100005,0.114227,0.11282,0.112341,0.0555383,0.0555955,0.0583361,0.057758,0.0555255,0.0547807,0,0,0,0,0,0,0,0,0,0.112424,0.112952,0.114595,0.1,0.114328,0.112847,0.112162,0.0541046,0.0552929,0.0588827,0.0583273,0.0550693,0.0534835,0,0,0,0,0,0,0,0,0,1,1,1,1,1,1,1,1,1,1,1,1,1,0,0,0,0,0,0,0,0,0,1,1,1,1,1,1,1,1,1,1,1,1,1,0,0,0,0,0,0,0,0,0,1,0,0,0,0,0,0,0,0,0,0,0,0,0,0,0,0,0,0,0,0,0,0,13,0,0,0,0,0,0,0,0,0,0,0,0,0,0,0,0,0,0,0,0,0,0,0,0,0,0,0,0,0,0,0,0,0,0,0,0,0,0,0,0,0,0,0,0,0,0,0,0
0.479314,0.1936,0.968791,0,0,0,0,2.68454e-08,3.3757e-09,5.79751e-08,2951,1343,1344,1357,1358,1359,1371,1372,2936,2937,2950,2952,2964,2965,0,0,0,0,0,0,0,0,0,1343,1344,1357,1358,1359,1371,1372,2936,2937,2950,2952,2964,2965,0,0,0,0,0,0,0,0,0,0.112057,0.112409,0.114088,0.100007,0.113884,0.112434,0.111819,0.0543023,0.0543211,0.057758,0.0570156,0.0545691,0.0534585,0,0,0,0,0,0,0,0,0,0.111992,0.112368,0.114339,0.1,0.113983,0.112412,0.111696,0.0531038,0.05396,0.0583273,0.0575746,0.054074,0.0523931,0,0,0,0,0,0,0,0,0,1,1,1,1,1,1,1,1,1,1,1,1,1,0,0,0,0,0,0,0,0,0,1,1,1,1,1,1,1,1,1,1,1,1,1,0,0,0,0,0,0,0,0,0,1,0,0,0,0,0,0,0,0,0,0,0,0,0,0,0,0,0,0,0,0,0,0,13,0,0,0,0,0,0,0,0,0,0,0,0,0,0,0,0,0,0,0,0,0,0,0,0,0,0,0,0,0,0,0,0,0,0,0,0,0,0,0,0,0,0,0,0,0,0,0,0
0.510333,0.217073,0.927105,0,0,0,0,3.38358e-08,3.4489e-09,6.3451e-08,2952,1344,1345,1358,1359,1360,1372,1373,2937,2938,2951,2953,2965,2966,0,0,0,0,0,0,0,0,0,1344,1345,1358,1359,1360,1372,1373,2937,2938,2951,2953,2965,2966,0,0,0,0,0,0,0,0,0,0.111519,0.111774,0.113788,0.100007,0.113461,0.111968,0.111277,0.052907,0.0528688,0.0570156,0.0561045,0.0534416,0.0520855,0,0,0,0,0,0,0,0,0,0.111483,0.111725,0.113995,0.1,0.113558,0.111914,0.111197,0.0519054,0.0524599,0.0575746,0.0566335,0.052919,0.051206,0,0,0,0,0,0,0,0,0,1,1,1,1,1,1,1,1,1,1,1,1,1,0,0,0,0,0,0,0,0,0,1,1,1,1,1,1,1,1,1,1,1,1,1,0,0,0,0,0,0,0,0,0,1,0,0,0,0,0,0,0,0,0,0,0,0,0,0,0,0,0,0,0,0,0,0,13,0,0,0,0,0,0,0,0,0,0,0,0,0,0,0,0,0,0,0,0,0,0,0,0,0,0,0,0,0,0,0,0,0,0,0,0,0,0,0,0,0,0,0,0,0,0,0,0
0.539027,0.239054,0.884196,0,0,0,0,4.14419e-08,3.30157e-09,6.8599e-08,2953,1345,1346,1359,1360,1361,1373,1374,2938,2939,2952,2954,2966,2967,0,0,0,0,0,0,0,0,0,1345,1346,1359,1360,1361,1373,1374,2938,2939,2952,2954,2966,2967,0,0,0,0,0,0,0,0,0,0.110925,0.111051,0.113401,0.100007,0.112967,0.11143,0.110743,0.0513608,0.0511675,0.0561045,0.0550346,0.0521404,0.0507242,0,0,0,0,0,0,0,0,0,0.110908,0.110997,0.113569,0.1,0.113061,0.111355,0.110698,0.0505216,0.0507209,0.0566335,0.055522,0.0515961,0.0499948,0,0,0,0,0,0,0,0,0,1,1,1,1,1,1,1,1,1,1,1,1,1,0,0,0,0,0,0,0,0,0,1,1,1,1,1,1,1,1,1,1,1,1,1,0,0,0,0,0,0,0,0,0,1,0,0,0,0,0,0,0,0,0,0,0,0,0,0,0,0,0,0,0,0,0,0,13,0,0,0,0,0,0,0,0,0,0,0,0,0,0,0,0,0,0,0,0,0,0,0,0,0,0,0,0,0,0,0,0,0,0,0,0,0,0,0,0,0,0,0,0,0,0,0,0
0.565332,0.259513,0.840398,0,0,0,0,4.95827e-08,2.87783e-09,7.33317e-08,2954,1346,1347,1360,1361,1362,1374,1375,2939,2940,2953,2955,2967,2968,0,0,0,0,0,0,0,0,0,1346,1347,1360,1361,1362,1374,1375,2939,2940,2953,2955,2967,2968,0,0,0,0,0,0,0,0,0,0.110272,0.110153,0.112939,0.100007,0.112958,0.110788,0.110328,0.0496465,0.0489701,0.0550346,0.0550465,0.0505789,0.049663,0,0,0,0,0,0,0,0,0,0.110267,0.110098,0.113072,0.1,0.113047,0.110702,0.110314,0.0489424,0.0485019,0.055522,0.055489,0.0500141,0.0490477,0,0,0,0,0,0,0,0,0,1,1,1,1,1,1,1,1,1,1,1,1,1,0,0,0,0,0,0,0,0,0,1,1,1,1,1,1,1,1,1,1,1,1,1,0,0,0,0,0,0,0,0,0,1,0,0,0,0,0,0,0,0,0,0,0,0,0,0,0,0,0,0,0,0,0,0,13,0,0,0,0,0,0,0,0,0,0,0,0,0,0,0,0,0,0,0,0,0,0,0,0,0,0,0,0,0,0,0,0,0,0,0,0,0,0,0,0,0,0,0,0,0,0,0,0
0.588925,0.280303,0.795218,0,0,0,0,5.80574e-08,1.97441e-09,7.73001e-08,2955,84,85,1347,1348,1361,1362,1375,1677,1678,2940,2941,2954,2968,0,0,0,0,0,0,0,0,0,84,85,1347,1348,1361,1362,1375,1677,1678,2940,2941,2954,2968,0,0,0,0,0,0,0,0,0,0.110617,0.113284,0.110316,0.109465,0.11295,0.100008,0.109664,0.0503474,0.0557954,0.0496822,0.0472229,0.0550465,0.047746,0,0,0,0,0,0,0,0,0,0.11062,0.113362,0.110319,0.109413,0.113058,0.1,0.109582,0.0498082,0.0561966,0.0490737,0.0467544,0.055489,0.0472004,0,0,0,0,0,0,0,0,0,1,1,1,1,1,1,1,1,1,1,1,1,1,0,0,0,0,0,0,0,0,0,1,1,1,1,1,1,1,1,1,1,1,1,1,0,0,0,0,0,0,0,0,0,1,0,0,0,0,0,0,0,0,0,0,0,0,0,0,0,0,0,0,0,0,0,0,13,0,0,0,0,0,0,0,0,0,0,0,0,0,0,0,0,0,0,0,0,0,0,0,0,0,0,0,0,0,0,0,0,0,0,0,0,0,0,0,0,0,0,0,0,0,0,0,0
0.11406,-0.0152718,1.23223,0,0,0,0,-2.36027e-09,-1.56111e-11,1.05407e-08,2956,57,58,1349,1350,1363,1364,1376,1650,1651,2942,2943,2957,2969,0,0,0,0,0,0,0,0,0,57,58,1349,1350,1363,1364,1376,1650,1651,2942,2943,2957,2969,0,0,0,0,0,0,0,0,0,0.111331,0.110421,0.113798,0.113951,0.099151,0.114359,0.11514,0.0558511,0.0536736,0.060968,0.0587357,0.0600051,0.0642018,0,0,0,0,0,0,0,0,0,0.112073,0.111419,0.11276,0.114096,0.1,0.114394,0.114167,0.0537632,0.0522901,0.054844,0.0578251,0.0584697,0.0579775,0,0,0,0,0,0,0,0,0,1,1,1,1,1,1,1,1,1,1,1,1,1,0,0,0,0,0,0,0,0,0,1,1,1,1,1,1,1,1,1,1,1,1,1,0,0,0,0,0,0,0,0,0,1,0,0,0,0,0,0,0,0,0,0,0,0,0,0,0,0,0,0,0,0,0,0,13,0,0,0,0,0,0,0,0,0,0,0,0,0,0,0,0,0,0,0,0,0,0,0,0,0,0,0,0,0,0,0,0,0,0,0,0,0,0,0,0,0,0,0,0,0,0,0,0
0.160127,0.0195061,1.21583,0,0,0,0,-1.99749e-09,6.04543e-10,1.38293e-08,2957,1350,1351,1363,1364,1365,1376,1377,2943,2944,2956,2958,2969,2970,0,0,0,0,0,0,0,0,0,1350,1351,1363,1364,1365,1376,1377,2943,2944,2956,2958,2969,2970,0,0,0,0,0,0,0,0,0,0.114592,0.114033,0.113151,0.0998161,0.114549,0.112393,0.114988,0.0614432,0.0583246,0.0600051,0.0594691,0.0583393,0.0622931,0,0,0,0,0,0,0,0,0,0.113562,0.114092,0.114383,0.1,0.114496,0.113738,0.113955,0.056651,0.057817,0.0584697,0.058695,0.0570575,0.0575124,0,0,0,0,0,0,0,0,0,1,1,1,1,1,1,1,1,1,1,1,1,1,0,0,0,0,0,0,0,0,0,1,1,1,1,1,1,1,1,1,1,1,1,1,0,0,0,0,0,0,0,0,0,1,0,0,0,0,0,0,0,0,0,0,0,0,0,0,0,0,0,0,0,0,0,0,13,0,0,0,0,0,0,0,0,0,0,0,0,0,0,0,0,0,0,0,0,0,0,0,0,0,0,0,0,0,0,0,0,0,0,0,0,0,0,0,0,0,0,0,0,0,0,0,0
0.204776,0.0523678,1.19431,0,0,0,0,-1.10657e-09,1.16705e-09,1.75148e-08,2958,1351,1352,1364,1365,1366,1377,1378,2944,2945,2957,2959,2970,2971,0,0,0,0,0,0,0,0,0,1351,1352,1364,1365,1366,1377,1378,2944,2945,2957,2959,2970,2971,0,0,0,0,0,0,0,0,0,0.114314,0.113964,0.113653,0.0998224,0.114676,0.112653,0.114561,0.0607326,0.0580557,0.0594691,0.0594031,0.0573738,0.0610492,0,0,0,0,0,0,0,0,0,0.113619,0.114043,0.114503,0.1,0.114666,0.113478,0.113821,0.0567897,0.0577093,0.058695,0.0590595,0.0564829,0.0572221,0,0,0,0,0,0,0,0,0,1,1,1,1,1,1,1,1,1,1,1,1,1,0,0,0,0,0,0,0,0,0,1,1,1,1,1,1,1,1,1,1,1,1,1,0,0,0,0,0,0,0,0,0,1,0,0,0,0,0,0,0,0,0,0,0,0,0,0,0,0,0,0,0,0,0,0,13,0,0,0,0,0,0,0,0,0,0,0,0,0,0,0,0,0,0,0,0,0,0,0,0,0,0,0,0,0,0,0,0,0,0,0,0,0,0,0,0,0,0,0,0,0,0,0,0
0.248111,0.0838604,1.16863,0,0,0,0,4.13852e-10,1.66085e-09,2.16013e-08,2959,1352,1353,1365,1366,1367,1378,1379,2945,2946,2958,2960,2971,2972,0,0,0,0,0,0,0,0,0,1352,1353,1365,1366,1367,1378,1379,2945,2946,2958,2960,2971,2972,0,0,0,0,0,0,0,0,0,0.114098,0.113875,0.11397,0.0998962,0.114786,0.112727,0.114258,0.0599706,0.0577519,0.0594031,0.0593413,0.0568602,0.0599901,0,0,0,0,0,0,0,0,0,0.113572,0.113942,0.114674,0.1,0.1148,0.113349,0.113639,0.0566914,0.0574901,0.0590595,0.059347,0.0561979,0.0568211,0,0,0,0,0,0,0,0,0,1,1,1,1,1,1,1,1,1,1,1,1,1,0,0,0,0,0,0,0,0,0,1,1,1,1,1,1,1,1,1,1,1,1,1,0,0,0,0,0,0,0,0,0,1,0,0,0,0,0,0,0,0,0,0,0,0,0,0,0,0,0,0,0,0,0,0,13,0,0,0,0,0,0,0,0,0,0,0,0,0,0,0,0,0,0,0,0,0,0,0,0,0,0,0,0,0,0,0,0,0,0,0,0,0,0,0,0,0,0,0,0,0,0,0,0
0.289929,0.114089,1.13933,0,0,0,0,2.64461e-09,2.07706e-09,2.60291e-08,2960,1353,1354,1366,1367,1368,1379,1380,2946,2947,2959,2961,2972,2973,0,0,0,0,0,0,0,0,0,1353,1354,1366,1367,1368,1379,1380,2946,2947,2959,2961,2972,2973,0,0,0,0,0,0,0,0,0,0.113827,0.113726,0.114229,0.0999317,0.114808,0.112782,0.113904,0.0591539,0.0573865,0.0593413,0.0591949,0.0564411,0.058917,0,0,0,0,0,0,0,0,0,0.11344,0.113774,0.11481,0.1,0.11486,0.113214,0.113388,0.0563991,0.0571232,0.059347,0.0594763,0.0558958,0.0562672,0,0,0,0,0,0,0,0,0,1,1,1,1,1,1,1,1,1,1,1,1,1,0,0,0,0,0,0,0,0,0,1,1,1,1,1,1,1,1,1,1,1,1,1,0,0,0,0,0,0,0,0,0,1,0,0,0,0,0,0,0,0,0,0,0,0,0,0,0,0,0,0,0,0,0,0,13,0,0,0,0,0,0,0,0,0,0,0,0,0,0,0,0,0,0,0,0,0,0,0,0,0,0,0,0,0,0,0,0,0,0,0,0,0,0,0,0,0,0,0,0,0,0,0,0
0.330118,0.143002,1.10688,0,0,0,0,5.62744e-09,2.40951e-09,3.07269e-08,2961,1354,1355,1367,1368,1369,1380,1381,2947,2948,2960,2962,2973,2974,0,0,0,0,0,0,0,0,0,1354,1355,1367,1368,1369,1380,1381,2947,2948,2960,2962,2973,2974,0,0,0,0,0,0,0,0,0,0.113504,0.11352,0.114372,0.0999557,0.114748,0.112772,0.113488,0.058231,0.0569212,0.0591949,0.0589467,0.0560539,0.0577523,0,0,0,0,0,0,0,0,0,0.113222,0.113536,0.114871,0.1,0.114832,0.113039,0.113076,0.0559159,0.0565978,0.0594763,0.0594144,0.055502,0.0555678,0,0,0,0,0,0,0,0,0,1,1,1,1,1,1,1,1,1,1,1,1,1,0,0,0,0,0,0,0,0,0,1,1,1,1,1,1,1,1,1,1,1,1,1,0,0,0,0,0,0,0,0,0,1,0,0,0,0,0,0,0,0,0,0,0,0,0,0,0,0,0,0,0,0,0,0,13,0,0,0,0,0,0,0,0,0,0,0,0,0,0,0,0,0,0,0,0,0,0,0,0,0,0,0,0,0,0,0,0,0,0,0,0,0,0,0,0,0,0,0,0,0,0,0,0
0.368585,0.170521,1.0717,0,0,0,0,9.37729e-09,2.64853e-09,3.56163e-08,2962,1355,1356,1368,1369,1370,1381,1382,2948,2949,2961,2963,2974,2975,0,0,0,0,0,0,0,0,0,1355,1356,1368,1369,1370,1381,1382,2948,2949,2961,2963,2974,2975,0,0,0,0,0,0,0,0,0,0.113123,0.113243,0.114414,0.09997,0.114613,0.112685,0.113012,0.0571869,0.0563111,0.0589467,0.0585907,0.0556013,0.0564903,0,0,0,0,0,0,0,0,0,0.112931,0.113228,0.114843,0.1,0.114709,0.112813,0.112706,0.0552612,0.055912,0.0594144,0.0591516,0.0549915,0.0547306,0,0,0,0,0,0,0,0,0,1,1,1,1,1,1,1,1,1,1,1,1,1,0,0,0,0,0,0,0,0,0,1,1,1,1,1,1,1,1,1,1,1,1,1,0,0,0,0,0,0,0,0,0,1,0,0,0,0,0,0,0,0,0,0,0,0,0,0,0,0,0,0,0,0,0,0,13,0,0,0,0,0,0,0,0,0,0,0,0,0,0,0,0,0,0,0,0,0,0,0,0,0,0,0,0,0,0,0,0,0,0,0,0,0,0,0,0,0,0,0,0,0,0,0,0
0.405234,0.196596,1.03415,0,0,0,0,1.38884e-08,2.77866e-09,4.06161e-08,2963,1356,1357,1369,1370,1371,1382,1383,2949,2950,2962,2964,2975,2976,0,0,0,0,0,0,0,0,0,1356,1357,1369,1370,1371,1382,1383,2949,2950,2962,2964,2975,2976,0,0,0,0,0,0,0,0,0,0.112692,0.112892,0.114363,0.0999809,0.114398,0.1125,0.112505,0.0560291,0.0555255,0.0585907,0.0580986,0.0549983,0.0551786,0,0,0,0,0,0,0,0,0,0.112573,0.112854,0.114721,0.1,0.114496,0.112534,0.112286,0.054446,0.0550693,0.0591516,0.0586919,0.0543563,0.0537693,0,0,0,0,0,0,0,0,0,1,1,1,1,1,1,1,1,1,1,1,1,1,0,0,0,0,0,0,0,0,0,1,1,1,1,1,1,1,1,1,1,1,1,1,0,0,0,0,0,0,0,0,0,1,0,0,0,0,0,0,0,0,0,0,0,0,0,0,0,0,0,0,0,0,0,0,13,0,0,0,0,0,0,0,0,0,0,0,0,0,0,0,0,0,0,0,0,0,0,0,0,0,0,0,0,0,0,0,0,0,0,0,0,0,0,0,0,0,0,0,0,0,0,0,0
0.439933,0.221202,0.99458,0,0,0,0,1.91397e-08,2.77597e-09,4.56367e-08,2964,1357,1358,1370,1371,1372,1383,1384,2950,2951,2963,2965,2976,2977,0,0,0,0,0,0,0,0,0,1357,1358,1370,1371,1372,1383,1384,2950,2951,2963,2965,2976,2977,0,0,0,0,0,0,0,0,0,0.112222,0.11247,0.114217,0.0999886,0.114105,0.112229,0.111979,0.0547807,0.0545691,0.0580986,0.0574636,0.0542481,0.0538392,0,0,0,0,0,0,0,0,0,0.112155,0.112418,0.114508,0.1,0.114202,0.112204,0.111829,0.0534835,0.054074,0.0586919,0.058053,0.0535964,0.0527054,0,0,0,0,0,0,0,0,0,1,1,1,1,1,1,1,1,1,1,1,1,1,0,0,0,0,0,0,0,0,0,1,1,1,1,1,1,1,1,1,1,1,1,1,0,0,0,0,0,0,0,0,0,1,0,0,0,0,0,0,0,0,0,0,0,0,0,0,0,0,0,0,0,0,0,0,13,0,0,0,0,0,0,0,0,0,0,0,0,0,0,0,0,0,0,0,0,0,0,0,0,0,0,0,0,0,0,0,0,0,0,0,0,0,0,0,0,0,0,0,0,0,0,0,0
0.472559,0.244321,0.953311,0,0,0,0,2.50994e-08,2.60673e-09,5.05858e-08,2965,1358,1359,1371,1372,1373,1384,1385,2951,2952,2964,2966,2977,2978,0,0,0,0,0,0,0,0,0,1358,1359,1371,1372,1373,1384,1385,2951,2952,2964,2966,2977,2978,0,0,0,0,0,0,0,0,0,0.11172,0.11198,0.11398,0.0999938,0.113754,0.111888,0.11145,0.0534585,0.0534416,0.0574636,0.0567129,0.053367,0.0524975,0,0,0,0,0,0,0,0,0,0.111689,0.11192,0.114214,0.1,0.113848,0.111827,0.111353,0.0523931,0.052919,0.058053,0.0572768,0.0527158,0.0515772,0,0,0,0,0,0,0,0,0,1,1,1,1,1,1,1,1,1,1,1,1,1,0,0,0,0,0,0,0,0,0,1,1,1,1,1,1,1,1,1,1,1,1,1,0,0,0,0,0,0,0,0,0,1,0,0,0,0,0,0,0,0,0,0,0,0,0,0,0,0,0,0,0,0,0,0,13,0,0,0,0,0,0,0,0,0,0,0,0,0,0,0,0,0,0,0,0,0,0,0,0,0,0,0,0,0,0,0,0,0,0,0,0,0,0,0,0,0,0,0,0,0,0,0,0
0.50302,0.265942,0.910637,0,0,0,0,3.17283e-08,2.22639e-09,5.53745e-08,2966,1359,1360,1372,1373,1374,1385,1386,2952,2953,2965,2967,2978,2979,0,0,0,0,0,0,0,0,0,1359,1360,1372,1373,1374,1385,1386,2952,2953,2965,2967,2978,2979,0,0,0,0,0,0,0,0,0,0.111198,0.111423,0.113673,0.0999971,0.113389,0.111488,0.110949,0.0520855,0.0521404,0.0567129,0.0559372,0.0523652,0.0512233,0,0,0,0,0,0,0,0,0,0.111191,0.11136,0.11386,0.1,0.113481,0.111405,0.110892,0.051206,0.0515961,0.0572768,0.0564627,0.0517171,0.0504682,0,0,0,0,0,0,0,0,0,1,1,1,1,1,1,1,1,1,1,1,1,1,0,0,0,0,0,0,0,0,0,1,1,1,1,1,1,1,1,1,1,1,1,1,0,0,0,0,0,0,0,0,0,1,0,0,0,0,0,0,0,0,0,0,0,0,0,0,0,0,0,0,0,0,0,0,13,0,0,0,0,0,0,0,0,0,0,0,0,0,0,0,0,0,0,0,0,0,0,0,0,0,0,0,0,0,0,0,0,0,0,0,0,0,0,0,0,0,0,0,0,0,0,0,0
0.531301,0.28606,0.866769,0,0,0,0,3.89952e-08,1.58137e-09,5.99373e-08,2967,1360,1361,1373,1374,1375,1386,1387,2953,2954,2966,2968,2979,2980,0,0,0,0,0,0,0,0,0,1360,1361,1373,1374,1375,1386,1387,2953,2954,2966,2968,2979,2980,0,0,0,0,0,0,0,0,0,0.110686,0.110769,0.113345,0.0999992,0.113187,0.111053,0.11058,0.0507242,0.0505789,0.0559372,0.0555234,0.0512865,0.0502732,0,0,0,0,0,0,0,0,0,0.110692,0.110706,0.113493,0.1,0.113277,0.110958,0.110555,0.0499948,0.0500141,0.0564627,0.0560059,0.0506409,0.0496439,0,0,0,0,0,0,0,0,0,1,1,1,1,1,1,1,1,1,1,1,1,1,0,0,0,0,0,0,0,0,0,1,1,1,1,1,1,1,1,1,1,1,1,1,0,0,0,0,0,0,0,0,0,1,0,0,0,0,0,0,0,0,0,0,0,0,0,0,0,0,0,0,0,0,0,0,13,0,0,0,0,0,0,0,0,0,0,0,0,0,0,0,0,0,0,0,0,0,0,0,0,0,0,0,0,0,0,0,0,0,0,0,0,0,0,0,0,0,0,0,0,0,0,0,0
0.55756,0.304812,0.821584,0,0,0,0,4.69126e-08,6.13491e-10,6.42509e-08,2968,83,84,1361,1362,1374,1375,1387,1676,1677,2954,2955,2967,2980,0,0,0,0,0,0,0,0,0,83,84,1361,1362,1374,1375,1387,1676,1677,2954,2955,2967,2980,0,0,0,0,0,0,0,0,0,0.110719,0.113447,0.110301,0.10965,0.113174,0.100003,0.11064,0.0506205,0.0561276,0.049663,0.047746,0.0555234,0.0502667,0,0,0,0,0,0,0,0,0,0.11073,0.113528,0.110309,0.109586,0.113289,0.1,0.110545,0.0500771,0.0565652,0.0490477,0.0472004,0.0560059,0.0496324,0,0,0,0,0,0,0,0,0,1,1,1,1,1,1,1,1,1,1,1,1,1,0,0,0,0,0,0,0,0,0,1,1,1,1,1,1,1,1,1,1,1,1,1,0,0,0,0,0,0,0,0,0,1,0,0,0,0,0,0,0,0,0,0,0,0,0,0,0,0,0,0,0,0,0,0,13,0,0,0,0,0,0,0,0,0,0,0,0,0,0,0,0,0,0,0,0,0,0,0,0,0,0,0,0,0,0,0,0,0,0,0,0,0,0,0,0,0,0,0,0,0,0,0,0
0.111957,0.0488769,1.23068,0,0,0,0,-2.39618e-09,1.17272e-09,9.61027e-09,2969,58,59,1363,1364,1376,1377,1388,1651,1652,2956,2957,2970,2981,0,0,0,0,0,0,0,0,0,58,59,1363,1364,1376,1377,1388,1651,1652,2956,2957,2970,2981,0,0,0,0,0,0,0,0,0,0.111951,0.109916,0.11522,0.113579,0.0990533,0.114429,0.115167,0.056813,0.0526968,0.0642018,0.0583393,0.0600348,0.0640794,0,0,0,0,0,0,0,0,0,0.112683,0.110778,0.114164,0.113747,0.1,0.114509,0.114166,0.0550495,0.0507129,0.0579775,0.0570575,0.0587224,0.0579777,0,0,0,0,0,0,0,0,0,1,1,1,1,1,1,1,1,1,1,1,1,1,0,0,0,0,0,0,0,0,0,1,1,1,1,1,1,1,1,1,1,1,1,1,0,0,0,0,0,0,0,0,0,1,0,0,0,0,0,0,0,0,0,0,0,0,0,0,0,0,0,0,0,0,0,0,13,0,0,0,0,0,0,0,0,0,0,0,0,0,0,0,0,0,0,0,0,0,0,0,0,0,0,0,0,0,0,0,0,0,0,0,0,0,0,0,0,0,0,0,0,0,0,0,0
0.15821,0.0815639,1.21077,0,0,0,0,-2.06021e-09,1.65178e-09,1.19814e-08,2970,1364,1365,1376,1377,1378,1388,1389,2957,2958,2969,2971,2981,2982,0,0,0,0,0,0,0,0,0,1364,1365,1376,1377,1378,1388,1389,2957,2958,2969,2971,2981,2982,0,0,0,0,0,0,0,0,0,0.114925,0.113486,0.113228,0.0997635,0.11463,0.111778,0.114988,0.0622931,0.0573738,0.0600348,0.0594832,0.0571892,0.06215,0,0,0,0,0,0,0,0,0,0.113943,0.113488,0.114507,0.1,0.114545,0.113031,0.113978,0.0575124,0.0564829,0.0587224,0.0587997,0.0554656,0.0575667,0,0,0,0,0,0,0,0,0,1,1,1,1,1,1,1,1,1,1,1,1,1,0,0,0,0,0,0,0,0,0,1,1,1,1,1,1,1,1,1,1,1,1,1,0,0,0,0,0,0,0,0,0,1,0,0,0,0,0,0,0,0,0,0,0,0,0,0,0,0,0,0,0,0,0,0,13,0,0,0,0,0,0,0,0,0,0,0,0,0,0,0,0,0,0,0,0,0,0,0,0,0,0,0,0,0,0,0,0,0,0,0,0,0,0,0,0,0,0,0,0,0,0,0,0
0.20248,0.112842,1.18627,0,0,0,0,-1.24407e-09,1.99122e-09,1.47369e-08,2971,1365,1366,1377,1378,1379,1389,1390,2958,2959,2970,2972,2982,2983,0,0,0,0,0,0,0,0,0,1365,1366,1377,1378,1379,1389,1390,2958,2959,2970,2972,2982,2983,0,0,0,0,0,0,0,0,0,0.114439,0.113324,0.113702,0.0997843,0.114689,0.111993,0.114502,0.0610492,0.0568602,0.0594832,0.0592706,0.0560711,0.0607503,0,0,0,0,0,0,0,0,0,0.113811,0.113359,0.114551,0.1,0.114647,0.112779,0.113756,0.0572221,0.0561979,0.0587997,0.0590193,0.054902,0.0570793,0,0,0,0,0,0,0,0,0,1,1,1,1,1,1,1,1,1,1,1,1,1,0,0,0,0,0,0,0,0,0,1,1,1,1,1,1,1,1,1,1,1,1,1,0,0,0,0,0,0,0,0,0,1,0,0,0,0,0,0,0,0,0,0,0,0,0,0,0,0,0,0,0,0,0,0,13,0,0,0,0,0,0,0,0,0,0,0,0,0,0,0,0,0,0,0,0,0,0,0,0,0,0,0,0,0,0,0,0,0,0,0,0,0,0,0,0,0,0,0,0,0,0,0,0
0.245117,0.142837,1.15807,0,0,0,0,1.50572e-10,2.20432e-09,1.789e-08,2972,1366,1367,1378,1379,1380,1390,1391,2959,2960,2971,2973,2983,2984,0,0,0,0,0,0,0,0,0,1366,1367,1378,1379,1380,1390,1391,2959,2960,2971,2973,2983,2984,0,0,0,0,0,0,0,0,0,0.114098,0.113193,0.11395,0.0998633,0.114713,0.112046,0.114131,0.0599901,0.0564411,0.0592706,0.0590469,0.0554478,0.0595371,0,0,0,0,0,0,0,0,0,0.113629,0.113223,0.114656,0.1,0.114721,0.11263,0.113484,0.0568211,0.0558958,0.0590193,0.0591785,0.0545683,0.0564798,0,0,0,0,0,0,0,0,0,1,1,1,1,1,1,1,1,1,1,1,1,1,0,0,0,0,0,0,0,0,0,1,1,1,1,1,1,1,1,1,1,1,1,1,0,0,0,0,0,0,0,0,0,1,0,0,0,0,0,0,0,0,0,0,0,0,0,0,0,0,0,0,0,0,0,0,13,0,0,0,0,0,0,0,0,0,0,0,0,0,0,0,0,0,0,0,0,0,0,0,0,0,0,0,0,0,0,0,0,0,0,0,0,0,0,0,0,0,0,0,0,0,0,0,0
0.286082,0.171497,1.12665,0,0,0,0,2.2052e-09,2.29475e-09,2.13987e-08,2973,1367,1368,1379,1380,1381,1391,1392,2960,2961,2972,2974,2984,2985,0,0,0,0,0,0,0,0,0,1367,1368,1379,1380,1381,1391,1392,2960,2961,2972,2974,2984,2985,0,0,0,0,0,0,0,0,0,0.113721,0.113042,0.114134,0.0998998,0.114664,0.112118,0.113686,0.058917,0.0560539,0.0590469,0.0587896,0.0550458,0.0582737,0,0,0,0,0,0,0,0,0,0.11338,0.113047,0.114731,0.1,0.114728,0.112486,0.113161,0.0562672,0.055502,0.0591785,0.0591919,0.0542408,0.0557582,0,0,0,0,0,0,0,0,0,1,1,1,1,1,1,1,1,1,1,1,1,1,0,0,0,0,0,0,0,0,0,1,1,1,1,1,1,1,1,1,1,1,1,1,0,0,0,0,0,0,0,0,0,1,0,0,0,0,0,0,0,0,0,0,0,0,0,0,0,0,0,0,0,0,0,0,13,0,0,0,0,0,0,0,0,0,0,0,0,0,0,0,0,0,0,0,0,0,0,0,0,0,0,0,0,0,0,0,0,0,0,0,0,0,0,0,0,0,0,0,0,0,0,0,0
0.325399,0.198726,1.09246,0,0,0,0,4.96485e-09,2.26621e-09,2.52084e-08,2974,1368,1369,1380,1381,1382,1392,1393,2961,2962,2973,2975,2985,2986,0,0,0,0,0,0,0,0,0,1368,1369,1380,1381,1382,1392,1393,2961,2962,2973,2975,2985,2986,0,0,0,0,0,0,0,0,0,0.113301,0.11285,0.114224,0.099923,0.114566,0.112137,0.11317,0.0577523,0.0556013,0.0587896,0.058498,0.0547092,0.0568945,0,0,0,0,0,0,0,0,0,0.113068,0.112821,0.114738,0.1,0.114652,0.112313,0.112787,0.0555678,0.0549915,0.0591919,0.0590276,0.0538451,0.0549139,0,0,0,0,0,0,0,0,0,1,1,1,1,1,1,1,1,1,1,1,1,1,0,0,0,0,0,0,0,0,0,1,1,1,1,1,1,1,1,1,1,1,1,1,0,0,0,0,0,0,0,0,0,1,0,0,0,0,0,0,0,0,0,0,0,0,0,0,0,0,0,0,0,0,0,0,13,0,0,0,0,0,0,0,0,0,0,0,0,0,0,0,0,0,0,0,0,0,0,0,0,0,0,0,0,0,0,0,0,0,0,0,0,0,0,0,0,0,0,0,0,0,0,0,0
0.363068,0.224459,1.05584,0,0,0,0,8.44767e-09,2.11434e-09,2.92578e-08,2975,1369,1370,1381,1382,1383,1393,1394,2962,2963,2974,2976,2986,2987,0,0,0,0,0,0,0,0,0,1369,1370,1381,1382,1383,1393,1394,2962,2963,2974,2976,2986,2987,0,0,0,0,0,0,0,0,0,0.112839,0.112594,0.114244,0.0999436,0.114402,0.112046,0.112635,0.0564903,0.0549983,0.058498,0.0581021,0.0542197,0.0555025,0,0,0,0,0,0,0,0,0,0.112698,0.112541,0.114662,0.1,0.114491,0.112101,0.112368,0.0547306,0.0543563,0.0590276,0.0586797,0.0533547,0.0539565,0,0,0,0,0,0,0,0,0,1,1,1,1,1,1,1,1,1,1,1,1,1,0,0,0,0,0,0,0,0,0,1,1,1,1,1,1,1,1,1,1,1,1,1,0,0,0,0,0,0,0,0,0,1,0,0,0,0,0,0,0,0,0,0,0,0,0,0,0,0,0,0,0,0,0,0,13,0,0,0,0,0,0,0,0,0,0,0,0,0,0,0,0,0,0,0,0,0,0,0,0,0,0,0,0,0,0,0,0,0,0,0,0,0,0,0,0,0,0,0,0,0,0,0,0
0.398965,0.248704,1.01712,0,0,0,0,1.26492e-08,1.82389e-09,3.34648e-08,2976,1370,1371,1382,1383,1384,1394,1395,2963,2964,2975,2977,2987,2988,0,0,0,0,0,0,0,0,0,1370,1371,1382,1383,1384,1394,1395,2963,2964,2975,2977,2987,2988,0,0,0,0,0,0,0,0,0,0.112352,0.112275,0.114171,0.0999602,0.114165,0.111862,0.112096,0.0551786,0.0542481,0.0581021,0.0575782,0.0535942,0.0541203,0,0,0,0,0,0,0,0,0,0.112279,0.112211,0.114502,0.1,0.114253,0.111847,0.111915,0.0537693,0.0535964,0.0586797,0.0581626,0.0527611,0.0529054,0,0,0,0,0,0,0,0,0,1,1,1,1,1,1,1,1,1,1,1,1,1,0,0,0,0,0,0,0,0,0,1,1,1,1,1,1,1,1,1,1,1,1,1,0,0,0,0,0,0,0,0,0,1,0,0,0,0,0,0,0,0,0,0,0,0,0,0,0,0,0,0,0,0,0,0,13,0,0,0,0,0,0,0,0,0,0,0,0,0,0,0,0,0,0,0,0,0,0,0,0,0,0,0,0,0,0,0,0,0,0,0,0,0,0,0,0,0,0,0,0,0,0,0,0
0.432952,0.271467,0.976599,0,0,0,0,1.75547e-08,1.36915e-09,3.77419e-08,2977,1371,1372,1383,1384,1385,1395,1396,2964,2965,2976,2978,2988,2989,0,0,0,0,0,0,0,0,0,1371,1372,1383,1384,1385,1395,1396,2964,2965,2976,2978,2988,2989,0,0,0,0,0,0,0,0,0,0.111851,0.111902,0.114005,0.0999726,0.113872,0.11161,0.111562,0.0538392,0.053367,0.0575782,0.0569496,0.0528602,0.0527626,0,0,0,0,0,0,0,0,0,0.111823,0.111833,0.114264,0.1,0.113958,0.111552,0.111445,0.0527054,0.0527158,0.0581626,0.0575177,0.0520656,0.0517959,0,0,0,0,0,0,0,0,0,1,1,1,1,1,1,1,1,1,1,1,1,1,0,0,0,0,0,0,0,0,0,1,1,1,1,1,1,1,1,1,1,1,1,1,0,0,0,0,0,0,0,0,0,1,0,0,0,0,0,0,0,0,0,0,0,0,0,0,0,0,0,0,0,0,0,0,13,0,0,0,0,0,0,0,0,0,0,0,0,0,0,0,0,0,0,0,0,0,0,0,0,0,0,0,0,0,0,0,0,0,0,0,0,0,0,0,0,0,0,0,0,0,0,0,0
0.46492,0.292752,0.934549,0,0,0,0,2.31435e-08,7.14297e-10,4.2005e-08,2978,1372,1373,1384,1385,1386,1396,1397,2965,2966,2977,2979,2989,2990,0,0,0,0,0,0,0,0,0,1372,1373,1384,1385,1386,1396,1397,2965,2966,2977,2979,2989,2990,0,0,0,0,0,0,0,0,0,0.111347,0.111481,0.113767,0.0999816,0.113569,0.111306,0.111059,0.0524975,0.0523652,0.0569496,0.0563084,0.0520399,0.0514817,0,0,0,0,0,0,0,0,0,0.111347,0.111411,0.113969,0.1,0.113654,0.111222,0.110989,0.0515772,0.0517171,0.0575177,0.0568465,0.0512796,0.0507013,0,0,0,0,0,0,0,0,0,1,1,1,1,1,1,1,1,1,1,1,1,1,0,0,0,0,0,0,0,0,0,1,1,1,1,1,1,1,1,1,1,1,1,1,0,0,0,0,0,0,0,0,0,1,0,0,0,0,0,0,0,0,0,0,0,0,0,0,0,0,0,0,0,0,0,0,13,0,0,0,0,0,0,0,0,0,0,0,0,0,0,0,0,0,0,0,0,0,0,0,0,0,0,0,0,0,0,0,0,0,0,0,0,0,0,0,0,0,0,0,0,0,0,0,0
0.494817,0.312601,0.891157,0,0,0,0,2.93964e-08,-1.89595e-10,4.61786e-08,2979,1373,1374,1385,1386,1387,1397,1398,2966,2967,2978,2980,2990,2991,0,0,0,0,0,0,0,0,0,1373,1374,1385,1386,1387,1397,1398,2966,2967,2978,2980,2990,2991,0,0,0,0,0,0,0,0,0,0.11087,0.111032,0.113507,0.0999881,0.113385,0.110968,0.110654,0.0512233,0.0512865,0.0563084,0.0559277,0.0511603,0.0504455,0,0,0,0,0,0,0,0,0,0.110887,0.110963,0.113665,0.1,0.113466,0.11087,0.110621,0.0504682,0.0506409,0.0568465,0.0564291,0.0504283,0.049803,0,0,0,0,0,0,0,0,0,1,1,1,1,1,1,1,1,1,1,1,1,1,0,0,0,0,0,0,0,0,0,1,1,1,1,1,1,1,1,1,1,1,1,1,0,0,0,0,0,0,0,0,0,1,0,0,0,0,0,0,0,0,0,0,0,0,0,0,0,0,0,0,0,0,0,0,13,0,0,0,0,0,0,0,0,0,0,0,0,0,0,0,0,0,0,0,0,0,0,0,0,0,0,0,0,0,0,0,0,0,0,0,0,0,0,0,0,0,0,0,0,0,0,0,0
0.522686,0.331195,0.846374,0,0,0,0,3.63126e-08,-1.41293e-09,5.02017e-08,2980,82,83,1374,1375,1386,1387,1398,1675,1676,2967,2968,2979,2991,0,0,0,0,0,0,0,0,0,82,83,1374,1375,1386,1387,1398,1675,1676,2967,2968,2979,2991,0,0,0,0,0,0,0,0,0,0.110501,0.113657,0.110526,0.110622,0.113354,0.0999935,0.110639,0.0500637,0.0565521,0.0502732,0.0502667,0.0559277,0.0503219,0,0,0,0,0,0,0,0,0,0.110502,0.113731,0.11055,0.11055,0.113478,0.1,0.110539,0.0495124,0.0570166,0.0496439,0.0496324,0.0564291,0.049618,0,0,0,0,0,0,0,0,0,1,1,1,1,1,1,1,1,1,1,1,1,1,0,0,0,0,0,0,0,0,0,1,1,1,1,1,1,1,1,1,1,1,1,1,0,0,0,0,0,0,0,0,0,1,0,0,0,0,0,0,0,0,0,0,0,0,0,0,0,0,0,0,0,0,0,0,13,0,0,0,0,0,0,0,0,0,0,0,0,0,0,0,0,0,0,0,0,0,0,0,0,0,0,0,0,0,0,0,0,0,0,0,0,0,0,0,0,0,0,0,0,0,0,0,0
0.111243,0.112317,1.22168,0,0,0,0,-2.40957e-09,2.02671e-09,7.06609e-09,2981,59,60,1376,1377,1388,1389,1399,1652,1653,2969,2970,2982,2992,0,0,0,0,0,0,0,0,0,59,60,1376,1377,1388,1389,1399,1652,1653,2969,2970,2982,2992,0,0,0,0,0,0,0,0,0,0.111316,0.109559,0.115114,0.112984,0.0990775,0.11415,0.114816,0.0554917,0.0518161,0.0640794,0.0571892,0.0591063,0.0628328,0,0,0,0,0,0,0,0,0,0.112304,0.110211,0.114173,0.113028,0.1,0.114149,0.11385,0.0541346,0.0492653,0.0579777,0.0554656,0.0579407,0.0572837,0,0,0,0,0,0,0,0,0,1,1,1,1,1,1,1,1,1,1,1,1,1,0,0,0,0,0,0,0,0,0,1,1,1,1,1,1,1,1,1,1,1,1,1,0,0,0,0,0,0,0,0,0,1,0,0,0,0,0,0,0,0,0,0,0,0,0,0,0,0,0,0,0,0,0,0,13,0,0,0,0,0,0,0,0,0,0,0,0,0,0,0,0,0,0,0,0,0,0,0,0,0,0,0,0,0,0,0,0,0,0,0,0,0,0,0,0,0,0,0,0,0,0,0,0
0.156688,0.142577,1.19903,0,0,0,0,-2.13237e-09,2.201e-09,8.55337e-09,2982,1377,1378,1388,1389,1390,1399,1400,2970,2971,2981,2983,2992,2993,0,0,0,0,0,0,0,0,0,1377,1378,1388,1389,1390,1399,1400,2970,2971,2981,2983,2992,2993,0,0,0,0,0,0,0,0,0,0.114859,0.112817,0.112831,0.0997307,0.114419,0.111208,0.114695,0.06215,0.0560711,0.0591063,0.058822,0.0558401,0.0612226,0,0,0,0,0,0,0,0,0,0.113976,0.112782,0.114142,0.1,0.114266,0.112329,0.11371,0.0575667,0.054902,0.0579407,0.0581975,0.0538591,0.0569773,0,0,0,0,0,0,0,0,0,1,1,1,1,1,1,1,1,1,1,1,1,1,0,0,0,0,0,0,0,0,0,1,1,1,1,1,1,1,1,1,1,1,1,1,0,0,0,0,0,0,0,0,0,1,0,0,0,0,0,0,0,0,0,0,0,0,0,0,0,0,0,0,0,0,0,0,13,0,0,0,0,0,0,0,0,0,0,0,0,0,0,0,0,0,0,0,0,0,0,0,0,0,0,0,0,0,0,0,0,0,0,0,0,0,0,0,0,0,0,0,0,0,0,0,0
0.200054,0.17189,1.1722,0,0,0,0,-1.42146e-09,2.16973e-09,1.04254e-08,2983,1378,1379,1389,1390,1391,1400,1401,2971,2972,2982,2984,2993,2994,0,0,0,0,0,0,0,0,0,1378,1379,1389,1390,1391,1400,1401,2971,2972,2982,2984,2993,2994,0,0,0,0,0,0,0,0,0,0.114314,0.112615,0.113438,0.0997565,0.114444,0.111321,0.114267,0.0607503,0.0554478,0.058822,0.0585773,0.0545789,0.0599783,0,0,0,0,0,0,0,0,0,0.113751,0.112636,0.114267,0.1,0.11438,0.112089,0.113467,0.0570793,0.0545683,0.0581975,0.0584427,0.0533098,0.0564388,0,0,0,0,0,0,0,0,0,1,1,1,1,1,1,1,1,1,1,1,1,1,0,0,0,0,0,0,0,0,0,1,1,1,1,1,1,1,1,1,1,1,1,1,0,0,0,0,0,0,0,0,0,1,0,0,0,0,0,0,0,0,0,0,0,0,0,0,0,0,0,0,0,0,0,0,13,0,0,0,0,0,0,0,0,0,0,0,0,0,0,0,0,0,0,0,0,0,0,0,0,0,0,0,0,0,0,0,0,0,0,0,0,0,0,0,0,0,0,0,0,0,0,0,0
0.241632,0.200076,1.14206,0,0,0,0,-1.8075e-10,1.97371e-09,1.27009e-08,2984,1379,1380,1390,1391,1392,1401,1402,2972,2973,2983,2985,2994,2995,0,0,0,0,0,0,0,0,0,1379,1380,1390,1391,1392,1401,1402,2972,2973,2983,2985,2994,2995,0,0,0,0,0,0,0,0,0,0.113908,0.112493,0.113678,0.0998307,0.114407,0.111389,0.113847,0.0595371,0.0550458,0.0585773,0.0582891,0.0539933,0.0587138,0,0,0,0,0,0,0,0,0,0.113478,0.112493,0.114385,0.1,0.114438,0.111929,0.113159,0.0564798,0.0542408,0.0584427,0.058568,0.0529414,0.0557519,0,0,0,0,0,0,0,0,0,1,1,1,1,1,1,1,1,1,1,1,1,1,0,0,0,0,0,0,0,0,0,1,1,1,1,1,1,1,1,1,1,1,1,1,0,0,0,0,0,0,0,0,0,1,0,0,0,0,0,0,0,0,0,0,0,0,0,0,0,0,0,0,0,0,0,0,13,0,0,0,0,0,0,0,0,0,0,0,0,0,0,0,0,0,0,0,0,0,0,0,0,0,0,0,0,0,0,0,0,0,0,0,0,0,0,0,0,0,0,0,0,0,0,0,0
0.281541,0.22688,1.1091,0,0,0,0,1.67704e-09,1.6303e-09,1.5359e-08,2985,1380,1381,1391,1392,1393,1402,1403,2973,2974,2984,2986,2995,2996,0,0,0,0,0,0,0,0,0,1380,1381,1391,1392,1393,1402,1403,2973,2974,2984,2986,2995,2996,0,0,0,0,0,0,0,0,0,0.113454,0.112364,0.113827,0.0998571,0.114354,0.111524,0.113281,0.0582737,0.0547092,0.0582891,0.0580799,0.0537636,0.0572027,0,0,0,0,0,0,0,0,0,0.113155,0.11232,0.114445,0.1,0.11442,0.111778,0.112798,0.0557582,0.0538451,0.058568,0.0585284,0.0525898,0.0549356,0,0,0,0,0,0,0,0,0,1,1,1,1,1,1,1,1,1,1,1,1,1,0,0,0,0,0,0,0,0,0,1,1,1,1,1,1,1,1,1,1,1,1,1,0,0,0,0,0,0,0,0,0,1,0,0,0,0,0,0,0,0,0,0,0,0,0,0,0,0,0,0,0,0,0,0,13,0,0,0,0,0,0,0,0,0,0,0,0,0,0,0,0,0,0,0,0,0,0,0,0,0,0,0,0,0,0,0,0,0,0,0,0,0,0,0,0,0,0,0,0,0,0,0,0
0.319996,0.252153,1.07366,0,0,0,0,4.19915e-09,1.15174e-09,1.83761e-08,2986,1381,1382,1392,1393,1394,1403,1404,2974,2975,2985,2987,2996,2997,0,0,0,0,0,0,0,0,0,1381,1382,1392,1393,1394,1403,1404,2974,2975,2985,2987,2996,2997,0,0,0,0,0,0,0,0,0,0.112956,0.112175,0.113938,0.0998912,0.114249,0.111513,0.112718,0.0568945,0.0542197,0.0580799,0.0577945,0.0533242,0.055725,0,0,0,0,0,0,0,0,0,0.112781,0.112108,0.114428,0.1,0.11432,0.111606,0.11239,0.0549139,0.0533547,0.0585284,0.0583109,0.0521884,0.0540044,0,0,0,0,0,0,0,0,0,1,1,1,1,1,1,1,1,1,1,1,1,1,0,0,0,0,0,0,0,0,0,1,1,1,1,1,1,1,1,1,1,1,1,1,0,0,0,0,0,0,0,0,0,1,0,0,0,0,0,0,0,0,0,0,0,0,0,0,0,0,0,0,0,0,0,0,13,0,0,0,0,0,0,0,0,0,0,0,0,0,0,0,0,0,0,0,0,0,0,0,0,0,0,0,0,0,0,0,0,0,0,0,0,0,0,0,0,0,0,0,0,0,0,0,0
0.356872,0.275943,1.03606,0,0,0,0,7.39747e-09,5.31545e-10,2.16761e-08,2987,1382,1383,1393,1394,1395,1404,1405,2975,2976,2986,2988,2997,2998,0,0,0,0,0,0,0,0,0,1382,1383,1393,1394,1395,1404,1405,2975,2976,2986,2988,2997,2998,0,0,0,0,0,0,0,0,0,0.11245,0.111928,0.113958,0.0999201,0.114073,0.111397,0.112167,0.0555025,0.0535942,0.0577945,0.0573858,0.0527546,0.0542987,0,0,0,0,0,0,0,0,0,0.112362,0.111853,0.114329,0.1,0.114143,0.111404,0.111948,0.0539565,0.0527611,0.0583109,0.057925,0.0517107,0.0529784,0,0,0,0,0,0,0,0,0,1,1,1,1,1,1,1,1,1,1,1,1,1,0,0,0,0,0,0,0,0,0,1,1,1,1,1,1,1,1,1,1,1,1,1,0,0,0,0,0,0,0,0,0,1,0,0,0,0,0,0,0,0,0,0,0,0,0,0,0,0,0,0,0,0,0,0,13,0,0,0,0,0,0,0,0,0,0,0,0,0,0,0,0,0,0,0,0,0,0,0,0,0,0,0,0,0,0,0,0,0,0,0,0,0,0,0,0,0,0,0,0,0,0,0,0
0.392007,0.298283,0.996565,0,0,0,0,1.12726e-08,-2.49146e-10,2.51745e-08,2988,1383,1384,1394,1395,1396,1405,1406,2976,2977,2987,2989,2998,2999,0,0,0,0,0,0,0,0,0,1383,1384,1394,1395,1396,1405,1406,2976,2977,2987,2989,2998,2999,0,0,0,0,0,0,0,0,0,0.111942,0.111634,0.113873,0.0999427,0.113836,0.111211,0.111629,0.0541203,0.0528602,0.0573858,0.0568674,0.0521014,0.0529196,0,0,0,0,0,0,0,0,0,0.11191,0.111558,0.114153,0.1,0.113906,0.111169,0.111486,0.0529054,0.0520656,0.057925,0.0574058,0.0511485,0.0518908,0,0,0,0,0,0,0,0,0,1,1,1,1,1,1,1,1,1,1,1,1,1,0,0,0,0,0,0,0,0,0,1,1,1,1,1,1,1,1,1,1,1,1,1,0,0,0,0,0,0,0,0,0,1,0,0,0,0,0,0,0,0,0,0,0,0,0,0,0,0,0,0,0,0,0,0,13,0,0,0,0,0,0,0,0,0,0,0,0,0,0,0,0,0,0,0,0,0,0,0,0,0,0,0,0,0,0,0,0,0,0,0,0,0,0,0,0,0,0,0,0,0,0,0,0
0.425267,0.31919,0.955448,0,0,0,0,1.58187e-08,-1.21884e-09,2.87889e-08,2989,1384,1385,1395,1396,1397,1406,1407,2977,2978,2988,2990,2999,3000,0,0,0,0,0,0,0,0,0,1384,1385,1395,1396,1397,1406,1407,2977,2978,2988,2990,2999,3000,0,0,0,0,0,0,0,0,0,0.111438,0.111303,0.113704,0.0999596,0.113577,0.110975,0.11112,0.0527626,0.0520399,0.0568674,0.0563115,0.0513849,0.0516192,0,0,0,0,0,0,0,0,0,0.11144,0.111228,0.113917,0.1,0.113648,0.110903,0.111033,0.0517959,0.0512796,0.0574058,0.0568341,0.0505059,0.0508039,0,0,0,0,0,0,0,0,0,1,1,1,1,1,1,1,1,1,1,1,1,1,0,0,0,0,0,0,0,0,0,1,1,1,1,1,1,1,1,1,1,1,1,1,0,0,0,0,0,0,0,0,0,1,0,0,0,0,0,0,0,0,0,0,0,0,0,0,0,0,0,0,0,0,0,0,13,0,0,0,0,0,0,0,0,0,0,0,0,0,0,0,0,0,0,0,0,0,0,0,0,0,0,0,0,0,0,0,0,0,0,0,0,0,0,0,0,0,0,0,0,0,0,0,0
0.456564,0.338706,0.912896,0,0,0,0,2.10279e-08,-2.41825e-09,3.24415e-08,2990,1385,1386,1396,1397,1398,1407,1408,2978,2979,2989,2991,3000,3001,0,0,0,0,0,0,0,0,0,1385,1386,1396,1397,1398,1407,1408,2978,2979,2989,2991,3000,3001,0,0,0,0,0,0,0,0,0,0.110963,0.110949,0.113495,0.099972,0.113376,0.110705,0.110687,0.0514817,0.0511603,0.0563115,0.0558903,0.0506246,0.0505106,0,0,0,0,0,0,0,0,0,0.110984,0.110875,0.113659,0.1,0.113447,0.110615,0.110642,0.0507013,0.0504283,0.0568341,0.0563875,0.0498021,0.0498516,0,0,0,0,0,0,0,0,0,1,1,1,1,1,1,1,1,1,1,1,1,1,0,0,0,0,0,0,0,0,0,1,1,1,1,1,1,1,1,1,1,1,1,1,0,0,0,0,0,0,0,0,0,1,0,0,0,0,0,0,0,0,0,0,0,0,0,0,0,0,0,0,0,0,0,0,13,0,0,0,0,0,0,0,0,0,0,0,0,0,0,0,0,0,0,0,0,0,0,0,0,0,0,0,0,0,0,0,0,0,0,0,0,0,0,0,0,0,0,0,0,0,0,0,0
0.485849,0.356998,0.868948,0,0,0,0,2.68916e-08,-3.91175e-09,3.60489e-08,2991,81,82,1386,1387,1397,1398,1408,1674,1675,2979,2980,2990,3001,0,0,0,0,0,0,0,0,0,81,82,1386,1387,1397,1398,1408,1674,1675,2979,2980,2990,3001,0,0,0,0,0,0,0,0,0,0.110405,0.113386,0.110585,0.110619,0.113331,0.0999817,0.110417,0.0498072,0.0559208,0.0504455,0.0503219,0.0558903,0.0498492,0,0,0,0,0,0,0,0,0,0.110399,0.113449,0.110616,0.110544,0.113458,0.1,0.11032,0.0492546,0.0563912,0.049803,0.049618,0.0563875,0.0490733,0,0,0,0,0,0,0,0,0,1,1,1,1,1,1,1,1,1,1,1,1,1,0,0,0,0,0,0,0,0,0,1,1,1,1,1,1,1,1,1,1,1,1,1,0,0,0,0,0,0,0,0,0,1,0,0,0,0,0,0,0,0,0,0,0,0,0,0,0,0,0,0,0,0,0,0,13,0,0,0,0,0,0,0,0,0,0,0,0,0,0,0,0,0,0,0,0,0,0,0,0,0,0,0,0,0,0,0,0,0,0,0,0,0,0,0,0,0,0,0,0,0,0,0,0
0.110569,0.173222,1.20625,0,0,0,0,-2.42286e-09,2.22939e-09,2.98324e-09,2992,60,61,1388,1389,1399,1400,1409,1653,1654,2981,2982,2993,3002,0,0,0,0,0,0,0,0,0,60,61,1388,1389,1399,1400,1409,1653,1654,2981,2982,2993,3002,0,0,0,0,0,0,0,0,0,0.110909,0.109319,0.114593,0.112359,0.0991908,0.113821,0.11421,0.0543298,0.050861,0.0628328,0.0558401,0.0580265,0.0608745,0,0,0,0,0,0,0,0,0,0.112022,0.109678,0.113858,0.112323,0.1,0.11373,0.11341,0.0534394,0.0478805,0.0572837,0.0538591,0.0570234,0.0563087,0,0,0,0,0,0,0,0,0,1,1,1,1,1,1,1,1,1,1,1,1,1,0,0,0,0,0,0,0,0,0,1,1,1,1,1,1,1,1,1,1,1,1,1,0,0,0,0,0,0,0,0,0,1,0,0,0,0,0,0,0,0,0,0,0,0,0,0,0,0,0,0,0,0,0,0,13,0,0,0,0,0,0,0,0,0,0,0,0,0,0,0,0,0,0,0,0,0,0,0,0,0,0,0,0,0,0,0,0,0,0,0,0,0,0,0,0,0,0,0,0,0,0,0,0
0.154968,0.201209,1.1815,0,0,0,0,-2.22936e-09,1.96735e-09,3.66114e-09,2993,1389,1390,1399,1400,1401,1409,1410,2982,2983,2992,2994,3002,3003,0,0,0,0,0,0,0,0,0,1389,1390,1399,1400,1401,1409,1410,2982,2983,2992,2994,3002,3003,0,0,0,0,0,0,0,0,0,0.114475,0.112111,0.112476,0.099736,0.114065,0.110625,0.114261,0.0612226,0.0545789,0.0580265,0.057813,0.0541877,0.059907,0,0,0,0,0,0,0,0,0,0.113714,0.112088,0.113723,0.1,0.113873,0.11164,0.113276,0.0569773,0.0533098,0.0570234,0.057338,0.0522502,0.0560084,0,0,0,0,0,0,0,0,0,1,1,1,1,1,1,1,1,1,1,1,1,1,0,0,0,0,0,0,0,0,0,1,1,1,1,1,1,1,1,1,1,1,1,1,0,0,0,0,0,0,0,0,0,1,0,0,0,0,0,0,0,0,0,0,0,0,0,0,0,0,0,0,0,0,0,0,13,0,0,0,0,0,0,0,0,0,0,0,0,0,0,0,0,0,0,0,0,0,0,0,0,0,0,0,0,0,0,0,0,0,0,0,0,0,0,0,0,0,0,0,0,0,0,0,0
0.197092,0.228604,1.15291,0,0,0,0,-1.65346e-09,1.45049e-09,4.70979e-09,2994,1390,1391,1400,1401,1402,1410,1411,2983,2984,2993,2995,3003,3004,0,0,0,0,0,0,0,0,0,1390,1391,1400,1401,1402,1410,1411,2983,2984,2993,2995,3003,3004,0,0,0,0,0,0,0,0,0,0.11401,0.111922,0.113052,0.0997508,0.113981,0.110634,0.113952,0.0599783,0.0539933,0.057813,0.057446,0.052932,0.0590035,0,0,0,0,0,0,0,0,0,0.113467,0.111932,0.113871,0.1,0.113985,0.111412,0.113029,0.0564388,0.0529414,0.057338,0.0575847,0.0517136,0.0554559,0,0,0,0,0,0,0,0,0,1,1,1,1,1,1,1,1,1,1,1,1,1,0,0,0,0,0,0,0,0,0,1,1,1,1,1,1,1,1,1,1,1,1,1,0,0,0,0,0,0,0,0,0,1,0,0,0,0,0,0,0,0,0,0,0,0,0,0,0,0,0,0,0,0,0,0,13,0,0,0,0,0,0,0,0,0,0,0,0,0,0,0,0,0,0,0,0,0,0,0,0,0,0,0,0,0,0,0,0,0,0,0,0,0,0,0,0,0,0,0,0,0,0,0,0
0.237328,0.254875,1.12143,0,0,0,0,-5.83615e-10,7.52464e-10,6.17418e-09,2995,1391,1392,1401,1402,1403,1411,1412,2984,2985,2994,2996,3004,3005,0,0,0,0,0,0,0,0,0,1391,1392,1401,1402,1403,1411,1412,2984,2985,2994,2996,3004,3005,0,0,0,0,0,0,0,0,0,0.113566,0.111841,0.11321,0.0997715,0.113986,0.110906,0.113319,0.0587138,0.0537636,0.057446,0.0573615,0.0529074,0.0573529,0,0,0,0,0,0,0,0,0,0.113157,0.111782,0.113987,0.1,0.114032,0.111246,0.112708,0.0557519,0.0525898,0.0575847,0.057686,0.0513205,0.0547284,0,0,0,0,0,0,0,0,0,1,1,1,1,1,1,1,1,1,1,1,1,1,0,0,0,0,0,0,0,0,0,1,1,1,1,1,1,1,1,1,1,1,1,1,0,0,0,0,0,0,0,0,0,1,0,0,0,0,0,0,0,0,0,0,0,0,0,0,0,0,0,0,0,0,0,0,13,0,0,0,0,0,0,0,0,0,0,0,0,0,0,0,0,0,0,0,0,0,0,0,0,0,0,0,0,0,0,0,0,0,0,0,0,0,0,0,0,0,0,0,0,0,0,0,0
0.27637,0.27956,1.08742,0,0,0,0,1.0744e-09,-9.03855e-11,8.11119e-09,2996,1392,1393,1402,1403,1404,1412,1413,2985,2986,2995,2997,3005,3006,0,0,0,0,0,0,0,0,0,1392,1393,1402,1403,1404,1412,1413,2985,2986,2995,2997,3005,3006,0,0,0,0,0,0,0,0,0,0.113027,0.111695,0.11345,0.0998224,0.113953,0.110946,0.112735,0.0572027,0.0533242,0.0573615,0.057209,0.0524278,0.055804,0,0,0,0,0,0,0,0,0,0.112794,0.111611,0.114037,0.1,0.114,0.11109,0.11233,0.0549356,0.0521884,0.057686,0.0576147,0.0509477,0.0538634,0,0,0,0,0,0,0,0,0,1,1,1,1,1,1,1,1,1,1,1,1,1,0,0,0,0,0,0,0,0,0,1,1,1,1,1,1,1,1,1,1,1,1,1,0,0,0,0,0,0,0,0,0,1,0,0,0,0,0,0,0,0,0,0,0,0,0,0,0,0,0,0,0,0,0,0,13,0,0,0,0,0,0,0,0,0,0,0,0,0,0,0,0,0,0,0,0,0,0,0,0,0,0,0,0,0,0,0,0,0,0,0,0,0,0,0,0,0,0,0,0,0,0,0,0
0.314044,0.302785,1.05117,0,0,0,0,3.34671e-09,-1.0764e-09,1.04432e-08,2997,1393,1394,1403,1404,1405,1413,1414,2986,2987,2996,2998,3006,3007,0,0,0,0,0,0,0,0,0,1393,1394,1403,1404,1405,1413,1414,2986,2987,2996,2998,3006,3007,0,0,0,0,0,0,0,0,0,0.112503,0.111495,0.113586,0.0998672,0.113844,0.110873,0.11218,0.055725,0.0527546,0.057209,0.0569233,0.0518309,0.0543511,0,0,0,0,0,0,0,0,0,0.112387,0.11141,0.114007,0.1,0.11389,0.11092,0.111911,0.0540044,0.0517107,0.0576147,0.0573728,0.0505388,0.0528903,0,0,0,0,0,0,0,0,0,1,1,1,1,1,1,1,1,1,1,1,1,1,0,0,0,0,0,0,0,0,0,1,1,1,1,1,1,1,1,1,1,1,1,1,0,0,0,0,0,0,0,0,0,1,0,0,0,0,0,0,0,0,0,0,0,0,0,0,0,0,0,0,0,0,0,0,13,0,0,0,0,0,0,0,0,0,0,0,0,0,0,0,0,0,0,0,0,0,0,0,0,0,0,0,0,0,0,0,0,0,0,0,0,0,0,0,0,0,0,0,0,0,0,0,0
0.350145,0.324619,1.01295,0,0,0,0,6.24931e-09,-2.21864e-09,1.30866e-08,2998,1394,1395,1404,1405,1406,1414,1415,2987,2988,2997,2999,3007,3008,0,0,0,0,0,0,0,0,0,1394,1395,1404,1405,1406,1414,1415,2987,2988,2997,2999,3007,3008,0,0,0,0,0,0,0,0,0,0.111991,0.111255,0.113595,0.0999033,0.113668,0.110736,0.111645,0.0542987,0.0521014,0.0569233,0.0565155,0.051197,0.0529638,0,0,0,0,0,0,0,0,0,0.111944,0.111175,0.113898,0.1,0.113716,0.110726,0.111468,0.0529784,0.0511485,0.0573728,0.0569876,0.0500694,0.0518447,0,0,0,0,0,0,0,0,0,1,1,1,1,1,1,1,1,1,1,1,1,1,0,0,0,0,0,0,0,0,0,1,1,1,1,1,1,1,1,1,1,1,1,1,0,0,0,0,0,0,0,0,0,1,0,0,0,0,0,0,0,0,0,0,0,0,0,0,0,0,0,0,0,0,0,0,13,0,0,0,0,0,0,0,0,0,0,0,0,0,0,0,0,0,0,0,0,0,0,0,0,0,0,0,0,0,0,0,0,0,0,0,0,0,0,0,0,0,0,0,0,0,0,0,0
0.384513,0.345084,0.973027,0,0,0,0,9.79095e-09,-3.53911e-09,1.59617e-08,2999,1395,1396,1405,1406,1407,1415,1416,2988,2989,2998,3000,3008,3009,0,0,0,0,0,0,0,0,0,1395,1396,1405,1406,1407,1415,1416,2988,2989,2998,3000,3008,3009,0,0,0,0,0,0,0,0,0,0.111488,0.110985,0.113503,0.0999305,0.113454,0.110554,0.111138,0.0529196,0.0513849,0.0565155,0.0560438,0.0505354,0.0516557,0,0,0,0,0,0,0,0,0,0.111482,0.110908,0.113725,0.1,0.113507,0.110507,0.111026,0.0518908,0.0505059,0.0569876,0.0565221,0.0495325,0.0507839,0,0,0,0,0,0,0,0,0,1,1,1,1,1,1,1,1,1,1,1,1,1,0,0,0,0,0,0,0,0,0,1,1,1,1,1,1,1,1,1,1,1,1,1,0,0,0,0,0,0,0,0,0,1,0,0,0,0,0,0,0,0,0,0,0,0,0,0,0,0,0,0,0,0,0,0,13,0,0,0,0,0,0,0,0,0,0,0,0,0,0,0,0,0,0,0,0,0,0,0,0,0,0,0,0,0,0,0,0,0,0,0,0,0,0,0,0,0,0,0,0,0,0,0,0
0.417032,0.364216,0.931585,0,0,0,0,1.39753e-08,-5.07083e-09,1.89915e-08,3000,1396,1397,1406,1407,1408,1416,1417,2989,2990,2999,3001,3009,3010,0,0,0,0,0,0,0,0,0,1396,1397,1406,1407,1408,1416,1417,2989,2990,2999,3001,3009,3010,0,0,0,0,0,0,0,0,0,0.11101,0.110694,0.11335,0.0999506,0.11326,0.110337,0.110692,0.0516192,0.0506246,0.0560438,0.0556259,0.0498476,0.0505084,0,0,0,0,0,0,0,0,0,0.111029,0.11062,0.113516,0.1,0.113317,0.110265,0.110629,0.0508039,0.0498021,0.0565221,0.0560975,0.0489345,0.0498168,0,0,0,0,0,0,0,0,0,1,1,1,1,1,1,1,1,1,1,1,1,1,0,0,0,0,0,0,0,0,0,1,1,1,1,1,1,1,1,1,1,1,1,1,0,0,0,0,0,0,0,0,0,1,0,0,0,0,0,0,0,0,0,0,0,0,0,0,0,0,0,0,0,0,0,0,13,0,0,0,0,0,0,0,0,0,0,0,0,0,0,0,0,0,0,0,0,0,0,0,0,0,0,0,0,0,0,0,0,0,0,0,0,0,0,0,0,0,0,0,0,0,0,0,0
0.447611,0.382138,0.888714,0,0,0,0,1.88006e-08,-6.86747e-09,2.20909e-08,3001,80,81,1397,1398,1407,1408,1417,1673,1674,2990,2991,3000,3010,0,0,0,0,0,0,0,0,0,80,81,1397,1398,1407,1408,1417,1673,1674,2990,2991,3000,3010,0,0,0,0,0,0,0,0,0,0.110353,0.113173,0.110607,0.110401,0.113199,0.099966,0.110093,0.0496617,0.0554323,0.0505106,0.0498492,0.0556259,0.0491402,0,0,0,0,0,0,0,0,0,0.110337,0.113225,0.110638,0.110325,0.113327,0.1,0.110009,0.0490953,0.0558916,0.0498516,0.0490733,0.0560975,0.0482931,0,0,0,0,0,0,0,0,0,1,1,1,1,1,1,1,1,1,1,1,1,1,0,0,0,0,0,0,0,0,0,1,1,1,1,1,1,1,1,1,1,1,1,1,0,0,0,0,0,0,0,0,0,1,0,0,0,0,0,0,0,0,0,0,0,0,0,0,0,0,0,0,0,0,0,0,13,0,0,0,0,0,0,0,0,0,0,0,0,0,0,0,0,0,0,0,0,0,0,0,0,0,0,0,0,0,0,0,0,0,0,0,0,0,0,0,0,0,0,0,0,0,0,0,0
0.109547,0.230475,1.18559,0,0,0,0,-2.45029e-09,1.55391e-09,-2.42495e-09,3002,61,62,1399,1400,1409,1410,1418,1654,1655,2992,2993,3003,3011,0,0,0,0,0,0,0,0,0,61,62,1399,1400,1409,1410,1418,1654,1655,2992,2993,3003,3011,0,0,0,0,0,0,0,0,0,0.11064,0.109161,0.11388,0.111672,0.0993628,0.113535,0.113428,0.0531577,0.0498159,0.0608745,0.0541877,0.057018,0.058077,0,0,0,0,0,0,0,0,0,0.111763,0.109171,0.113419,0.111634,0.1,0.113286,0.112889,0.0527938,0.0465333,0.0563087,0.0522502,0.0560375,0.0551354,0,0,0,0,0,0,0,0,0,1,1,1,1,1,1,1,1,1,1,1,1,1,0,0,0,0,0,0,0,0,0,1,1,1,1,1,1,1,1,1,1,1,1,1,0,0,0,0,0,0,0,0,0,1,0,0,0,0,0,0,0,0,0,0,0,0,0,0,0,0,0,0,0,0,0,0,13,0,0,0,0,0,0,0,0,0,0,0,0,0,0,0,0,0,0,0,0,0,0,0,0,0,0,0,0,0,0,0,0,0,0,0,0,0,0,0,0,0,0,0,0,0,0,0,0
0.152693,0.256741,1.15914,0,0,0,0,-2.36795e-09,7.36046e-10,-2.516e-09,3003,1400,1401,1409,1410,1411,1418,1419,2993,2994,3002,3004,3011,3012,0,0,0,0,0,0,0,0,0,1400,1401,1409,1410,1411,1418,1419,2993,2994,3002,3004,3011,3012,0,0,0,0,0,0,0,0,0,0.113965,0.11139,0.112224,0.0997543,0.113461,0.109946,0.113897,0.059907,0.052932,0.057018,0.0563216,0.0517004,0.0590437,0,0,0,0,0,0,0,0,0,0.113282,0.11141,0.113279,0.1,0.113425,0.110966,0.112745,0.0560084,0.0517136,0.0560375,0.0563485,0.0506356,0.0548091,0,0,0,0,0,0,0,0,0,1,1,1,1,1,1,1,1,1,1,1,1,1,0,0,0,0,0,0,0,0,0,1,1,1,1,1,1,1,1,1,1,1,1,1,0,0,0,0,0,0,0,0,0,1,0,0,0,0,0,0,0,0,0,0,0,0,0,0,0,0,0,0,0,0,0,0,13,0,0,0,0,0,0,0,0,0,0,0,0,0,0,0,0,0,0,0,0,0,0,0,0,0,0,0,0,0,0,0,0,0,0,0,0,0,0,0,0,0,0,0,0,0,0,0,0
0.192926,0.282536,1.12934,0,0,0,0,-1.94848e-09,-3.54697e-10,-2.27821e-09,3004,1401,1402,1410,1411,1412,1419,1420,2994,2995,3003,3005,3012,3013,0,0,0,0,0,0,0,0,0,1401,1402,1410,1411,1412,1419,1420,2994,2995,3003,3005,3012,3013,0,0,0,0,0,0,0,0,0,0.113605,0.111341,0.112424,0.099671,0.1135,0.110273,0.113259,0.0590035,0.0529074,0.0563216,0.0564255,0.0523372,0.0572618,0,0,0,0,0,0,0,0,0,0.113032,0.111247,0.113422,0.1,0.113524,0.110748,0.112495,0.0554559,0.0513205,0.0563485,0.0565678,0.0501078,0.0542386,0,0,0,0,0,0,0,0,0,1,1,1,1,1,1,1,1,1,1,1,1,1,0,0,0,0,0,0,0,0,0,1,1,1,1,1,1,1,1,1,1,1,1,1,0,0,0,0,0,0,0,0,0,1,0,0,0,0,0,0,0,0,0,0,0,0,0,0,0,0,0,0,0,0,0,0,13,0,0,0,0,0,0,0,0,0,0,0,0,0,0,0,0,0,0,0,0,0,0,0,0,0,0,0,0,0,0,0,0,0,0,0,0,0,0,0,0,0,0,0,0,0,0,0,0
0.232444,0.306532,1.09699,0,0,0,0,-1.03369e-09,-1.58922e-09,-1.43473e-09,3005,1402,1403,1411,1412,1413,1420,1421,2995,2996,3004,3006,3013,3014,0,0,0,0,0,0,0,0,0,1402,1403,1411,1412,1413,1420,1421,2995,2996,3004,3006,3013,3014,0,0,0,0,0,0,0,0,0,0.113017,0.111201,0.112806,0.0997314,0.11354,0.110389,0.112659,0.0573529,0.0524278,0.0564255,0.0564098,0.0516247,0.0556973,0,0,0,0,0,0,0,0,0,0.112709,0.111092,0.113524,0.1,0.113557,0.11058,0.11217,0.0547284,0.0509477,0.0565678,0.0566387,0.0496994,0.0534894,0,0,0,0,0,0,0,0,0,1,1,1,1,1,1,1,1,1,1,1,1,1,0,0,0,0,0,0,0,0,0,1,1,1,1,1,1,1,1,1,1,1,1,1,0,0,0,0,0,0,0,0,0,1,0,0,0,0,0,0,0,0,0,0,0,0,0,0,0,0,0,0,0,0,0,0,13,0,0,0,0,0,0,0,0,0,0,0,0,0,0,0,0,0,0,0,0,0,0,0,0,0,0,0,0,0,0,0,0,0,0,0,0,0,0,0,0,0,0,0,0,0,0,0,0
0.270803,0.329094,1.06233,0,0,0,0,4.14264e-10,-2.96718e-09,-9.8952e-11,3006,1403,1404,1412,1413,1414,1421,1422,2996,2997,3005,3007,3014,3015,0,0,0,0,0,0,0,0,0,1403,1404,1412,1413,1414,1421,1422,2996,2997,3005,3007,3014,3015,0,0,0,0,0,0,0,0,0,0.112492,0.11102,0.113077,0.0998015,0.1135,0.110314,0.112126,0.055804,0.0518309,0.0564098,0.0562363,0.0508949,0.0542566,0,0,0,0,0,0,0,0,0,0.11233,0.110923,0.113559,0.1,0.113515,0.110422,0.111792,0.0538634,0.0505388,0.0566387,0.0565448,0.0493117,0.052606,0,0,0,0,0,0,0,0,0,1,1,1,1,1,1,1,1,1,1,1,1,1,0,0,0,0,0,0,0,0,0,1,1,1,1,1,1,1,1,1,1,1,1,1,0,0,0,0,0,0,0,0,0,1,0,0,0,0,0,0,0,0,0,0,0,0,0,0,0,0,0,0,0,0,0,0,13,0,0,0,0,0,0,0,0,0,0,0,0,0,0,0,0,0,0,0,0,0,0,0,0,0,0,0,0,0,0,0,0,0,0,0,0,0,0,0,0,0,0,0,0,0,0,0,0
0.307729,0.350341,1.02562,0,0,0,0,2.42844e-09,-4.4989e-09,1.6416e-09,3007,1404,1405,1413,1414,1415,1422,1423,2997,2998,3006,3008,3015,3016,0,0,0,0,0,0,0,0,0,1404,1405,1413,1414,1415,1422,1423,2997,2998,3006,3008,3015,3016,0,0,0,0,0,0,0,0,0,0.111987,0.110813,0.11319,0.0998538,0.113385,0.110211,0.111606,0.0543511,0.051197,0.0562363,0.0559336,0.0502152,0.0528838,0,0,0,0,0,0,0,0,0,0.11191,0.11073,0.11352,0.1,0.113406,0.110254,0.11138,0.0528903,0.0500694,0.0565448,0.0563017,0.0488976,0.0516313,0,0,0,0,0,0,0,0,0,1,1,1,1,1,1,1,1,1,1,1,1,1,0,0,0,0,0,0,0,0,0,1,1,1,1,1,1,1,1,1,1,1,1,1,0,0,0,0,0,0,0,0,0,1,0,0,0,0,0,0,0,0,0,0,0,0,0,0,0,0,0,0,0,0,0,0,13,0,0,0,0,0,0,0,0,0,0,0,0,0,0,0,0,0,0,0,0,0,0,0,0,0,0,0,0,0,0,0,0,0,0,0,0,0,0,0,0,0,0,0,0,0,0,0,0
0.343046,0.370303,0.987111,0,0,0,0,5.03236e-09,-6.19988e-09,3.71223e-09,3008,1405,1406,1414,1415,1416,1423,1424,2998,2999,3007,3009,3016,3017,0,0,0,0,0,0,0,0,0,1405,1406,1414,1415,1416,1423,1424,2998,2999,3007,3009,3016,3017,0,0,0,0,0,0,0,0,0,0.111493,0.110585,0.113179,0.0998942,0.113221,0.110072,0.111111,0.0529638,0.0505354,0.0559336,0.0555508,0.0495665,0.0515868,0,0,0,0,0,0,0,0,0,0.111466,0.110511,0.113413,0.1,0.113253,0.110069,0.110961,0.0518447,0.0495325,0.0563017,0.0559573,0.0484357,0.0506231,0,0,0,0,0,0,0,0,0,1,1,1,1,1,1,1,1,1,1,1,1,1,0,0,0,0,0,0,0,0,0,1,1,1,1,1,1,1,1,1,1,1,1,1,0,0,0,0,0,0,0,0,0,1,0,0,0,0,0,0,0,0,0,0,0,0,0,0,0,0,0,0,0,0,0,0,13,0,0,0,0,0,0,0,0,0,0,0,0,0,0,0,0,0,0,0,0,0,0,0,0,0,0,0,0,0,0,0,0,0,0,0,0,0,0,0,0,0,0,0,0,0,0,0,0
0.376626,0.389004,0.947005,0,0,0,0,8.24277e-09,-8.09592e-09,6.04101e-09,3009,1406,1407,1415,1416,1417,1424,1425,2999,3000,3008,3010,3017,3018,0,0,0,0,0,0,0,0,0,1406,1407,1415,1416,1417,1424,1425,2999,3000,3008,3010,3017,3018,0,0,0,0,0,0,0,0,0,0.11102,0.11034,0.11309,0.0999238,0.113054,0.109902,0.110666,0.0516557,0.0498476,0.0555508,0.0551738,0.0489228,0.0504328,0,0,0,0,0,0,0,0,0,0.111024,0.11027,0.11326,0.1,0.113094,0.109864,0.110575,0.0507839,0.0489345,0.0559573,0.0556001,0.0479203,0.0496801,0,0,0,0,0,0,0,0,0,1,1,1,1,1,1,1,1,1,1,1,1,1,0,0,0,0,0,0,0,0,0,1,1,1,1,1,1,1,1,1,1,1,1,1,0,0,0,0,0,0,0,0,0,1,0,0,0,0,0,0,0,0,0,0,0,0,0,0,0,0,0,0,0,0,0,0,13,0,0,0,0,0,0,0,0,0,0,0,0,0,0,0,0,0,0,0,0,0,0,0,0,0,0,0,0,0,0,0,0,0,0,0,0,0,0,0,0,0,0,0,0,0,0,0,0
0.408358,0.406534,0.905412,0,0,0,0,1.20686e-08,-1.02312e-08,8.5461e-09,3010,79,80,1407,1408,1416,1417,1425,1672,1673,3000,3001,3009,3018,0,0,0,0,0,0,0,0,0,79,80,1407,1408,1416,1417,1425,1672,1673,3000,3001,3009,3018,0,0,0,0,0,0,0,0,0,0.110308,0.112944,0.110605,0.110087,0.112974,0.0999463,0.109701,0.0495301,0.0549166,0.0505084,0.0491402,0.0551738,0.0482693,0,0,0,0,0,0,0,0,0,0.11027,0.112985,0.110627,0.110014,0.113103,0.1,0.109641,0.0489265,0.0553514,0.0498168,0.0482931,0.0556001,0.0473544,0,0,0,0,0,0,0,0,0,1,1,1,1,1,1,1,1,1,1,1,1,1,0,0,0,0,0,0,0,0,0,1,1,1,1,1,1,1,1,1,1,1,1,1,0,0,0,0,0,0,0,0,0,1,0,0,0,0,0,0,0,0,0,0,0,0,0,0,0,0,0,0,0,0,0,0,13,0,0,0,0,0,0,0,0,0,0,0,0,0,0,0,0,0,0,0,0,0,0,0,0,0,0,0,0,0,0,0,0,0,0,0,0,0,0,0,0,0,0,0,0,0,0,0,0
0.108347,0.283229,1.16133,0,0,0,0,-2.52046e-09,-7.96887e-11,-8.85558e-09,3011,62,63,1409,1410,1418,1419,1426,1655,1656,3002,3003,3012,3019,0,0,0,0,0,0,0,0,0,62,63,1409,1410,1418,1419,1426,1655,1656,3002,3003,3012,3019,0,0,0,0,0,0,0,0,0,0.110506,0.108809,0.113136,0.110976,0.100066,0.113092,0.114077,0.0515182,0.0479711,0.058077,0.0517004,0.0555106,0.0584896,0,0,0,0,0,0,0,0,0,0.111499,0.108689,0.112898,0.11096,0.1,0.112827,0.114143,0.0521327,0.0452236,0.0551354,0.0506356,0.0550041,0.0575752,0,0,0,0,0,0,0,0,0,1,1,1,1,1,1,1,1,1,1,1,1,1,0,0,0,0,0,0,0,0,0,1,1,1,1,1,1,1,1,1,1,1,1,1,0,0,0,0,0,0,0,0,0,1,0,0,0,0,0,0,0,0,0,0,0,0,0,0,0,0,0,0,0,0,0,0,13,0,0,0,0,0,0,0,0,0,0,0,0,0,0,0,0,0,0,0,0,0,0,0,0,0,0,0,0,0,0,0,0,0,0,0,0,0,0,0,0,0,0,0,0,0,0,0,0
0.148154,0.309412,1.13285,0,0,0,0,-2.57513e-09,-1.69255e-09,-9.94463e-09,3012,1410,1411,1418,1419,1420,1426,1427,3003,3004,3011,3013,3019,3020,0,0,0,0,0,0,0,0,0,1410,1411,1418,1419,1420,1426,1427,3003,3004,3011,3013,3019,3020,0,0,0,0,0,0,0,0,0,0.113467,0.11085,0.111792,0.0993511,0.11296,0.10818,0.112943,0.0590437,0.0523372,0.0555106,0.0556215,0.0477387,0.0571407,0,0,0,0,0,0,0,0,0,0.112752,0.110745,0.112821,0.1,0.112948,0.108558,0.112155,0.0548091,0.0501078,0.0550041,0.0552781,0.04484,0.0534485,0,0,0,0,0,0,0,0,0,1,1,1,1,1,1,1,1,1,1,1,1,1,0,0,0,0,0,0,0,0,0,1,1,1,1,1,1,1,1,1,1,1,1,1,0,0,0,0,0,0,0,0,0,1,0,0,0,0,0,0,0,0,0,0,0,0,0,0,0,0,0,0,0,0,0,0,13,0,0,0,0,0,0,0,0,0,0,0,0,0,0,0,0,0,0,0,0,0,0,0,0,0,0,0,0,0,0,0,0,0,0,0,0,0,0,0,0,0,0,0,0,0,0,0,0
0.188357,0.332847,1.10238,0,0,0,0,-2.26732e-09,-3.31949e-09,-1.0187e-08,3013,1411,1412,1419,1420,1421,1427,1428,3004,3005,3012,3014,3020,3021,0,0,0,0,0,0,0,0,0,1411,1412,1419,1420,1421,1427,1428,3004,3005,3012,3014,3020,3021,0,0,0,0,0,0,0,0,0,0.112898,0.110736,0.11209,0.0996405,0.113074,0.109688,0.112549,0.0572618,0.0516247,0.0556215,0.0555371,0.0509217,0.0554878,0,0,0,0,0,0,0,0,0,0.1125,0.110579,0.112945,0.1,0.113027,0.110098,0.111901,0.0542386,0.0496994,0.0552781,0.055455,0.0484953,0.0528581,0,0,0,0,0,0,0,0,0,1,1,1,1,1,1,1,1,1,1,1,1,1,0,0,0,0,0,0,0,0,0,1,1,1,1,1,1,1,1,1,1,1,1,1,0,0,0,0,0,0,0,0,0,1,0,0,0,0,0,0,0,0,0,0,0,0,0,0,0,0,0,0,0,0,0,0,13,0,0,0,0,0,0,0,0,0,0,0,0,0,0,0,0,0,0,0,0,0,0,0,0,0,0,0,0,0,0,0,0,0,0,0,0,0,0,0,0,0,0,0,0,0,0,0,0
0.227408,0.354703,1.06949,0,0,0,0,-1.51782e-09,-5.10625e-09,-9.84775e-09,3014,1412,1413,1420,1421,1422,1428,1429,3005,3006,3013,3015,3021,3022,0,0,0,0,0,0,0,0,0,1412,1413,1420,1421,1422,1428,1429,3005,3006,3013,3015,3021,3022,0,0,0,0,0,0,0,0,0,0.112388,0.11053,0.112494,0.099711,0.113067,0.109729,0.112007,0.0556973,0.0508949,0.0555371,0.0553942,0.0499474,0.0540434,0,0,0,0,0,0,0,0,0,0.112173,0.110423,0.113026,0.1,0.113045,0.109931,0.11158,0.0534894,0.0493117,0.055455,0.0554938,0.0480779,0.0521012,0,0,0,0,0,0,0,0,0,1,1,1,1,1,1,1,1,1,1,1,1,1,0,0,0,0,0,0,0,0,0,1,1,1,1,1,1,1,1,1,1,1,1,1,0,0,0,0,0,0,0,0,0,1,0,0,0,0,0,0,0,0,0,0,0,0,0,0,0,0,0,0,0,0,0,0,13,0,0,0,0,0,0,0,0,0,0,0,0,0,0,0,0,0,0,0,0,0,0,0,0,0,0,0,0,0,0,0,0,0,0,0,0,0,0,0,0,0,0,0,0,0,0,0,0
0.265079,0.375315,1.0345,0,0,0,0,-2.86277e-10,-7.04403e-09,-9.03183e-09,3015,1413,1414,1421,1422,1423,1429,1430,3006,3007,3014,3016,3022,3023,0,0,0,0,0,0,0,0,0,1413,1414,1421,1422,1423,1429,1430,3006,3007,3014,3016,3022,3023,0,0,0,0,0,0,0,0,0,0.11192,0.110338,0.112677,0.0997956,0.113006,0.109648,0.111516,0.0542566,0.0502152,0.0553942,0.0551602,0.0491917,0.0526858,0,0,0,0,0,0,0,0,0,0.111794,0.110256,0.113046,0.1,0.112999,0.109774,0.111214,0.052606,0.0488976,0.0554938,0.05539,0.0476819,0.0512286,0,0,0,0,0,0,0,0,0,1,1,1,1,1,1,1,1,1,1,1,1,1,0,0,0,0,0,0,0,0,0,1,1,1,1,1,1,1,1,1,1,1,1,1,0,0,0,0,0,0,0,0,0,1,0,0,0,0,0,0,0,0,0,0,0,0,0,0,0,0,0,0,0,0,0,0,13,0,0,0,0,0,0,0,0,0,0,0,0,0,0,0,0,0,0,0,0,0,0,0,0,0,0,0,0,0,0,0,0,0,0,0,0,0,0,0,0,0,0,0,0,0,0,0,0
0.301213,0.394726,0.997615,0,0,0,0,1.46973e-09,-9.14655e-09,-7.80726e-09,3016,1414,1415,1422,1423,1424,1430,1431,3007,3008,3015,3017,3023,3024,0,0,0,0,0,0,0,0,0,1414,1415,1422,1423,1424,1430,1431,3007,3008,3015,3017,3023,3024,0,0,0,0,0,0,0,0,0,0.111447,0.110138,0.112747,0.0998512,0.112894,0.109551,0.111037,0.0528838,0.0495665,0.0551602,0.054861,0.0485258,0.0514096,0,0,0,0,0,0,0,0,0,0.111381,0.110072,0.113003,0.1,0.112905,0.109611,0.110831,0.0516313,0.0484357,0.05539,0.0551752,0.0472662,0.0503021,0,0,0,0,0,0,0,0,0,1,1,1,1,1,1,1,1,1,1,1,1,1,0,0,0,0,0,0,0,0,0,1,1,1,1,1,1,1,1,1,1,1,1,1,0,0,0,0,0,0,0,0,0,1,0,0,0,0,0,0,0,0,0,0,0,0,0,0,0,0,0,0,0,0,0,0,13,0,0,0,0,0,0,0,0,0,0,0,0,0,0,0,0,0,0,0,0,0,0,0,0,0,0,0,0,0,0,0,0,0,0,0,0,0,0,0,0,0,0,0,0,0,0,0,0
0.335705,0.41296,0.959046,0,0,0,0,3.78049e-09,-1.14319e-08,-6.23779e-09,3017,1415,1416,1423,1424,1425,1431,1432,3008,3009,3016,3018,3024,3025,0,0,0,0,0,0,0,0,0,1415,1416,1423,1424,1425,1431,1432,3008,3009,3016,3018,3024,3025,0,0,0,0,0,0,0,0,0,0.110988,0.109929,0.112727,0.0998925,0.112766,0.109422,0.110606,0.0515868,0.0489228,0.054861,0.0545491,0.0479029,0.050273,0,0,0,0,0,0,0,0,0,0.110961,0.109867,0.11291,0.1,0.112792,0.109433,0.110471,0.0506231,0.0479203,0.0551752,0.0549167,0.046812,0.0494192,0,0,0,0,0,0,0,0,0,1,1,1,1,1,1,1,1,1,1,1,1,1,0,0,0,0,0,0,0,0,0,1,1,1,1,1,1,1,1,1,1,1,1,1,0,0,0,0,0,0,0,0,0,1,0,0,0,0,0,0,0,0,0,0,0,0,0,0,0,0,0,0,0,0,0,0,13,0,0,0,0,0,0,0,0,0,0,0,0,0,0,0,0,0,0,0,0,0,0,0,0,0,0,0,0,0,0,0,0,0,0,0,0,0,0,0,0,0,0,0,0,0,0,0,0
0.368444,0.430082,0.918914,0,0,0,0,6.66815e-09,-1.39364e-08,-4.39792e-09,3018,78,79,1416,1417,1424,1425,1432,1671,1672,3009,3010,3017,3025,0,0,0,0,0,0,0,0,0,78,79,1416,1417,1424,1425,1432,1671,1672,3009,3010,3017,3025,0,0,0,0,0,0,0,0,0,0.110251,0.112669,0.110577,0.109712,0.112662,0.0999231,0.109263,0.0493737,0.0543061,0.0504328,0.0482693,0.0545491,0.0472909,0,0,0,0,0,0,0,0,0,0.110181,0.112701,0.110574,0.109645,0.112798,0.1,0.10924,0.0487001,0.0547086,0.0496801,0.0473544,0.0549167,0.0463116,0,0,0,0,0,0,0,0,0,1,1,1,1,1,1,1,1,1,1,1,1,1,0,0,0,0,0,0,0,0,0,1,1,1,1,1,1,1,1,1,1,1,1,1,0,0,0,0,0,0,0,0,0,1,0,0,0,0,0,0,0,0,0,0,0,0,0,0,0,0,0,0,0,0,0,0,13,0,0,0,0,0,0,0,0,0,0,0,0,0,0,0,0,0,0,0,0,0,0,0,0,0,0,0,0,0,0,0,0,0,0,0,0,0,0,0,0,0,0,0,0,0,0,0,0
0.107197,0.33393,1.13219,0,0,0,0,-2.58942e-09,-3.03468e-09,-1.63544e-08,3019,63,64,1418,1419,1426,1427,1433,1656,1657,3011,3012,3020,3026,0,0,0,0,0,0,0,0,0,63,64,1418,1419,1426,1427,1433,1656,1657,3011,3012,3020,3026,0,0,0,0,0,0,0,0,0,0.109828,0.107425,0.113724,0.109175,0.0999154,0.111844,0.114395,0.049971,0.0445813,0.0584896,0.0477387,0.052818,0.0583343,0,0,0,0,0,0,0,0,0,0.110611,0.107115,0.11385,0.108849,0.1,0.111473,0.114813,0.0496203,0.0402073,0.0575752,0.04484,0.0515874,0.0593676,0,0,0,0,0,0,0,0,0,1,1,1,1,1,1,1,1,1,1,1,1,1,0,0,0,0,0,0,0,0,0,1,1,1,1,1,1,1,1,1,1,1,1,1,0,0,0,0,0,0,0,0,0,1,0,0,0,0,0,0,0,0,0,0,0,0,0,0,0,0,0,0,0,0,0,0,13,0,0,0,0,0,0,0,0,0,0,0,0,0,0,0,0,0,0,0,0,0,0,0,0,0,0,0,0,0,0,0,0,0,0,0,0,0,0,0,0,0,0,0,0,0,0,0,0
0.144219,0.358219,1.10339,0,0,0,0,-2.7911e-09,-5.3098e-09,-1.80861e-08,3020,1419,1420,1426,1427,1428,1433,1434,3012,3013,3019,3021,3026,3027,0,0,0,0,0,0,0,0,0,1419,1420,1426,1427,1428,1433,1434,3012,3013,3019,3021,3026,3027,0,0,0,0,0,0,0,0,0,0.112567,0.110174,0.110587,0.0992178,0.112484,0.107908,0.112342,0.0571407,0.0509217,0.052818,0.0547233,0.0460982,0.0555571,0,0,0,0,0,0,0,0,0,0.112162,0.110095,0.111283,0.1,0.112456,0.108105,0.111527,0.0534485,0.0484953,0.0515874,0.054156,0.0435671,0.0519723,0,0,0,0,0,0,0,0,0,1,1,1,1,1,1,1,1,1,1,1,1,1,0,0,0,0,0,0,0,0,0,1,1,1,1,1,1,1,1,1,1,1,1,1,0,0,0,0,0,0,0,0,0,1,0,0,0,0,0,0,0,0,0,0,0,0,0,0,0,0,0,0,0,0,0,0,13,0,0,0,0,0,0,0,0,0,0,0,0,0,0,0,0,0,0,0,0,0,0,0,0,0,0,0,0,0,0,0,0,0,0,0,0,0,0,0,0,0,0,0,0,0,0,0,0
0.184153,0.379483,1.07261,0,0,0,0,-2.60012e-09,-7.46734e-09,-1.87313e-08,3021,1420,1421,1427,1428,1429,1434,1435,3013,3014,3020,3022,3027,3028,0,0,0,0,0,0,0,0,0,1420,1421,1427,1428,1429,1434,1435,3013,3014,3020,3022,3027,3028,0,0,0,0,0,0,0,0,0,0.112262,0.110041,0.111755,0.0996408,0.112569,0.10903,0.111929,0.0554878,0.0499474,0.0547233,0.0544166,0.048998,0.0538248,0,0,0,0,0,0,0,0,0,0.111907,0.10993,0.112452,0.1,0.112514,0.109465,0.111274,0.0528581,0.0480779,0.054156,0.0542879,0.0468824,0.0513689,0,0,0,0,0,0,0,0,0,1,1,1,1,1,1,1,1,1,1,1,1,1,0,0,0,0,0,0,0,0,0,1,1,1,1,1,1,1,1,1,1,1,1,1,0,0,0,0,0,0,0,0,0,1,0,0,0,0,0,0,0,0,0,0,0,0,0,0,0,0,0,0,0,0,0,0,13,0,0,0,0,0,0,0,0,0,0,0,0,0,0,0,0,0,0,0,0,0,0,0,0,0,0,0,0,0,0,0,0,0,0,0,0,0,0,0,0,0,0,0,0,0,0,0,0
0.222497,0.399421,1.03954,0,0,0,0,-2.02172e-09,-9.81367e-09,-1.884e-08,3022,1421,1422,1428,1429,1430,1435,1436,3014,3015,3021,3023,3028,3029,0,0,0,0,0,0,0,0,0,1421,1422,1428,1429,1430,1435,1436,3014,3015,3021,3023,3028,3029,0,0,0,0,0,0,0,0,0,0.111793,0.109845,0.112078,0.0997216,0.112539,0.109084,0.111385,0.0540434,0.0491917,0.0544166,0.0542125,0.0481487,0.0523973,0,0,0,0,0,0,0,0,0,0.111584,0.109774,0.112512,0.1,0.112521,0.109301,0.110966,0.0521012,0.0476819,0.0542879,0.0543038,0.04646,0.0506254,0,0,0,0,0,0,0,0,0,1,1,1,1,1,1,1,1,1,1,1,1,1,0,0,0,0,0,0,0,0,0,1,1,1,1,1,1,1,1,1,1,1,1,1,0,0,0,0,0,0,0,0,0,1,0,0,0,0,0,0,0,0,0,0,0,0,0,0,0,0,0,0,0,0,0,0,13,0,0,0,0,0,0,0,0,0,0,0,0,0,0,0,0,0,0,0,0,0,0,0,0,0,0,0,0,0,0,0,0,0,0,0,0,0,0,0,0,0,0,0,0,0,0,0,0
0.259333,0.418249,1.0045,0,0,0,0,-1.00474e-09,-1.23239e-08,-1.84809e-08,3023,1422,1423,1429,1430,1431,1436,1437,3015,3016,3022,3024,3029,3030,0,0,0,0,0,0,0,0,0,1422,1423,1429,1430,1431,1436,1437,3015,3016,3022,3024,3029,3030,0,0,0,0,0,0,0,0,0,0.111354,0.109668,0.112211,0.0998057,0.112482,0.109012,0.110923,0.0526858,0.0485258,0.0542125,0.0539887,0.0474582,0.051125,0,0,0,0,0,0,0,0,0,0.111217,0.109612,0.112522,0.1,0.112483,0.109148,0.11063,0.0512286,0.0472662,0.0543038,0.0542149,0.0460603,0.0498079,0,0,0,0,0,0,0,0,0,1,1,1,1,1,1,1,1,1,1,1,1,1,0,0,0,0,0,0,0,0,0,1,1,1,1,1,1,1,1,1,1,1,1,1,0,0,0,0,0,0,0,0,0,1,0,0,0,0,0,0,0,0,0,0,0,0,0,0,0,0,0,0,0,0,0,0,13,0,0,0,0,0,0,0,0,0,0,0,0,0,0,0,0,0,0,0,0,0,0,0,0,0,0,0,0,0,0,0,0,0,0,0,0,0,0,0,0,0,0,0,0,0,0,0,0
0.294594,0.435986,0.96767,0,0,0,0,5.0044e-10,-1.50129e-08,-1.77081e-08,3024,1423,1424,1430,1431,1432,1437,1438,3016,3017,3023,3025,3030,3031,0,0,0,0,0,0,0,0,0,1423,1424,1430,1431,1432,1437,1438,3016,3017,3023,3025,3030,3031,0,0,0,0,0,0,0,0,0,0.110915,0.109486,0.112268,0.0998583,0.112402,0.10892,0.110509,0.0514096,0.0479029,0.0539887,0.0537592,0.0468326,0.0500194,0,0,0,0,0,0,0,0,0,0.110833,0.109435,0.112485,0.1,0.112421,0.108989,0.110311,0.0503021,0.046812,0.0542149,0.0540709,0.0456455,0.0490183,0,0,0,0,0,0,0,0,0,1,1,1,1,1,1,1,1,1,1,1,1,1,0,0,0,0,0,0,0,0,0,1,1,1,1,1,1,1,1,1,1,1,1,1,0,0,0,0,0,0,0,0,0,1,0,0,0,0,0,0,0,0,0,0,0,0,0,0,0,0,0,0,0,0,0,0,13,0,0,0,0,0,0,0,0,0,0,0,0,0,0,0,0,0,0,0,0,0,0,0,0,0,0,0,0,0,0,0,0,0,0,0,0,0,0,0,0,0,0,0,0,0,0,0,0
0.328194,0.45269,0.929171,0,0,0,0,2.53018e-09,-1.79088e-08,-1.65873e-08,3025,77,78,1424,1425,1431,1432,1438,1670,1671,3017,3018,3024,3031,0,0,0,0,0,0,0,0,0,77,78,1424,1425,1431,1432,1438,1670,1671,3017,3018,3024,3031,0,0,0,0,0,0,0,0,0,0.110177,0.112341,0.110518,0.1093,0.112266,0.0998978,0.108797,0.0491708,0.0535767,0.050273,0.0472909,0.0537592,0.0462432,0,0,0,0,0,0,0,0,0,0.110059,0.112369,0.110472,0.109243,0.112425,0.1,0.108819,0.0483891,0.0539495,0.0494192,0.0463116,0.0540709,0.0451964,0,0,0,0,0,0,0,0,0,1,1,1,1,1,1,1,1,1,1,1,1,1,0,0,0,0,0,0,0,0,0,1,1,1,1,1,1,1,1,1,1,1,1,1,0,0,0,0,0,0,0,0,0,1,0,0,0,0,0,0,0,0,0,0,0,0,0,0,0,0,0,0,0,0,0,0,13,0,0,0,0,0,0,0,0,0,0,0,0,0,0,0,0,0,0,0,0,0,0,0,0,0,0,0,0,0,0,0,0,0,0,0,0,0,0,0,0,0,0,0,0,0,0,0,0
0.105185,0.382498,1.09994,0,0,0,0,-2.69401e-09,-7.31015e-09,-2.48421e-08,3026,64,65,1426,1427,1433,1434,1439,1657,1658,3019,3020,3027,3032,0,0,0,0,0,0,0,0,0,64,65,1426,1427,1433,1434,1439,1657,1658,3019,3020,3027,3032,0,0,0,0,0,0,0,0,0,0.109672,0.107223,0.114036,0.108806,0.100584,0.11135,0.113315,0.0488086,0.0423606,0.0583343,0.0460982,0.0507579,0.0549216,0,0,0,0,0,0,0,0,0,0.110404,0.106793,0.11485,0.108368,0.1,0.111132,0.113711,0.0491035,0.0392315,0.0593676,0.0435671,0.0507961,0.0569748,0,0,0,0,0,0,0,0,0,1,1,1,1,1,1,1,1,1,1,1,1,1,0,0,0,0,0,0,0,0,0,1,1,1,1,1,1,1,1,1,1,1,1,1,0,0,0,0,0,0,0,0,0,1,0,0,0,0,0,0,0,0,0,0,0,0,0,0,0,0,0,0,0,0,0,0,13,0,0,0,0,0,0,0,0,0,0,0,0,0,0,0,0,0,0,0,0,0,0,0,0,0,0,0,0,0,0,0,0,0,0,0,0,0,0,0,0,0,0,0,0,0,0,0,0
0.141457,0.403485,1.0713,0,0,0,0,-2.97899e-09,-1.00966e-08,-2.6751e-08,3027,1427,1428,1433,1434,1435,1439,1440,3020,3021,3026,3028,3032,3033,0,0,0,0,0,0,0,0,0,1427,1428,1433,1434,1435,1439,1440,3020,3021,3026,3028,3032,3033,0,0,0,0,0,0,0,0,0,0.112049,0.109489,0.110176,0.0993692,0.111852,0.107668,0.111589,0.0555571,0.048998,0.0507579,0.0530693,0.0449028,0.0533283,0,0,0,0,0,0,0,0,0,0.111534,0.109462,0.110967,0.1,0.111961,0.10767,0.110882,0.0519723,0.0468824,0.0507961,0.0530077,0.0423111,0.0504193,0,0,0,0,0,0,0,0,0,1,1,1,1,1,1,1,1,1,1,1,1,1,0,0,0,0,0,0,0,0,0,1,1,1,1,1,1,1,1,1,1,1,1,1,0,0,0,0,0,0,0,0,0,1,0,0,0,0,0,0,0,0,0,0,0,0,0,0,0,0,0,0,0,0,0,0,13,0,0,0,0,0,0,0,0,0,0,0,0,0,0,0,0,0,0,0,0,0,0,0,0,0,0,0,0,0,0,0,0,0,0,0,0,0,0,0,0,0,0,0,0,0,0,0,0
0.180337,0.422649,1.04068,0,0,0,0,-2.92708e-09,-1.27833e-08,-2.77438e-08,3028,1428,1429,1434,1435,1436,1440,1441,3021,3022,3027,3029,3033,3034,0,0,0,0,0,0,0,0,0,1428,1429,1434,1435,1436,1440,1441,3021,3022,3027,3029,3033,3034,0,0,0,0,0,0,0,0,0,0.11171,0.109376,0.111201,0.09971,0.111986,0.108545,0.111244,0.0538248,0.0481487,0.0530693,0.0530071,0.0473405,0.0519297,0,0,0,0,0,0,0,0,0,0.11128,0.1093,0.111957,0.1,0.112002,0.108853,0.110638,0.0513689,0.04646,0.0530077,0.0531043,0.0452756,0.0498233,0,0,0,0,0,0,0,0,0,1,1,1,1,1,1,1,1,1,1,1,1,1,0,0,0,0,0,0,0,0,0,1,1,1,1,1,1,1,1,1,1,1,1,1,0,0,0,0,0,0,0,0,0,1,0,0,0,0,0,0,0,0,0,0,0,0,0,0,0,0,0,0,0,0,0,0,13,0,0,0,0,0,0,0,0,0,0,0,0,0,0,0,0,0,0,0,0,0,0,0,0,0,0,0,0,0,0,0,0,0,0,0,0,0,0,0,0,0,0,0,0,0,0,0,0
0.217703,0.440801,1.00776,0,0,0,0,-2.52345e-09,-1.56872e-08,-2.82357e-08,3029,1429,1430,1435,1436,1437,1441,1442,3022,3023,3028,3030,3034,3035,0,0,0,0,0,0,0,0,0,1429,1430,1435,1436,1437,1441,1442,3022,3023,3028,3030,3034,3035,0,0,0,0,0,0,0,0,0,0.111221,0.109196,0.111563,0.0997605,0.111985,0.108521,0.110757,0.0523973,0.0474582,0.0530071,0.0529197,0.0464619,0.0506928,0,0,0,0,0,0,0,0,0,0.11097,0.109147,0.112,0.1,0.11201,0.108692,0.11036,0.0506254,0.0460603,0.0531043,0.0531226,0.0448495,0.0491365,0,0,0,0,0,0,0,0,0,1,1,1,1,1,1,1,1,1,1,1,1,1,0,0,0,0,0,0,0,0,0,1,1,1,1,1,1,1,1,1,1,1,1,1,0,0,0,0,0,0,0,0,0,1,0,0,0,0,0,0,0,0,0,0,0,0,0,0,0,0,0,0,0,0,0,0,13,0,0,0,0,0,0,0,0,0,0,0,0,0,0,0,0,0,0,0,0,0,0,0,0,0,0,0,0,0,0,0,0,0,0,0,0,0,0,0,0,0,0,0,0,0,0,0,0
0.25359,0.458006,0.972879,0,0,0,0,-1.71462e-09,-1.87759e-08,-2.82715e-08,3030,1430,1431,1436,1437,1438,1442,1443,3023,3024,3029,3031,3035,3036,0,0,0,0,0,0,0,0,0,1430,1431,1436,1437,1438,1442,1443,3023,3024,3029,3031,3035,3036,0,0,0,0,0,0,0,0,0,0.110802,0.109033,0.111709,0.0998279,0.111969,0.108425,0.110372,0.051125,0.0468326,0.0529197,0.052805,0.0457753,0.0496474,0,0,0,0,0,0,0,0,0,0.110634,0.108989,0.112011,0.1,0.111999,0.108542,0.110093,0.0498079,0.0456455,0.0531226,0.0530943,0.044448,0.0484694,0,0,0,0,0,0,0,0,0,1,1,1,1,1,1,1,1,1,1,1,1,1,0,0,0,0,0,0,0,0,0,1,1,1,1,1,1,1,1,1,1,1,1,1,0,0,0,0,0,0,0,0,0,1,0,0,0,0,0,0,0,0,0,0,0,0,0,0,0,0,0,0,0,0,0,0,13,0,0,0,0,0,0,0,0,0,0,0,0,0,0,0,0,0,0,0,0,0,0,0,0,0,0,0,0,0,0,0,0,0,0,0,0,0,0,0,0,0,0,0,0,0,0,0,0
0.287905,0.474277,0.936189,0,0,0,0,-4.46286e-10,-2.20728e-08,-2.79026e-08,3031,76,77,1431,1432,1437,1438,1443,1669,1670,3024,3025,3030,3036,0,0,0,0,0,0,0,0,0,76,77,1431,1432,1437,1438,1443,1669,1670,3024,3025,3030,3036,0,0,0,0,0,0,0,0,0,0.110081,0.111959,0.110424,0.10887,0.111789,0.0998732,0.108322,0.0489037,0.0527233,0.0500194,0.0462432,0.052805,0.0451682,0,0,0,0,0,0,0,0,0,0.1099,0.111996,0.110314,0.10882,0.112001,0.1,0.108389,0.0479837,0.0530859,0.0490183,0.0451964,0.0530943,0.0440329,0,0,0,0,0,0,0,0,0,1,1,1,1,1,1,1,1,1,1,1,1,1,0,0,0,0,0,0,0,0,0,1,1,1,1,1,1,1,1,1,1,1,1,1,0,0,0,0,0,0,0,0,0,1,0,0,0,0,0,0,0,0,0,0,0,0,0,0,0,0,0,0,0,0,0,0,13,0,0,0,0,0,0,0,0,0,0,0,0,0,0,0,0,0,0,0,0,0,0,0,0,0,0,0,0,0,0,0,0,0,0,0,0,0,0,0,0,0,0,0,0,0,0,0,0
0.102856,0.425884,1.06635,0,0,0,0,-2.76292e-09,-1.26646e-08,-3.35904e-08,3032,65,66,1433,1434,1439,1440,1444,1658,1659,3026,3027,3033,3037,0,0,0,0,0,0,0,0,0,65,66,1433,1434,1439,1440,1444,1658,1659,3026,3027,3033,3037,0,0,0,0,0,0,0,0,0,0.109688,0.106902,0.112867,0.108411,0.100573,0.110884,0.112242,0.0483458,0.0409499,0.0549216,0.0449028,0.0495618,0.0522638,0,0,0,0,0,0,0,0,0,0.110184,0.106502,0.113746,0.107904,0.1,0.110785,0.112643,0.0485495,0.0383285,0.0569748,0.0423111,0.0499782,0.0545769,0,0,0,0,0,0,0,0,0,1,1,1,1,1,1,1,1,1,1,1,1,1,0,0,0,0,0,0,0,0,0,1,1,1,1,1,1,1,1,1,1,1,1,1,0,0,0,0,0,0,0,0,0,1,0,0,0,0,0,0,0,0,0,0,0,0,0,0,0,0,0,0,0,0,0,0,13,0,0,0,0,0,0,0,0,0,0,0,0,0,0,0,0,0,0,0,0,0,0,0,0,0,0,0,0,0,0,0,0,0,0,0,0,0,0,0,0,0,0,0,0,0,0,0,0
0.138647,0.444895,1.03782,0,0,0,0,-3.15297e-09,-1.59792e-08,-3.5746e-08,3033,1434,1435,1439,1440,1441,1444,1445,3027,3028,3032,3034,3037,3038,0,0,0,0,0,0,0,0,0,1434,1435,1439,1440,1441,1444,1445,3027,3028,3032,3034,3037,3038,0,0,0,0,0,0,0,0,0,0.111313,0.108943,0.10987,0.0995063,0.111296,0.107366,0.110826,0.0533283,0.0473405,0.0495618,0.0516161,0.043578,0.0511047,0,0,0,0,0,0,0,0,0,0.110889,0.10885,0.110643,0.1,0.111475,0.107253,0.11024,0.0504193,0.0452756,0.0499782,0.0518638,0.0410766,0.0488324,0,0,0,0,0,0,0,0,0,1,1,1,1,1,1,1,1,1,1,1,1,1,0,0,0,0,0,0,0,0,0,1,1,1,1,1,1,1,1,1,1,1,1,1,0,0,0,0,0,0,0,0,0,1,0,0,0,0,0,0,0,0,0,0,0,0,0,0,0,0,0,0,0,0,0,0,13,0,0,0,0,0,0,0,0,0,0,0,0,0,0,0,0,0,0,0,0,0,0,0,0,0,0,0,0,0,0,0,0,0,0,0,0,0,0,0,0,0,0,0,0,0,0,0,0
0.176536,0.462339,1.00741,0,0,0,0,-3.23934e-09,-1.92011e-08,-3.70453e-08,3034,1435,1436,1440,1441,1442,1445,1446,3028,3029,3033,3035,3038,3039,0,0,0,0,0,0,0,0,0,1435,1436,1440,1441,1442,1445,1446,3028,3029,3033,3035,3038,3039,0,0,0,0,0,0,0,0,0,0.11106,0.10878,0.110731,0.0997679,0.111435,0.108067,0.110555,0.0519297,0.0464619,0.0516161,0.0516653,0.0456789,0.0500234,0,0,0,0,0,0,0,0,0,0.110645,0.108691,0.111472,0.1,0.111513,0.108262,0.110024,0.0498233,0.0448495,0.0518638,0.0519527,0.043678,0.0482918,0,0,0,0,0,0,0,0,0,1,1,1,1,1,1,1,1,1,1,1,1,1,0,0,0,0,0,0,0,0,0,1,1,1,1,1,1,1,1,1,1,1,1,1,0,0,0,0,0,0,0,0,0,1,0,0,0,0,0,0,0,0,0,0,0,0,0,0,0,0,0,0,0,0,0,0,13,0,0,0,0,0,0,0,0,0,0,0,0,0,0,0,0,0,0,0,0,0,0,0,0,0,0,0,0,0,0,0,0,0,0,0,0,0,0,0,0,0,0,0,0,0,0,0,0
0.212928,0.478947,0.974715,0,0,0,0,-3.00348e-09,-2.26668e-08,-3.78689e-08,3035,1436,1437,1441,1442,1443,1446,1447,3029,3030,3034,3036,3039,3040,0,0,0,0,0,0,0,0,0,1436,1437,1441,1442,1443,1446,1447,3029,3030,3034,3036,3039,3040,0,0,0,0,0,0,0,0,0,0.11063,0.108595,0.111072,0.0998006,0.111476,0.107986,0.11018,0.0506928,0.0457753,0.0516653,0.051702,0.0447976,0.0491048,0,0,0,0,0,0,0,0,0,0.110366,0.108542,0.111511,0.1,0.111545,0.108104,0.109819,0.0491365,0.044448,0.0519527,0.0520276,0.0432462,0.0477723,0,0,0,0,0,0,0,0,0,1,1,1,1,1,1,1,1,1,1,1,1,1,0,0,0,0,0,0,0,0,0,1,1,1,1,1,1,1,1,1,1,1,1,1,0,0,0,0,0,0,0,0,0,1,0,0,0,0,0,0,0,0,0,0,0,0,0,0,0,0,0,0,0,0,0,0,13,0,0,0,0,0,0,0,0,0,0,0,0,0,0,0,0,0,0,0,0,0,0,0,0,0,0,0,0,0,0,0,0,0,0,0,0,0,0,0,0,0,0,0,0,0,0,0,0
0.247837,0.494773,0.940016,0,0,0,0,-2.38726e-09,-2.63566e-08,-3.82598e-08,3036,75,76,1437,1438,1442,1443,1447,1668,1669,3030,3031,3035,3040,0,0,0,0,0,0,0,0,0,75,76,1437,1438,1442,1443,1447,1668,1669,3030,3031,3035,3040,0,0,0,0,0,0,0,0,0,0.10996,0.111534,0.110289,0.108441,0.111239,0.0998544,0.107863,0.0485491,0.0517588,0.0496474,0.0451682,0.051702,0.0441122,0,0,0,0,0,0,0,0,0,0.109707,0.111596,0.110097,0.108389,0.111545,0.1,0.107957,0.0474893,0.0521467,0.0484694,0.0440329,0.0520276,0.0428404,0,0,0,0,0,0,0,0,0,1,1,1,1,1,1,1,1,1,1,1,1,1,0,0,0,0,0,0,0,0,0,1,1,1,1,1,1,1,1,1,1,1,1,1,0,0,0,0,0,0,0,0,0,1,0,0,0,0,0,0,0,0,0,0,0,0,0,0,0,0,0,0,0,0,0,0,13,0,0,0,0,0,0,0,0,0,0,0,0,0,0,0,0,0,0,0,0,0,0,0,0,0,0,0,0,0,0,0,0,0,0,0,0,0,0,0,0,0,0,0,0,0,0,0,0
0.100523,0.465177,1.03196,0,0,0,0,-2.82574e-09,-1.9016e-08,-4.25106e-08,3037,66,67,1439,1440,1444,1445,1448,1659,1660,3032,3033,3038,3041,0,0,0,0,0,0,0,0,0,66,67,1439,1440,1444,1445,1448,1659,1660,3032,3033,3038,3041,0,0,0,0,0,0,0,0,0,0.109581,0.106625,0.111811,0.107961,0.100528,0.110479,0.111276,0.0477787,0.039834,0.0522638,0.043578,0.0485917,0.0499065,0,0,0,0,0,0,0,0,0,0.109963,0.106245,0.112675,0.107459,0.1,0.110445,0.111626,0.0479872,0.037512,0.0545769,0.0410766,0.0491664,0.0522113,0,0,0,0,0,0,0,0,0,1,1,1,1,1,1,1,1,1,1,1,1,1,0,0,0,0,0,0,0,0,0,1,1,1,1,1,1,1,1,1,1,1,1,1,0,0,0,0,0,0,0,0,0,1,0,0,0,0,0,0,0,0,0,0,0,0,0,0,0,0,0,0,0,0,0,0,13,0,0,0,0,0,0,0,0,0,0,0,0,0,0,0,0,0,0,0,0,0,0,0,0,0,0,0,0,0,0,0,0,0,0,0,0,0,0,0,0,0,0,0,0,0,0,0,0
0.135818,0.482673,1.00352,0,0,0,0,-3.31258e-09,-2.2866e-08,-4.48946e-08,3038,1440,1441,1444,1445,1446,1448,1449,3033,3034,3037,3039,3041,3042,0,0,0,0,0,0,0,0,0,1440,1441,1444,1445,1446,1448,1449,3033,3034,3037,3039,3041,3042,0,0,0,0,0,0,0,0,0,0.110567,0.108394,0.109626,0.0996124,0.110809,0.107029,0.110107,0.0511047,0.0456789,0.0485917,0.0503548,0.0422136,0.0490203,0,0,0,0,0,0,0,0,0,0.110246,0.108259,0.110325,0.1,0.111021,0.106854,0.109627,0.0488324,0.043678,0.0491664,0.0507732,0.0398617,0.0472781,0,0,0,0,0,0,0,0,0,1,1,1,1,1,1,1,1,1,1,1,1,1,0,0,0,0,0,0,0,0,0,1,1,1,1,1,1,1,1,1,1,1,1,1,0,0,0,0,0,0,0,0,0,1,0,0,0,0,0,0,0,0,0,0,0,0,0,0,0,0,0,0,0,0,0,0,13,0,0,0,0,0,0,0,0,0,0,0,0,0,0,0,0,0,0,0,0,0,0,0,0,0,0,0,0,0,0,0,0,0,0,0,0,0,0,0,0,0,0,0,0,0,0,0,0
0.17276,0.498731,0.973299,0,0,0,0,-3.52514e-09,-2.66357e-08,-4.64726e-08,3039,1441,1442,1445,1446,1447,1449,1450,3034,3035,3038,3040,3042,3043,0,0,0,0,0,0,0,0,0,1441,1442,1445,1446,1447,1449,1450,3034,3035,3038,3040,3042,3043,0,0,0,0,0,0,0,0,0,0.110394,0.108211,0.110332,0.0998167,0.110964,0.107581,0.109946,0.0500234,0.0447976,0.0503548,0.0505023,0.0439818,0.0483246,0,0,0,0,0,0,0,0,0,0.11003,0.108102,0.111018,0.1,0.111082,0.10769,0.109491,0.0482918,0.0432462,0.0507732,0.0509211,0.0420845,0.0469294,0,0,0,0,0,0,0,0,0,1,1,1,1,1,1,1,1,1,1,1,1,1,0,0,0,0,0,0,0,0,0,1,1,1,1,1,1,1,1,1,1,1,1,1,0,0,0,0,0,0,0,0,0,1,0,0,0,0,0,0,0,0,0,0,0,0,0,0,0,0,0,0,0,0,0,0,13,0,0,0,0,0,0,0,0,0,0,0,0,0,0,0,0,0,0,0,0,0,0,0,0,0,0,0,0,0,0,0,0,0,0,0,0,0,0,0,0,0,0,0,0,0,0,0,0
0.20819,0.514097,0.940755,0,0,0,0,-3.43832e-09,-3.06948e-08,-4.76059e-08,3040,74,75,1442,1443,1446,1447,1450,1667,1668,3035,3036,3039,3043,0,0,0,0,0,0,0,0,0,74,75,1442,1443,1446,1447,1450,1667,1668,3035,3036,3039,3043,0,0,0,0,0,0,0,0,0,0.109805,0.111086,0.110085,0.108031,0.110653,0.0998393,0.107452,0.0480806,0.0507274,0.0491048,0.0441122,0.0505023,0.0431097,0,0,0,0,0,0,0,0,0,0.10949,0.111189,0.109824,0.107956,0.111081,0.1,0.107533,0.0469271,0.0511764,0.0477723,0.0428404,0.0509211,0.0416393,0,0,0,0,0,0,0,0,0,1,1,1,1,1,1,1,1,1,1,1,1,1,0,0,0,0,0,0,0,0,0,1,1,1,1,1,1,1,1,1,1,1,1,1,0,0,0,0,0,0,0,0,0,1,0,0,0,0,0,0,0,0,0,0,0,0,0,0,0,0,0,0,0,0,0,0,13,0,0,0,0,0,0,0,0,0,0,0,0,0,0,0,0,0,0,0,0,0,0,0,0,0,0,0,0,0,0,0,0,0,0,0,0,0,0,0,0,0,0,0,0,0,0,0,0
0.0982667,0.500882,0.997169,0,0,0,0,-2.87592e-09,-2.62762e-08,-5.14742e-08,3041,67,68,1444,1445,1448,1449,1451,1660,1661,3037,3038,3042,3044,0,0,0,0,0,0,0,0,0,67,68,1444,1445,1448,1449,1451,1660,1661,3037,3038,3042,3044,0,0,0,0,0,0,0,0,0,0.109433,0.106385,0.110883,0.107495,0.100462,0.110122,0.110394,0.0472149,0.0389035,0.0499065,0.0422136,0.0477763,0.0477509,0,0,0,0,0,0,0,0,0,0.10976,0.106027,0.111654,0.107032,0.1,0.110138,0.110682,0.0474671,0.0368033,0.0522113,0.0398617,0.0484213,0.0499398,0,0,0,0,0,0,0,0,0,1,1,1,1,1,1,1,1,1,1,1,1,1,0,0,0,0,0,0,0,0,0,1,1,1,1,1,1,1,1,1,1,1,1,1,0,0,0,0,0,0,0,0,0,1,0,0,0,0,0,0,0,0,0,0,0,0,0,0,0,0,0,0,0,0,0,0,13,0,0,0,0,0,0,0,0,0,0,0,0,0,0,0,0,0,0,0,0,0,0,0,0,0,0,0,0,0,0,0,0,0,0,0,0,0,0,0,0,0,0,0,0,0,0,0,0
0.133077,0.517146,0.968773,0,0,0,0,-3.44548e-09,-3.06631e-08,-5.40612e-08,3042,1445,1446,1448,1449,1450,1451,1452,3038,3039,3041,3043,3044,3045,0,0,0,0,0,0,0,0,0,1445,1446,1448,1449,1450,1451,1452,3038,3039,3041,3043,3044,3045,0,0,0,0,0,0,0,0,0,0.109872,0.107842,0.109417,0.0996968,0.110421,0.106675,0.109501,0.0490203,0.0439818,0.0477763,0.049338,0.0408296,0.047242,0,0,0,0,0,0,0,0,0,0.109633,0.107688,0.110038,0.1,0.11064,0.106467,0.10911,0.0472781,0.0420845,0.0484213,0.0498449,0.0386503,0.0459331,0,0,0,0,0,0,0,0,0,1,1,1,1,1,1,1,1,1,1,1,1,1,0,0,0,0,0,0,0,0,0,1,1,1,1,1,1,1,1,1,1,1,1,1,0,0,0,0,0,0,0,0,0,1,0,0,0,0,0,0,0,0,0,0,0,0,0,0,0,0,0,0,0,0,0,0,13,0,0,0,0,0,0,0,0,0,0,0,0,0,0,0,0,0,0,0,0,0,0,0,0,0,0,0,0,0,0,0,0,0,0,0,0,0,0,0,0,0,0,0,0,0,0,0,0
0.169102,0.532149,0.938584,0,0,0,0,-3.76388e-09,-3.50242e-08,-5.59122e-08,3043,73,74,1446,1447,1449,1450,1452,1666,1667,3039,3040,3042,3045,0,0,0,0,0,0,0,0,0,73,74,1446,1447,1449,1450,1452,1666,1667,3039,3040,3042,3045,0,0,0,0,0,0,0,0,0,0.109643,0.110661,0.109812,0.107659,0.110022,0.0998589,0.107068,0.0474872,0.0497145,0.0483246,0.0431097,0.049338,0.0422124,0,0,0,0,0,0,0,0,0,0.109264,0.110802,0.109497,0.107531,0.110637,0.1,0.107129,0.0463386,0.0502409,0.0469294,0.0416393,0.0498449,0.0404678,0,0,0,0,0,0,0,0,0,1,1,1,1,1,1,1,1,1,1,1,1,1,0,0,0,0,0,0,0,0,0,1,1,1,1,1,1,1,1,1,1,1,1,1,0,0,0,0,0,0,0,0,0,1,0,0,0,0,0,0,0,0,0,0,0,0,0,0,0,0,0,0,0,0,0,0,13,0,0,0,0,0,0,0,0,0,0,0,0,0,0,0,0,0,0,0,0,0,0,0,0,0,0,0,0,0,0,0,0,0,0,0,0,0,0,0,0,0,0,0,0,0,0,0,0
0.0961894,0.533392,0.962255,0,0,0,0,-2.90404e-09,-3.43438e-08,-6.0368e-08,3044,68,69,1448,1449,1451,1452,1453,1661,1662,3041,3042,3045,3046,0,0,0,0,0,0,0,0,0,68,69,1448,1449,1451,1452,1453,1661,1662,3041,3042,3045,3046,0,0,0,0,0,0,0,0,0,0.109321,0.106195,0.110042,0.107032,0.100396,0.109877,0.109656,0.0467995,0.0381551,0.0477509,0.0408296,0.0472458,0.0459241,0,0,0,0,0,0,0,0,0,0.109617,0.10586,0.110709,0.106618,0.1,0.109923,0.109888,0.0470931,0.0362422,0.0499398,0.0386503,0.0479012,0.0479585,0,0,0,0,0,0,0,0,0,1,1,1,1,1,1,1,1,1,1,1,1,1,0,0,0,0,0,0,0,0,0,1,1,1,1,1,1,1,1,1,1,1,1,1,0,0,0,0,0,0,0,0,0,1,0,0,0,0,0,0,0,0,0,0,0,0,0,0,0,0,0,0,0,0,0,0,13,0,0,0,0,0,0,0,0,0,0,0,0,0,0,0,0,0,0,0,0,0,0,0,0,0,0,0,0,0,0,0,0,0,0,0,0,0,0,0,0,0,0,0,0,0,0,0,0
0.130584,0.54872,0.93372,0,0,0,0,-3.53674e-09,-3.93064e-08,-6.3156e-08,3045,72,73,1449,1450,1451,1452,1453,1665,1666,3042,3043,3044,3046,0,0,0,0,0,0,0,0,0,72,73,1449,1450,1451,1452,1453,1665,1666,3042,3043,3044,3046,0,0,0,0,0,0,0,0,0,0.109362,0.110272,0.109297,0.107289,0.109302,0.0997669,0.106289,0.0467982,0.0488915,0.047242,0.0422124,0.0472458,0.0393322,0,0,0,0,0,0,0,0,0,0.10906,0.110482,0.109116,0.107127,0.109842,0.1,0.10607,0.0458003,0.0494563,0.0459331,0.0404678,0.0479012,0.0373776,0,0,0,0,0,0,0,0,0,1,1,1,1,1,1,1,1,1,1,1,1,1,0,0,0,0,0,0,0,0,0,1,1,1,1,1,1,1,1,1,1,1,1,1,0,0,0,0,0,0,0,0,0,1,0,0,0,0,0,0,0,0,0,0,0,0,0,0,0,0,0,0,0,0,0,0,13,0,0,0,0,0,0,0,0,0,0,0,0,0,0,0,0,0,0,0,0,0,0,0,0,0,0,0,0,0,0,0,0,0,0,0,0,0,0,0,0,0,0,0,0,0,0,0,0
0.0945532,0.563126,0.927295,0,0,0,0,-2.91865e-09,-4.31464e-08,-6.91122e-08,3046,69,70,71,72,1451,1452,1453,1662,1663,1664,1665,3044,3045,0,0,0,0,0,0,0,0,0,69,70,71,72,1451,1452,1453,1662,1663,1664,1665,3044,3045,0,0,0,0,0,0,0,0,0,0.109395,0.10631,0.109998,0.110022,0.10935,0.106561,0.100351,0.046891,0.0383288,0.0469526,0.0476905,0.0459241,0.0393322,0,0,0,0,0,0,0,0,0,0.109651,0.105989,0.110218,0.110094,0.109912,0.106195,0.1,0.0471711,0.0366317,0.0487978,0.0483611,0.0479585,0.0373776,0,0,0,0,0,0,0,0,0,1,1,1,1,1,1,1,1,1,1,1,1,1,0,0,0,0,0,0,0,0,0,1,1,1,1,1,1,1,1,1,1,1,1,1,0,0,0,0,0,0,0,0,0,1,0,0,0,0,0,0,0,0,0,0,0,0,0,0,0,0,0,0,0,0,0,0,13,0,0,0,0,0,0,0,0,0,0,0,0,0,0,0,0,0,0,0,0,0,0,0,0,0,0,0,0,0,0,0,0,0,0,0,0,0,0,0,0,0,0,0,0,0,0,0,0
-0.154647,-0.783931,0.46998,0,0,0,0,6.20024e-09,1.99012e-07,-1.4749e-07,3047,119,1454,1455,1462,1463,1712,3048,3055,3056,0,0,0,0,0,0,0,0,0,0,0,0,0,119,1454,1455,1462,1463,1712,3048,3055,3056,0,0,0,0,0,0,0,0,0,0,0,0,0,0.106311,0.0999525,0.10911,0.106675,0.111478,0.0389346,0.0458881,0.0396164,0.0517705,0,0,0,0,0,0,0,0,0,0,0,0,0,0.106386,0.1,0.109093,0.106623,0.111454,0.0382591,0.0459048,0.0389884,0.0517725,0,0,0,0,0,0,0,0,0,0,0,0,0,1,1,1,1,1,1,1,1,1,0,0,0,0,0,0,0,0,0,0,0,0,0,1,1,1,1,1,1,1,1,1,0,0,0,0,0,0,0,0,0,0,0,0,0,1,0,0,0,0,0,0,0,0,0,0,0,0,0,0,0,0,0,0,0,0,0,0,9,0,0,0,0,0,0,0,0,0,0,0,0,0,0,0,0,0,0,0,0,0,0,0,0,0,0,0,0,0,0,0,0,0,0,0,0,0,0,0,0,0,0,0,0,0,0,0,0
-0.132416,-0.778116,0.5097,0,0,0,0,6.38187e-09,1.8547e-07,-1.45979e-07,3048,119,120,1454,1455,1456,1463,1464,1712,1713,3047,3049,3056,3057,0,0,0,0,0,0,0,0,0,119,120,1454,1455,1456,1463,1464,1712,1713,3047,3049,3056,3057,0,0,0,0,0,0,0,0,0,0.111143,0.107162,0.109142,0.10023,0.109027,0.106594,0.111347,0.0507101,0.0407621,0.0458881,0.0452183,0.0390446,0.0509636,0,0,0,0,0,0,0,0,0,0.11129,0.10734,0.10909,0.1,0.108854,0.106605,0.111452,0.0514048,0.04065,0.0459048,0.0451842,0.038932,0.0517661,0,0,0,0,0,0,0,0,0,1,1,1,1,1,1,1,1,1,1,1,1,1,0,0,0,0,0,0,0,0,0,1,1,1,1,1,1,1,1,1,1,1,1,1,0,0,0,0,0,0,0,0,0,1,0,0,0,0,0,0,0,0,0,0,0,0,0,0,0,0,0,0,0,0,0,0,13,0,0,0,0,0,0,0,0,0,0,0,0,0,0,0,0,0,0,0,0,0,0,0,0,0,0,0,0,0,0,0,0,0,0,0,0,0,0,0,0,0,0,0,0,0,0,0,0
-0.107019,-0.771157,0.54646,0,0,0,0,5.81448e-09,1.73166e-07,-1.43781e-07,3049,120,121,1455,1456,1457,1464,1465,1713,1714,3048,3050,3057,3058,0,0,0,0,0,0,0,0,0,120,121,1455,1456,1457,1464,1465,1713,1714,3048,3050,3057,3058,0,0,0,0,0,0,0,0,0,0.11049,0.107631,0.108901,0.100126,0.108713,0.107181,0.111013,0.0491858,0.042246,0.0452183,0.0447703,0.0409894,0.0505863,0,0,0,0,0,0,0,0,0,0.110407,0.107901,0.108822,0.1,0.108675,0.10721,0.111053,0.0493031,0.0420107,0.0451842,0.0446517,0.0407721,0.0507352,0,0,0,0,0,0,0,0,0,1,1,1,1,1,1,1,1,1,1,1,1,1,0,0,0,0,0,0,0,0,0,1,1,1,1,1,1,1,1,1,1,1,1,1,0,0,0,0,0,0,0,0,0,1,0,0,0,0,0,0,0,0,0,0,0,0,0,0,0,0,0,0,0,0,0,0,13,0,0,0,0,0,0,0,0,0,0,0,0,0,0,0,0,0,0,0,0,0,0,0,0,0,0,0,0,0,0,0,0,0,0,0,0,0,0,0,0,0,0,0,0,0,0,0,0
-0.0809252,-0.76255,0.581807,0,0,0,0,4.90732e-09,1.61043e-07,-1.40678e-07,3050,121,122,1456,1457,1458,1465,1466,1714,1715,3049,3051,3058,3059,0,0,0,0,0,0,0,0,0,121,122,1456,1457,1458,1465,1466,1714,1715,3049,3051,3058,3059,0,0,0,0,0,0,0,0,0,0.110594,0.107405,0.10862,0.0999145,0.108304,0.107039,0.110842,0.049636,0.0420112,0.0447703,0.043862,0.0412427,0.0503402,0,0,0,0,0,0,0,0,0,0.110466,0.107511,0.108667,0.1,0.108313,0.107008,0.110816,0.0494454,0.040951,0.0446517,0.0436805,0.0401346,0.0502241,0,0,0,0,0,0,0,0,0,1,1,1,1,1,1,1,1,1,1,1,1,1,0,0,0,0,0,0,0,0,0,1,1,1,1,1,1,1,1,1,1,1,1,1,0,0,0,0,0,0,0,0,0,1,0,0,0,0,0,0,0,0,0,0,0,0,0,0,0,0,0,0,0,0,0,0,13,0,0,0,0,0,0,0,0,0,0,0,0,0,0,0,0,0,0,0,0,0,0,0,0,0,0,0,0,0,0,0,0,0,0,0,0,0,0,0,0,0,0,0,0,0,0,0,0
-0.0547849,-0.75262,0.615599,0,0,0,0,3.82124e-09,1.49134e-07,-1.36833e-07,3051,122,123,1457,1458,1459,1466,1467,1715,1716,3050,3052,3059,3060,0,0,0,0,0,0,0,0,0,122,123,1457,1458,1459,1466,1467,1715,1716,3050,3052,3059,3060,0,0,0,0,0,0,0,0,0,0.11054,0.107139,0.10828,0.100027,0.107959,0.107252,0.110835,0.0493641,0.0410884,0.043862,0.0427979,0.0415682,0.0501127,0,0,0,0,0,0,0,0,0,0.110519,0.107158,0.108304,0.1,0.10795,0.107328,0.110833,0.0495712,0.0399751,0.0436805,0.042688,0.0404869,0.0502638,0,0,0,0,0,0,0,0,0,1,1,1,1,1,1,1,1,1,1,1,1,1,0,0,0,0,0,0,0,0,0,1,1,1,1,1,1,1,1,1,1,1,1,1,0,0,0,0,0,0,0,0,0,1,0,0,0,0,0,0,0,0,0,0,0,0,0,0,0,0,0,0,0,0,0,0,13,0,0,0,0,0,0,0,0,0,0,0,0,0,0,0,0,0,0,0,0,0,0,0,0,0,0,0,0,0,0,0,0,0,0,0,0,0,0,0,0,0,0,0,0,0,0,0,0
-0.0297103,-0.740987,0.648273,0,0,0,0,2.62485e-09,1.37276e-07,-1.32114e-07,3052,123,124,1458,1459,1460,1467,1468,1716,1717,3051,3053,3060,3061,0,0,0,0,0,0,0,0,0,123,124,1458,1459,1460,1467,1468,1716,1717,3051,3053,3060,3061,0,0,0,0,0,0,0,0,0,0.110576,0.106852,0.107954,0.100025,0.107611,0.106922,0.110794,0.049399,0.0402235,0.0427979,0.0418493,0.0405106,0.0500095,0,0,0,0,0,0,0,0,0,0.110583,0.106854,0.107942,0.1,0.107607,0.106941,0.110862,0.0497253,0.0391173,0.042688,0.0417281,0.0393927,0.0503322,0,0,0,0,0,0,0,0,0,1,1,1,1,1,1,1,1,1,1,1,1,1,0,0,0,0,0,0,0,0,0,1,1,1,1,1,1,1,1,1,1,1,1,1,0,0,0,0,0,0,0,0,0,1,0,0,0,0,0,0,0,0,0,0,0,0,0,0,0,0,0,0,0,0,0,0,13,0,0,0,0,0,0,0,0,0,0,0,0,0,0,0,0,0,0,0,0,0,0,0,0,0,0,0,0,0,0,0,0,0,0,0,0,0,0,0,0,0,0,0,0,0,0,0,0
-0.00578597,-0.727789,0.679972,0,0,0,0,1.41352e-09,1.25506e-07,-1.26624e-07,3053,124,125,1459,1460,1461,1468,1469,1717,1718,3052,3054,3061,3062,0,0,0,0,0,0,0,0,0,124,125,1459,1460,1461,1468,1469,1717,1718,3052,3054,3061,3062,0,0,0,0,0,0,0,0,0,0.110675,0.106637,0.107622,0.100033,0.107374,0.10657,0.110836,0.0495756,0.03951,0.0418493,0.0412018,0.0394448,0.0500861,0,0,0,0,0,0,0,0,0,0.110701,0.106617,0.107598,0.1,0.107347,0.106567,0.110967,0.0500118,0.0384451,0.0417281,0.0409926,0.0383079,0.0505842,0,0,0,0,0,0,0,0,0,1,1,1,1,1,1,1,1,1,1,1,1,1,0,0,0,0,0,0,0,0,0,1,1,1,1,1,1,1,1,1,1,1,1,1,0,0,0,0,0,0,0,0,0,1,0,0,0,0,0,0,0,0,0,0,0,0,0,0,0,0,0,0,0,0,0,0,13,0,0,0,0,0,0,0,0,0,0,0,0,0,0,0,0,0,0,0,0,0,0,0,0,0,0,0,0,0,0,0,0,0,0,0,0,0,0,0,0,0,0,0,0,0,0,0,0
0.016967,-0.712995,0.710973,0,0,0,0,2.39004e-10,1.13812e-07,-1.20421e-07,3054,93,94,125,126,1460,1461,1469,1686,1687,1718,1719,3053,3062,0,0,0,0,0,0,0,0,0,93,94,125,126,1460,1461,1469,1686,1687,1718,1719,3053,3062,0,0,0,0,0,0,0,0,0,0.107974,0.111269,0.110952,0.106605,0.107399,0.100046,0.106185,0.0429549,0.0510599,0.0501927,0.0392911,0.0412018,0.0382044,0,0,0,0,0,0,0,0,0,0.107911,0.111452,0.111004,0.106586,0.107338,0.1,0.106184,0.0425966,0.0517477,0.0507459,0.038367,0.0409926,0.0371624,0,0,0,0,0,0,0,0,0,1,1,1,1,1,1,1,1,1,1,1,1,1,0,0,0,0,0,0,0,0,0,1,1,1,1,1,1,1,1,1,1,1,1,1,0,0,0,0,0,0,0,0,0,1,0,0,0,0,0,0,0,0,0,0,0,0,0,0,0,0,0,0,0,0,0,0,13,0,0,0,0,0,0,0,0,0,0,0,0,0,0,0,0,0,0,0,0,0,0,0,0,0,0,0,0,0,0,0,0,0,0,0,0,0,0,0,0,0,0,0,0,0,0,0,0
-0.192393,-0.773728,0.476351,0,0,0,0,6.13124e-09,1.8928e-07,-1.40066e-07,3055,1454,1462,1463,1470,1471,3047,3056,3063,3064,0,0,0,0,0,0,0,0,0,0,0,0,0,1454,1462,1463,1470,1471,3047,3056,3063,3064,0,0,0,0,0,0,0,0,0,0,0,0,0,0.106539,0.100006,0.109516,0.106927,0.111702,0.0396164,0.0470201,0.0402977,0.0522937,0,0,0,0,0,0,0,0,0,0,0,0,0,0.106624,0.1,0.109578,0.106909,0.111607,0.0389884,0.0471636,0.0398491,0.0521385,0,0,0,0,0,0,0,0,0,0,0,0,0,1,1,1,1,1,1,1,1,1,0,0,0,0,0,0,0,0,0,0,0,0,0,1,1,1,1,1,1,1,1,1,0,0,0,0,0,0,0,0,0,0,0,0,0,1,0,0,0,0,0,0,0,0,0,0,0,0,0,0,0,0,0,0,0,0,0,0,9,0,0,0,0,0,0,0,0,0,0,0,0,0,0,0,0,0,0,0,0,0,0,0,0,0,0,0,0,0,0,0,0,0,0,0,0,0,0,0,0,0,0,0,0,0,0,0,0
-0.169529,-0.768509,0.517106,0,0,0,0,7.04664e-09,1.76812e-07,-1.39446e-07,3056,1454,1455,1462,1463,1464,1471,1472,3047,3048,3055,3057,3064,3065,0,0,0,0,0,0,0,0,0,1454,1455,1462,1463,1464,1471,1472,3047,3048,3055,3057,3064,3065,0,0,0,0,0,0,0,0,0,0.111415,0.10655,0.109524,0.100071,0.109317,0.106845,0.111659,0.0517705,0.0390446,0.0470201,0.0461691,0.0400176,0.0520528,0,0,0,0,0,0,0,0,0,0.111443,0.106606,0.109573,0.1,0.109229,0.106901,0.11163,0.0517725,0.038932,0.0471636,0.0462624,0.0398221,0.0521916,0,0,0,0,0,0,0,0,0,1,1,1,1,1,1,1,1,1,1,1,1,1,0,0,0,0,0,0,0,0,0,1,1,1,1,1,1,1,1,1,1,1,1,1,0,0,0,0,0,0,0,0,0,1,0,0,0,0,0,0,0,0,0,0,0,0,0,0,0,0,0,0,0,0,0,0,13,0,0,0,0,0,0,0,0,0,0,0,0,0,0,0,0,0,0,0,0,0,0,0,0,0,0,0,0,0,0,0,0,0,0,0,0,0,0,0,0,0,0,0,0,0,0,0,0
-0.145726,-0.761699,0.556075,0,0,0,0,6.91887e-09,1.64736e-07,-1.37875e-07,3057,1455,1456,1463,1464,1465,1472,1473,3048,3049,3056,3058,3065,3066,0,0,0,0,0,0,0,0,0,1455,1456,1463,1464,1465,1472,1473,3048,3049,3056,3058,3065,3066,0,0,0,0,0,0,0,0,0,0.111317,0.107288,0.109278,0.100233,0.108919,0.106869,0.11146,0.0509636,0.0409894,0.0461691,0.045127,0.0399167,0.0513597,0,0,0,0,0,0,0,0,0,0.111441,0.107358,0.109226,0.1,0.10884,0.106877,0.111606,0.0517661,0.0407721,0.0462624,0.0452371,0.0397487,0.0521339,0,0,0,0,0,0,0,0,0,1,1,1,1,1,1,1,1,1,1,1,1,1,0,0,0,0,0,0,0,0,0,1,1,1,1,1,1,1,1,1,1,1,1,1,0,0,0,0,0,0,0,0,0,1,0,0,0,0,0,0,0,0,0,0,0,0,0,0,0,0,0,0,0,0,0,0,13,0,0,0,0,0,0,0,0,0,0,0,0,0,0,0,0,0,0,0,0,0,0,0,0,0,0,0,0,0,0,0,0,0,0,0,0,0,0,0,0,0,0,0,0,0,0,0,0
-0.11985,-0.75369,0.592168,0,0,0,0,6.28108e-09,1.53552e-07,-1.35602e-07,3058,1456,1457,1464,1465,1466,1473,1474,3049,3050,3057,3059,3066,3067,0,0,0,0,0,0,0,0,0,1456,1457,1464,1465,1466,1473,1474,3049,3050,3057,3059,3066,3067,0,0,0,0,0,0,0,0,0,0.111003,0.107139,0.108787,0.0999313,0.108507,0.106961,0.111479,0.0505863,0.0412427,0.045127,0.0443402,0.0407922,0.0517574,0,0,0,0,0,0,0,0,0,0.110971,0.107118,0.108838,0.1,0.108547,0.106838,0.111543,0.0507352,0.0401346,0.0452371,0.0443692,0.0396306,0.0519837,0,0,0,0,0,0,0,0,0,1,1,1,1,1,1,1,1,1,1,1,1,1,0,0,0,0,0,0,0,0,0,1,1,1,1,1,1,1,1,1,1,1,1,1,0,0,0,0,0,0,0,0,0,1,0,0,0,0,0,0,0,0,0,0,0,0,0,0,0,0,0,0,0,0,0,0,13,0,0,0,0,0,0,0,0,0,0,0,0,0,0,0,0,0,0,0,0,0,0,0,0,0,0,0,0,0,0,0,0,0,0,0,0,0,0,0,0,0,0,0,0,0,0,0,0
-0.0939116,-0.744254,0.62687,0,0,0,0,5.34362e-09,1.42423e-07,-1.32496e-07,3059,1457,1458,1465,1466,1467,1474,1475,3050,3051,3058,3060,3067,3068,0,0,0,0,0,0,0,0,0,1457,1458,1465,1466,1467,1474,1475,3050,3051,3058,3060,3067,3068,0,0,0,0,0,0,0,0,0,0.110842,0.107286,0.108402,0.099969,0.108254,0.107192,0.111238,0.0503402,0.0415682,0.0443402,0.0436276,0.0414606,0.0511853,0,0,0,0,0,0,0,0,0,0.110783,0.107331,0.10852,0.1,0.10832,0.107117,0.11117,0.0502241,0.0404869,0.0443692,0.0436991,0.0404225,0.0510798,0,0,0,0,0,0,0,0,0,1,1,1,1,1,1,1,1,1,1,1,1,1,0,0,0,0,0,0,0,0,0,1,1,1,1,1,1,1,1,1,1,1,1,1,0,0,0,0,0,0,0,0,0,1,0,0,0,0,0,0,0,0,0,0,0,0,0,0,0,0,0,0,0,0,0,0,13,0,0,0,0,0,0,0,0,0,0,0,0,0,0,0,0,0,0,0,0,0,0,0,0,0,0,0,0,0,0,0,0,0,0,0,0,0,0,0,0,0,0,0,0,0,0,0,0
-0.0677307,-0.733456,0.660057,0,0,0,0,4.23389e-09,1.31464e-07,-1.28616e-07,3060,1458,1459,1466,1467,1468,1475,1476,3051,3052,3059,3061,3068,3069,0,0,0,0,0,0,0,0,0,1458,1459,1466,1467,1468,1475,1476,3051,3052,3059,3061,3068,3069,0,0,0,0,0,0,0,0,0,0.11085,0.106957,0.108236,0.100038,0.107922,0.107231,0.111168,0.0501127,0.0405106,0.0436276,0.0426678,0.0414668,0.0509293,0,0,0,0,0,0,0,0,0,0.110801,0.106943,0.108312,0.1,0.107973,0.107255,0.111173,0.0502638,0.0393927,0.0436991,0.0427495,0.040322,0.0510838,0,0,0,0,0,0,0,0,0,1,1,1,1,1,1,1,1,1,1,1,1,1,0,0,0,0,0,0,0,0,0,1,1,1,1,1,1,1,1,1,1,1,1,1,0,0,0,0,0,0,0,0,0,1,0,0,0,0,0,0,0,0,0,0,0,0,0,0,0,0,0,0,0,0,0,0,13,0,0,0,0,0,0,0,0,0,0,0,0,0,0,0,0,0,0,0,0,0,0,0,0,0,0,0,0,0,0,0,0,0,0,0,0,0,0,0,0,0,0,0,0,0,0,0,0
-0.0426496,-0.72096,0.692233,0,0,0,0,3.00494e-09,1.20474e-07,-1.23859e-07,3061,1459,1460,1467,1468,1469,1476,1477,3052,3053,3060,3062,3069,3070,0,0,0,0,0,0,0,0,0,1459,1460,1467,1468,1469,1476,1477,3052,3053,3060,3062,3069,3070,0,0,0,0,0,0,0,0,0,0.110831,0.106615,0.107929,0.10004,0.107677,0.106894,0.111116,0.0500095,0.0394448,0.0426678,0.0420322,0.0404567,0.0507695,0,0,0,0,0,0,0,0,0,0.110831,0.106569,0.107964,0.1,0.107705,0.106864,0.111221,0.0503322,0.0383079,0.0427495,0.0420077,0.0392072,0.0511965,0,0,0,0,0,0,0,0,0,1,1,1,1,1,1,1,1,1,1,1,1,1,0,0,0,0,0,0,0,0,0,1,1,1,1,1,1,1,1,1,1,1,1,1,0,0,0,0,0,0,0,0,0,1,0,0,0,0,0,0,0,0,0,0,0,0,0,0,0,0,0,0,0,0,0,0,13,0,0,0,0,0,0,0,0,0,0,0,0,0,0,0,0,0,0,0,0,0,0,0,0,0,0,0,0,0,0,0,0,0,0,0,0,0,0,0,0,0,0,0,0,0,0,0,0
-0.0185464,-0.706807,0.723625,0,0,0,0,1.73106e-09,1.09473e-07,-1.18308e-07,3062,94,95,1460,1461,1468,1469,1477,1687,1688,3053,3054,3061,3070,0,0,0,0,0,0,0,0,0,94,95,1460,1461,1468,1469,1477,1687,1688,3053,3054,3061,3070,0,0,0,0,0,0,0,0,0,0.107859,0.111311,0.110894,0.106237,0.107707,0.100054,0.106516,0.0426425,0.0511542,0.0500861,0.0382044,0.0420322,0.0392495,0,0,0,0,0,0,0,0,0,0.107857,0.111478,0.110936,0.106185,0.107696,0.1,0.106475,0.0424447,0.0518088,0.0505842,0.0371624,0.0420077,0.0380636,0,0,0,0,0,0,0,0,0,1,1,1,1,1,1,1,1,1,1,1,1,1,0,0,0,0,0,0,0,0,0,1,1,1,1,1,1,1,1,1,1,1,1,1,0,0,0,0,0,0,0,0,0,1,0,0,0,0,0,0,0,0,0,0,0,0,0,0,0,0,0,0,0,0,0,0,13,0,0,0,0,0,0,0,0,0,0,0,0,0,0,0,0,0,0,0,0,0,0,0,0,0,0,0,0,0,0,0,0,0,0,0,0,0,0,0,0,0,0,0,0,0,0,0,0
-0.23047,-0.761595,0.481527,0,0,0,0,5.09467e-09,1.78508e-07,-1.31027e-07,3063,1462,1470,1471,1478,1479,3055,3064,3071,3072,0,0,0,0,0,0,0,0,0,0,0,0,0,1462,1470,1471,1478,1479,3055,3064,3071,3072,0,0,0,0,0,0,0,0,0,0,0,0,0,0.106834,0.100033,0.110019,0.107195,0.11182,0.0402977,0.0482502,0.0410535,0.0525899,0,0,0,0,0,0,0,0,0,0,0,0,0,0.10691,0.1,0.110057,0.107215,0.111738,0.0398491,0.0483823,0.0407529,0.052453,0,0,0,0,0,0,0,0,0,0,0,0,0,1,1,1,1,1,1,1,1,1,0,0,0,0,0,0,0,0,0,0,0,0,0,1,1,1,1,1,1,1,1,1,0,0,0,0,0,0,0,0,0,0,0,0,0,1,0,0,0,0,0,0,0,0,0,0,0,0,0,0,0,0,0,0,0,0,0,0,9,0,0,0,0,0,0,0,0,0,0,0,0,0,0,0,0,0,0,0,0,0,0,0,0,0,0,0,0,0,0,0,0,0,0,0,0,0,0,0,0,0,0,0,0,0,0,0,0
-0.207291,-0.756957,0.523589,0,0,0,0,6.91666e-09,1.66933e-07,-1.31303e-07,3064,1462,1463,1470,1471,1472,1479,1480,3055,3056,3063,3065,3072,3073,0,0,0,0,0,0,0,0,0,1462,1463,1470,1471,1472,1479,1480,3055,3056,3063,3065,3072,3073,0,0,0,0,0,0,0,0,0,0.111633,0.106792,0.110007,0.100054,0.109751,0.107171,0.111868,0.0522937,0.0400176,0.0482502,0.0474709,0.0410106,0.0526203,0,0,0,0,0,0,0,0,0,0.111596,0.106902,0.110052,0.1,0.109725,0.10722,0.111791,0.0521385,0.0398221,0.0483823,0.0475412,0.0407634,0.052575,0,0,0,0,0,0,0,0,0,1,1,1,1,1,1,1,1,1,1,1,1,1,0,0,0,0,0,0,0,0,0,1,1,1,1,1,1,1,1,1,1,1,1,1,0,0,0,0,0,0,0,0,0,1,0,0,0,0,0,0,0,0,0,0,0,0,0,0,0,0,0,0,0,0,0,0,13,0,0,0,0,0,0,0,0,0,0,0,0,0,0,0,0,0,0,0,0,0,0,0,0,0,0,0,0,0,0,0,0,0,0,0,0,0,0,0,0,0,0,0,0,0,0,0,0
-0.183226,-0.750554,0.564005,0,0,0,0,7.43003e-09,1.55676e-07,-1.30559e-07,3065,1463,1464,1471,1472,1473,1480,1481,3056,3057,3064,3066,3073,3074,0,0,0,0,0,0,0,0,0,1463,1464,1471,1472,1473,1480,1481,3056,3057,3064,3066,3073,3074,0,0,0,0,0,0,0,0,0,0.111587,0.106844,0.109705,0.100072,0.10943,0.107156,0.111757,0.0520528,0.0399167,0.0474709,0.0465686,0.0409945,0.0523007,0,0,0,0,0,0,0,0,0,0.111619,0.106878,0.109721,0.1,0.109342,0.107205,0.111789,0.0521916,0.0397487,0.0475412,0.0465555,0.0407187,0.0525697,0,0,0,0,0,0,0,0,0,1,1,1,1,1,1,1,1,1,1,1,1,1,0,0,0,0,0,0,0,0,0,1,1,1,1,1,1,1,1,1,1,1,1,1,0,0,0,0,0,0,0,0,0,1,0,0,0,0,0,0,0,0,0,0,0,0,0,0,0,0,0,0,0,0,0,0,13,0,0,0,0,0,0,0,0,0,0,0,0,0,0,0,0,0,0,0,0,0,0,0,0,0,0,0,0,0,0,0,0,0,0,0,0,0,0,0,0,0,0,0,0,0,0,0,0
-0.157837,-0.742779,0.602261,0,0,0,0,7.26045e-09,1.44859e-07,-1.28989e-07,3066,1464,1465,1472,1473,1474,1481,1482,3057,3058,3065,3067,3074,3075,0,0,0,0,0,0,0,0,0,1464,1465,1472,1473,1474,1481,1482,3057,3058,3065,3067,3074,3075,0,0,0,0,0,0,0,0,0,0.11138,0.107018,0.109343,0.10005,0.10885,0.107234,0.111706,0.0513597,0.0407922,0.0465686,0.0450109,0.041371,0.0522043,0,0,0,0,0,0,0,0,0,0.111596,0.10684,0.109339,0.1,0.108925,0.107173,0.111742,0.0521339,0.0396306,0.0465555,0.0454618,0.0406215,0.0524582,0,0,0,0,0,0,0,0,0,1,1,1,1,1,1,1,1,1,1,1,1,1,0,0,0,0,0,0,0,0,0,1,1,1,1,1,1,1,1,1,1,1,1,1,0,0,0,0,0,0,0,0,0,1,0,0,0,0,0,0,0,0,0,0,0,0,0,0,0,0,0,0,0,0,0,0,13,0,0,0,0,0,0,0,0,0,0,0,0,0,0,0,0,0,0,0,0,0,0,0,0,0,0,0,0,0,0,0,0,0,0,0,0,0,0,0,0,0,0,0,0,0,0,0,0
-0.132355,-0.733665,0.638228,0,0,0,0,6.59606e-09,1.34398e-07,-1.26585e-07,3067,1465,1466,1473,1474,1475,1482,1483,3058,3059,3066,3068,3075,3076,0,0,0,0,0,0,0,0,0,1465,1466,1473,1474,1475,1482,1483,3058,3059,3066,3068,3075,3076,0,0,0,0,0,0,0,0,0,0.111468,0.107291,0.108774,0.100074,0.108454,0.107245,0.111668,0.0517574,0.0414606,0.0450109,0.0439498,0.0414407,0.0520768,0,0,0,0,0,0,0,0,0,0.111533,0.107195,0.108923,0.1,0.108575,0.107123,0.111662,0.0519837,0.0404225,0.0454618,0.0444543,0.0404738,0.0522671,0,0,0,0,0,0,0,0,0,1,1,1,1,1,1,1,1,1,1,1,1,1,0,0,0,0,0,0,0,0,0,1,1,1,1,1,1,1,1,1,1,1,1,1,0,0,0,0,0,0,0,0,0,1,0,0,0,0,0,0,0,0,0,0,0,0,0,0,0,0,0,0,0,0,0,0,13,0,0,0,0,0,0,0,0,0,0,0,0,0,0,0,0,0,0,0,0,0,0,0,0,0,0,0,0,0,0,0,0,0,0,0,0,0,0,0,0,0,0,0,0,0,0,0,0
-0.106156,-0.723437,0.672,0,0,0,0,5.64145e-09,1.24344e-07,-1.23501e-07,3068,1466,1467,1474,1475,1476,1483,1484,3059,3060,3067,3069,3076,3077,0,0,0,0,0,0,0,0,0,1466,1467,1474,1475,1476,1483,1484,3059,3060,3067,3069,3076,3077,0,0,0,0,0,0,0,0,0,0.111255,0.107274,0.108375,0.100029,0.108123,0.107375,0.111521,0.0511853,0.0414668,0.0439498,0.0432122,0.0419436,0.0519186,0,0,0,0,0,0,0,0,0,0.111136,0.107257,0.108556,0.1,0.108315,0.107256,0.111483,0.0510798,0.040322,0.0444543,0.0436845,0.0407971,0.0518307,0,0,0,0,0,0,0,0,0,1,1,1,1,1,1,1,1,1,1,1,1,1,0,0,0,0,0,0,0,0,0,1,1,1,1,1,1,1,1,1,1,1,1,1,0,0,0,0,0,0,0,0,0,1,0,0,0,0,0,0,0,0,0,0,0,0,0,0,0,0,0,0,0,0,0,0,13,0,0,0,0,0,0,0,0,0,0,0,0,0,0,0,0,0,0,0,0,0,0,0,0,0,0,0,0,0,0,0,0,0,0,0,0,0,0,0,0,0,0,0,0,0,0,0,0
-0.0801118,-0.711805,0.704461,0,0,0,0,4.49247e-09,1.14321e-07,-1.19617e-07,3069,1467,1468,1475,1476,1477,1484,1485,3060,3061,3068,3070,3077,3078,0,0,0,0,0,0,0,0,0,1467,1468,1475,1476,1477,1484,1485,3060,3061,3068,3070,3077,3078,0,0,0,0,0,0,0,0,0,0.111205,0.106932,0.108131,0.100037,0.107897,0.107208,0.111471,0.0509293,0.0404567,0.0432122,0.0426414,0.0415725,0.0516131,0,0,0,0,0,0,0,0,0,0.11114,0.106866,0.108307,0.1,0.108025,0.107034,0.111565,0.0510838,0.0392072,0.0436845,0.0428941,0.0401103,0.0520178,0,0,0,0,0,0,0,0,0,1,1,1,1,1,1,1,1,1,1,1,1,1,0,0,0,0,0,0,0,0,0,1,1,1,1,1,1,1,1,1,1,1,1,1,0,0,0,0,0,0,0,0,0,1,0,0,0,0,0,0,0,0,0,0,0,0,0,0,0,0,0,0,0,0,0,0,13,0,0,0,0,0,0,0,0,0,0,0,0,0,0,0,0,0,0,0,0,0,0,0,0,0,0,0,0,0,0,0,0,0,0,0,0,0,0,0,0,0,0,0,0,0,0,0,0
-0.0548183,-0.698491,0.736103,0,0,0,0,3.21006e-09,1.04188e-07,-1.14872e-07,3070,95,96,1468,1469,1476,1477,1485,1688,1689,3061,3062,3069,3078,0,0,0,0,0,0,0,0,0,95,96,1468,1469,1476,1477,1485,1688,1689,3061,3062,3069,3078,0,0,0,0,0,0,0,0,0,0.107913,0.111566,0.111181,0.106556,0.107952,0.100069,0.106948,0.0427936,0.0517538,0.0507695,0.0392495,0.0426414,0.0405178,0,0,0,0,0,0,0,0,0,0.108006,0.111713,0.111188,0.106476,0.108016,0.1,0.106836,0.042849,0.0523659,0.0511965,0.0380636,0.0428941,0.0391611,0,0,0,0,0,0,0,0,0,1,1,1,1,1,1,1,1,1,1,1,1,1,0,0,0,0,0,0,0,0,0,1,1,1,1,1,1,1,1,1,1,1,1,1,0,0,0,0,0,0,0,0,0,1,0,0,0,0,0,0,0,0,0,0,0,0,0,0,0,0,0,0,0,0,0,0,13,0,0,0,0,0,0,0,0,0,0,0,0,0,0,0,0,0,0,0,0,0,0,0,0,0,0,0,0,0,0,0,0,0,0,0,0,0,0,0,0,0,0,0,0,0,0,0,0
-0.268899,-0.747576,0.485,0,0,0,0,2.90199e-09,1.67013e-07,-1.20418e-07,3071,1470,1478,1479,1486,1487,3063,3072,3079,3080,0,0,0,0,0,0,0,0,0,0,0,0,0,1470,1478,1479,1486,1487,3063,3072,3079,3080,0,0,0,0,0,0,0,0,0,0,0,0,0,0.107142,0.100055,0.110519,0.107473,0.111889,0.0410535,0.049451,0.0418272,0.0527712,0,0,0,0,0,0,0,0,0,0,0,0,0,0.107216,0.1,0.110528,0.107518,0.111831,0.0407529,0.0495533,0.0416295,0.0526747,0,0,0,0,0,0,0,0,0,0,0,0,0,1,1,1,1,1,1,1,1,1,0,0,0,0,0,0,0,0,0,0,0,0,0,1,1,1,1,1,1,1,1,1,0,0,0,0,0,0,0,0,0,0,0,0,0,1,0,0,0,0,0,0,0,0,0,0,0,0,0,0,0,0,0,0,0,0,0,0,9,0,0,0,0,0,0,0,0,0,0,0,0,0,0,0,0,0,0,0,0,0,0,0,0,0,0,0,0,0,0,0,0,0,0,0,0,0,0,0,0,0,0,0,0,0,0,0,0
-0.245707,-0.743462,0.528481,0,0,0,0,5.77079e-09,1.56204e-07,-1.21537e-07,3072,1470,1471,1478,1479,1480,1487,1488,3063,3064,3071,3073,3080,3081,0,0,0,0,0,0,0,0,0,1470,1471,1478,1479,1480,1487,1488,3063,3064,3071,3073,3080,3081,0,0,0,0,0,0,0,0,0,0.111757,0.107126,0.110495,0.100043,0.110231,0.107489,0.111986,0.0525899,0.0410106,0.049451,0.048697,0.041935,0.0529639,0,0,0,0,0,0,0,0,0,0.111728,0.107221,0.110522,0.1,0.110217,0.107538,0.111915,0.052453,0.0407634,0.0495533,0.0487839,0.0416822,0.0528706,0,0,0,0,0,0,0,0,0,1,1,1,1,1,1,1,1,1,1,1,1,1,0,0,0,0,0,0,0,0,0,1,1,1,1,1,1,1,1,1,1,1,1,1,0,0,0,0,0,0,0,0,0,1,0,0,0,0,0,0,0,0,0,0,0,0,0,0,0,0,0,0,0,0,0,0,13,0,0,0,0,0,0,0,0,0,0,0,0,0,0,0,0,0,0,0,0,0,0,0,0,0,0,0,0,0,0,0,0,0,0,0,0,0,0,0,0,0,0,0,0,0,0,0,0
-0.221573,-0.737527,0.570359,0,0,0,0,7.11072e-09,1.45732e-07,-1.2165e-07,3073,1471,1472,1479,1480,1481,1488,1489,3064,3065,3072,3074,3081,3082,0,0,0,0,0,0,0,0,0,1471,1472,1479,1480,1481,1488,1489,3064,3065,3072,3074,3081,3082,0,0,0,0,0,0,0,0,0,0.111791,0.107124,0.110184,0.100049,0.109895,0.107491,0.111973,0.0526203,0.0409945,0.048697,0.0478029,0.0419937,0.05289,0,0,0,0,0,0,0,0,0,0.111781,0.107207,0.110213,0.1,0.109845,0.107536,0.111939,0.052575,0.0407187,0.0487839,0.0478475,0.0416736,0.0529253,0,0,0,0,0,0,0,0,0,1,1,1,1,1,1,1,1,1,1,1,1,1,0,0,0,0,0,0,0,0,0,1,1,1,1,1,1,1,1,1,1,1,1,1,0,0,0,0,0,0,0,0,0,1,0,0,0,0,0,0,0,0,0,0,0,0,0,0,0,0,0,0,0,0,0,0,13,0,0,0,0,0,0,0,0,0,0,0,0,0,0,0,0,0,0,0,0,0,0,0,0,0,0,0,0,0,0,0,0,0,0,0,0,0,0,0,0,0,0,0,0,0,0,0,0
-0.196374,-0.730047,0.610286,0,0,0,0,7.55378e-09,1.35562e-07,-1.20858e-07,3074,1472,1473,1480,1481,1482,1489,1490,3065,3066,3073,3075,3082,3083,0,0,0,0,0,0,0,0,0,1472,1473,1480,1481,1482,1489,1490,3065,3066,3073,3075,3082,3083,0,0,0,0,0,0,0,0,0,0.111673,0.107238,0.109823,0.100032,0.109407,0.107518,0.111932,0.0523007,0.041371,0.0478029,0.04654,0.0421846,0.0527901,0,0,0,0,0,0,0,0,0,0.111779,0.107175,0.109842,0.1,0.10943,0.107513,0.111913,0.0525697,0.0406215,0.0478475,0.0467852,0.0416064,0.0528629,0,0,0,0,0,0,0,0,0,1,1,1,1,1,1,1,1,1,1,1,1,1,0,0,0,0,0,0,0,0,0,1,1,1,1,1,1,1,1,1,1,1,1,1,0,0,0,0,0,0,0,0,0,1,0,0,0,0,0,0,0,0,0,0,0,0,0,0,0,0,0,0,0,0,0,0,13,0,0,0,0,0,0,0,0,0,0,0,0,0,0,0,0,0,0,0,0,0,0,0,0,0,0,0,0,0,0,0,0,0,0,0,0,0,0,0,0,0,0,0,0,0,0,0,0
-0.170632,-0.721173,0.64803,0,0,0,0,7.35943e-09,1.25702e-07,-1.19203e-07,3075,1473,1474,1481,1482,1483,1490,1491,3066,3067,3074,3076,3083,3084,0,0,0,0,0,0,0,0,0,1473,1474,1481,1482,1483,1490,1491,3066,3067,3074,3076,3083,3084,0,0,0,0,0,0,0,0,0,0.111652,0.107264,0.109333,0.100022,0.108899,0.107523,0.111871,0.0522043,0.0414407,0.04654,0.0452093,0.0422858,0.0526606,0,0,0,0,0,0,0,0,0,0.111732,0.107125,0.109428,0.1,0.108993,0.107471,0.111849,0.0524582,0.0404738,0.0467852,0.0456412,0.0414833,0.052711,0,0,0,0,0,0,0,0,0,1,1,1,1,1,1,1,1,1,1,1,1,1,0,0,0,0,0,0,0,0,0,1,1,1,1,1,1,1,1,1,1,1,1,1,0,0,0,0,0,0,0,0,0,1,0,0,0,0,0,0,0,0,0,0,0,0,0,0,0,0,0,0,0,0,0,0,13,0,0,0,0,0,0,0,0,0,0,0,0,0,0,0,0,0,0,0,0,0,0,0,0,0,0,0,0,0,0,0,0,0,0,0,0,0,0,0,0,0,0,0,0,0,0,0,0
-0.144544,-0.711105,0.683553,0,0,0,0,6.7143e-09,1.1616e-07,-1.16795e-07,3076,1474,1475,1482,1483,1484,1491,1492,3067,3068,3075,3077,3084,3085,0,0,0,0,0,0,0,0,0,1474,1475,1482,1483,1484,1491,1492,3067,3068,3075,3077,3084,3085,0,0,0,0,0,0,0,0,0,0.111645,0.107431,0.108847,0.100035,0.108369,0.107517,0.111791,0.0520768,0.0419436,0.0452093,0.0439429,0.0423167,0.0524797,0,0,0,0,0,0,0,0,0,0.111652,0.107304,0.108991,0.1,0.108557,0.10741,0.111763,0.0522671,0.0407971,0.0456412,0.044477,0.0413063,0.0525095,0,0,0,0,0,0,0,0,0,1,1,1,1,1,1,1,1,1,1,1,1,1,0,0,0,0,0,0,0,0,0,1,1,1,1,1,1,1,1,1,1,1,1,1,0,0,0,0,0,0,0,0,0,1,0,0,0,0,0,0,0,0,0,0,0,0,0,0,0,0,0,0,0,0,0,0,13,0,0,0,0,0,0,0,0,0,0,0,0,0,0,0,0,0,0,0,0,0,0,0,0,0,0,0,0,0,0,0,0,0,0,0,0,0,0,0,0,0,0,0,0,0,0,0,0
-0.118022,-0.700009,0.716786,0,0,0,0,5.75441e-09,1.06999e-07,-1.13729e-07,3077,1475,1476,1483,1484,1485,1492,1493,3068,3069,3076,3078,3085,3086,0,0,0,0,0,0,0,0,0,1475,1476,1483,1484,1485,1492,1493,3068,3069,3076,3078,3085,3086,0,0,0,0,0,0,0,0,0,0.11155,0.107233,0.108346,0.0999243,0.107991,0.107491,0.111735,0.0519186,0.0415725,0.0439429,0.0429852,0.0424668,0.0525318,0,0,0,0,0,0,0,0,0,0.111457,0.107052,0.108556,0.1,0.108249,0.107331,0.111686,0.0518307,0.0401103,0.044477,0.0435747,0.0410749,0.0523264,0,0,0,0,0,0,0,0,0,1,1,1,1,1,1,1,1,1,1,1,1,1,0,0,0,0,0,0,0,0,0,1,1,1,1,1,1,1,1,1,1,1,1,1,0,0,0,0,0,0,0,0,0,1,0,0,0,0,0,0,0,0,0,0,0,0,0,0,0,0,0,0,0,0,0,0,13,0,0,0,0,0,0,0,0,0,0,0,0,0,0,0,0,0,0,0,0,0,0,0,0,0,0,0,0,0,0,0,0,0,0,0,0,0,0,0,0,0,0,0,0,0,0,0,0
-0.091832,-0.687719,0.748579,0,0,0,0,4.56868e-09,9.78738e-08,-1.09934e-07,3078,96,97,1476,1477,1484,1485,1493,1689,1690,3069,3070,3077,3086,0,0,0,0,0,0,0,0,0,96,97,1476,1477,1484,1485,1493,1689,1690,3069,3070,3077,3086,0,0,0,0,0,0,0,0,0,0.10801,0.11191,0.111533,0.106956,0.108057,0.100096,0.1074,0.0430177,0.0525003,0.0516131,0.0405178,0.0429852,0.042015,0,0,0,0,0,0,0,0,0,0.108208,0.112035,0.111531,0.106837,0.108234,0.1,0.107171,0.0433994,0.05312,0.0520178,0.0391611,0.0435747,0.0404829,0,0,0,0,0,0,0,0,0,1,1,1,1,1,1,1,1,1,1,1,1,1,0,0,0,0,0,0,0,0,0,1,1,1,1,1,1,1,1,1,1,1,1,1,0,0,0,0,0,0,0,0,0,1,0,0,0,0,0,0,0,0,0,0,0,0,0,0,0,0,0,0,0,0,0,0,13,0,0,0,0,0,0,0,0,0,0,0,0,0,0,0,0,0,0,0,0,0,0,0,0,0,0,0,0,0,0,0,0,0,0,0,0,0,0,0,0,0,0,0,0,0,0,0,0
-0.307557,-0.731675,0.486511,0,0,0,0,-6.21882e-10,1.55052e-07,-1.08342e-07,3079,1478,1486,1487,1494,1495,3071,3080,3087,3088,0,0,0,0,0,0,0,0,0,0,0,0,0,1478,1486,1487,1494,1495,3071,3080,3087,3088,0,0,0,0,0,0,0,0,0,0,0,0,0,0.107449,0.100066,0.110998,0.107748,0.111896,0.0418272,0.050592,0.0425685,0.0528219,0,0,0,0,0,0,0,0,0,0,0,0,0,0.107519,0.1,0.110982,0.107801,0.111866,0.0416295,0.0506623,0.0424326,0.0527623,0,0,0,0,0,0,0,0,0,0,0,0,0,1,1,1,1,1,1,1,1,1,0,0,0,0,0,0,0,0,0,0,0,0,0,1,1,1,1,1,1,1,1,1,0,0,0,0,0,0,0,0,0,0,0,0,0,1,0,0,0,0,0,0,0,0,0,0,0,0,0,0,0,0,0,0,0,0,0,0,9,0,0,0,0,0,0,0,0,0,0,0,0,0,0,0,0,0,0,0,0,0,0,0,0,0,0,0,0,0,0,0,0,0,0,0,0,0,0,0,0,0,0,0,0,0,0,0,0
-0.284595,-0.728053,0.531447,0,0,0,0,3.41147e-09,1.44886e-07,-1.10229e-07,3080,1478,1479,1486,1487,1488,1495,1496,3071,3072,3079,3081,3088,3089,0,0,0,0,0,0,0,0,0,1478,1479,1486,1487,1488,1495,1496,3071,3072,3079,3081,3088,3089,0,0,0,0,0,0,0,0,0,0.111838,0.107451,0.110972,0.100042,0.110719,0.107786,0.112035,0.0527712,0.041935,0.050592,0.0498995,0.0427676,0.0531307,0,0,0,0,0,0,0,0,0,0.111821,0.107539,0.110976,0.1,0.110701,0.107837,0.111985,0.0526747,0.0416822,0.0506623,0.0499781,0.0425326,0.0530396,0,0,0,0,0,0,0,0,0,1,1,1,1,1,1,1,1,1,1,1,1,1,0,0,0,0,0,0,0,0,0,1,1,1,1,1,1,1,1,1,1,1,1,1,0,0,0,0,0,0,0,0,0,1,0,0,0,0,0,0,0,0,0,0,0,0,0,0,0,0,0,0,0,0,0,0,13,0,0,0,0,0,0,0,0,0,0,0,0,0,0,0,0,0,0,0,0,0,0,0,0,0,0,0,0,0,0,0,0,0,0,0,0,0,0,0,0,0,0,0,0,0,0,0,0
-0.260556,-0.722568,0.574829,0,0,0,0,5.73385e-09,1.35126e-07,-1.1116e-07,3081,1479,1480,1487,1488,1489,1496,1497,3072,3073,3080,3082,3089,3090,0,0,0,0,0,0,0,0,0,1479,1480,1487,1488,1489,1496,1497,3072,3073,3080,3082,3089,3090,0,0,0,0,0,0,0,0,0,0.111913,0.107459,0.110674,0.100036,0.11038,0.107806,0.112084,0.0529639,0.0419937,0.0498995,0.0490351,0.0428978,0.0532151,0,0,0,0,0,0,0,0,0,0.111905,0.107537,0.110695,0.1,0.110345,0.107851,0.112038,0.0528706,0.0416736,0.0499781,0.0491024,0.0425677,0.0531617,0,0,0,0,0,0,0,0,0,1,1,1,1,1,1,1,1,1,1,1,1,1,0,0,0,0,0,0,0,0,0,1,1,1,1,1,1,1,1,1,1,1,1,1,0,0,0,0,0,0,0,0,0,1,0,0,0,0,0,0,0,0,0,0,0,0,0,0,0,0,0,0,0,0,0,0,13,0,0,0,0,0,0,0,0,0,0,0,0,0,0,0,0,0,0,0,0,0,0,0,0,0,0,0,0,0,0,0,0,0,0,0,0,0,0,0,0,0,0,0,0,0,0,0,0
-0.235479,-0.715437,0.616359,0,0,0,0,6.9648e-09,1.25641e-07,-1.11176e-07,3082,1480,1481,1488,1489,1490,1497,1498,3073,3074,3081,3083,3090,3091,0,0,0,0,0,0,0,0,0,1480,1481,1488,1489,1490,1497,1498,3073,3074,3081,3083,3090,3091,0,0,0,0,0,0,0,0,0,0.111891,0.107502,0.110316,0.10002,0.109945,0.107823,0.112076,0.05289,0.0421846,0.0490351,0.0479292,0.0430429,0.0531896,0,0,0,0,0,0,0,0,0,0.111929,0.107515,0.110341,0.1,0.109938,0.107841,0.112037,0.0529253,0.0416064,0.0491024,0.0480823,0.0425389,0.0531568,0,0,0,0,0,0,0,0,0,1,1,1,1,1,1,1,1,1,1,1,1,1,0,0,0,0,0,0,0,0,0,1,1,1,1,1,1,1,1,1,1,1,1,1,0,0,0,0,0,0,0,0,0,1,0,0,0,0,0,0,0,0,0,0,0,0,0,0,0,0,0,0,0,0,0,0,13,0,0,0,0,0,0,0,0,0,0,0,0,0,0,0,0,0,0,0,0,0,0,0,0,0,0,0,0,0,0,0,0,0,0,0,0,0,0,0,0,0,0,0,0,0,0,0,0
-0.209649,-0.706846,0.655808,0,0,0,0,7.39479e-09,1.16431e-07,-1.10323e-07,3083,1481,1482,1489,1490,1491,1498,1499,3074,3075,3082,3084,3091,3092,0,0,0,0,0,0,0,0,0,1481,1482,1489,1490,1491,1498,1499,3074,3075,3082,3084,3091,3092,0,0,0,0,0,0,0,0,0,0.11186,0.107518,0.109875,0.100009,0.109455,0.107826,0.112036,0.0527901,0.0422858,0.0479292,0.0466928,0.0431406,0.0531018,0,0,0,0,0,0,0,0,0,0.111903,0.107473,0.109935,0.1,0.1095,0.10781,0.111994,0.0528629,0.0414833,0.0480823,0.0469642,0.0424488,0.0530549,0,0,0,0,0,0,0,0,0,1,1,1,1,1,1,1,1,1,1,1,1,1,0,0,0,0,0,0,0,0,0,1,1,1,1,1,1,1,1,1,1,1,1,1,0,0,0,0,0,0,0,0,0,1,0,0,0,0,0,0,0,0,0,0,0,0,0,0,0,0,0,0,0,0,0,0,13,0,0,0,0,0,0,0,0,0,0,0,0,0,0,0,0,0,0,0,0,0,0,0,0,0,0,0,0,0,0,0,0,0,0,0,0,0,0,0,0,0,0,0,0,0,0,0,0
-0.183286,-0.696985,0.693063,0,0,0,0,7.22298e-09,1.0751e-07,-1.0868e-07,3084,1482,1483,1490,1491,1492,1499,1500,3075,3076,3083,3085,3092,3093,0,0,0,0,0,0,0,0,0,1482,1483,1490,1491,1492,1499,1500,3075,3076,3083,3085,3092,3093,0,0,0,0,0,0,0,0,0,0.11182,0.107514,0.109397,0.0999917,0.10894,0.10781,0.111973,0.0526606,0.0423167,0.0466928,0.0454267,0.0431908,0.0529909,0,0,0,0,0,0,0,0,0,0.111839,0.107412,0.109497,0.1,0.109056,0.107758,0.111926,0.052711,0.0413063,0.0469642,0.0458091,0.0423005,0.0528952,0,0,0,0,0,0,0,0,0,1,1,1,1,1,1,1,1,1,1,1,1,1,0,0,0,0,0,0,0,0,0,1,1,1,1,1,1,1,1,1,1,1,1,1,0,0,0,0,0,0,0,0,0,1,0,0,0,0,0,0,0,0,0,0,0,0,0,0,0,0,0,0,0,0,0,0,13,0,0,0,0,0,0,0,0,0,0,0,0,0,0,0,0,0,0,0,0,0,0,0,0,0,0,0,0,0,0,0,0,0,0,0,0,0,0,0,0,0,0,0,0,0,0,0,0
-0.156504,-0.686051,0.728089,0,0,0,0,6.60818e-09,9.88908e-08,-1.06337e-07,3085,1483,1484,1491,1492,1493,1500,1501,3076,3077,3084,3086,3093,3094,0,0,0,0,0,0,0,0,0,1483,1484,1491,1492,1493,1500,1501,3076,3077,3084,3086,3093,3094,0,0,0,0,0,0,0,0,0,0.11177,0.10749,0.108914,0.0999672,0.108393,0.107793,0.11195,0.0524797,0.0424668,0.0454267,0.0441612,0.0432496,0.0529967,0,0,0,0,0,0,0,0,0,0.111754,0.107333,0.109055,0.1,0.108649,0.107687,0.111859,0.0525095,0.0410749,0.0458091,0.0447272,0.0420958,0.0527363,0,0,0,0,0,0,0,0,0,1,1,1,1,1,1,1,1,1,1,1,1,1,0,0,0,0,0,0,0,0,0,1,1,1,1,1,1,1,1,1,1,1,1,1,0,0,0,0,0,0,0,0,0,1,0,0,0,0,0,0,0,0,0,0,0,0,0,0,0,0,0,0,0,0,0,0,13,0,0,0,0,0,0,0,0,0,0,0,0,0,0,0,0,0,0,0,0,0,0,0,0,0,0,0,0,0,0,0,0,0,0,0,0,0,0,0,0,0,0,0,0,0,0,0,0
-0.12959,-0.674105,0.760999,0,0,0,0,5.64482e-09,9.05273e-08,-1.03324e-07,3086,97,98,1484,1485,1492,1493,1501,1690,1691,3077,3078,3085,3094,0,0,0,0,0,0,0,0,0,97,98,1484,1485,1492,1493,1501,1690,1691,3077,3078,3085,3094,0,0,0,0,0,0,0,0,0,0.108066,0.111963,0.111764,0.107353,0.108437,0.0999236,0.107744,0.0433158,0.0531067,0.0525318,0.042015,0.0441612,0.0431995,0,0,0,0,0,0,0,0,0,0.108399,0.111837,0.111677,0.107161,0.108649,0.1,0.107595,0.043998,0.0526834,0.0523264,0.0404829,0.0447272,0.0418325,0,0,0,0,0,0,0,0,0,1,1,1,1,1,1,1,1,1,1,1,1,1,0,0,0,0,0,0,0,0,0,1,1,1,1,1,1,1,1,1,1,1,1,1,0,0,0,0,0,0,0,0,0,1,0,0,0,0,0,0,0,0,0,0,0,0,0,0,0,0,0,0,0,0,0,0,13,0,0,0,0,0,0,0,0,0,0,0,0,0,0,0,0,0,0,0,0,0,0,0,0,0,0,0,0,0,0,0,0,0,0,0,0,0,0,0,0,0,0,0,0,0,0,0,0
-0.346242,-0.713923,0.485882,0,0,0,0,-5.62279e-09,1.42906e-07,-9.49854e-08,3087,1486,1494,1495,1502,1503,3079,3088,3095,3096,0,0,0,0,0,0,0,0,0,0,0,0,0,1486,1494,1495,1502,1503,3079,3088,3095,3096,0,0,0,0,0,0,0,0,0,0,0,0,0,0.107734,0.100064,0.111445,0.108015,0.11182,0.0425685,0.0516531,0.0432213,0.0527117,0,0,0,0,0,0,0,0,0,0,0,0,0,0.107801,0.1,0.111412,0.108047,0.111828,0.0424326,0.051694,0.0431225,0.0526765,0,0,0,0,0,0,0,0,0,0,0,0,0,1,1,1,1,1,1,1,1,1,0,0,0,0,0,0,0,0,0,0,0,0,0,1,1,1,1,1,1,1,1,1,0,0,0,0,0,0,0,0,0,0,0,0,0,1,0,0,0,0,0,0,0,0,0,0,0,0,0,0,0,0,0,0,0,0,0,0,9,0,0,0,0,0,0,0,0,0,0,0,0,0,0,0,0,0,0,0,0,0,0,0,0,0,0,0,0,0,0,0,0,0,0,0,0,0,0,0,0,0,0,0,0,0,0,0,0
-0.323708,-0.710772,0.532254,0,0,0,0,-3.33284e-10,1.33233e-07,-9.75228e-08,3088,1486,1487,1494,1495,1496,1503,1504,3079,3080,3087,3089,3096,3097,0,0,0,0,0,0,0,0,0,1486,1487,1494,1495,1496,1503,1504,3079,3080,3087,3089,3096,3097,0,0,0,0,0,0,0,0,0,0.11186,0.107756,0.111433,0.100042,0.111198,0.108047,0.112009,0.0528219,0.0427676,0.0516531,0.05105,0.0434836,0.0531269,0,0,0,0,0,0,0,0,0,0.111857,0.107838,0.111405,0.1,0.111167,0.108104,0.111987,0.0527623,0.0425326,0.051694,0.0511091,0.0432766,0.0530488,0,0,0,0,0,0,0,0,0,1,1,1,1,1,1,1,1,1,1,1,1,1,0,0,0,0,0,0,0,0,0,1,1,1,1,1,1,1,1,1,1,1,1,1,0,0,0,0,0,0,0,0,0,1,0,0,0,0,0,0,0,0,0,0,0,0,0,0,0,0,0,0,0,0,0,0,13,0,0,0,0,0,0,0,0,0,0,0,0,0,0,0,0,0,0,0,0,0,0,0,0,0,0,0,0,0,0,0,0,0,0,0,0,0,0,0,0,0,0,0,0,0,0,0,0
-0.299939,-0.705721,0.57715,0,0,0,0,3.10265e-09,1.2408e-07,-9.91935e-08,3089,1487,1488,1495,1496,1497,1504,1505,3080,3081,3088,3090,3097,3098,0,0,0,0,0,0,0,0,0,1487,1488,1495,1496,1497,1504,1505,3080,3081,3088,3090,3097,3098,0,0,0,0,0,0,0,0,0,0.111972,0.10778,0.11116,0.100032,0.110873,0.10809,0.112107,0.0531307,0.0428978,0.05105,0.0502401,0.0436865,0.0533274,0,0,0,0,0,0,0,0,0,0.111976,0.107852,0.111161,0.1,0.110835,0.108137,0.112073,0.0530396,0.0425677,0.0511091,0.0503063,0.0433653,0.053248,0,0,0,0,0,0,0,0,0,1,1,1,1,1,1,1,1,1,1,1,1,1,0,0,0,0,0,0,0,0,0,1,1,1,1,1,1,1,1,1,1,1,1,1,0,0,0,0,0,0,0,0,0,1,0,0,0,0,0,0,0,0,0,0,0,0,0,0,0,0,0,0,0,0,0,0,13,0,0,0,0,0,0,0,0,0,0,0,0,0,0,0,0,0,0,0,0,0,0,0,0,0,0,0,0,0,0,0,0,0,0,0,0,0,0,0,0,0,0,0,0,0,0,0,0
-0.27505,-0.698957,0.620264,0,0,0,0,5.27935e-09,1.15252e-07,-9.99924e-08,3090,1488,1489,1496,1497,1498,1505,1506,3081,3082,3089,3091,3098,3099,0,0,0,0,0,0,0,0,0,1488,1489,1496,1497,1498,1505,1506,3081,3082,3089,3091,3098,3099,0,0,0,0,0,0,0,0,0,0.112008,0.107803,0.110814,0.100016,0.110467,0.108116,0.112136,0.0532151,0.0430429,0.0502401,0.0492319,0.0438521,0.0533864,0,0,0,0,0,0,0,0,0,0.112029,0.107843,0.11083,0.1,0.110441,0.108145,0.1121,0.0531617,0.0425389,0.0503063,0.0493401,0.0433855,0.0533097,0,0,0,0,0,0,0,0,0,1,1,1,1,1,1,1,1,1,1,1,1,1,0,0,0,0,0,0,0,0,0,1,1,1,1,1,1,1,1,1,1,1,1,1,0,0,0,0,0,0,0,0,0,1,0,0,0,0,0,0,0,0,0,0,0,0,0,0,0,0,0,0,0,0,0,0,13,0,0,0,0,0,0,0,0,0,0,0,0,0,0,0,0,0,0,0,0,0,0,0,0,0,0,0,0,0,0,0,0,0,0,0,0,0,0,0,0,0,0,0,0,0,0,0,0
-0.249253,-0.690668,0.661369,0,0,0,0,6.49316e-09,1.06707e-07,-9.99481e-08,3091,1489,1490,1497,1498,1499,1506,1507,3082,3083,3090,3092,3099,3100,0,0,0,0,0,0,0,0,0,1489,1490,1497,1498,1499,1506,1507,3082,3083,3090,3092,3099,3100,0,0,0,0,0,0,0,0,0,0.112001,0.107812,0.110399,0.0999995,0.110003,0.108125,0.112122,0.0531896,0.0431406,0.0492319,0.048085,0.0439667,0.0533604,0,0,0,0,0,0,0,0,0,0.112028,0.107812,0.110437,0.1,0.110008,0.108129,0.112083,0.0531568,0.0424488,0.0493401,0.0482601,0.0433386,0.0532682,0,0,0,0,0,0,0,0,0,1,1,1,1,1,1,1,1,1,1,1,1,1,0,0,0,0,0,0,0,0,0,1,1,1,1,1,1,1,1,1,1,1,1,1,0,0,0,0,0,0,0,0,0,1,0,0,0,0,0,0,0,0,0,0,0,0,0,0,0,0,0,0,0,0,0,0,13,0,0,0,0,0,0,0,0,0,0,0,0,0,0,0,0,0,0,0,0,0,0,0,0,0,0,0,0,0,0,0,0,0,0,0,0,0,0,0,0,0,0,0,0,0,0,0,0
-0.222765,-0.681047,0.70033,0,0,0,0,6.95319e-09,9.84356e-08,-9.911e-08,3092,1490,1491,1498,1499,1500,1507,1508,3083,3084,3091,3093,3100,3101,0,0,0,0,0,0,0,0,0,1490,1491,1498,1499,1500,1507,1508,3083,3084,3091,3093,3100,3101,0,0,0,0,0,0,0,0,0,0.111974,0.107797,0.109942,0.0999808,0.109505,0.108115,0.112085,0.0531018,0.0431908,0.048085,0.0468792,0.0440328,0.0533045,0,0,0,0,0,0,0,0,0,0.111985,0.10776,0.110005,0.1,0.109563,0.10809,0.112039,0.0530549,0.0423005,0.0482601,0.0471274,0.0432282,0.0531644,0,0,0,0,0,0,0,0,0,1,1,1,1,1,1,1,1,1,1,1,1,1,0,0,0,0,0,0,0,0,0,1,1,1,1,1,1,1,1,1,1,1,1,1,0,0,0,0,0,0,0,0,0,1,0,0,0,0,0,0,0,0,0,0,0,0,0,0,0,0,0,0,0,0,0,0,13,0,0,0,0,0,0,0,0,0,0,0,0,0,0,0,0,0,0,0,0,0,0,0,0,0,0,0,0,0,0,0,0,0,0,0,0,0,0,0,0,0,0,0,0,0,0,0,0
-0.195753,-0.670275,0.737099,0,0,0,0,6.82906e-09,9.04308e-08,-9.75426e-08,3093,1491,1492,1499,1500,1501,1508,1509,3084,3085,3092,3094,3101,3102,0,0,0,0,0,0,0,0,0,1491,1492,1499,1500,1501,1508,1509,3084,3085,3092,3094,3101,3102,0,0,0,0,0,0,0,0,0,0.111934,0.107772,0.109469,0.0999517,0.108996,0.10809,0.112061,0.0529909,0.0432496,0.0468792,0.045699,0.0440747,0.0533094,0,0,0,0,0,0,0,0,0,0.111917,0.107689,0.109561,0.1,0.109145,0.108029,0.111992,0.0528952,0.0420958,0.0471274,0.0460423,0.0430577,0.0530514,0,0,0,0,0,0,0,0,0,1,1,1,1,1,1,1,1,1,1,1,1,1,0,0,0,0,0,0,0,0,0,1,1,1,1,1,1,1,1,1,1,1,1,1,0,0,0,0,0,0,0,0,0,1,0,0,0,0,0,0,0,0,0,0,0,0,0,0,0,0,0,0,0,0,0,0,13,0,0,0,0,0,0,0,0,0,0,0,0,0,0,0,0,0,0,0,0,0,0,0,0,0,0,0,0,0,0,0,0,0,0,0,0,0,0,0,0,0,0,0,0,0,0,0,0
-0.168398,-0.658465,0.771749,0,0,0,0,6.23953e-09,8.26576e-08,-9.52899e-08,3094,98,99,1492,1493,1500,1501,1509,1691,1692,3085,3086,3093,3102,0,0,0,0,0,0,0,0,0,98,99,1492,1493,1500,1501,1509,1691,1692,3085,3086,3093,3102,0,0,0,0,0,0,0,0,0,0.108539,0.112103,0.111947,0.10768,0.109017,0.099925,0.108052,0.0448173,0.0534234,0.0529967,0.0431995,0.045699,0.0440571,0,0,0,0,0,0,0,0,0,0.108823,0.111974,0.11185,0.107598,0.109144,0.1,0.107947,0.0451925,0.053008,0.0527363,0.0418325,0.0460423,0.0428276,0,0,0,0,0,0,0,0,0,1,1,1,1,1,1,1,1,1,1,1,1,1,0,0,0,0,0,0,0,0,0,1,1,1,1,1,1,1,1,1,1,1,1,1,0,0,0,0,0,0,0,0,0,1,0,0,0,0,0,0,0,0,0,0,0,0,0,0,0,0,0,0,0,0,0,0,13,0,0,0,0,0,0,0,0,0,0,0,0,0,0,0,0,0,0,0,0,0,0,0,0,0,0,0,0,0,0,0,0,0,0,0,0,0,0,0,0,0,0,0,0,0,0,0,0
-0.384692,-0.694396,0.48299,0,0,0,0,-1.21962e-08,1.30911e-07,-8.06617e-08,3095,1494,1502,1503,1510,1511,3087,3096,3103,3104,0,0,0,0,0,0,0,0,0,0,0,0,0,1494,1502,1503,1510,1511,3087,3096,3103,3104,0,0,0,0,0,0,0,0,0,0,0,0,0,0.107974,0.100054,0.111851,0.108261,0.111645,0.0432213,0.0526133,0.0437021,0.052407,0,0,0,0,0,0,0,0,0,0,0,0,0,0.108047,0.1,0.111812,0.108237,0.111697,0.0431225,0.052638,0.0436467,0.0523732,0,0,0,0,0,0,0,0,0,0,0,0,0,1,1,1,1,1,1,1,1,1,0,0,0,0,0,0,0,0,0,0,0,0,0,1,1,1,1,1,1,1,1,1,0,0,0,0,0,0,0,0,0,0,0,0,0,1,0,0,0,0,0,0,0,0,0,0,0,0,0,0,0,0,0,0,0,0,0,0,9,0,0,0,0,0,0,0,0,0,0,0,0,0,0,0,0,0,0,0,0,0,0,0,0,0,0,0,0,0,0,0,0,0,0,0,0,0,0,0,0,0,0,0,0,0,0,0,0
-0.362755,-0.691698,0.530736,0,0,0,0,-5.5857e-09,1.21491e-07,-8.36446e-08,3096,1494,1495,1502,1503,1504,1511,1512,3087,3088,3095,3097,3104,3105,0,0,0,0,0,0,0,0,0,1494,1495,1502,1503,1504,1511,1512,3087,3088,3095,3097,3104,3105,0,0,0,0,0,0,0,0,0,0.111809,0.108026,0.111878,0.100045,0.111653,0.108238,0.111903,0.0527117,0.0434836,0.0526133,0.0521182,0.0440429,0.0529423,0,0,0,0,0,0,0,0,0,0.11182,0.108104,0.111804,0.1,0.111611,0.108318,0.111907,0.0526765,0.0432766,0.052638,0.0521642,0.0438678,0.0528664,0,0,0,0,0,0,0,0,0,1,1,1,1,1,1,1,1,1,1,1,1,1,0,0,0,0,0,0,0,0,0,1,1,1,1,1,1,1,1,1,1,1,1,1,0,0,0,0,0,0,0,0,0,1,0,0,0,0,0,0,0,0,0,0,0,0,0,0,0,0,0,0,0,0,0,0,13,0,0,0,0,0,0,0,0,0,0,0,0,0,0,0,0,0,0,0,0,0,0,0,0,0,0,0,0,0,0,0,0,0,0,0,0,0,0,0,0,0,0,0,0,0,0,0,0
-0.339438,-0.687058,0.577116,0,0,0,0,-9.41259e-10,1.12818e-07,-8.59107e-08,3097,1495,1496,1503,1504,1505,1512,1513,3088,3089,3096,3098,3105,3106,0,0,0,0,0,0,0,0,0,1495,1496,1503,1504,1505,1512,1513,3088,3089,3096,3098,3105,3106,0,0,0,0,0,0,0,0,0,0.111964,0.108073,0.111628,0.100032,0.111352,0.10832,0.112047,0.0531269,0.0436865,0.0521182,0.0513818,0.0443317,0.0532441,0,0,0,0,0,0,0,0,0,0.111979,0.108137,0.111603,0.1,0.111307,0.108378,0.112032,0.0530488,0.0433653,0.0521642,0.0514444,0.0440272,0.053157,0,0,0,0,0,0,0,0,0,1,1,1,1,1,1,1,1,1,1,1,1,1,0,0,0,0,0,0,0,0,0,1,1,1,1,1,1,1,1,1,1,1,1,1,0,0,0,0,0,0,0,0,0,1,0,0,0,0,0,0,0,0,0,0,0,0,0,0,0,0,0,0,0,0,0,0,13,0,0,0,0,0,0,0,0,0,0,0,0,0,0,0,0,0,0,0,0,0,0,0,0,0,0,0,0,0,0,0,0,0,0,0,0,0,0,0,0,0,0,0,0,0,0,0,0
-0.314872,-0.680657,0.621788,0,0,0,0,2.31111e-09,1.04582e-07,-8.74166e-08,3098,1496,1497,1504,1505,1506,1513,1514,3089,3090,3097,3099,3106,3107,0,0,0,0,0,0,0,0,0,1496,1497,1504,1505,1506,1513,1514,3089,3090,3097,3099,3106,3107,0,0,0,0,0,0,0,0,0,0.112042,0.108103,0.111298,0.100015,0.110972,0.108375,0.112114,0.0533274,0.0438521,0.0513818,0.050454,0.0445571,0.0533872,0,0,0,0,0,0,0,0,0,0.112065,0.108146,0.111301,0.1,0.110933,0.10841,0.112092,0.053248,0.0433855,0.0514444,0.0505435,0.044113,0.0532963,0,0,0,0,0,0,0,0,0,1,1,1,1,1,1,1,1,1,1,1,1,1,0,0,0,0,0,0,0,0,0,1,1,1,1,1,1,1,1,1,1,1,1,1,0,0,0,0,0,0,0,0,0,1,0,0,0,0,0,0,0,0,0,0,0,0,0,0,0,0,0,0,0,0,0,0,13,0,0,0,0,0,0,0,0,0,0,0,0,0,0,0,0,0,0,0,0,0,0,0,0,0,0,0,0,0,0,0,0,0,0,0,0,0,0,0,0,0,0,0,0,0,0,0,0
-0.289249,-0.672681,0.664514,0,0,0,0,4.45692e-09,9.66802e-08,-8.81485e-08,3099,1497,1498,1505,1506,1507,1514,1515,3090,3091,3098,3100,3107,3108,0,0,0,0,0,0,0,0,0,1497,1498,1505,1506,1507,1514,1515,3090,3091,3098,3100,3107,3108,0,0,0,0,0,0,0,0,0,0.112066,0.108113,0.110906,0.0999974,0.110532,0.108403,0.112131,0.0533864,0.0439667,0.050454,0.0493856,0.0447149,0.0534328,0,0,0,0,0,0,0,0,0,0.112092,0.10813,0.110928,0.1,0.110512,0.108415,0.112106,0.0533097,0.0433386,0.0505435,0.0495145,0.0441243,0.0533268,0,0,0,0,0,0,0,0,0,1,1,1,1,1,1,1,1,1,1,1,1,1,0,0,0,0,0,0,0,0,0,1,1,1,1,1,1,1,1,1,1,1,1,1,0,0,0,0,0,0,0,0,0,1,0,0,0,0,0,0,0,0,0,0,0,0,0,0,0,0,0,0,0,0,0,0,13,0,0,0,0,0,0,0,0,0,0,0,0,0,0,0,0,0,0,0,0,0,0,0,0,0,0,0,0,0,0,0,0,0,0,0,0,0,0,0,0,0,0,0,0,0,0,0,0
-0.262781,-0.663315,0.705142,0,0,0,0,5.70329e-09,8.90661e-08,-8.81193e-08,3100,1498,1499,1506,1507,1508,1515,1516,3091,3092,3099,3101,3108,3109,0,0,0,0,0,0,0,0,0,1498,1499,1506,1507,1508,1515,1516,3091,3092,3099,3101,3108,3109,0,0,0,0,0,0,0,0,0,0.112058,0.1081,0.110469,0.0999768,0.110056,0.108406,0.112122,0.0533604,0.0440328,0.0493856,0.0482456,0.0448144,0.0534407,0,0,0,0,0,0,0,0,0,0.112075,0.108092,0.110508,0.1,0.110072,0.108394,0.112093,0.0532682,0.0432282,0.0495145,0.0484194,0.0440649,0.0532939,0,0,0,0,0,0,0,0,0,1,1,1,1,1,1,1,1,1,1,1,1,1,0,0,0,0,0,0,0,0,0,1,1,1,1,1,1,1,1,1,1,1,1,1,0,0,0,0,0,0,0,0,0,1,0,0,0,0,0,0,0,0,0,0,0,0,0,0,0,0,0,0,0,0,0,0,13,0,0,0,0,0,0,0,0,0,0,0,0,0,0,0,0,0,0,0,0,0,0,0,0,0,0,0,0,0,0,0,0,0,0,0,0,0,0,0,0,0,0,0,0,0,0,0,0
-0.235658,-0.652734,0.743613,0,0,0,0,6.22511e-09,8.17082e-08,-8.73644e-08,3101,1499,1500,1507,1508,1509,1516,1517,3092,3093,3100,3102,3109,3110,0,0,0,0,0,0,0,0,0,1499,1500,1507,1508,1509,1516,1517,3092,3093,3100,3102,3109,3110,0,0,0,0,0,0,0,0,0,0.112038,0.108066,0.110013,0.0999504,0.109572,0.10839,0.112119,0.0533045,0.0440747,0.0482456,0.0471313,0.0448725,0.0534827,0,0,0,0,0,0,0,0,0,0.112031,0.108031,0.110069,0.1,0.109651,0.108349,0.112074,0.0531644,0.0430577,0.0484194,0.0473525,0.0439397,0.0532491,0,0,0,0,0,0,0,0,0,1,1,1,1,1,1,1,1,1,1,1,1,1,0,0,0,0,0,0,0,0,0,1,1,1,1,1,1,1,1,1,1,1,1,1,0,0,0,0,0,0,0,0,0,1,0,0,0,0,0,0,0,0,0,0,0,0,0,0,0,0,0,0,0,0,0,0,13,0,0,0,0,0,0,0,0,0,0,0,0,0,0,0,0,0,0,0,0,0,0,0,0,0,0,0,0,0,0,0,0,0,0,0,0,0,0,0,0,0,0,0,0,0,0,0,0
-0.20803,-0.641068,0.779972,0,0,0,0,6.15718e-09,7.45693e-08,-8.59188e-08,3102,99,100,1500,1501,1508,1509,1517,1692,1693,3093,3094,3101,3110,0,0,0,0,0,0,0,0,0,99,100,1500,1501,1508,1509,1517,1692,1693,3093,3094,3101,3110,0,0,0,0,0,0,0,0,0,0.109138,0.112154,0.11204,0.107992,0.109573,0.0999162,0.108359,0.0462258,0.0536105,0.0533094,0.0440571,0.0471313,0.0448864,0,0,0,0,0,0,0,0,0,0.109304,0.112076,0.111984,0.10795,0.109649,0.1,0.108281,0.046458,0.0532514,0.0530514,0.0428276,0.0473525,0.0437505,0,0,0,0,0,0,0,0,0,1,1,1,1,1,1,1,1,1,1,1,1,1,0,0,0,0,0,0,0,0,0,1,1,1,1,1,1,1,1,1,1,1,1,1,0,0,0,0,0,0,0,0,0,1,0,0,0,0,0,0,0,0,0,0,0,0,0,0,0,0,0,0,0,0,0,0,13,0,0,0,0,0,0,0,0,0,0,0,0,0,0,0,0,0,0,0,0,0,0,0,0,0,0,0,0,0,0,0,0,0,0,0,0,0,0,0,0,0,0,0,0,0,0,0,0
-0.422581,-0.673256,0.477754,0,0,0,0,-2.03256e-08,1.19556e-07,-6.5829e-08,3103,1502,1510,1511,1518,3095,3104,3111,0,0,0,0,0,0,0,0,0,0,0,0,0,0,0,1502,1510,1511,1518,3095,3104,3111,0,0,0,0,0,0,0,0,0,0,0,0,0,0,0,0.108135,0.100009,0.112232,0.111497,0.0437021,0.0534545,0.051804,0,0,0,0,0,0,0,0,0,0,0,0,0,0,0,0.108236,0.1,0.112183,0.111453,0.0436467,0.0534993,0.0517991,0,0,0,0,0,0,0,0,0,0,0,0,0,0,0,1,1,1,1,1,1,1,0,0,0,0,0,0,0,0,0,0,0,0,0,0,0,1,1,1,1,1,1,1,0,0,0,0,0,0,0,0,0,0,0,0,0,0,0,1,0,0,0,0,0,0,0,0,0,0,0,0,0,0,0,0,0,0,0,0,0,0,7,0,0,0,0,0,0,0,0,0,0,0,0,0,0,0,0,0,0,0,0,0,0,0,0,0,0,0,0,0,0,0,0,0,0,0,0,0,0,0,0,0,0,0,0,0,0,0,0
-0.401405,-0.670954,0.526781,0,0,0,0,-1.23941e-08,1.0986e-07,-6.88921e-08,3104,1502,1503,1510,1511,1512,1518,1519,3095,3096,3103,3105,3111,3112,0,0,0,0,0,0,0,0,0,1502,1503,1510,1511,1512,1518,1519,3095,3096,3103,3105,3111,3112,0,0,0,0,0,0,0,0,0,0.111663,0.108249,0.112272,0.100047,0.112075,0.108347,0.111724,0.052407,0.0440429,0.0534545,0.0530741,0.0443689,0.0525306,0,0,0,0,0,0,0,0,0,0.11169,0.108318,0.112173,0.1,0.112026,0.108447,0.111732,0.0523732,0.0438678,0.0534993,0.0531366,0.044219,0.0524593,0,0,0,0,0,0,0,0,0,1,1,1,1,1,1,1,1,1,1,1,1,1,0,0,0,0,0,0,0,0,0,1,1,1,1,1,1,1,1,1,1,1,1,1,0,0,0,0,0,0,0,0,0,1,0,0,0,0,0,0,0,0,0,0,0,0,0,0,0,0,0,0,0,0,0,0,13,0,0,0,0,0,0,0,0,0,0,0,0,0,0,0,0,0,0,0,0,0,0,0,0,0,0,0,0,0,0,0,0,0,0,0,0,0,0,0,0,0,0,0,0,0,0,0,0
-0.378731,-0.666687,0.574578,0,0,0,0,-6.50156e-09,1.01541e-07,-7.15178e-08,3105,1503,1504,1511,1512,1513,1519,1520,3096,3097,3104,3106,3112,3113,0,0,0,0,0,0,0,0,0,1503,1504,1511,1512,1513,1519,1520,3096,3097,3104,3106,3112,3113,0,0,0,0,0,0,0,0,0,0.111885,0.108324,0.112054,0.100035,0.111805,0.108475,0.111906,0.0529423,0.0443317,0.0530741,0.052429,0.0447899,0.0529501,0,0,0,0,0,0,0,0,0,0.1119,0.108378,0.112017,0.1,0.111755,0.108548,0.111903,0.0528664,0.0440272,0.0531366,0.0525035,0.0444909,0.0528615,0,0,0,0,0,0,0,0,0,1,1,1,1,1,1,1,1,1,1,1,1,1,0,0,0,0,0,0,0,0,0,1,1,1,1,1,1,1,1,1,1,1,1,1,0,0,0,0,0,0,0,0,0,1,0,0,0,0,0,0,0,0,0,0,0,0,0,0,0,0,0,0,0,0,0,0,13,0,0,0,0,0,0,0,0,0,0,0,0,0,0,0,0,0,0,0,0,0,0,0,0,0,0,0,0,0,0,0,0,0,0,0,0,0,0,0,0,0,0,0,0,0,0,0,0
-0.354661,-0.66063,0.62076,0,0,0,0,-2.08335e-09,9.38294e-08,-7.36034e-08,3106,1504,1505,1512,1513,1514,1520,1521,3097,3098,3105,3107,3113,3114,0,0,0,0,0,0,0,0,0,1504,1505,1512,1513,1514,1520,1521,3097,3098,3105,3107,3113,3114,0,0,0,0,0,0,0,0,0,0.111998,0.108374,0.111751,0.100018,0.111452,0.108579,0.112008,0.0532441,0.0445571,0.052429,0.0515841,0.0451084,0.0531848,0,0,0,0,0,0,0,0,0,0.112025,0.108411,0.111747,0.1,0.111405,0.108617,0.112002,0.053157,0.044113,0.0525035,0.0516763,0.0446744,0.0530917,0,0,0,0,0,0,0,0,0,1,1,1,1,1,1,1,1,1,1,1,1,1,0,0,0,0,0,0,0,0,0,1,1,1,1,1,1,1,1,1,1,1,1,1,0,0,0,0,0,0,0,0,0,1,0,0,0,0,0,0,0,0,0,0,0,0,0,0,0,0,0,0,0,0,0,0,13,0,0,0,0,0,0,0,0,0,0,0,0,0,0,0,0,0,0,0,0,0,0,0,0,0,0,0,0,0,0,0,0,0,0,0,0,0,0,0,0,0,0,0,0,0,0,0,0
-0.329376,-0.65296,0.665063,0,0,0,0,1.11784e-09,8.65262e-08,-7.50422e-08,3107,1505,1506,1513,1514,1515,1521,1522,3098,3099,3106,3108,3114,3115,0,0,0,0,0,0,0,0,0,1505,1506,1513,1514,1515,1521,1522,3098,3099,3106,3108,3114,3115,0,0,0,0,0,0,0,0,0,0.112053,0.108399,0.111385,0.1,0.111037,0.10864,0.112061,0.0533872,0.0447149,0.0515841,0.0505924,0.0453387,0.0533145,0,0,0,0,0,0,0,0,0,0.112085,0.108416,0.111399,0.1,0.111002,0.108654,0.112053,0.0532963,0.0441243,0.0516763,0.0507108,0.0447695,0.0532078,0,0,0,0,0,0,0,0,0,1,1,1,1,1,1,1,1,1,1,1,1,1,0,0,0,0,0,0,0,0,0,1,1,1,1,1,1,1,1,1,1,1,1,1,0,0,0,0,0,0,0,0,0,1,0,0,0,0,0,0,0,0,0,0,0,0,0,0,0,0,0,0,0,0,0,0,13,0,0,0,0,0,0,0,0,0,0,0,0,0,0,0,0,0,0,0,0,0,0,0,0,0,0,0,0,0,0,0,0,0,0,0,0,0,0,0,0,0,0,0,0,0,0,0,0
-0.30309,-0.643852,0.70732,0,0,0,0,3.29207e-09,7.95486e-08,-7.57922e-08,3108,1506,1507,1514,1515,1516,1522,1523,3099,3100,3107,3109,3115,3116,0,0,0,0,0,0,0,0,0,1506,1507,1514,1515,1516,1522,1523,3099,3100,3107,3109,3115,3116,0,0,0,0,0,0,0,0,0,0.112071,0.108398,0.110971,0.0999794,0.110585,0.108668,0.112088,0.0534328,0.0448144,0.0505924,0.0495207,0.0454952,0.0534055,0,0,0,0,0,0,0,0,0,0.112099,0.108395,0.110997,0.1,0.110575,0.108659,0.112078,0.0533268,0.0440649,0.0507108,0.0496698,0.0447827,0.0532642,0,0,0,0,0,0,0,0,0,1,1,1,1,1,1,1,1,1,1,1,1,1,0,0,0,0,0,0,0,0,0,1,1,1,1,1,1,1,1,1,1,1,1,1,0,0,0,0,0,0,0,0,0,1,0,0,0,0,0,0,0,0,0,0,0,0,0,0,0,0,0,0,0,0,0,0,13,0,0,0,0,0,0,0,0,0,0,0,0,0,0,0,0,0,0,0,0,0,0,0,0,0,0,0,0,0,0,0,0,0,0,0,0,0,0,0,0,0,0,0,0,0,0,0,0
-0.276004,-0.633473,0.747457,0,0,0,0,4.60949e-09,7.28402e-08,-7.58524e-08,3109,1507,1508,1515,1516,1517,1523,1524,3100,3101,3108,3110,3116,3117,0,0,0,0,0,0,0,0,0,1507,1508,1515,1516,1517,1523,1524,3100,3101,3108,3110,3116,3117,0,0,0,0,0,0,0,0,0,0.112074,0.108372,0.110535,0.0999544,0.110127,0.108671,0.112119,0.0534407,0.0448725,0.0495207,0.0484666,0.0455964,0.0535237,0,0,0,0,0,0,0,0,0,0.112086,0.108351,0.110571,0.1,0.110162,0.108637,0.1121,0.0532939,0.0439397,0.0496698,0.0486451,0.0447214,0.0533149,0,0,0,0,0,0,0,0,0,1,1,1,1,1,1,1,1,1,1,1,1,1,0,0,0,0,0,0,0,0,0,1,1,1,1,1,1,1,1,1,1,1,1,1,0,0,0,0,0,0,0,0,0,1,0,0,0,0,0,0,0,0,0,0,0,0,0,0,0,0,0,0,0,0,0,0,13,0,0,0,0,0,0,0,0,0,0,0,0,0,0,0,0,0,0,0,0,0,0,0,0,0,0,0,0,0,0,0,0,0,0,0,0,0,0,0,0,0,0,0,0,0,0,0,0
-0.248269,-0.62196,0.785499,0,0,0,0,5.21292e-09,6.63511e-08,-7.52394e-08,3110,100,101,1508,1509,1516,1517,1524,1693,1694,3101,3102,3109,3117,0,0,0,0,0,0,0,0,0,100,101,1508,1509,1516,1517,1524,1693,1694,3101,3102,3109,3117,0,0,0,0,0,0,0,0,0,0.109701,0.112179,0.11209,0.10831,0.110112,0.0999236,0.108656,0.0475711,0.0537065,0.0534827,0.0448864,0.0484666,0.0456519,0,0,0,0,0,0,0,0,0,0.109807,0.112138,0.112067,0.108283,0.110159,0.1,0.108588,0.0477508,0.0533996,0.0532491,0.0437505,0.0486451,0.0445874,0,0,0,0,0,0,0,0,0,1,1,1,1,1,1,1,1,1,1,1,1,1,0,0,0,0,0,0,0,0,0,1,1,1,1,1,1,1,1,1,1,1,1,1,0,0,0,0,0,0,0,0,0,1,0,0,0,0,0,0,0,0,0,0,0,0,0,0,0,0,0,0,0,0,0,0,13,0,0,0,0,0,0,0,0,0,0,0,0,0,0,0,0,0,0,0,0,0,0,0,0,0,0,0,0,0,0,0,0,0,0,0,0,0,0,0,0,0,0,0,0,0,0,0,0
-0.439273,-0.648774,0.520247,0,0,0,0,-2.07942e-08,9.84541e-08,-5.3243e-08,3111,1510,1511,1518,1519,1525,1526,3103,3104,3112,3118,3119,0,0,0,0,0,0,0,0,0,0,0,1510,1511,1518,1519,1525,1526,3103,3104,3112,3118,3119,0,0,0,0,0,0,0,0,0,0,0,0.111301,0.108411,0.100134,0.112515,0.108324,0.111472,0.051804,0.0443689,0.0539311,0.0442327,0.0518096,0,0,0,0,0,0,0,0,0,0,0,0.111447,0.108446,0.1,0.112412,0.108407,0.111459,0.0517991,0.044219,0.0540276,0.0441086,0.0518157,0,0,0,0,0,0,0,0,0,0,0,1,1,1,1,1,1,1,1,1,1,1,0,0,0,0,0,0,0,0,0,0,0,1,1,1,1,1,1,1,1,1,1,1,0,0,0,0,0,0,0,0,0,0,0,1,0,0,0,0,0,0,0,0,0,0,0,0,0,0,0,0,0,0,0,0,0,0,11,0,0,0,0,0,0,0,0,0,0,0,0,0,0,0,0,0,0,0,0,0,0,0,0,0,0,0,0,0,0,0,0,0,0,0,0,0,0,0,0,0,0,0,0,0,0,0,0
-0.417454,-0.644781,0.569406,0,0,0,0,-1.36144e-08,9.04306e-08,-5.61604e-08,3112,1511,1512,1518,1519,1520,1526,1527,3104,3105,3111,3113,3119,3120,0,0,0,0,0,0,0,0,0,1511,1512,1518,1519,1520,1526,1527,3104,3105,3111,3113,3119,3120,0,0,0,0,0,0,0,0,0,0.111716,0.108513,0.112368,0.100046,0.112229,0.10856,0.111672,0.0525306,0.0447899,0.0539311,0.0533674,0.0449455,0.0523936,0,0,0,0,0,0,0,0,0,0.111726,0.108548,0.112402,0.1,0.11217,0.108598,0.11168,0.0524593,0.0444909,0.0540276,0.0534707,0.0446252,0.0523403,0,0,0,0,0,0,0,0,0,1,1,1,1,1,1,1,1,1,1,1,1,1,0,0,0,0,0,0,0,0,0,1,1,1,1,1,1,1,1,1,1,1,1,1,0,0,0,0,0,0,0,0,0,1,0,0,0,0,0,0,0,0,0,0,0,0,0,0,0,0,0,0,0,0,0,0,13,0,0,0,0,0,0,0,0,0,0,0,0,0,0,0,0,0,0,0,0,0,0,0,0,0,0,0,0,0,0,0,0,0,0,0,0,0,0,0,0,0,0,0,0,0,0,0,0
-0.394082,-0.639021,0.617036,0,0,0,0,-7.99074e-09,8.31974e-08,-5.87257e-08,3113,1512,1513,1519,1520,1521,1527,1528,3105,3106,3112,3114,3120,3121,0,0,0,0,0,0,0,0,0,1512,1513,1519,1520,1521,1527,1528,3105,3106,3112,3114,3120,3121,0,0,0,0,0,0,0,0,0,0.111868,0.108595,0.11214,0.100026,0.111899,0.108708,0.111812,0.0529501,0.0451084,0.0533674,0.0526088,0.0454256,0.0527478,0,0,0,0,0,0,0,0,0,0.111897,0.108617,0.112161,0.1,0.111847,0.108732,0.11182,0.0528615,0.0446744,0.0534707,0.0527205,0.0449827,0.0526696,0,0,0,0,0,0,0,0,0,1,1,1,1,1,1,1,1,1,1,1,1,1,0,0,0,0,0,0,0,0,0,1,1,1,1,1,1,1,1,1,1,1,1,1,0,0,0,0,0,0,0,0,0,1,0,0,0,0,0,0,0,0,0,0,0,0,0,0,0,0,0,0,0,0,0,0,13,0,0,0,0,0,0,0,0,0,0,0,0,0,0,0,0,0,0,0,0,0,0,0,0,0,0,0,0,0,0,0,0,0,0,0,0,0,0,0,0,0,0,0,0,0,0,0,0
-0.369324,-0.631631,0.662863,0,0,0,0,-3.64909e-09,7.64373e-08,-6.07863e-08,3114,1513,1514,1520,1521,1522,1528,1529,3106,3107,3113,3115,3121,3122,0,0,0,0,0,0,0,0,0,1513,1514,1520,1521,1522,1528,1529,3106,3107,3113,3115,3121,3122,0,0,0,0,0,0,0,0,0,0.111956,0.108646,0.111823,0.100006,0.111511,0.108811,0.111904,0.0531848,0.0453387,0.0526088,0.0517,0.0457736,0.0529837,0,0,0,0,0,0,0,0,0,0.111997,0.108654,0.11184,0.1,0.11147,0.108819,0.111912,0.0530917,0.0447695,0.0527205,0.0518295,0.045213,0.0528843,0,0,0,0,0,0,0,0,0,1,1,1,1,1,1,1,1,1,1,1,1,1,0,0,0,0,0,0,0,0,0,1,1,1,1,1,1,1,1,1,1,1,1,1,0,0,0,0,0,0,0,0,0,1,0,0,0,0,0,0,0,0,0,0,0,0,0,0,0,0,0,0,0,0,0,0,13,0,0,0,0,0,0,0,0,0,0,0,0,0,0,0,0,0,0,0,0,0,0,0,0,0,0,0,0,0,0,0,0,0,0,0,0,0,0,0,0,0,0,0,0,0,0,0,0
-0.3434,-0.622767,0.706707,0,0,0,0,-4.29889e-10,7.00515e-08,-6.22577e-08,3115,1514,1515,1521,1522,1523,1529,1530,3107,3108,3114,3116,3122,3123,0,0,0,0,0,0,0,0,0,1514,1515,1521,1522,1523,1529,1530,3107,3108,3114,3116,3122,3123,0,0,0,0,0,0,0,0,0,0.112006,0.108668,0.111442,0.0999857,0.111087,0.108877,0.111979,0.0533145,0.0454952,0.0517,0.0507055,0.0460242,0.0531876,0,0,0,0,0,0,0,0,0,0.112047,0.10866,0.111463,0.1,0.111065,0.108867,0.111985,0.0532078,0.0447827,0.0518295,0.050861,0.0453385,0.0530535,0,0,0,0,0,0,0,0,0,1,1,1,1,1,1,1,1,1,1,1,1,1,0,0,0,0,0,0,0,0,0,1,1,1,1,1,1,1,1,1,1,1,1,1,0,0,0,0,0,0,0,0,0,1,0,0,0,0,0,0,0,0,0,0,0,0,0,0,0,0,0,0,0,0,0,0,13,0,0,0,0,0,0,0,0,0,0,0,0,0,0,0,0,0,0,0,0,0,0,0,0,0,0,0,0,0,0,0,0,0,0,0,0,0,0,0,0,0,0,0,0,0,0,0,0
-0.31652,-0.612581,0.748477,0,0,0,0,1.81828e-09,6.39652e-08,-6.31034e-08,3116,1515,1516,1522,1523,1524,1530,1531,3108,3109,3115,3117,3123,3124,0,0,0,0,0,0,0,0,0,1515,1516,1522,1523,1524,1530,1531,3108,3109,3115,3117,3123,3124,0,0,0,0,0,0,0,0,0,0.112043,0.108662,0.111031,0.0999628,0.110659,0.108913,0.112065,0.0534055,0.0455964,0.0507055,0.0497219,0.0462008,0.0534345,0,0,0,0,0,0,0,0,0,0.112072,0.108638,0.11106,0.1,0.110672,0.108882,0.112066,0.0532642,0.0447214,0.050861,0.0499069,0.0453744,0.0532393,0,0,0,0,0,0,0,0,0,1,1,1,1,1,1,1,1,1,1,1,1,1,0,0,0,0,0,0,0,0,0,1,1,1,1,1,1,1,1,1,1,1,1,1,0,0,0,0,0,0,0,0,0,1,0,0,0,0,0,0,0,0,0,0,0,0,0,0,0,0,0,0,0,0,0,0,13,0,0,0,0,0,0,0,0,0,0,0,0,0,0,0,0,0,0,0,0,0,0,0,0,0,0,0,0,0,0,0,0,0,0,0,0,0,0,0,0,0,0,0,0,0,0,0,0
-0.288841,-0.601206,0.788186,0,0,0,0,3.23569e-09,5.81132e-08,-6.33163e-08,3117,101,102,1516,1517,1523,1524,1531,1694,1695,3109,3110,3116,3124,0,0,0,0,0,0,0,0,0,101,102,1516,1517,1523,1524,1531,1694,1695,3109,3110,3116,3124,0,0,0,0,0,0,0,0,0,0.110256,0.112177,0.11209,0.108622,0.110633,0.0999353,0.108924,0.0488544,0.0537415,0.0535237,0.0456519,0.0497219,0.0463154,0,0,0,0,0,0,0,0,0,0.110328,0.11216,0.112094,0.10859,0.110668,0.1,0.108863,0.049059,0.0534553,0.0533149,0.0445874,0.0499069,0.0453235,0,0,0,0,0,0,0,0,0,1,1,1,1,1,1,1,1,1,1,1,1,1,0,0,0,0,0,0,0,0,0,1,1,1,1,1,1,1,1,1,1,1,1,1,0,0,0,0,0,0,0,0,0,1,0,0,0,0,0,0,0,0,0,0,0,0,0,0,0,0,0,0,0,0,0,0,13,0,0,0,0,0,0,0,0,0,0,0,0,0,0,0,0,0,0,0,0,0,0,0,0,0,0,0,0,0,0,0,0,0,0,0,0,0,0,0,0,0,0,0,0,0,0,0,0
-0.475674,-0.62549,0.510796,0,0,0,0,-3.15304e-08,8.77379e-08,-3.57861e-08,3118,1518,1525,1526,1532,1533,3111,3119,3125,3126,0,0,0,0,0,0,0,0,0,0,0,0,0,1518,1525,1526,1532,1533,3111,3119,3125,3126,0,0,0,0,0,0,0,0,0,0,0,0,0,0.108369,0.10006,0.11283,0.107971,0.111124,0.0442327,0.0547692,0.0432203,0.0511462,0,0,0,0,0,0,0,0,0,0,0,0,0,0.108406,0.1,0.112753,0.108037,0.111168,0.0441086,0.0548042,0.0430888,0.0511223,0,0,0,0,0,0,0,0,0,0,0,0,0,1,1,1,1,1,1,1,1,1,0,0,0,0,0,0,0,0,0,0,0,0,0,1,1,1,1,1,1,1,1,1,0,0,0,0,0,0,0,0,0,0,0,0,0,1,0,0,0,0,0,0,0,0,0,0,0,0,0,0,0,0,0,0,0,0,0,0,9,0,0,0,0,0,0,0,0,0,0,0,0,0,0,0,0,0,0,0,0,0,0,0,0,0,0,0,0,0,0,0,0,0,0,0,0,0,0,0,0,0,0,0,0,0,0,0,0
-0.455132,-0.621614,0.561418,0,0,0,0,-2.23613e-08,7.97928e-08,-3.97778e-08,3119,1518,1519,1525,1526,1527,1533,1534,3111,3112,3118,3120,3126,3127,0,0,0,0,0,0,0,0,0,1518,1519,1525,1526,1527,1533,1534,3111,3112,3118,3120,3126,3127,0,0,0,0,0,0,0,0,0,0.111362,0.108572,0.11279,0.100048,0.1126,0.108394,0.111359,0.0518096,0.0449455,0.0547692,0.0542208,0.0444429,0.0516709,0,0,0,0,0,0,0,0,0,0.111453,0.108597,0.112742,0.1,0.112536,0.108428,0.111385,0.0518157,0.0446252,0.0548042,0.0543114,0.0441643,0.0516441,0,0,0,0,0,0,0,0,0,1,1,1,1,1,1,1,1,1,1,1,1,1,0,0,0,0,0,0,0,0,0,1,1,1,1,1,1,1,1,1,1,1,1,1,0,0,0,0,0,0,0,0,0,1,0,0,0,0,0,0,0,0,0,0,0,0,0,0,0,0,0,0,0,0,0,0,13,0,0,0,0,0,0,0,0,0,0,0,0,0,0,0,0,0,0,0,0,0,0,0,0,0,0,0,0,0,0,0,0,0,0,0,0,0,0,0,0,0,0,0,0,0,0,0,0
-0.432723,-0.616058,0.610478,0,0,0,0,-1.546e-08,7.29336e-08,-4.29335e-08,3120,1519,1520,1526,1527,1528,1534,1535,3112,3113,3119,3121,3127,3128,0,0,0,0,0,0,0,0,0,1519,1520,1526,1527,1528,1534,1535,3112,3113,3119,3121,3127,3128,0,0,0,0,0,0,0,0,0,0.111607,0.108724,0.112525,0.100031,0.112298,0.108674,0.111522,0.0523936,0.0454256,0.0542208,0.0535245,0.0452886,0.0520814,0,0,0,0,0,0,0,0,0,0.111675,0.108731,0.112526,0.1,0.112245,0.108686,0.111544,0.0523403,0.0449827,0.0543114,0.0536433,0.0448575,0.0520221,0,0,0,0,0,0,0,0,0,1,1,1,1,1,1,1,1,1,1,1,1,1,0,0,0,0,0,0,0,0,0,1,1,1,1,1,1,1,1,1,1,1,1,1,0,0,0,0,0,0,0,0,0,1,0,0,0,0,0,0,0,0,0,0,0,0,0,0,0,0,0,0,0,0,0,0,13,0,0,0,0,0,0,0,0,0,0,0,0,0,0,0,0,0,0,0,0,0,0,0,0,0,0,0,0,0,0,0,0,0,0,0,0,0,0,0,0,0,0,0,0,0,0,0,0
-0.408722,-0.60889,0.65778,0,0,0,0,-9.92215e-09,6.66305e-08,-4.55679e-08,3121,1520,1521,1527,1528,1529,1535,1536,3113,3114,3120,3122,3128,3129,0,0,0,0,0,0,0,0,0,1520,1521,1527,1528,1529,1535,1536,3113,3114,3120,3122,3128,3129,0,0,0,0,0,0,0,0,0,0.111756,0.108824,0.112223,0.100012,0.111943,0.108861,0.11165,0.0527478,0.0457736,0.0535245,0.0526985,0.0458738,0.0524121,0,0,0,0,0,0,0,0,0,0.111815,0.108819,0.112236,0.1,0.1119,0.108861,0.111671,0.0526696,0.045213,0.0536433,0.0528411,0.0453246,0.0523227,0,0,0,0,0,0,0,0,0,1,1,1,1,1,1,1,1,1,1,1,1,1,0,0,0,0,0,0,0,0,0,1,1,1,1,1,1,1,1,1,1,1,1,1,0,0,0,0,0,0,0,0,0,1,0,0,0,0,0,0,0,0,0,0,0,0,0,0,0,0,0,0,0,0,0,0,13,0,0,0,0,0,0,0,0,0,0,0,0,0,0,0,0,0,0,0,0,0,0,0,0,0,0,0,0,0,0,0,0,0,0,0,0,0,0,0,0,0,0,0,0,0,0,0,0
-0.383371,-0.600229,0.703161,0,0,0,0,-5.57146e-09,6.0765e-08,-4.7689e-08,3122,1521,1522,1528,1529,1530,1536,1537,3114,3115,3121,3123,3129,3130,0,0,0,0,0,0,0,0,0,1521,1522,1528,1529,1530,1536,1537,3114,3115,3121,3123,3129,3130,0,0,0,0,0,0,0,0,0,0.111853,0.108886,0.111872,0.0999933,0.111556,0.108995,0.11178,0.0529837,0.0460242,0.0526985,0.051798,0.0463002,0.0527533,0,0,0,0,0,0,0,0,0,0.111907,0.108867,0.111892,0.1,0.111529,0.10898,0.111801,0.0528843,0.0453385,0.0528411,0.0519687,0.0456383,0.0526263,0,0,0,0,0,0,0,0,0,1,1,1,1,1,1,1,1,1,1,1,1,1,0,0,0,0,0,0,0,0,0,1,1,1,1,1,1,1,1,1,1,1,1,1,0,0,0,0,0,0,0,0,0,1,0,0,0,0,0,0,0,0,0,0,0,0,0,0,0,0,0,0,0,0,0,0,13,0,0,0,0,0,0,0,0,0,0,0,0,0,0,0,0,0,0,0,0,0,0,0,0,0,0,0,0,0,0,0,0,0,0,0,0,0,0,0,0,0,0,0,0,0,0,0,0
-0.356891,-0.5902,0.746534,0,0,0,0,-2.28041e-09,5.52447e-08,-4.92611e-08,3123,1522,1523,1529,1530,1531,1537,1538,3115,3116,3122,3124,3130,3131,0,0,0,0,0,0,0,0,0,1522,1523,1529,1530,1531,1537,1538,3115,3116,3122,3124,3130,3131,0,0,0,0,0,0,0,0,0,0.111936,0.108913,0.111497,0.0999726,0.111174,0.10909,0.111949,0.0531876,0.0462008,0.051798,0.0509207,0.0466203,0.0531969,0,0,0,0,0,0,0,0,0,0.11198,0.108882,0.111523,0.1,0.111175,0.109057,0.111965,0.0530535,0.0453744,0.0519687,0.0511246,0.0458379,0.0530103,0,0,0,0,0,0,0,0,0,1,1,1,1,1,1,1,1,1,1,1,1,1,0,0,0,0,0,0,0,0,0,1,1,1,1,1,1,1,1,1,1,1,1,1,0,0,0,0,0,0,0,0,0,1,0,0,0,0,0,0,0,0,0,0,0,0,0,0,0,0,0,0,0,0,0,0,13,0,0,0,0,0,0,0,0,0,0,0,0,0,0,0,0,0,0,0,0,0,0,0,0,0,0,0,0,0,0,0,0,0,0,0,0,0,0,0,0,0,0,0,0,0,0,0,0
-0.329441,-0.57892,0.787913,0,0,0,0,7.87437e-11,4.99862e-08,-5.02613e-08,3124,102,103,1523,1524,1530,1531,1538,1695,1696,3116,3117,3123,3131,0,0,0,0,0,0,0,0,0,102,103,1523,1524,1530,1531,1538,1695,1696,3116,3117,3123,3131,0,0,0,0,0,0,0,0,0,0.110817,0.112151,0.112037,0.108904,0.111138,0.0999486,0.109148,0.0501457,0.053719,0.0534345,0.0463154,0.0509207,0.0468501,0,0,0,0,0,0,0,0,0,0.110867,0.112152,0.112061,0.108864,0.11117,0.1,0.109092,0.050382,0.053444,0.0532393,0.0453235,0.0511246,0.0459286,0,0,0,0,0,0,0,0,0,1,1,1,1,1,1,1,1,1,1,1,1,1,0,0,0,0,0,0,0,0,0,1,1,1,1,1,1,1,1,1,1,1,1,1,0,0,0,0,0,0,0,0,0,1,0,0,0,0,0,0,0,0,0,0,0,0,0,0,0,0,0,0,0,0,0,0,13,0,0,0,0,0,0,0,0,0,0,0,0,0,0,0,0,0,0,0,0,0,0,0,0,0,0,0,0,0,0,0,0,0,0,0,0,0,0,0,0,0,0,0,0,0,0,0,0
-0.509861,-0.601688,0.499277,0,0,0,0,-4.3369e-08,7.8125e-08,-1.92096e-08,3125,1525,1532,1533,1539,1540,3118,3126,3132,3133,0,0,0,0,0,0,0,0,0,0,0,0,0,1525,1532,1533,1539,1540,3118,3126,3132,3133,0,0,0,0,0,0,0,0,0,0,0,0,0,0.107996,0.100047,0.112929,0.10764,0.111081,0.0432203,0.055054,0.0420282,0.051144,0,0,0,0,0,0,0,0,0,0,0,0,0,0.108035,0.1,0.112887,0.107628,0.111152,0.0430888,0.0551031,0.0419392,0.0510863,0,0,0,0,0,0,0,0,0,0,0,0,0,1,1,1,1,1,1,1,1,1,0,0,0,0,0,0,0,0,0,0,0,0,0,1,1,1,1,1,1,1,1,1,0,0,0,0,0,0,0,0,0,0,0,0,0,1,0,0,0,0,0,0,0,0,0,0,0,0,0,0,0,0,0,0,0,0,0,0,9,0,0,0,0,0,0,0,0,0,0,0,0,0,0,0,0,0,0,0,0,0,0,0,0,0,0,0,0,0,0,0,0,0,0,0,0,0,0,0,0,0,0,0,0,0,0,0,0
-0.491038,-0.597649,0.550855,0,0,0,0,-3.28749e-08,7.01534e-08,-2.30118e-08,3126,1525,1526,1532,1533,1534,1540,1541,3118,3119,3125,3127,3133,3134,0,0,0,0,0,0,0,0,0,1525,1526,1532,1533,1534,1540,1541,3118,3119,3125,3127,3133,3134,0,0,0,0,0,0,0,0,0,0.111131,0.108369,0.112953,0.100042,0.112829,0.108005,0.111114,0.0511462,0.0444429,0.055054,0.0547868,0.043401,0.0511659,0,0,0,0,0,0,0,0,0,0.111163,0.108427,0.112875,0.1,0.112774,0.108059,0.11116,0.0511223,0.0441643,0.0551031,0.0548498,0.0431464,0.0511075,0,0,0,0,0,0,0,0,0,1,1,1,1,1,1,1,1,1,1,1,1,1,0,0,0,0,0,0,0,0,0,1,1,1,1,1,1,1,1,1,1,1,1,1,0,0,0,0,0,0,0,0,0,1,0,0,0,0,0,0,0,0,0,0,0,0,0,0,0,0,0,0,0,0,0,0,13,0,0,0,0,0,0,0,0,0,0,0,0,0,0,0,0,0,0,0,0,0,0,0,0,0,0,0,0,0,0,0,0,0,0,0,0,0,0,0,0,0,0,0,0,0,0,0,0
-0.470004,-0.592101,0.601138,0,0,0,0,-2.45299e-08,6.33452e-08,-2.65752e-08,3127,1526,1527,1533,1534,1535,1541,1542,3119,3120,3126,3128,3134,3135,0,0,0,0,0,0,0,0,0,1526,1527,1533,1534,1535,1541,1542,3119,3120,3126,3128,3134,3135,0,0,0,0,0,0,0,0,0,0.111291,0.108673,0.112811,0.100033,0.1126,0.108402,0.111189,0.0516709,0.0452886,0.0547868,0.0542285,0.0445335,0.0513221,0,0,0,0,0,0,0,0,0,0.111381,0.108684,0.112763,0.1,0.112549,0.108422,0.111224,0.0516441,0.0448575,0.0548498,0.0543381,0.0441428,0.0512601,0,0,0,0,0,0,0,0,0,1,1,1,1,1,1,1,1,1,1,1,1,1,0,0,0,0,0,0,0,0,0,1,1,1,1,1,1,1,1,1,1,1,1,1,0,0,0,0,0,0,0,0,0,1,0,0,0,0,0,0,0,0,0,0,0,0,0,0,0,0,0,0,0,0,0,0,13,0,0,0,0,0,0,0,0,0,0,0,0,0,0,0,0,0,0,0,0,0,0,0,0,0,0,0,0,0,0,0,0,0,0,0,0,0,0,0,0,0,0,0,0,0,0,0,0
-0.447082,-0.585039,0.649774,0,0,0,0,-1.77339e-08,5.7349e-08,-2.96675e-08,3128,1527,1528,1534,1535,1536,1542,1543,3120,3121,3127,3129,3135,3136,0,0,0,0,0,0,0,0,0,1527,1528,1534,1535,1536,1542,1543,3120,3121,3127,3129,3135,3136,0,0,0,0,0,0,0,0,0,0.111464,0.108872,0.112543,0.100017,0.112299,0.108708,0.111292,0.0520814,0.0458738,0.0542285,0.0535221,0.0454316,0.0515877,0,0,0,0,0,0,0,0,0,0.11154,0.10886,0.112539,0.1,0.112257,0.108706,0.111324,0.0520221,0.0453246,0.0543381,0.0536699,0.0449089,0.0515012,0,0,0,0,0,0,0,0,0,1,1,1,1,1,1,1,1,1,1,1,1,1,0,0,0,0,0,0,0,0,0,1,1,1,1,1,1,1,1,1,1,1,1,1,0,0,0,0,0,0,0,0,0,1,0,0,0,0,0,0,0,0,0,0,0,0,0,0,0,0,0,0,0,0,0,0,13,0,0,0,0,0,0,0,0,0,0,0,0,0,0,0,0,0,0,0,0,0,0,0,0,0,0,0,0,0,0,0,0,0,0,0,0,0,0,0,0,0,0,0,0,0,0,0,0
-0.422582,-0.576502,0.696587,0,0,0,0,-1.21928e-08,5.19e-08,-3.23276e-08,3129,1528,1529,1535,1536,1537,1543,1544,3121,3122,3128,3130,3136,3137,0,0,0,0,0,0,0,0,0,1528,1529,1535,1536,1537,1543,1544,3121,3122,3128,3130,3136,3137,0,0,0,0,0,0,0,0,0,0.1116,0.109007,0.112234,0.100001,0.11197,0.108948,0.111461,0.0524121,0.0463002,0.0535221,0.0527556,0.0461378,0.052026,0,0,0,0,0,0,0,0,0,0.111668,0.108979,0.112249,0.1,0.111942,0.10893,0.111492,0.0523227,0.0456383,0.0536699,0.0529395,0.0455042,0.0519018,0,0,0,0,0,0,0,0,0,1,1,1,1,1,1,1,1,1,1,1,1,1,0,0,0,0,0,0,0,0,0,1,1,1,1,1,1,1,1,1,1,1,1,1,0,0,0,0,0,0,0,0,0,1,0,0,0,0,0,0,0,0,0,0,0,0,0,0,0,0,0,0,0,0,0,0,13,0,0,0,0,0,0,0,0,0,0,0,0,0,0,0,0,0,0,0,0,0,0,0,0,0,0,0,0,0,0,0,0,0,0,0,0,0,0,0,0,0,0,0,0,0,0,0,0
-0.396755,-0.566557,0.7415,0,0,0,0,-7.77702e-09,4.68614e-08,-3.45272e-08,3130,1529,1530,1536,1537,1538,1544,1545,3122,3123,3129,3131,3137,3138,0,0,0,0,0,0,0,0,0,1529,1530,1536,1537,1538,1544,1545,3122,3123,3129,3131,3137,3138,0,0,0,0,0,0,0,0,0,0.11174,0.109096,0.111911,0.0999826,0.111664,0.109149,0.111755,0.0527533,0.0466203,0.0527556,0.0520546,0.0467278,0.0527698,0,0,0,0,0,0,0,0,0,0.111797,0.109056,0.111935,0.1,0.111659,0.109114,0.111783,0.0526263,0.0458379,0.0529395,0.0522761,0.045988,0.0525886,0,0,0,0,0,0,0,0,0,1,1,1,1,1,1,1,1,1,1,1,1,1,0,0,0,0,0,0,0,0,0,1,1,1,1,1,1,1,1,1,1,1,1,1,0,0,0,0,0,0,0,0,0,1,0,0,0,0,0,0,0,0,0,0,0,0,0,0,0,0,0,0,0,0,0,0,13,0,0,0,0,0,0,0,0,0,0,0,0,0,0,0,0,0,0,0,0,0,0,0,0,0,0,0,0,0,0,0,0,0,0,0,0,0,0,0,0,0,0,0,0,0,0,0,0
-0.369752,-0.555282,0.784551,0,0,0,0,-4.37243e-09,4.21234e-08,-3.62355e-08,3131,103,104,1530,1531,1537,1538,1545,1696,1697,3123,3124,3130,3138,0,0,0,0,0,0,0,0,0,103,104,1530,1531,1537,1538,1545,1696,1697,3123,3124,3130,3138,0,0,0,0,0,0,0,0,0,0.111396,0.112128,0.111923,0.109139,0.111623,0.0999619,0.109312,0.0514757,0.0537005,0.0531969,0.0468501,0.0520546,0.0472169,0,0,0,0,0,0,0,0,0,0.111431,0.112146,0.111962,0.109092,0.111653,0.1,0.109257,0.0517367,0.0534341,0.0530103,0.0459286,0.0522761,0.0463612,0,0,0,0,0,0,0,0,0,1,1,1,1,1,1,1,1,1,1,1,1,1,0,0,0,0,0,0,0,0,0,1,1,1,1,1,1,1,1,1,1,1,1,1,0,0,0,0,0,0,0,0,0,1,0,0,0,0,0,0,0,0,0,0,0,0,0,0,0,0,0,0,0,0,0,0,13,0,0,0,0,0,0,0,0,0,0,0,0,0,0,0,0,0,0,0,0,0,0,0,0,0,0,0,0,0,0,0,0,0,0,0,0,0,0,0,0,0,0,0,0,0,0,0,0
-0.541785,-0.576996,0.48755,0,0,0,0,-5.58492e-08,6.94138e-08,-3.25232e-09,3132,1532,1539,1540,1546,3125,3133,3139,0,0,0,0,0,0,0,0,0,0,0,0,0,0,0,1532,1539,1540,1546,3125,3133,3139,0,0,0,0,0,0,0,0,0,0,0,0,0,0,0,0.107559,0.100012,0.112598,0.111294,0.0420282,0.0542877,0.0514324,0,0,0,0,0,0,0,0,0,0,0,0,0,0,0,0.107627,0.1,0.112572,0.111265,0.0419392,0.0543815,0.0513657,0,0,0,0,0,0,0,0,0,0,0,0,0,0,0,1,1,1,1,1,1,1,0,0,0,0,0,0,0,0,0,0,0,0,0,0,0,1,1,1,1,1,1,1,0,0,0,0,0,0,0,0,0,0,0,0,0,0,0,1,0,0,0,0,0,0,0,0,0,0,0,0,0,0,0,0,0,0,0,0,0,0,7,0,0,0,0,0,0,0,0,0,0,0,0,0,0,0,0,0,0,0,0,0,0,0,0,0,0,0,0,0,0,0,0,0,0,0,0,0,0,0,0,0,0,0,0,0,0,0,0
-0.5247,-0.572988,0.538923,0,0,0,0,-4.45134e-08,6.12392e-08,-6.62166e-09,3133,1532,1533,1539,1540,1541,1546,1547,3125,3126,3132,3134,3139,3140,0,0,0,0,0,0,0,0,0,1532,1533,1539,1540,1541,1546,1547,3125,3126,3132,3134,3139,3140,0,0,0,0,0,0,0,0,0,0.111128,0.108012,0.112646,0.100039,0.112735,0.107963,0.111135,0.051144,0.043401,0.0542877,0.0545883,0.0433197,0.0512339,0,0,0,0,0,0,0,0,0,0.111147,0.108057,0.112559,0.1,0.112698,0.108031,0.111178,0.0510863,0.0431464,0.0543815,0.0546726,0.0430688,0.0511549,0,0,0,0,0,0,0,0,0,1,1,1,1,1,1,1,1,1,1,1,1,1,0,0,0,0,0,0,0,0,0,1,1,1,1,1,1,1,1,1,1,1,1,1,0,0,0,0,0,0,0,0,0,1,0,0,0,0,0,0,0,0,0,0,0,0,0,0,0,0,0,0,0,0,0,0,13,0,0,0,0,0,0,0,0,0,0,0,0,0,0,0,0,0,0,0,0,0,0,0,0,0,0,0,0,0,0,0,0,0,0,0,0,0,0,0,0,0,0,0,0,0,0,0,0
-0.50528,-0.56747,0.589641,0,0,0,0,-3.50061e-08,5.45894e-08,-1.01243e-08,3134,1533,1534,1540,1541,1542,1547,1548,3126,3127,3133,3135,3140,3141,0,0,0,0,0,0,0,0,0,1533,1534,1540,1541,1542,1547,1548,3126,3127,3133,3135,3140,3141,0,0,0,0,0,0,0,0,0,0.111109,0.1084,0.112739,0.100031,0.112669,0.108153,0.111013,0.0511659,0.0445335,0.0545883,0.0544087,0.043877,0.0509423,0,0,0,0,0,0,0,0,0,0.111157,0.10842,0.112686,0.1,0.112628,0.10819,0.111055,0.0511075,0.0441428,0.0546726,0.0545155,0.0435057,0.0508562,0,0,0,0,0,0,0,0,0,1,1,1,1,1,1,1,1,1,1,1,1,1,0,0,0,0,0,0,0,0,0,1,1,1,1,1,1,1,1,1,1,1,1,1,0,0,0,0,0,0,0,0,0,1,0,0,0,0,0,0,0,0,0,0,0,0,0,0,0,0,0,0,0,0,0,0,13,0,0,0,0,0,0,0,0,0,0,0,0,0,0,0,0,0,0,0,0,0,0,0,0,0,0,0,0,0,0,0,0,0,0,0,0,0,0,0,0,0,0,0,0,0,0,0,0
-0.483774,-0.560456,0.639124,0,0,0,0,-2.6991e-08,4.88052e-08,-1.34722e-08,3135,1534,1535,1541,1542,1543,1548,1549,3127,3128,3134,3136,3141,3142,0,0,0,0,0,0,0,0,0,1534,1535,1541,1542,1543,1548,1549,3127,3128,3134,3136,3141,3142,0,0,0,0,0,0,0,0,0,0.111148,0.108716,0.112638,0.10002,0.112481,0.108393,0.110931,0.0513221,0.0454316,0.0544087,0.053949,0.0445608,0.0507527,0,0,0,0,0,0,0,0,0,0.111221,0.108704,0.112617,0.1,0.112445,0.108396,0.110973,0.0512601,0.0449089,0.0545155,0.0540987,0.0440693,0.0506567,0,0,0,0,0,0,0,0,0,1,1,1,1,1,1,1,1,1,1,1,1,1,0,0,0,0,0,0,0,0,0,1,1,1,1,1,1,1,1,1,1,1,1,1,0,0,0,0,0,0,0,0,0,1,0,0,0,0,0,0,0,0,0,0,0,0,0,0,0,0,0,0,0,0,0,0,13,0,0,0,0,0,0,0,0,0,0,0,0,0,0,0,0,0,0,0,0,0,0,0,0,0,0,0,0,0,0,0,0,0,0,0,0,0,0,0,0,0,0,0,0,0,0,0,0
-0.460474,-0.551973,0.687037,0,0,0,0,-2.02664e-08,4.36745e-08,-1.65127e-08,3136,1535,1536,1542,1543,1544,1549,1550,3128,3129,3135,3137,3142,3143,0,0,0,0,0,0,0,0,0,1535,1536,1542,1543,1544,1549,1550,3128,3129,3135,3137,3142,3143,0,0,0,0,0,0,0,0,0,0.111249,0.108962,0.112429,0.100007,0.112255,0.108645,0.11099,0.0515877,0.0461378,0.053949,0.0534152,0.0452974,0.0509151,0,0,0,0,0,0,0,0,0,0.111322,0.108928,0.112435,0.1,0.112231,0.108628,0.111028,0.0515012,0.0455042,0.0540987,0.0536072,0.0446948,0.0507904,0,0,0,0,0,0,0,0,0,1,1,1,1,1,1,1,1,1,1,1,1,1,0,0,0,0,0,0,0,0,0,1,1,1,1,1,1,1,1,1,1,1,1,1,0,0,0,0,0,0,0,0,0,1,0,0,0,0,0,0,0,0,0,0,0,0,0,0,0,0,0,0,0,0,0,0,13,0,0,0,0,0,0,0,0,0,0,0,0,0,0,0,0,0,0,0,0,0,0,0,0,0,0,0,0,0,0,0,0,0,0,0,0,0,0,0,0,0,0,0,0,0,0,0,0
-0.435658,-0.542012,0.733277,0,0,0,0,-1.47e-08,3.90174e-08,-1.91853e-08,3137,1536,1537,1543,1544,1545,1550,1551,3129,3130,3136,3138,3143,3144,0,0,0,0,0,0,0,0,0,1536,1537,1543,1544,1545,1550,1551,3129,3130,3136,3138,3143,3144,0,0,0,0,0,0,0,0,0,0.111424,0.10916,0.112201,0.0999914,0.112095,0.108945,0.111401,0.052026,0.0467278,0.0534152,0.053048,0.046142,0.0519554,0,0,0,0,0,0,0,0,0,0.11149,0.109113,0.112222,0.1,0.112091,0.10891,0.111436,0.0519018,0.045988,0.0536072,0.0532841,0.0454462,0.0517726,0,0,0,0,0,0,0,0,0,1,1,1,1,1,1,1,1,1,1,1,1,1,0,0,0,0,0,0,0,0,0,1,1,1,1,1,1,1,1,1,1,1,1,1,0,0,0,0,0,0,0,0,0,1,0,0,0,0,0,0,0,0,0,0,0,0,0,0,0,0,0,0,0,0,0,0,13,0,0,0,0,0,0,0,0,0,0,0,0,0,0,0,0,0,0,0,0,0,0,0,0,0,0,0,0,0,0,0,0,0,0,0,0,0,0,0,0,0,0,0,0,0,0,0,0
-0.409439,-0.530569,0.777951,0,0,0,0,-1.01924e-08,3.46938e-08,-2.14517e-08,3138,104,105,1537,1538,1544,1545,1551,1697,1698,3130,3131,3137,3144,0,0,0,0,0,0,0,0,0,104,105,1537,1538,1544,1545,1551,1697,1698,3130,3131,3137,3144,0,0,0,0,0,0,0,0,0,0.112027,0.112181,0.11173,0.10931,0.112053,0.0999744,0.109328,0.05292,0.0538502,0.0527698,0.0472169,0.053048,0.0471974,0,0,0,0,0,0,0,0,0,0.112054,0.11221,0.111781,0.109256,0.112083,0.1,0.109274,0.0531995,0.0535886,0.0525886,0.0463612,0.0532841,0.046403,0,0,0,0,0,0,0,0,0,1,1,1,1,1,1,1,1,1,1,1,1,1,0,0,0,0,0,0,0,0,0,1,1,1,1,1,1,1,1,1,1,1,1,1,0,0,0,0,0,0,0,0,0,1,0,0,0,0,0,0,0,0,0,0,0,0,0,0,0,0,0,0,0,0,0,0,13,0,0,0,0,0,0,0,0,0,0,0,0,0,0,0,0,0,0,0,0,0,0,0,0,0,0,0,0,0,0,0,0,0,0,0,0,0,0,0,0,0,0,0,0,0,0,0,0
-0.556861,-0.546819,0.526375,0,0,0,0,-5.73475e-08,5.26119e-08,9.96908e-09,3139,1539,1540,1546,1547,1552,1553,3132,3133,3140,3145,3146,0,0,0,0,0,0,0,0,0,0,0,1539,1540,1546,1547,1552,1553,3132,3133,3140,3145,3146,0,0,0,0,0,0,0,0,0,0,0,0.11114,0.108018,0.100094,0.112596,0.108356,0.111067,0.0514324,0.0433197,0.0541698,0.0443248,0.0509918,0,0,0,0,0,0,0,0,0,0,0,0.111262,0.108029,0.1,0.11252,0.108408,0.111075,0.0513657,0.0430688,0.0542621,0.044109,0.0509108,0,0,0,0,0,0,0,0,0,0,0,1,1,1,1,1,1,1,1,1,1,1,0,0,0,0,0,0,0,0,0,0,0,1,1,1,1,1,1,1,1,1,1,1,0,0,0,0,0,0,0,0,0,0,0,1,0,0,0,0,0,0,0,0,0,0,0,0,0,0,0,0,0,0,0,0,0,0,11,0,0,0,0,0,0,0,0,0,0,0,0,0,0,0,0,0,0,0,0,0,0,0,0,0,0,0,0,0,0,0,0,0,0,0,0,0,0,0,0,0,0,0,0,0,0,0,0
-0.538575,-0.541784,0.577116,0,0,0,0,-4.66331e-08,4.63498e-08,6.3493e-09,3140,1540,1541,1546,1547,1548,1553,1554,3133,3134,3139,3141,3146,3147,0,0,0,0,0,0,0,0,0,1540,1541,1546,1547,1548,1553,1554,3133,3134,3139,3141,3146,3147,0,0,0,0,0,0,0,0,0,0.111155,0.108179,0.112485,0.100036,0.112521,0.108391,0.110992,0.0512339,0.043877,0.0541698,0.0540606,0.0444425,0.0508931,0,0,0,0,0,0,0,0,0,0.111175,0.108188,0.112508,0.1,0.112485,0.108398,0.111029,0.0511549,0.0435057,0.0542621,0.0541836,0.0440794,0.0507984,0,0,0,0,0,0,0,0,0,1,1,1,1,1,1,1,1,1,1,1,1,1,0,0,0,0,0,0,0,0,0,1,1,1,1,1,1,1,1,1,1,1,1,1,0,0,0,0,0,0,0,0,0,1,0,0,0,0,0,0,0,0,0,0,0,0,0,0,0,0,0,0,0,0,0,0,13,0,0,0,0,0,0,0,0,0,0,0,0,0,0,0,0,0,0,0,0,0,0,0,0,0,0,0,0,0,0,0,0,0,0,0,0,0,0,0,0,0,0,0,0,0,0,0,0
-0.518332,-0.535165,0.626805,0,0,0,0,-3.74607e-08,4.09726e-08,2.7514e-09,3141,1541,1542,1547,1548,1549,1554,1555,3134,3135,3140,3142,3147,3148,0,0,0,0,0,0,0,0,0,1541,1542,1547,1548,1549,1554,1555,3134,3135,3140,3142,3147,3148,0,0,0,0,0,0,0,0,0,0.111002,0.108406,0.112474,0.100024,0.112383,0.108383,0.110822,0.0509423,0.0445608,0.0540606,0.053738,0.0444989,0.0505087,0,0,0,0,0,0,0,0,0,0.111052,0.108394,0.112473,0.1,0.112357,0.108379,0.110867,0.0508562,0.0440693,0.0541836,0.0538923,0.0440236,0.050403,0,0,0,0,0,0,0,0,0,1,1,1,1,1,1,1,1,1,1,1,1,1,0,0,0,0,0,0,0,0,0,1,1,1,1,1,1,1,1,1,1,1,1,1,0,0,0,0,0,0,0,0,0,1,0,0,0,0,0,0,0,0,0,0,0,0,0,0,0,0,0,0,0,0,0,0,13,0,0,0,0,0,0,0,0,0,0,0,0,0,0,0,0,0,0,0,0,0,0,0,0,0,0,0,0,0,0,0,0,0,0,0,0,0,0,0,0,0,0,0,0,0,0,0,0
-0.49633,-0.526978,0.675144,0,0,0,0,-2.96009e-08,3.62126e-08,-6.28341e-10,3142,1542,1543,1548,1549,1550,1555,1556,3135,3136,3141,3143,3148,3149,0,0,0,0,0,0,0,0,0,1542,1543,1548,1549,1550,1555,1556,3135,3136,3141,3143,3148,3149,0,0,0,0,0,0,0,0,0,0.110906,0.108662,0.112344,0.100011,0.112226,0.10837,0.110593,0.0507527,0.0452974,0.053738,0.0533581,0.0445192,0.0499769,0,0,0,0,0,0,0,0,0,0.110971,0.108626,0.112347,0.1,0.112211,0.108351,0.110641,0.0506567,0.0446948,0.0538923,0.0535565,0.0439437,0.0498477,0,0,0,0,0,0,0,0,0,1,1,1,1,1,1,1,1,1,1,1,1,1,0,0,0,0,0,0,0,0,0,1,1,1,1,1,1,1,1,1,1,1,1,1,0,0,0,0,0,0,0,0,0,1,0,0,0,0,0,0,0,0,0,0,0,0,0,0,0,0,0,0,0,0,0,0,13,0,0,0,0,0,0,0,0,0,0,0,0,0,0,0,0,0,0,0,0,0,0,0,0,0,0,0,0,0,0,0,0,0,0,0,0,0,0,0,0,0,0,0,0,0,0,0,0
-0.472856,-0.517131,0.722038,0,0,0,0,-2.29357e-08,3.19225e-08,-3.65526e-09,3143,1543,1544,1549,1550,1551,1556,1557,3136,3137,3142,3144,3149,3150,0,0,0,0,0,0,0,0,0,1543,1544,1549,1550,1551,1556,1557,3136,3137,3142,3144,3149,3150,0,0,0,0,0,0,0,0,0,0.110961,0.10896,0.112184,0.0999995,0.112286,0.108392,0.111239,0.0509151,0.046142,0.0533581,0.053484,0.044624,0.0515816,0,0,0,0,0,0,0,0,0,0.111026,0.108907,0.112201,0.1,0.112285,0.108357,0.111285,0.0507904,0.0454462,0.0535565,0.0537283,0.0439571,0.0514109,0,0,0,0,0,0,0,0,0,1,1,1,1,1,1,1,1,1,1,1,1,1,0,0,0,0,0,0,0,0,0,1,1,1,1,1,1,1,1,1,1,1,1,1,0,0,0,0,0,0,0,0,0,1,0,0,0,0,0,0,0,0,0,0,0,0,0,0,0,0,0,0,0,0,0,0,13,0,0,0,0,0,0,0,0,0,0,0,0,0,0,0,0,0,0,0,0,0,0,0,0,0,0,0,0,0,0,0,0,0,0,0,0,0,0,0,0,0,0,0,0,0,0,0,0
-0.448026,-0.505313,0.767911,0,0,0,0,-1.73881e-08,2.79038e-08,-6.24589e-09,3144,105,106,1544,1545,1550,1551,1557,1698,1699,3137,3138,3143,3150,0,0,0,0,0,0,0,0,0,105,106,1544,1545,1550,1551,1557,1698,1699,3137,3138,3143,3150,0,0,0,0,0,0,0,0,0,0.112787,0.112026,0.111379,0.109333,0.112246,0.0999866,0.108403,0.0546379,0.0534887,0.0519554,0.0471974,0.053484,0.0446941,0,0,0,0,0,0,0,0,0,0.11281,0.112066,0.111435,0.109271,0.112275,0.1,0.10835,0.0549344,0.0532544,0.0517726,0.046403,0.0537283,0.0439345,0,0,0,0,0,0,0,0,0,1,1,1,1,1,1,1,1,1,1,1,1,1,0,0,0,0,0,0,0,0,0,1,1,1,1,1,1,1,1,1,1,1,1,1,0,0,0,0,0,0,0,0,0,1,0,0,0,0,0,0,0,0,0,0,0,0,0,0,0,0,0,0,0,0,0,0,13,0,0,0,0,0,0,0,0,0,0,0,0,0,0,0,0,0,0,0,0,0,0,0,0,0,0,0,0,0,0,0,0,0,0,0,0,0,0,0,0,0,0,0,0,0,0,0,0
-0.588085,-0.518892,0.51189,0,0,0,0,-7.22843e-08,4.48401e-08,2.77387e-08,3145,1546,1552,1553,1558,1559,3139,3146,3151,3152,0,0,0,0,0,0,0,0,0,0,0,0,0,1546,1552,1553,1558,1559,3139,3146,3151,3152,0,0,0,0,0,0,0,0,0,0,0,0,0,0.108393,0.100033,0.112647,0.108636,0.110648,0.0443248,0.0543807,0.0448795,0.0501339,0,0,0,0,0,0,0,0,0,0,0,0,0,0.108406,0.1,0.112615,0.10864,0.110709,0.044109,0.0544779,0.0447396,0.0500242,0,0,0,0,0,0,0,0,0,0,0,0,0,1,1,1,1,1,1,1,1,1,0,0,0,0,0,0,0,0,0,0,0,0,0,1,1,1,1,1,1,1,1,1,0,0,0,0,0,0,0,0,0,0,0,0,0,1,0,0,0,0,0,0,0,0,0,0,0,0,0,0,0,0,0,0,0,0,0,0,9,0,0,0,0,0,0,0,0,0,0,0,0,0,0,0,0,0,0,0,0,0,0,0,0,0,0,0,0,0,0,0,0,0,0,0,0,0,0,0,0,0,0,0,0,0,0,0,0
-0.570713,-0.514411,0.563226,0,0,0,0,-5.96798e-08,3.85979e-08,2.3301e-08,3146,1546,1547,1552,1553,1554,1559,1560,3139,3140,3145,3147,3152,3153,0,0,0,0,0,0,0,0,0,1546,1547,1552,1553,1554,1559,1560,3139,3140,3145,3147,3152,3153,0,0,0,0,0,0,0,0,0,0.110987,0.108387,0.112657,0.100037,0.112548,0.108701,0.110754,0.0509918,0.0444425,0.0543807,0.0541337,0.0452357,0.050344,0,0,0,0,0,0,0,0,0,0.111073,0.108396,0.112602,0.1,0.11252,0.108707,0.110793,0.0509108,0.0440794,0.0544779,0.054262,0.0449156,0.0502297,0,0,0,0,0,0,0,0,0,1,1,1,1,1,1,1,1,1,1,1,1,1,0,0,0,0,0,0,0,0,0,1,1,1,1,1,1,1,1,1,1,1,1,1,0,0,0,0,0,0,0,0,0,1,0,0,0,0,0,0,0,0,0,0,0,0,0,0,0,0,0,0,0,0,0,0,13,0,0,0,0,0,0,0,0,0,0,0,0,0,0,0,0,0,0,0,0,0,0,0,0,0,0,0,0,0,0,0,0,0,0,0,0,0,0,0,0,0,0,0,0,0,0,0,0
-0.551294,-0.508443,0.613403,0,0,0,0,-4.91642e-08,3.36189e-08,1.92088e-08,3147,1547,1548,1553,1554,1555,1560,1561,3140,3141,3146,3148,3153,3154,0,0,0,0,0,0,0,0,0,1547,1548,1553,1554,1555,1560,1561,3140,3141,3146,3148,3153,3154,0,0,0,0,0,0,0,0,0,0.110963,0.10839,0.112522,0.100026,0.112342,0.108716,0.110739,0.0508931,0.0444989,0.0541337,0.053657,0.0453545,0.0503314,0,0,0,0,0,0,0,0,0,0.111027,0.108377,0.112508,0.1,0.112325,0.108706,0.110784,0.0507984,0.0440236,0.054262,0.0538163,0.0449093,0.0502055,0,0,0,0,0,0,0,0,0,1,1,1,1,1,1,1,1,1,1,1,1,1,0,0,0,0,0,0,0,0,0,1,1,1,1,1,1,1,1,1,1,1,1,1,0,0,0,0,0,0,0,0,0,1,0,0,0,0,0,0,0,0,0,0,0,0,0,0,0,0,0,0,0,0,0,0,13,0,0,0,0,0,0,0,0,0,0,0,0,0,0,0,0,0,0,0,0,0,0,0,0,0,0,0,0,0,0,0,0,0,0,0,0,0,0,0,0,0,0,0,0,0,0,0,0
-0.53007,-0.501017,0.662121,0,0,0,0,-4.00371e-08,2.9334e-08,1.52986e-08,3148,1548,1549,1554,1555,1556,1561,1562,3141,3142,3147,3149,3154,3155,0,0,0,0,0,0,0,0,0,1548,1549,1554,1555,1556,1561,1562,3141,3142,3147,3149,3154,3155,0,0,0,0,0,0,0,0,0,0.110807,0.108383,0.112315,0.100015,0.112035,0.108629,0.110619,0.0505087,0.0445192,0.053657,0.052934,0.045186,0.0500644,0,0,0,0,0,0,0,0,0,0.110866,0.108349,0.112314,0.1,0.112029,0.108607,0.11067,0.050403,0.0439437,0.0538163,0.0531302,0.0446381,0.0499241,0,0,0,0,0,0,0,0,0,1,1,1,1,1,1,1,1,1,1,1,1,1,0,0,0,0,0,0,0,0,0,1,1,1,1,1,1,1,1,1,1,1,1,1,0,0,0,0,0,0,0,0,0,1,0,0,0,0,0,0,0,0,0,0,0,0,0,0,0,0,0,0,0,0,0,0,13,0,0,0,0,0,0,0,0,0,0,0,0,0,0,0,0,0,0,0,0,0,0,0,0,0,0,0,0,0,0,0,0,0,0,0,0,0,0,0,0,0,0,0,0,0,0,0,0
-0.507435,-0.492054,0.709125,0,0,0,0,-3.21904e-08,2.55851e-08,1.1672e-08,3149,1549,1550,1555,1556,1557,1562,1563,3142,3143,3148,3150,3155,3156,0,0,0,0,0,0,0,0,0,1549,1550,1555,1556,1557,1562,1563,3142,3143,3148,3150,3155,3156,0,0,0,0,0,0,0,0,0,0.110583,0.108408,0.112009,0.100006,0.112741,0.108356,0.111207,0.0499769,0.044624,0.052934,0.054544,0.0444958,0.0515334,0,0,0,0,0,0,0,0,0,0.11064,0.108355,0.112019,0.1,0.112751,0.108321,0.111263,0.0498477,0.0439571,0.0531302,0.0547937,0.0438574,0.0513606,0,0,0,0,0,0,0,0,0,1,1,1,1,1,1,1,1,1,1,1,1,1,0,0,0,0,0,0,0,0,0,1,1,1,1,1,1,1,1,1,1,1,1,1,0,0,0,0,0,0,0,0,0,1,0,0,0,0,0,0,0,0,0,0,0,0,0,0,0,0,0,0,0,0,0,0,13,0,0,0,0,0,0,0,0,0,0,0,0,0,0,0,0,0,0,0,0,0,0,0,0,0,0,0,0,0,0,0,0,0,0,0,0,0,0,0,0,0,0,0,0,0,0,0,0
-0.483205,-0.480203,0.756533,0,0,0,0,-2.54188e-08,2.18919e-08,8.58378e-09,3150,106,107,1550,1551,1556,1557,1563,1699,1700,3143,3144,3149,3156,0,0,0,0,0,0,0,0,0,106,107,1550,1551,1556,1557,1563,1699,1700,3143,3144,3149,3156,0,0,0,0,0,0,0,0,0,0.113115,0.111808,0.111228,0.108411,0.112715,0.0999962,0.108216,0.0553782,0.0530094,0.0515816,0.0446941,0.054544,0.0441441,0,0,0,0,0,0,0,0,0,0.113142,0.111857,0.111284,0.108348,0.11274,0.1,0.108165,0.0556805,0.0527707,0.0514109,0.0439345,0.0547937,0.0434263,0,0,0,0,0,0,0,0,0,1,1,1,1,1,1,1,1,1,1,1,1,1,0,0,0,0,0,0,0,0,0,1,1,1,1,1,1,1,1,1,1,1,1,1,0,0,0,0,0,0,0,0,0,1,0,0,0,0,0,0,0,0,0,0,0,0,0,0,0,0,0,0,0,0,0,0,13,0,0,0,0,0,0,0,0,0,0,0,0,0,0,0,0,0,0,0,0,0,0,0,0,0,0,0,0,0,0,0,0,0,0,0,0,0,0,0,0,0,0,0,0,0,0,0,0
-0.617936,-0.489983,0.494939,0,0,0,0,-8.81621e-08,3.82171e-08,4.43991e-08,3151,1552,1558,1559,1564,3145,3152,3157,0,0,0,0,0,0,0,0,0,0,0,0,0,0,0,1552,1558,1559,1564,3145,3152,3157,0,0,0,0,0,0,0,0,0,0,0,0,0,0,0,0.108593,0.100016,0.112759,0.110285,0.0448795,0.0546563,0.0490462,0,0,0,0,0,0,0,0,0,0,0,0,0,0,0,0.108638,0.1,0.112758,0.110261,0.0447396,0.0548031,0.0489199,0,0,0,0,0,0,0,0,0,0,0,0,0,0,0,1,1,1,1,1,1,1,0,0,0,0,0,0,0,0,0,0,0,0,0,0,0,1,1,1,1,1,1,1,0,0,0,0,0,0,0,0,0,0,0,0,0,0,0,1,0,0,0,0,0,0,0,0,0,0,0,0,0,0,0,0,0,0,0,0,0,0,7,0,0,0,0,0,0,0,0,0,0,0,0,0,0,0,0,0,0,0,0,0,0,0,0,0,0,0,0,0,0,0,0,0,0,0,0,0,0,0,0,0,0,0,0,0,0,0,0
-0.601694,-0.485745,0.546954,0,0,0,0,-7.43707e-08,3.18528e-08,4.02669e-08,3152,1552,1553,1558,1559,1560,1564,1565,3145,3146,3151,3153,3157,3158,0,0,0,0,0,0,0,0,0,1552,1553,1558,1559,1560,1564,1565,3145,3146,3151,3153,3157,3158,0,0,0,0,0,0,0,0,0,0.110686,0.108664,0.112814,0.100031,0.112706,0.108799,0.110339,0.0501339,0.0452357,0.0546563,0.0545283,0.0455059,0.0493727,0,0,0,0,0,0,0,0,0,0.110707,0.108705,0.112745,0.1,0.112697,0.108819,0.110384,0.0500242,0.0449156,0.0548031,0.0546663,0.0452159,0.0492244,0,0,0,0,0,0,0,0,0,1,1,1,1,1,1,1,1,1,1,1,1,1,0,0,0,0,0,0,0,0,0,1,1,1,1,1,1,1,1,1,1,1,1,1,0,0,0,0,0,0,0,0,0,1,0,0,0,0,0,0,0,0,0,0,0,0,0,0,0,0,0,0,0,0,0,0,13,0,0,0,0,0,0,0,0,0,0,0,0,0,0,0,0,0,0,0,0,0,0,0,0,0,0,0,0,0,0,0,0,0,0,0,0,0,0,0,0,0,0,0,0,0,0,0,0
-0.583231,-0.480184,0.597959,0,0,0,0,-6.23696e-08,2.6909e-08,3.59128e-08,3153,1553,1554,1559,1560,1561,1565,1566,3146,3147,3152,3154,3158,3159,0,0,0,0,0,0,0,0,0,1553,1554,1559,1560,1561,1565,1566,3146,3147,3152,3154,3158,3159,0,0,0,0,0,0,0,0,0,0.110723,0.108707,0.112733,0.100027,0.112558,0.108924,0.110419,0.050344,0.0453545,0.0545283,0.0541652,0.0459015,0.0495748,0,0,0,0,0,0,0,0,0,0.110792,0.108704,0.112685,0.1,0.11255,0.108927,0.110461,0.0502297,0.0449093,0.0546663,0.0543304,0.0455005,0.0494132,0,0,0,0,0,0,0,0,0,1,1,1,1,1,1,1,1,1,1,1,1,1,0,0,0,0,0,0,0,0,0,1,1,1,1,1,1,1,1,1,1,1,1,1,0,0,0,0,0,0,0,0,0,1,0,0,0,0,0,0,0,0,0,0,0,0,0,0,0,0,0,0,0,0,0,0,13,0,0,0,0,0,0,0,0,0,0,0,0,0,0,0,0,0,0,0,0,0,0,0,0,0,0,0,0,0,0,0,0,0,0,0,0,0,0,0,0,0,0,0,0,0,0,0,0
-0.5627,-0.47333,0.647612,0,0,0,0,-5.18356e-08,2.29248e-08,3.15634e-08,3154,1554,1555,1560,1561,1562,1566,1567,3147,3148,3153,3155,3159,3160,0,0,0,0,0,0,0,0,0,1554,1555,1560,1561,1562,1566,1567,3147,3148,3153,3155,3159,3160,0,0,0,0,0,0,0,0,0,0.110724,0.108633,0.112546,0.100018,0.112318,0.108987,0.110471,0.0503314,0.045186,0.0541652,0.0536041,0.0461063,0.04973,0,0,0,0,0,0,0,0,0,0.110784,0.108604,0.112538,0.1,0.11232,0.108966,0.110518,0.0502055,0.0446381,0.0543304,0.053805,0.0456003,0.0495524,0,0,0,0,0,0,0,0,0,1,1,1,1,1,1,1,1,1,1,1,1,1,0,0,0,0,0,0,0,0,0,1,1,1,1,1,1,1,1,1,1,1,1,1,0,0,0,0,0,0,0,0,0,1,0,0,0,0,0,0,0,0,0,0,0,0,0,0,0,0,0,0,0,0,0,0,13,0,0,0,0,0,0,0,0,0,0,0,0,0,0,0,0,0,0,0,0,0,0,0,0,0,0,0,0,0,0,0,0,0,0,0,0,0,0,0,0,0,0,0,0,0,0,0,0
-0.540311,-0.465271,0.695645,0,0,0,0,-4.25463e-08,1.96143e-08,2.72496e-08,3155,1555,1556,1561,1562,1563,1567,1568,3148,3149,3154,3156,3160,3161,0,0,0,0,0,0,0,0,0,1555,1556,1561,1562,1563,1567,1568,3148,3149,3154,3156,3160,3161,0,0,0,0,0,0,0,0,0,0.110617,0.108368,0.112302,0.100009,0.11261,0.108938,0.110621,0.0500644,0.0444958,0.0536041,0.0542676,0.0460226,0.0501468,0,0,0,0,0,0,0,0,0,0.11067,0.108318,0.11231,0.1,0.112628,0.108901,0.110677,0.0499241,0.0438574,0.053805,0.0545124,0.0454235,0.0499413,0,0,0,0,0,0,0,0,0,1,1,1,1,1,1,1,1,1,1,1,1,1,0,0,0,0,0,0,0,0,0,1,1,1,1,1,1,1,1,1,1,1,1,1,0,0,0,0,0,0,0,0,0,1,0,0,0,0,0,0,0,0,0,0,0,0,0,0,0,0,0,0,0,0,0,0,13,0,0,0,0,0,0,0,0,0,0,0,0,0,0,0,0,0,0,0,0,0,0,0,0,0,0,0,0,0,0,0,0,0,0,0,0,0,0,0,0,0,0,0,0,0,0,0,0
-0.516582,-0.454543,0.743256,0,0,0,0,-3.45164e-08,1.65136e-08,2.34145e-08,3156,107,108,1556,1557,1562,1563,1568,1700,1701,3149,3150,3155,3161,0,0,0,0,0,0,0,0,0,107,108,1556,1557,1562,1563,1568,1700,1701,3149,3150,3155,3161,0,0,0,0,0,0,0,0,0,0.113248,0.111476,0.111215,0.108228,0.112598,0.100002,0.10843,0.0556896,0.0522684,0.0515334,0.0441441,0.0542676,0.0446957,0,0,0,0,0,0,0,0,0,0.113282,0.111533,0.111262,0.108163,0.112617,0.1,0.108384,0.0559931,0.0520081,0.0513606,0.0434263,0.0545124,0.0440268,0,0,0,0,0,0,0,0,0,1,1,1,1,1,1,1,1,1,1,1,1,1,0,0,0,0,0,0,0,0,0,1,1,1,1,1,1,1,1,1,1,1,1,1,0,0,0,0,0,0,0,0,0,1,0,0,0,0,0,0,0,0,0,0,0,0,0,0,0,0,0,0,0,0,0,0,13,0,0,0,0,0,0,0,0,0,0,0,0,0,0,0,0,0,0,0,0,0,0,0,0,0,0,0,0,0,0,0,0,0,0,0,0,0,0,0,0,0,0,0,0,0,0,0,0
-0.631016,-0.456417,0.528223,0,0,0,0,-9.03129e-08,2.60407e-08,5.66918e-08,3157,1558,1559,1564,1565,1569,1570,3151,3152,3158,3162,3163,0,0,0,0,0,0,0,0,0,0,0,1558,1559,1564,1565,1569,1570,3151,3152,3158,3162,3163,0,0,0,0,0,0,0,0,0,0,0,0.110171,0.108796,0.100058,0.112837,0.108765,0.109908,0.0490462,0.0455059,0.0547729,0.0452347,0.0482728,0,0,0,0,0,0,0,0,0,0,0,0.11026,0.108817,0.1,0.112801,0.108758,0.109922,0.0489199,0.0452159,0.0549004,0.0450532,0.0480674,0,0,0,0,0,0,0,0,0,0,0,1,1,1,1,1,1,1,1,1,1,1,0,0,0,0,0,0,0,0,0,0,0,1,1,1,1,1,1,1,1,1,1,1,0,0,0,0,0,0,0,0,0,0,0,1,0,0,0,0,0,0,0,0,0,0,0,0,0,0,0,0,0,0,0,0,0,0,11,0,0,0,0,0,0,0,0,0,0,0,0,0,0,0,0,0,0,0,0,0,0,0,0,0,0,0,0,0,0,0,0,0,0,0,0,0,0,0,0,0,0,0,0,0,0,0,0
-0.613767,-0.45104,0.57993,0,0,0,0,-7.69683e-08,2.11278e-08,5.24515e-08,3158,1559,1560,1564,1565,1566,1570,1571,3152,3153,3157,3159,3163,3164,0,0,0,0,0,0,0,0,0,1559,1560,1564,1565,1566,1570,1571,3152,3153,3157,3159,3163,3164,0,0,0,0,0,0,0,0,0,0.110357,0.108923,0.11278,0.100029,0.112739,0.108956,0.109985,0.0493727,0.0459015,0.0547729,0.0545767,0.0459186,0.0485065,0,0,0,0,0,0,0,0,0,0.110383,0.108925,0.112788,0.1,0.112733,0.10895,0.110017,0.0492244,0.0455005,0.0549004,0.0547467,0.0455603,0.048307,0,0,0,0,0,0,0,0,0,1,1,1,1,1,1,1,1,1,1,1,1,1,0,0,0,0,0,0,0,0,0,1,1,1,1,1,1,1,1,1,1,1,1,1,0,0,0,0,0,0,0,0,0,1,0,0,0,0,0,0,0,0,0,0,0,0,0,0,0,0,0,0,0,0,0,0,13,0,0,0,0,0,0,0,0,0,0,0,0,0,0,0,0,0,0,0,0,0,0,0,0,0,0,0,0,0,0,0,0,0,0,0,0,0,0,0,0,0,0,0,0,0,0,0,0
-0.594292,-0.444444,0.630485,0,0,0,0,-6.50913e-08,1.72797e-08,4.79216e-08,3159,1560,1561,1565,1566,1567,1571,1572,3153,3154,3158,3160,3164,3165,0,0,0,0,0,0,0,0,0,1560,1561,1565,1566,1567,1571,1572,3153,3154,3158,3160,3164,3165,0,0,0,0,0,0,0,0,0,0.11041,0.108987,0.11272,0.100021,0.11263,0.109113,0.110076,0.0495748,0.0461063,0.0545767,0.0543273,0.0463971,0.0487632,0,0,0,0,0,0,0,0,0,0.110461,0.108963,0.11272,0.1,0.112639,0.109093,0.110113,0.0494132,0.0456003,0.0547467,0.0545343,0.0459362,0.0485485,0,0,0,0,0,0,0,0,0,1,1,1,1,1,1,1,1,1,1,1,1,1,0,0,0,0,0,0,0,0,0,1,1,1,1,1,1,1,1,1,1,1,1,1,0,0,0,0,0,0,0,0,0,1,0,0,0,0,0,0,0,0,0,0,0,0,0,0,0,0,0,0,0,0,0,0,13,0,0,0,0,0,0,0,0,0,0,0,0,0,0,0,0,0,0,0,0,0,0,0,0,0,0,0,0,0,0,0,0,0,0,0,0,0,0,0,0,0,0,0,0,0,0,0,0
-0.572681,-0.436693,0.679723,0,0,0,0,-5.44403e-08,1.41907e-08,4.32393e-08,3160,1561,1562,1566,1567,1568,1572,1573,3154,3155,3159,3161,3165,3166,0,0,0,0,0,0,0,0,0,1561,1562,1566,1567,1568,1572,1573,3154,3155,3159,3161,3165,3166,0,0,0,0,0,0,0,0,0,0.110467,0.10894,0.112617,0.100012,0.112664,0.109235,0.110274,0.04973,0.0460226,0.0543273,0.0544033,0.0467583,0.0493007,0,0,0,0,0,0,0,0,0,0.110518,0.108898,0.112627,0.1,0.112688,0.109199,0.110317,0.0495524,0.0454235,0.0545343,0.0546492,0.0462105,0.0490575,0,0,0,0,0,0,0,0,0,1,1,1,1,1,1,1,1,1,1,1,1,1,0,0,0,0,0,0,0,0,0,1,1,1,1,1,1,1,1,1,1,1,1,1,0,0,0,0,0,0,0,0,0,1,0,0,0,0,0,0,0,0,0,0,0,0,0,0,0,0,0,0,0,0,0,0,13,0,0,0,0,0,0,0,0,0,0,0,0,0,0,0,0,0,0,0,0,0,0,0,0,0,0,0,0,0,0,0,0,0,0,0,0,0,0,0,0,0,0,0,0,0,0,0,0
-0.548887,-0.427784,0.727829,0,0,0,0,-4.48537e-08,1.17042e-08,3.84328e-08,3161,108,109,1562,1563,1567,1568,1573,1701,1702,3155,3156,3160,3166,0,0,0,0,0,0,0,0,0,108,109,1562,1563,1567,1568,1573,1701,1702,3155,3156,3160,3166,0,0,0,0,0,0,0,0,0,0.113275,0.110983,0.110636,0.108445,0.112658,0.100006,0.109366,0.0557621,0.0511305,0.0501468,0.0446957,0.0544033,0.0471473,0,0,0,0,0,0,0,0,0,0.113316,0.111042,0.110677,0.108381,0.112677,0.1,0.109321,0.0560653,0.0508351,0.0499413,0.0440268,0.0546492,0.0465262,0,0,0,0,0,0,0,0,0,1,1,1,1,1,1,1,1,1,1,1,1,1,0,0,0,0,0,0,0,0,0,1,1,1,1,1,1,1,1,1,1,1,1,1,0,0,0,0,0,0,0,0,0,1,0,0,0,0,0,0,0,0,0,0,0,0,0,0,0,0,0,0,0,0,0,0,13,0,0,0,0,0,0,0,0,0,0,0,0,0,0,0,0,0,0,0,0,0,0,0,0,0,0,0,0,0,0,0,0,0,0,0,0,0,0,0,0,0,0,0,0,0,0,0,0
-0.658198,-0.426813,0.507464,0,0,0,0,-1.07391e-07,2.17583e-08,7.28528e-08,3162,1564,1569,1570,1574,3157,3163,3167,0,0,0,0,0,0,0,0,0,0,0,0,0,0,0,1564,1569,1570,1574,3157,3163,3167,0,0,0,0,0,0,0,0,0,0,0,0,0,0,0,0.108722,0.100011,0.112785,0.109471,0.0452347,0.0546815,0.0470217,0,0,0,0,0,0,0,0,0,0,0,0,0,0,0,0.108756,0.1,0.112793,0.109446,0.0450532,0.0548789,0.0468525,0,0,0,0,0,0,0,0,0,0,0,0,0,0,0,1,1,1,1,1,1,1,0,0,0,0,0,0,0,0,0,0,0,0,0,0,0,1,1,1,1,1,1,1,0,0,0,0,0,0,0,0,0,0,0,0,0,0,0,1,0,0,0,0,0,0,0,0,0,0,0,0,0,0,0,0,0,0,0,0,0,0,7,0,0,0,0,0,0,0,0,0,0,0,0,0,0,0,0,0,0,0,0,0,0,0,0,0,0,0,0,0,0,0,0,0,0,0,0,0,0,0,0,0,0,0,0,0,0,0,0
-0.642403,-0.421495,0.559544,0,0,0,0,-9.2656e-08,1.63655e-08,6.85012e-08,3163,1564,1565,1569,1570,1571,1574,1575,3157,3158,3162,3164,3167,3168,0,0,0,0,0,0,0,0,0,1564,1565,1569,1570,1571,1574,1575,3157,3158,3162,3164,3167,3168,0,0,0,0,0,0,0,0,0,0.109853,0.108942,0.112835,0.100029,0.112778,0.108825,0.109517,0.0482728,0.0459186,0.0546815,0.0546738,0.0455824,0.0473065,0,0,0,0,0,0,0,0,0,0.109922,0.108947,0.112779,0.1,0.112783,0.108831,0.10954,0.0480674,0.0455603,0.0548789,0.0548585,0.0452446,0.0470925,0,0,0,0,0,0,0,0,0,1,1,1,1,1,1,1,1,1,1,1,1,1,0,0,0,0,0,0,0,0,0,1,1,1,1,1,1,1,1,1,1,1,1,1,0,0,0,0,0,0,0,0,0,1,0,0,0,0,0,0,0,0,0,0,0,0,0,0,0,0,0,0,0,0,0,0,13,0,0,0,0,0,0,0,0,0,0,0,0,0,0,0,0,0,0,0,0,0,0,0,0,0,0,0,0,0,0,0,0,0,0,0,0,0,0,0,0,0,0,0,0,0,0,0,0
-0.624247,-0.415044,0.61071,0,0,0,0,-7.9559e-08,1.25877e-08,6.39377e-08,3164,1565,1566,1570,1571,1572,1575,1576,3158,3159,3163,3165,3168,3169,0,0,0,0,0,0,0,0,0,1565,1566,1570,1571,1572,1575,1576,3158,3159,3163,3165,3168,3169,0,0,0,0,0,0,0,0,0,0.109969,0.109108,0.112779,0.100022,0.112742,0.109052,0.109606,0.0485065,0.0463971,0.0546738,0.0545889,0.0462168,0.0475767,0,0,0,0,0,0,0,0,0,0.110017,0.10909,0.11277,0.1,0.112756,0.10904,0.109634,0.048307,0.0459362,0.0548585,0.0547999,0.0457955,0.0473341,0,0,0,0,0,0,0,0,0,1,1,1,1,1,1,1,1,1,1,1,1,1,0,0,0,0,0,0,0,0,0,1,1,1,1,1,1,1,1,1,1,1,1,1,0,0,0,0,0,0,0,0,0,1,0,0,0,0,0,0,0,0,0,0,0,0,0,0,0,0,0,0,0,0,0,0,13,0,0,0,0,0,0,0,0,0,0,0,0,0,0,0,0,0,0,0,0,0,0,0,0,0,0,0,0,0,0,0,0,0,0,0,0,0,0,0,0,0,0,0,0,0,0,0,0
-0.60384,-0.407434,0.660766,0,0,0,0,-6.76705e-08,9.64323e-09,5.91066e-08,3165,1566,1567,1571,1572,1573,1576,1577,3159,3160,3164,3166,3169,3170,0,0,0,0,0,0,0,0,0,1566,1567,1571,1572,1573,1576,1577,3159,3160,3164,3166,3169,3170,0,0,0,0,0,0,0,0,0,0.110066,0.109232,0.112733,0.100015,0.112807,0.109251,0.109764,0.0487632,0.0467583,0.0545889,0.0547289,0.0467591,0.0480256,0,0,0,0,0,0,0,0,0,0.110114,0.109196,0.112744,0.1,0.112835,0.109219,0.109797,0.0485485,0.0462105,0.0547999,0.0549796,0.0462631,0.0477509,0,0,0,0,0,0,0,0,0,1,1,1,1,1,1,1,1,1,1,1,1,1,0,0,0,0,0,0,0,0,0,1,1,1,1,1,1,1,1,1,1,1,1,1,0,0,0,0,0,0,0,0,0,1,0,0,0,0,0,0,0,0,0,0,0,0,0,0,0,0,0,0,0,0,0,0,13,0,0,0,0,0,0,0,0,0,0,0,0,0,0,0,0,0,0,0,0,0,0,0,0,0,0,0,0,0,0,0,0,0,0,0,0,0,0,0,0,0,0,0,0,0,0,0,0
-0.581212,-0.398576,0.709804,0,0,0,0,-5.68583e-08,7.32089e-09,5.40707e-08,3166,109,110,1567,1568,1572,1573,1577,1702,1703,3160,3161,3165,3170,0,0,0,0,0,0,0,0,0,109,110,1567,1568,1572,1573,1577,1702,1703,3160,3161,3165,3170,0,0,0,0,0,0,0,0,0,0.113328,0.110152,0.110275,0.109375,0.112799,0.100009,0.109451,0.0558831,0.0490856,0.0493007,0.0471473,0.0547289,0.0473124,0,0,0,0,0,0,0,0,0,0.113369,0.110195,0.110318,0.109317,0.112822,0.1,0.109408,0.0561849,0.0487556,0.0490575,0.0465262,0.0549796,0.0467523,0,0,0,0,0,0,0,0,0,1,1,1,1,1,1,1,1,1,1,1,1,1,0,0,0,0,0,0,0,0,0,1,1,1,1,1,1,1,1,1,1,1,1,1,0,0,0,0,0,0,0,0,0,1,0,0,0,0,0,0,0,0,0,0,0,0,0,0,0,0,0,0,0,0,0,0,13,0,0,0,0,0,0,0,0,0,0,0,0,0,0,0,0,0,0,0,0,0,0,0,0,0,0,0,0,0,0,0,0,0,0,0,0,0,0,0,0,0,0,0,0,0,0,0,0
-0.668844,-0.391905,0.537114,0,0,0,0,-1.09342e-07,1.27474e-08,8.37759e-08,3167,1569,1570,1574,1575,1578,1579,3162,3163,3168,3171,3172,0,0,0,0,0,0,0,0,0,0,0,1569,1570,1574,1575,1578,1579,3162,3163,3168,3171,3172,0,0,0,0,0,0,0,0,0,0,0,0.109365,0.108813,0.100043,0.112744,0.108625,0.109058,0.0470217,0.0455824,0.0545703,0.0448892,0.046099,0,0,0,0,0,0,0,0,0,0,0,0.109447,0.108829,0.1,0.112722,0.108621,0.109056,0.0468525,0.0452446,0.0547176,0.0446798,0.0458338,0,0,0,0,0,0,0,0,0,0,0,1,1,1,1,1,1,1,1,1,1,1,0,0,0,0,0,0,0,0,0,0,0,1,1,1,1,1,1,1,1,1,1,1,0,0,0,0,0,0,0,0,0,0,0,1,0,0,0,0,0,0,0,0,0,0,0,0,0,0,0,0,0,0,0,0,0,0,11,0,0,0,0,0,0,0,0,0,0,0,0,0,0,0,0,0,0,0,0,0,0,0,0,0,0,0,0,0,0,0,0,0,0,0,0,0,0,0,0,0,0,0,0,0,0,0,0
-0.65215,-0.385518,0.588674,0,0,0,0,-9.49797e-08,8.86971e-09,7.92981e-08,3168,1570,1571,1574,1575,1576,1579,1580,3163,3164,3167,3169,3172,3173,0,0,0,0,0,0,0,0,0,1570,1571,1574,1575,1576,1579,1580,3163,3164,3167,3169,3172,3173,0,0,0,0,0,0,0,0,0,0.109498,0.109052,0.112684,0.100024,0.112723,0.108892,0.109128,0.0473065,0.0462168,0.0545703,0.0545416,0.0457121,0.0463194,0,0,0,0,0,0,0,0,0,0.10954,0.109037,0.112709,0.1,0.112734,0.108871,0.109141,0.0470925,0.0457955,0.0547176,0.0547457,0.045346,0.0460571,0,0,0,0,0,0,0,0,0,1,1,1,1,1,1,1,1,1,1,1,1,1,0,0,0,0,0,0,0,0,0,1,1,1,1,1,1,1,1,1,1,1,1,1,0,0,0,0,0,0,0,0,0,1,0,0,0,0,0,0,0,0,0,0,0,0,0,0,0,0,0,0,0,0,0,0,13,0,0,0,0,0,0,0,0,0,0,0,0,0,0,0,0,0,0,0,0,0,0,0,0,0,0,0,0,0,0,0,0,0,0,0,0,0,0,0,0,0,0,0,0,0,0,0,0
-0.633134,-0.378024,0.639241,0,0,0,0,-8.19332e-08,6.02847e-09,7.44411e-08,3169,1571,1572,1575,1576,1577,1580,1581,3164,3165,3168,3170,3173,3174,0,0,0,0,0,0,0,0,0,1571,1572,1575,1576,1577,1580,1581,3164,3165,3168,3170,3173,3174,0,0,0,0,0,0,0,0,0,0.109594,0.109247,0.112699,0.100017,0.112768,0.109126,0.109249,0.0475767,0.0467591,0.0545416,0.0546443,0.0463815,0.0466901,0,0,0,0,0,0,0,0,0,0.109635,0.109216,0.112721,0.1,0.112797,0.109094,0.109271,0.0473341,0.0462631,0.0547457,0.0548908,0.0459357,0.0463959,0,0,0,0,0,0,0,0,0,1,1,1,1,1,1,1,1,1,1,1,1,1,0,0,0,0,0,0,0,0,0,1,1,1,1,1,1,1,1,1,1,1,1,1,0,0,0,0,0,0,0,0,0,1,0,0,0,0,0,0,0,0,0,0,0,0,0,0,0,0,0,0,0,0,0,0,13,0,0,0,0,0,0,0,0,0,0,0,0,0,0,0,0,0,0,0,0,0,0,0,0,0,0,0,0,0,0,0,0,0,0,0,0,0,0,0,0,0,0,0,0,0,0,0,0
-0.611883,-0.369293,0.688821,0,0,0,0,-6.99765e-08,3.85138e-09,6.92955e-08,3170,110,111,1572,1573,1576,1577,1581,1703,1704,3165,3166,3169,3174,0,0,0,0,0,0,0,0,0,110,111,1572,1573,1576,1577,1581,1703,1704,3165,3166,3169,3174,0,0,0,0,0,0,0,0,0,0.113019,0.109496,0.10976,0.109454,0.112756,0.100012,0.109345,0.0551853,0.0474124,0.0480256,0.0473124,0.0546443,0.0469892,0,0,0,0,0,0,0,0,0,0.113058,0.109529,0.109799,0.109404,0.112784,0.1,0.109306,0.0554848,0.0470646,0.0477509,0.0467523,0.0548908,0.0464875,0,0,0,0,0,0,0,0,0,1,1,1,1,1,1,1,1,1,1,1,1,1,0,0,0,0,0,0,0,0,0,1,1,1,1,1,1,1,1,1,1,1,1,1,0,0,0,0,0,0,0,0,0,1,0,0,0,0,0,0,0,0,0,0,0,0,0,0,0,0,0,0,0,0,0,0,13,0,0,0,0,0,0,0,0,0,0,0,0,0,0,0,0,0,0,0,0,0,0,0,0,0,0,0,0,0,0,0,0,0,0,0,0,0,0,0,0,0,0,0,0,0,0,0,0
-0.692868,-0.362491,0.513183,0,0,0,0,-1.26689e-07,1.04876e-08,9.82876e-08,3171,1574,1578,1579,1582,3167,3172,3175,0,0,0,0,0,0,0,0,0,0,0,0,0,0,0,1574,1578,1579,1582,3167,3172,3175,0,0,0,0,0,0,0,0,0,0,0,0,0,0,0,0.108598,0.100013,0.11255,0.108601,0.0448892,0.0541492,0.0447477,0,0,0,0,0,0,0,0,0,0,0,0,0,0,0,0.108619,0.1,0.112574,0.108575,0.0446798,0.0543785,0.0445518,0,0,0,0,0,0,0,0,0,0,0,0,0,0,0,1,1,1,1,1,1,1,0,0,0,0,0,0,0,0,0,0,0,0,0,0,0,1,1,1,1,1,1,1,0,0,0,0,0,0,0,0,0,0,0,0,0,0,0,1,0,0,0,0,0,0,0,0,0,0,0,0,0,0,0,0,0,0,0,0,0,0,7,0,0,0,0,0,0,0,0,0,0,0,0,0,0,0,0,0,0,0,0,0,0,0,0,0,0,0,0,0,0,0,0,0,0,0,0,0,0,0,0,0,0,0,0,0,0,0,0
-0.677747,-0.356127,0.564787,0,0,0,0,-1.11082e-07,6.15879e-09,9.37928e-08,3172,1574,1575,1578,1579,1580,1582,1583,3167,3168,3171,3173,3175,3176,0,0,0,0,0,0,0,0,0,1574,1575,1578,1579,1580,1582,1583,3167,3168,3171,3173,3175,3176,0,0,0,0,0,0,0,0,0,0.108997,0.108867,0.112598,0.100023,0.112596,0.108628,0.108646,0.046099,0.0457121,0.0541492,0.0542713,0.0450383,0.0450189,0,0,0,0,0,0,0,0,0,0.109057,0.108868,0.112561,0.1,0.112617,0.108624,0.108652,0.0458338,0.045346,0.0543785,0.0544768,0.0446852,0.0447584,0,0,0,0,0,0,0,0,0,1,1,1,1,1,1,1,1,1,1,1,1,1,0,0,0,0,0,0,0,0,0,1,1,1,1,1,1,1,1,1,1,1,1,1,0,0,0,0,0,0,0,0,0,1,0,0,0,0,0,0,0,0,0,0,0,0,0,0,0,0,0,0,0,0,0,0,13,0,0,0,0,0,0,0,0,0,0,0,0,0,0,0,0,0,0,0,0,0,0,0,0,0,0,0,0,0,0,0,0,0,0,0,0,0,0,0,0,0,0,0,0,0,0,0,0
-0.660243,-0.348724,0.615622,0,0,0,0,-9.69649e-08,3.32074e-09,8.89807e-08,3173,1575,1576,1579,1580,1581,1583,1584,3168,3169,3172,3174,3176,3177,0,0,0,0,0,0,0,0,0,1575,1576,1579,1580,1581,1583,1584,3168,3169,3172,3174,3176,3177,0,0,0,0,0,0,0,0,0,0.109096,0.109114,0.112597,0.100018,0.112646,0.108901,0.108747,0.0463194,0.0463815,0.0542713,0.0543776,0.0457606,0.0453484,0,0,0,0,0,0,0,0,0,0.109143,0.109091,0.112603,0.1,0.112676,0.108878,0.10876,0.0460571,0.0459357,0.0544768,0.0546151,0.0453614,0.0450464,0,0,0,0,0,0,0,0,0,1,1,1,1,1,1,1,1,1,1,1,1,1,0,0,0,0,0,0,0,0,0,1,1,1,1,1,1,1,1,1,1,1,1,1,0,0,0,0,0,0,0,0,0,1,0,0,0,0,0,0,0,0,0,0,0,0,0,0,0,0,0,0,0,0,0,0,13,0,0,0,0,0,0,0,0,0,0,0,0,0,0,0,0,0,0,0,0,0,0,0,0,0,0,0,0,0,0,0,0,0,0,0,0,0,0,0,0,0,0,0,0,0,0,0,0
-0.640455,-0.340146,0.665539,0,0,0,0,-8.3934e-08,1.24358e-09,8.38163e-08,3174,111,112,1576,1577,1580,1581,1584,1704,1705,3169,3170,3173,3177,0,0,0,0,0,0,0,0,0,111,112,1576,1577,1580,1581,1584,1704,1705,3169,3170,3173,3177,0,0,0,0,0,0,0,0,0,0.112792,0.108927,0.109237,0.109346,0.112636,0.100014,0.109146,0.0546758,0.0459148,0.0466901,0.0469892,0.0543776,0.0464271,0,0,0,0,0,0,0,0,0,0.112829,0.108952,0.109273,0.109303,0.112664,0.1,0.109113,0.0549652,0.0455574,0.0463959,0.0464875,0.0546151,0.0459811,0,0,0,0,0,0,0,0,0,1,1,1,1,1,1,1,1,1,1,1,1,1,0,0,0,0,0,0,0,0,0,1,1,1,1,1,1,1,1,1,1,1,1,1,0,0,0,0,0,0,0,0,0,1,0,0,0,0,0,0,0,0,0,0,0,0,0,0,0,0,0,0,0,0,0,0,13,0,0,0,0,0,0,0,0,0,0,0,0,0,0,0,0,0,0,0,0,0,0,0,0,0,0,0,0,0,0,0,0,0,0,0,0,0,0,0,0,0,0,0,0,0,0,0,0
-0.700953,-0.327099,0.539344,0,0,0,0,-1.27781e-07,4.41056e-09,1.07199e-07,3175,1578,1579,1582,1583,1585,1586,3171,3172,3176,3178,3179,0,0,0,0,0,0,0,0,0,0,0,1578,1579,1582,1583,1585,1586,3171,3172,3176,3178,3179,0,0,0,0,0,0,0,0,0,0,0,0.108515,0.108611,0.100026,0.112432,0.108325,0.108186,0.0447477,0.0450383,0.0538927,0.0440799,0.0437544,0,0,0,0,0,0,0,0,0,0,0,0.108576,0.108622,0.1,0.112429,0.108322,0.108172,0.0445518,0.0446852,0.0540451,0.0438635,0.0434527,0,0,0,0,0,0,0,0,0,0,0,1,1,1,1,1,1,1,1,1,1,1,0,0,0,0,0,0,0,0,0,0,0,1,1,1,1,1,1,1,1,1,1,1,0,0,0,0,0,0,0,0,0,0,0,1,0,0,0,0,0,0,0,0,0,0,0,0,0,0,0,0,0,0,0,0,0,0,11,0,0,0,0,0,0,0,0,0,0,0,0,0,0,0,0,0,0,0,0,0,0,0,0,0,0,0,0,0,0,0,0,0,0,0,0,0,0,0,0,0,0,0,0,0,0,0,0
-0.685007,-0.319751,0.590297,0,0,0,0,-1.12542e-07,1.46297e-09,1.0254e-07,3176,1579,1580,1582,1583,1584,1586,1587,3172,3173,3175,3177,3179,3180,0,0,0,0,0,0,0,0,0,1579,1580,1582,1583,1584,1586,1587,3172,3173,3175,3177,3179,3180,0,0,0,0,0,0,0,0,0,0.108618,0.10889,0.112381,0.100019,0.112473,0.108627,0.108269,0.0450189,0.0457606,0.0538927,0.0539879,0.044945,0.0440197,0,0,0,0,0,0,0,0,0,0.108653,0.108875,0.112416,0.1,0.112497,0.108597,0.108267,0.0447584,0.0453614,0.0540451,0.0542038,0.0446094,0.0437112,0,0,0,0,0,0,0,0,0,1,1,1,1,1,1,1,1,1,1,1,1,1,0,0,0,0,0,0,0,0,0,1,1,1,1,1,1,1,1,1,1,1,1,1,0,0,0,0,0,0,0,0,0,1,0,0,0,0,0,0,0,0,0,0,0,0,0,0,0,0,0,0,0,0,0,0,13,0,0,0,0,0,0,0,0,0,0,0,0,0,0,0,0,0,0,0,0,0,0,0,0,0,0,0,0,0,0,0,0,0,0,0,0,0,0,0,0,0,0,0,0,0,0,0,0
-0.666745,-0.311301,0.640395,0,0,0,0,-9.85069e-08,-5.68826e-10,9.74438e-08,3177,112,113,1580,1581,1583,1584,1587,1705,1706,3173,3174,3176,3180,0,0,0,0,0,0,0,0,0,112,113,1580,1581,1583,1584,1587,1705,1706,3173,3174,3176,3180,0,0,0,0,0,0,0,0,0,0.112577,0.10841,0.10873,0.109145,0.112452,0.100015,0.108883,0.0541939,0.0445039,0.0453484,0.0464271,0.0539879,0.0456772,0,0,0,0,0,0,0,0,0,0.112611,0.108425,0.108762,0.10911,0.112484,0.1,0.108852,0.0544666,0.0441438,0.0450464,0.0459811,0.0542038,0.0452888,0,0,0,0,0,0,0,0,0,1,1,1,1,1,1,1,1,1,1,1,1,1,0,0,0,0,0,0,0,0,0,1,1,1,1,1,1,1,1,1,1,1,1,1,0,0,0,0,0,0,0,0,0,1,0,0,0,0,0,0,0,0,0,0,0,0,0,0,0,0,0,0,0,0,0,0,13,0,0,0,0,0,0,0,0,0,0,0,0,0,0,0,0,0,0,0,0,0,0,0,0,0,0,0,0,0,0,0,0,0,0,0,0,0,0,0,0,0,0,0,0,0,0,0,0
-0.721687,-0.298582,0.512889,0,0,0,0,-1.44663e-07,3.73025e-09,1.1954e-07,3178,1582,1585,1586,1588,3175,3179,3181,0,0,0,0,0,0,0,0,0,0,0,0,0,0,0,1582,1585,1586,1588,3175,3179,3181,0,0,0,0,0,0,0,0,0,0,0,0,0,0,0,0.10831,0.100014,0.112148,0.107733,0.0440799,0.0532446,0.0423496,0,0,0,0,0,0,0,0,0,0,0,0,0,0,0,0.108321,0.1,0.112186,0.107706,0.0438635,0.0534828,0.0421492,0,0,0,0,0,0,0,0,0,0,0,0,0,0,0,1,1,1,1,1,1,1,0,0,0,0,0,0,0,0,0,0,0,0,0,0,0,1,1,1,1,1,1,1,0,0,0,0,0,0,0,0,0,0,0,0,0,0,0,1,0,0,0,0,0,0,0,0,0,0,0,0,0,0,0,0,0,0,0,0,0,0,7,0,0,0,0,0,0,0,0,0,0,0,0,0,0,0,0,0,0,0,0,0,0,0,0,0,0,0,0,0,0,0,0,0,0,0,0,0,0,0,0,0,0,0,0,0,0,0,0
-0.707341,-0.291277,0.563642,0,0,0,0,-1.2841e-07,4.02818e-10,1.14976e-07,3179,1582,1583,1585,1586,1587,1588,1589,3175,3176,3178,3180,3181,3182,0,0,0,0,0,0,0,0,0,1582,1583,1585,1586,1587,1588,1589,3175,3176,3178,3180,3181,3182,0,0,0,0,0,0,0,0,0,0.108129,0.108593,0.112192,0.100019,0.112237,0.108281,0.107801,0.0437544,0.044945,0.0532446,0.0534697,0.0440432,0.0426835,0,0,0,0,0,0,0,0,0,0.108174,0.108596,0.112173,0.1,0.11227,0.10827,0.107793,0.0434527,0.0446094,0.0534828,0.0536797,0.0437167,0.0423933,0,0,0,0,0,0,0,0,0,1,1,1,1,1,1,1,1,1,1,1,1,1,0,0,0,0,0,0,0,0,0,1,1,1,1,1,1,1,1,1,1,1,1,1,0,0,0,0,0,0,0,0,0,1,0,0,0,0,0,0,0,0,0,0,0,0,0,0,0,0,0,0,0,0,0,0,13,0,0,0,0,0,0,0,0,0,0,0,0,0,0,0,0,0,0,0,0,0,0,0,0,0,0,0,0,0,0,0,0,0,0,0,0,0,0,0,0,0,0,0,0,0,0,0,0
-0.690655,-0.28293,0.613751,0,0,0,0,-1.1347e-07,-1.66372e-09,1.10018e-07,3180,113,114,1583,1584,1586,1587,1589,1706,1707,3176,3177,3179,3182,0,0,0,0,0,0,0,0,0,113,114,1583,1584,1586,1587,1589,1706,1707,3176,3177,3179,3182,0,0,0,0,0,0,0,0,0,0.112343,0.107928,0.108236,0.108873,0.112241,0.100015,0.108565,0.053674,0.0431506,0.0440197,0.0456772,0.0534697,0.0447849,0,0,0,0,0,0,0,0,0,0.112377,0.107936,0.108268,0.10885,0.112258,0.1,0.10854,0.053928,0.0427956,0.0437112,0.0452888,0.0536797,0.0444498,0,0,0,0,0,0,0,0,0,1,1,1,1,1,1,1,1,1,1,1,1,1,0,0,0,0,0,0,0,0,0,1,1,1,1,1,1,1,1,1,1,1,1,1,0,0,0,0,0,0,0,0,0,1,0,0,0,0,0,0,0,0,0,0,0,0,0,0,0,0,0,0,0,0,0,0,13,0,0,0,0,0,0,0,0,0,0,0,0,0,0,0,0,0,0,0,0,0,0,0,0,0,0,0,0,0,0,0,0,0,0,0,0,0,0,0,0,0,0,0,0,0,0,0,0
-0.72727,-0.263471,0.535902,0,0,0,0,-1.44499e-07,4.78939e-11,1.26159e-07,3181,1585,1586,1588,1589,1590,1591,3178,3179,3182,3183,3184,0,0,0,0,0,0,0,0,0,0,0,1585,1586,1588,1589,1590,1591,3178,3179,3182,3183,3184,0,0,0,0,0,0,0,0,0,0,0,0.107665,0.108259,0.100013,0.111991,0.107912,0.107363,0.0423496,0.0440432,0.0529117,0.042902,0.0414041,0,0,0,0,0,0,0,0,0,0,0,0.107707,0.108269,0.1,0.112004,0.107908,0.107339,0.0421492,0.0437167,0.0530599,0.0427127,0.0410969,0,0,0,0,0,0,0,0,0,0,0,1,1,1,1,1,1,1,1,1,1,1,0,0,0,0,0,0,0,0,0,0,0,1,1,1,1,1,1,1,1,1,1,1,0,0,0,0,0,0,0,0,0,0,0,1,0,0,0,0,0,0,0,0,0,0,0,0,0,0,0,0,0,0,0,0,0,0,11,0,0,0,0,0,0,0,0,0,0,0,0,0,0,0,0,0,0,0,0,0,0,0,0,0,0,0,0,0,0,0,0,0,0,0,0,0,0,0,0,0,0,0,0,0,0,0,0
-0.712161,-0.255196,0.585931,0,0,0,0,-1.28632e-07,-2.13952e-09,1.2144e-07,3182,114,115,1586,1587,1588,1589,1591,1707,1708,3179,3180,3181,3184,0,0,0,0,0,0,0,0,0,114,115,1586,1587,1588,1589,1591,1707,1708,3179,3180,3181,3184,0,0,0,0,0,0,0,0,0,0.112091,0.10748,0.107772,0.10855,0.111952,0.100016,0.108225,0.0531033,0.0418568,0.0426835,0.0447849,0.0529117,0.0437437,0,0,0,0,0,0,0,0,0,0.11212,0.10748,0.107794,0.108538,0.111991,0.1,0.108188,0.0533317,0.0415033,0.0423933,0.0444498,0.0530599,0.0434884,0,0,0,0,0,0,0,0,0,1,1,1,1,1,1,1,1,1,1,1,1,1,0,0,0,0,0,0,0,0,0,1,1,1,1,1,1,1,1,1,1,1,1,1,0,0,0,0,0,0,0,0,0,1,0,0,0,0,0,0,0,0,0,0,0,0,0,0,0,0,0,0,0,0,0,0,13,0,0,0,0,0,0,0,0,0,0,0,0,0,0,0,0,0,0,0,0,0,0,0,0,0,0,0,0,0,0,0,0,0,0,0,0,0,0,0,0,0,0,0,0,0,0,0,0
-0.744806,-0.236441,0.507575,0,0,0,0,-1.60392e-07,4.12566e-10,1.36161e-07,3183,1588,1590,1591,1592,3181,3184,3185,0,0,0,0,0,0,0,0,0,0,0,0,0,0,0,1588,1590,1591,1592,3181,3184,3185,0,0,0,0,0,0,0,0,0,0,0,0,0,0,0,0.1079,0.100015,0.111662,0.106938,0.042902,0.0521562,0.0399958,0,0,0,0,0,0,0,0,0,0,0,0,0,0,0,0.107908,0.1,0.111708,0.106906,0.0427127,0.0523634,0.0398265,0,0,0,0,0,0,0,0,0,0,0,0,0,0,0,1,1,1,1,1,1,1,0,0,0,0,0,0,0,0,0,0,0,0,0,0,0,1,1,1,1,1,1,1,0,0,0,0,0,0,0,0,0,0,0,0,0,0,0,1,0,0,0,0,0,0,0,0,0,0,0,0,0,0,0,0,0,0,0,0,0,0,7,0,0,0,0,0,0,0,0,0,0,0,0,0,0,0,0,0,0,0,0,0,0,0,0,0,0,0,0,0,0,0,0,0,0,0,0,0,0,0,0,0,0,0,0,0,0,0,0
-0.731271,-0.228234,0.557271,0,0,0,0,-1.43763e-07,-2.0788e-09,1.31639e-07,3184,115,116,1588,1589,1590,1591,1592,1708,1709,3181,3182,3183,3185,0,0,0,0,0,0,0,0,0,115,116,1588,1589,1590,1591,1592,1708,1709,3181,3182,3183,3185,0,0,0,0,0,0,0,0,0,0.1118,0.107056,0.10731,0.108176,0.111701,0.100016,0.107849,0.0524513,0.0406078,0.0414041,0.0437437,0.0521562,0.0426226,0,0,0,0,0,0,0,0,0,0.111842,0.107055,0.10734,0.108187,0.111695,0.1,0.107808,0.0526803,0.0402691,0.0410969,0.0434884,0.0523634,0.0424276,0,0,0,0,0,0,0,0,0,1,1,1,1,1,1,1,1,1,1,1,1,1,0,0,0,0,0,0,0,0,0,1,1,1,1,1,1,1,1,1,1,1,1,1,0,0,0,0,0,0,0,0,0,1,0,0,0,0,0,0,0,0,0,0,0,0,0,0,0,0,0,0,0,0,0,0,13,0,0,0,0,0,0,0,0,0,0,0,0,0,0,0,0,0,0,0,0,0,0,0,0,0,0,0,0,0,0,0,0,0,0,0,0,0,0,0,0,0,0,0,0,0,0,0,0
-0.748072,-0.202207,0.527996,0,0,0,0,-1.58762e-07,-1.57673e-09,1.40568e-07,3185,116,117,1590,1591,1592,1709,1710,3183,3184,0,0,0,0,0,0,0,0,0,0,0,0,0,116,117,1590,1591,1592,1709,1710,3183,3184,0,0,0,0,0,0,0,0,0,0,0,0,0,0.111526,0.106723,0.106879,0.107776,0.100012,0.0517805,0.039417,0.0399958,0.0426226,0,0,0,0,0,0,0,0,0,0,0,0,0,0.111549,0.106665,0.106907,0.107808,0.1,0.0519898,0.039103,0.0398265,0.0424276,0,0,0,0,0,0,0,0,0,0,0,0,0,1,1,1,1,1,1,1,1,1,0,0,0,0,0,0,0,0,0,0,0,0,0,1,1,1,1,1,1,1,1,1,0,0,0,0,0,0,0,0,0,0,0,0,0,1,0,0,0,0,0,0,0,0,0,0,0,0,0,0,0,0,0,0,0,0,0,0,9,0,0,0,0,0,0,0,0,0,0,0,0,0,0,0,0,0,0,0,0,0,0,0,0,0,0,0,0,0,0,0,0,0,0,0,0,0,0,0,0,0,0,0,0,0,0,0,0
