,ID,x,y,z,neighbours,spring1,spring2,stack,e_h_x,e_h_y,e_h_z,e_R_x,e_R_y,e_R_z,e_phi_x,e_phi_y,e_phi_z,pathlength,pathlength_scaled,DV_bool,active,ext_fx,ext_fy,ext_fz,n_neigh
0,0,0.127305,-0.633121,0.652626,"[6, 7, 38, 87, 121, 1594, 1600, 1601, 1632, 1681, 1715]","[0, 1, 2, 3, 4, 5, 6, 7, 8, 9, 10]",[],0,0.13283137946281293,-0.6359524616571751,0.7602106886529453,0.0090975159037833,-0.7661927871339566,-0.642546378208048,0.991096897298335,0.09226635061645556,-0.09598885721548453,0.6927774551926091,0.8129098603499229,0.0,1,0,0,0,11
1,1,0.0988547,0.425418,0.842794,"[37, 66, 67, 133, 134, 1595, 1631, 1660, 1661, 1727, 1728]","[11, 12, 13, 14, 15, 16, 17, 18, 19, 20, 21]",[],0,0.10662978002406945,0.4047125781327494,0.9082058242012996,0.0026824329172166453,0.9132929687276232,-0.40729443628206996,-0.9942951747673641,0.04586591734422993,0.0962986140113609,0.4171308009306331,0.4894641686021627,0.0,1,0,0,0,11
2,2,0.212911,-0.699211,0.529029,"[3, 1065, 1070, 1080, 1596, 1597, 2659, 2664, 2674]","[22, 23, 24, 25, 26, 27, 28, 29, 30]",[],0,0.22099240944802565,-0.7267791510823963,0.650349460304464,0.06907045282715901,-0.6534990289560288,-0.7537693889378757,0.9728266173952105,0.21149724514867493,-0.09421935991033857,0.8384392020604413,0.9838303621894846,0.0,1,0,0,0,9
3,3,0.195697,-0.687541,0.555758,"[2, 4, 1070, 1074, 1080, 1081, 1596, 1597, 1598, 2664, 2668, 2674, 2675]","[31, 32, 33, 34, 35, 36, 37, 38, 39, 40, 41, 42]",[22],0,0.20312524470685747,-0.7095306264681777,0.6747639773035122,0.06088698196753389,-0.6786439012730074,-0.7319393627151348,0.9772578525597349,0.18975970428051347,-0.09464853005571511,0.8076443789780433,0.9476955036663348,0.0,1,0,0,0,13
4,4,0.178744,-0.675159,0.581189,"[3, 5, 1074, 1077, 1081, 1082, 1597, 1598, 1599, 2668, 2671, 2675, 2676]","[43, 44, 45, 46, 47, 48, 49, 50, 51, 52, 53, 54]",[31],0,0.1855630788288996,-0.6919817997965815,0.6976586074333373,0.05097197764450753,-0.7022550593745915,-0.7100983657760358,0.9813094319686056,0.16732907796636165,-0.09504093011108347,0.7780299220583599,0.9129456949673413,0.0,1,0,0,0,13
5,5,0.162045,-0.662226,0.605297,"[4, 6, 1077, 1079, 1082, 1083, 1598, 1599, 1600, 2671, 2673, 2676, 2677]","[55, 56, 57, 58, 59, 60, 61, 62, 63, 64, 65, 66]",[43],0,0.168360056562606,-0.674241466768293,0.7190642084295235,0.039377324921279336,-0.7242944693335016,-0.6883654174745745,0.9849387380118015,0.14420806559635313,-0.09539243251263599,0.7496238605509119,0.8796138258078711,0.0,1,0,0,0,13
6,6,0.145005,-0.648303,0.628988,"[0, 5, 7, 121, 1079, 1083, 1594, 1599, 1600, 1601, 1715, 2673, 2677]","[67, 68, 69, 70, 71, 72, 73, 74, 75, 76, 77]","[0, 55]",0,0.15088158613469158,-0.6556775896402924,0.7398118986668004,0.025588359042994255,-0.7455382888422768,-0.6659713925925169,0.9882206144616527,0.11941339252205371,-0.0957102859645057,0.7213553467620076,0.8464433560932509,0.0,1,0,0,0,13
7,7,0.158454,-0.622951,0.656008,"[0, 6, 8, 38, 1079, 1092, 1594, 1600, 1601, 1602, 1632, 2673, 2686]","[78, 79, 80, 81, 82, 83, 84, 85, 86, 87, 88]","[1, 67]",0,0.1649563627378416,-0.6261720204564165,0.7620354317155015,0.049533205168420455,-0.7663852483289842,-0.6404686664696909,0.9850562724931224,0.14339543905316582,-0.09540381586029469,0.6850487804786625,0.8038409799536091,0.0,1,0,0,0,13
8,8,0.188703,-0.612155,0.658369,"[7, 9, 1078, 1079, 1092, 1093, 1601, 1602, 1603, 2672, 2673, 2686, 2687]","[89, 90, 91, 92, 93, 94, 95, 96, 97, 98, 99, 100]",[78],0,0.19617700793447718,-0.6159275761589365,0.7629861089724072,0.08966191938200033,-0.7635785987945122,-0.6394595090197227,0.976460609431129,0.19385805216700908,-0.09457131615559455,0.67877229333388,0.7964761065009437,0.0,1,0,0,0,13
9,9,0.218571,-0.600649,0.659727,"[8, 10, 1076, 1078, 1093, 1094, 1602, 1603, 1604, 2670, 2672, 2687, 2688]","[101, 102, 103, 104, 105, 106, 107, 108, 109, 110, 111, 112]",[89],0,0.2270176970858599,-0.6050786722046205,0.763113861525871,0.12981549416278926,-0.757779219570903,-0.6394674283040411,0.9651999288671252,0.2442344259714559,-0.09348070648689938,0.6738191639434931,0.7906640701956988,0.0,1,0,0,0,13
10,10,0.249156,-0.588014,0.660058,"[9, 11, 1073, 1076, 1094, 1095, 1603, 1604, 1605, 2667, 2670, 2688, 2689]","[113, 114, 115, 116, 117, 118, 119, 120, 121, 122, 123, 124]",[101],0,0.25862081539348974,-0.5931928367851336,0.7623893573706367,0.1711598653744425,-0.748611907865534,-0.6405345516729974,0.9506942591234098,0.2961460278118399,-0.09207581594023331,0.6700836450998024,0.7862807865325278,0.0,1,0,0,0,13
11,11,0.280353,-0.574233,0.659256,"[10, 12, 1069, 1073, 1095, 1096, 1604, 1605, 1606, 2663, 2667, 2689, 2690]","[125, 126, 127, 128, 129, 130, 131, 132, 133, 134, 135, 136]",[113],0,0.2909004714578899,-0.5802278260914835,0.760731612025377,0.21321646240217118,-0.7358065357208475,-0.6427499374960598,0.9326926910115041,0.3491767630006849,-0.09033234367646294,0.6677264897085843,0.7835148840835725,0.0,1,0,0,0,13
12,12,0.312037,-0.55929,0.657232,"[11, 13, 1064, 1069, 1096, 1097, 1605, 1606, 1607, 2658, 2663, 2690, 2691]","[137, 138, 139, 140, 141, 142, 143, 144, 145, 146, 147, 148]",[125],0,0.32375281996184085,-0.5661500434340381,0.7580621609646485,0.25541124014215183,-0.7191720097965897,-0.6461862879496764,0.9110154828408813,0.40282222958120223,-0.08823288150924977,0.6669024996026939,0.7825480083908252,0.0,1,0,0,0,13
13,13,0.344065,-0.543174,0.65392,"[12, 14, 1060, 1064, 1097, 1098, 1606, 1607, 1608, 2654, 2658, 2691, 2692]","[149, 150, 151, 152, 153, 154, 155, 156, 157, 158, 159, 160]",[137],0,0.35705662043132275,-0.5509364261916729,0.7543073803836934,0.2970913389052789,-0.6986220090178571,-0.6508947878600057,0.8855773857510314,0.45650448279398137,-0.08576917298988365,0.6677537094296853,0.7835468238926888,0.0,1,0,0,0,13
14,14,0.376283,-0.525882,0.649264,"[13, 15, 1056, 1060, 1098, 1099, 1607, 1608, 1609, 2650, 2654, 2692, 2693]","[161, 162, 163, 164, 165, 166, 167, 168, 169, 170, 171, 172]",[149],0,0.39067402027237325,-0.5345764242444231,0.7494009984822998,0.3375513488265666,-0.6741962978950377,-0.6569006308491347,0.8564069691388474,0.5095953282229657,-0.08294398509681702,0.670402282871558,0.7866546782990662,0.0,1,0,0,0,13
15,15,0.408536,-0.507442,0.643201,"[14, 16, 1052, 1056, 1099, 1100, 1608, 1609, 1610, 2646, 2650, 2693, 2694]","[173, 174, 175, 176, 177, 178, 179, 180, 181, 182, 183, 184]",[161],0,0.42445200305039477,-0.5170738396543532,0.7432867155086335,0.3760683023287111,-0.6460738230800706,-0.6641997042413547,0.8236583813026546,0.5614474681355381,-0.07977224726736157,0.6749436170564365,0.7919835112603026,0.0,1,0,0,0,13
16,16,0.440636,-0.487899,0.635691,"[15, 17, 1048, 1052, 1100, 1101, 1609, 1610, 1611, 2642, 2646, 2694, 2695]","[185, 186, 187, 188, 189, 190, 191, 192, 193, 194, 195, 196]",[173],0,0.45822459980128766,-0.4984483778836076,0.7359208046537006,0.4119422894123391,-0.6145744866852244,-0.6727568286604854,0.7876127007169644,0.6114306296717505,-0.07628118227017869,0.681440305320781,0.7996067702305835,0.0,1,0,0,0,13
17,17,0.472373,-0.467302,0.626738,"[16, 18, 1044, 1048, 1101, 1102, 1610, 1611, 1612, 2638, 2642, 2695, 2696]","[197, 198, 199, 200, 201, 202, 203, 204, 205, 206, 207, 208]",[185],0,0.4918158525610472,-0.4787367799743144,0.7272745442193582,0.4445380543837425,-0.5801480667587702,-0.6825057793460642,0.7486675399497211,0.6589683726370231,-0.07250929933288836,0.6899175959622463,0.8095540817371094,0.0,1,0,0,0,13
18,18,0.503573,-0.445737,0.616322,"[17, 19, 1041, 1044, 1102, 1103, 1611, 1612, 1613, 2635, 2638, 2696, 2697]","[209, 210, 211, 212, 213, 214, 215, 216, 217, 218, 219, 220]",[197],0,0.525043387318105,-0.4579934627257903,0.7173363433801265,0.47332228785462827,-0.5433509765423876,-0.6933510857498487,0.7073156673321968,0.7035706818727412,-0.06850432362658093,0.7003608263563187,0.8218082405548025,0.0,1,0,0,0,13
19,19,0.534008,-0.423277,0.604517,"[18, 20, 1038, 1041, 1103, 1104, 1612, 1613, 1614, 2632, 2635, 2697, 2698]","[221, 222, 223, 224, 225, 226, 227, 228, 229, 230, 231, 232]",[209],0,0.557721965365616,-0.43629093449151807,0.7061136097181759,0.49789165314309874,-0.5048142670302195,-0.7051712256843542,0.6641160373602994,0.7448575543573819,-0.06432039052736757,0.7127148719876788,0.8363045631958927,0.0,1,0,0,0,13
20,20,0.56182,-0.40157,0.592028,"[19, 21, 1036, 1038, 1104, 1105, 1613, 1614, 1615, 2630, 2632, 2698, 2699]","[233, 234, 235, 236, 237, 238, 239, 240, 241, 242, 243, 244]",[221],0,0.587772635840951,-0.41509803855111893,0.6944184235369872,0.5169110341818672,-0.4676035772527448,-0.7170424515197611,0.6223554541398455,0.7804104772050733,-0.06027583073618009,0.7259853971142367,0.8518762892192245,0.0,1,0,0,0,13
21,21,0.588072,-0.379856,0.578641,"[20, 22, 1035, 1036, 1105, 1106, 1614, 1615, 1616, 2629, 2630, 2699, 2700]","[245, 246, 247, 248, 249, 250, 251, 252, 253, 254, 255, 256]",[233],0,0.6164366386194611,-0.39368059003575245,0.6819248225403164,0.5316205308620807,-0.43077348858115133,-0.7292556566126479,0.580848931937952,0.8120651418234418,-0.05625587704243984,0.7404376224508435,0.8688346304470873,0.0,1,0,0,0,13
22,22,0.613157,-0.357469,0.56443,"[21, 23, 1035, 1106, 1107, 1615, 1616, 1617, 2629, 2700, 2701]","[257, 258, 259, 260, 261, 262, 263, 264, 265, 266]",[245],0,0.6442151781117667,-0.3716976499724652,0.6684516895747753,0.5424722539948178,-0.39405383156551543,-0.7419200977695092,0.5391759063016508,0.8405726826595563,-0.052219797302462595,0.7562113663867961,0.8873436507451072,0.0,1,0,0,0,11
23,23,0.63786,-0.334493,0.548612,"[22, 1107, 1108, 1616, 1617, 2701, 2702]","[267, 268, 269, 270, 271, 272]",[257],0,0.6715462968755969,-0.34876794175430087,0.653748035528323,0.5496861762071689,-0.35713762564074997,-0.7551806565573755,0.4968608244160674,0.8664950312356997,-0.04812153368742261,0.7735420567147951,0.9076796027145382,0.0,1,0,0,0,7
24,24,-0.224235,0.679847,0.548788,"[25, 312, 326, 417, 1618, 1619, 1906, 1920, 2011]","[273, 274, 275, 276, 277, 278, 279, 280, 281]",[],0,-0.2320855227009285,0.7036418279849097,0.671583567445401,-0.08842280224639927,0.6723149927468691,-0.734965277119043,-0.9686680123734505,-0.2299581014833619,-0.0938165943031235,0.80816154062685,0.9483023447241069,0.0,1,0,0,0,9
25,25,-0.200977,0.668822,0.576135,"[24, 26, 326, 339, 417, 418, 1618, 1619, 1620, 1920, 1933, 2011, 2012]","[282, 283, 284, 285, 286, 287, 288, 289, 290, 291, 292, 293]",[273],0,-0.20777408011731138,0.686889519784208,0.6964285456829188,-0.07388219356140568,0.6989121110921626,-0.7113812497130155,-0.9753826700869563,-0.19926025338565884,-0.09446691650902436,0.7767228310654152,0.9114119453503826,0.0,1,0,0,0,13
26,26,-0.175818,0.655825,0.604229,"[25, 27, 339, 351, 418, 419, 1619, 1620, 1621, 1933, 1945, 2012, 2013]","[294, 295, 296, 297, 298, 299, 300, 301, 302, 303, 304, 305]",[282],0,-0.18173088834564574,0.6680632937824599,0.7215714238532686,-0.05508062521669693,0.7257226319591235,-0.6857789630690493,-0.9818044657399152,-0.16437182533163436,-0.09508887469260786,0.744052876114362,0.8730767941155387,0.0,1,0,0,0,13
27,27,-0.150422,0.641626,0.631182,"[26, 28, 351, 362, 419, 420, 1620, 1621, 1622, 1945, 1956, 2013, 2014]","[306, 307, 308, 309, 310, 311, 312, 313, 314, 315, 316, 317]",[294],0,-0.15563863811396111,0.6483208824368677,0.7452896401549619,-0.03272647145623253,0.7506853552449628,-0.6598488277528183,-0.987271792563758,-0.12708867304769952,-0.09561839148887147,0.7123589043659185,0.8358868683250142,0.0,1,0,0,0,13
28,28,-0.124935,0.626366,0.65688,"[27, 29, 362, 372, 420, 421, 1621, 1622, 1623, 1956, 1966, 2014, 2015]","[318, 319, 320, 321, 322, 323, 324, 325, 326, 327, 328, 329]",[306],0,-0.12963013371770918,0.6277918942455352,0.7675111503762871,-0.006742372306928728,0.7734662230739159,-0.6338016583912086,-0.9915394943460416,-0.0873346396533143,-0.09603172324092776,0.681810603883302,0.8000412811265291,0.0,1,0,0,0,13
29,29,-0.0998067,0.610019,0.68126,"[28, 30, 372, 381, 421, 422, 1622, 1623, 1624, 1966, 1975, 2015, 2016]","[330, 331, 332, 333, 334, 335, 336, 337, 338, 339, 340, 341]",[318],0,-0.10383114614849044,0.606611624109045,0.7881887023963726,0.022896480464951605,0.7937199000444424,-0.6078523434648898,-0.9943313553699334,-0.04506725828389128,-0.09630211814370504,0.6525678043195514,0.7657275777410745,0.0,1,0,0,0,13
30,30,-0.0750179,0.592968,0.70405,"[29, 31, 381, 389, 422, 423, 1623, 1624, 1625, 1975, 1983, 2016, 2017]","[342, 343, 344, 345, 346, 347, 348, 349, 350, 351, 352, 353]",[330],0,-0.07835839690233576,0.5849177500818132,0.8072986976789481,0.025317009879092186,0.8106949579670307,-0.5849211349725844,-0.9966037380251381,-0.025395093346230285,-0.07833312574038064,0.625011317817308,0.7285096247676786,1.0,1,0,0,0,13
31,31,-0.0511754,0.57486,0.725744,"[30, 32, 389, 396, 423, 424, 1624, 1625, 1626, 1983, 1990, 2017, 2018]","[354, 355, 356, 357, 358, 359, 360, 361, 362, 363, 364, 365]",[342],0,-0.05331759462198244,0.5628469094909944,0.8248397363004297,0.016432277718954183,0.8263973420420274,-0.5628475933277494,-0.9984423941082896,-0.016455684194489773,-0.053310375209691674,0.5979182775503065,0.6969301316672061,1.0,1,0,0,0,13
32,32,-0.0277123,0.555887,0.746153,"[31, 33, 396, 402, 424, 425, 1625, 1626, 1627, 1990, 1996, 2018, 2019]","[366, 367, 368, 369, 370, 371, 372, 373, 374, 375, 376, 377]",[354],0,-0.02880198302653016,0.5405315865944643,0.84083057132065,0.008455353868801505,0.841281196466471,-0.5405316415001957,-0.9995493748508337,-0.008458863139568486,-0.0288009525830872,0.5710918135278498,0.6656613583158791,1.0,1,0,0,0,13
33,33,-0.0051125,0.53606,0.765314,"[32, 34, 402, 407, 425, 426, 1626, 1627, 1628, 1996, 2001, 2019, 2020]","[378, 379, 380, 381, 382, 383, 384, 385, 386, 387, 388, 389]",[366],0,-0.004891464693201065,0.5180974700878586,0.8553075967520198,0.0013659401523995463,0.855320492944848,-0.518097470130942,-0.9999871038071717,-0.0013659564937263523,-0.004891460129860683,0.5446256688766646,0.6348125711671674,1.0,1,0,0,0,13
34,34,0.0167239,0.515561,0.783127,"[33, 35, 407, 411, 426, 427, 1627, 1628, 1629, 2001, 2005, 2020, 2021]","[390, 391, 392, 393, 394, 395, 396, 397, 398, 399, 400, 401]",[378],0,0.018347731112454902,0.4956613491206297,0.8683220530142848,-0.004867170433657486,0.8685022335391183,-0.4956613571679078,-0.9998198194749864,0.004867989880827348,0.018347513715088963,0.5186028988649006,0.6044805789675842,1.0,1,0,0,0,13
35,35,0.0376602,0.494496,0.79958,"[34, 36, 411, 414, 427, 428, 1628, 1629, 1630, 2005, 2008, 2021, 2022]","[402, 403, 404, 405, 406, 407, 408, 409, 410, 411, 412, 413]",[390],0,0.04086293936399916,0.47332952990020455,0.8799371433863818,-0.010283879388442259,0.8808253067782197,-0.47332971675543384,-0.9991118365885066,0.010292476062960219,0.04086077489763613,0.4930951737451043,0.5747489201544367,1.0,1,0,0,0,13
36,36,0.0575686,0.472885,0.814714,"[35, 37, 414, 416, 428, 429, 1629, 1630, 1631, 2008, 2010, 2022, 2023]","[414, 415, 416, 417, 418, 419, 420, 421, 422, 423, 424, 425]",[402],0,0.06261484201317628,0.45119649046324994,0.8902253133635953,-0.014930655411306724,0.892299235167625,-0.4511974628123039,-0.9979260779680297,0.014960010458484,0.0626078349603966,0.4681621898817606,0.5456871764694488,1.0,1,0,0,0,13
37,37,0.0781659,0.450139,0.82897,"[1, 36, 133, 134, 416, 429, 1595, 1630, 1631, 1727, 1728, 2010, 2023]","[426, 427, 428, 429, 430, 431, 432, 433, 434, 435, 436]","[11, 414]",0,0.08441814443978993,0.42845626319234925,0.8996103642247522,-0.019004768906697594,0.903361199568109,-0.42845928846702624,-0.9962491634366104,0.01907285102221757,0.08440278849504032,0.4428698566101249,0.5162065771651586,1.0,1,0,0,0,13
38,38,0.128736,-0.610896,0.678082,"[0, 7, 39, 87, 1034, 1092, 1594, 1601, 1632, 1633, 1681, 2628, 2686]","[437, 438, 439, 440, 441, 442, 443, 444, 445, 446, 447]","[2, 79]",0,0.13453169626715944,-0.609685690049556,0.7811431252006752,0.016234785888704473,-0.7868474529996624,-0.616933965214343,0.9907762887890632,0.09567886421117673,-0.09595780591817701,0.6592139190070906,0.7735261747104504,0.0,1,0,0,0,13
39,39,0.130063,-0.588117,0.702403,"[38, 40, 1032, 1034, 1092, 1110, 1632, 1633, 1634, 2626, 2628, 2686, 2704]","[448, 449, 450, 451, 452, 453, 454, 455, 456, 457, 458, 459]",[437],0,0.13604664199098282,-0.5833445047426834,0.8007499609675238,0.023567289383391216,-0.806130511000258,-0.5912682826818823,0.9904220787493061,0.09931157042850612,-0.09592350027457829,0.6264131019902837,0.7350374690220087,0.0,1,0,0,0,13
40,40,0.131295,-0.564451,0.726002,"[39, 41, 1029, 1032, 1110, 1128, 1633, 1634, 1635, 2623, 2626, 2704, 2722]","[460, 461, 462, 463, 464, 465, 466, 467, 468, 469, 470, 471]",[448],0,0.13740754058396612,-0.5565212739066204,0.8193919937856472,0.03125276925745545,-0.8243909139563198,-0.5651573987837407,0.99002143017432,0.10326515712289479,-0.09588469700623717,0.5937975041606622,0.6967661008096362,0.0,1,0,0,0,13
41,41,0.132444,-0.538981,0.749714,"[40, 42, 1025, 1029, 1128, 1147, 1634, 1635, 1636, 2619, 2623, 2722, 2741]","[472, 473, 474, 475, 476, 477, 478, 479, 480, 481, 482, 483]",[460],0,0.1386591082667793,-0.5281887276433691,0.8377292639541372,0.03966089615466039,-0.8422602769995703,-0.5376101181198291,0.9895456861665716,0.10776963291709848,-0.09583862066016507,0.5601142301652782,0.6572419139954114,0.0,1,0,0,0,13
42,42,0.133476,-0.511651,0.773413,"[41, 43, 1020, 1025, 1147, 1166, 1635, 1636, 1637, 2614, 2619, 2741, 2760]","[484, 485, 486, 487, 488, 489, 490, 491, 492, 493, 494, 495]",[472],0,0.13978407862037392,-0.4983418082246004,0.8556376882417515,0.04891033002196604,-0.8595917935856251,-0.5086351619947151,0.988973301450244,0.11294861918449206,-0.09578318455199274,0.5253910142892247,0.6164974521814007,0.0,1,0,0,0,13
43,43,0.134358,-0.482422,0.796954,"[42, 44, 1014, 1020, 1166, 1185, 1636, 1637, 1638, 2608, 2614, 2760, 2779]","[496, 497, 498, 499, 500, 501, 502, 503, 504, 505, 506, 507]",[484],0,0.14076482659503084,-0.4669936394668588,0.8729846529528273,0.059156483532627376,-0.8762215278815775,-0.4782638858757035,0.9882741391181522,0.11896543520859937,-0.09571546988812028,0.4896689470567459,0.5745809312731223,0.0,1,0,0,0,13
44,44,0.135049,-0.451275,0.82017,"[43, 45, 1007, 1014, 1185, 1205, 1637, 1638, 1639, 2601, 2608, 2779, 2799]","[508, 509, 510, 511, 512, 513, 514, 515, 516, 517, 518, 519]",[496],0,0.14158378067338834,-0.4341773342431393,0.8896314267604035,0.07060864599025929,-0.8919662757324615,-0.4465541199758265,0.9874049079084285,0.12604049105538997,-0.09563128386079554,0.4530030888108242,0.5315569594580818,0.0,1,0,0,0,13
45,45,0.135511,-0.418215,0.842872,"[44, 46, 999, 1007, 1205, 1225, 1638, 1639, 1640, 2593, 2601, 2799, 2819]","[520, 521, 522, 523, 524, 525, 526, 527, 528, 529, 530, 531]",[508],0,0.14222387661818991,-0.39994779448238876,0.9054358787944992,0.08355689624431754,-0.9066186021256647,-0.41359515878419356,0.9863014823114232,0.13447851861311827,-0.09552441584176774,0.4154634729682313,0.4875077144321915,0.0,1,0,0,0,13
46,46,0.135707,-0.383274,0.864848,"[45, 47, 990, 999, 1225, 1245, 1639, 1640, 1641, 2584, 2593, 2819, 2839]","[532, 533, 534, 535, 536, 537, 538, 539, 540, 541, 542, 543]",[520],0,0.1426690582926063,-0.36438303744715006,0.9202556937214188,0.09841607303472893,-0.9199365082077378,-0.37951429147658966,0.9848653798232142,0.14471289813746305,-0.09538532768897134,0.377136210205343,0.4425342390590473,0.0,1,0,0,0,13
47,47,0.135598,-0.346515,0.88586,"[46, 48, 980, 990, 1245, 1265, 1640, 1641, 1642, 2574, 2584, 2839, 2859]","[544, 545, 546, 547, 548, 549, 550, 551, 552, 553, 554, 555]",[532],0,0.14290480842173356,-0.3275848363057554,0.9339520280787869,0.11580062364298356,-0.9316219208050889,-0.34448630196182345,0.9829386711763066,0.15738097628991865,-0.09519872377394749,0.3381248785211996,0.39675807247954364,0.0,1,0,0,0,13
48,48,0.135149,-0.308032,0.905654,"[47, 49, 969, 980, 1265, 1284, 1641, 1642, 1643, 2563, 2574, 2859, 2878]","[556, 557, 558, 559, 560, 561, 562, 563, 564, 565, 566, 567]",[544],0,0.14291868382521739,-0.28967853648165803,0.9463934674941035,0.1366584464354638,-0.9412748964520141,-0.30874915113583007,0.9802544153593563,0.17345868329690173,-0.09493875055735743,0.29855278548342873,0.3503239046468955,0.0,1,0,0,0,13
49,49,0.134321,-0.267955,0.923951,"[48, 50, 957, 969, 1284, 1302, 1642, 1643, 1644, 2551, 2563, 2878, 2896]","[568, 569, 570, 571, 572, 573, 574, 575, 576, 577, 578, 579]",[556],0,0.14270082590691271,-0.2508120363622697,0.9574600757740745,0.16252499076378546,-0.9482915072262216,-0.27263316874483956,0.976330938597521,0.19451616832138208,-0.0945587573884688,0.25856757349130904,0.30340498017418865,0.0,1,0,0,0,13
50,50,0.133073,-0.226455,0.940453,"[49, 51, 944, 957, 1302, 1319, 1643, 1644, 1645, 2538, 2551, 2896, 2913]","[580, 581, 582, 583, 584, 585, 586, 587, 588, 589, 590, 591]",[568],0,0.14224442704621873,-0.21115453143634613,0.9670471998967735,0.19604199185738652,-0.9516184484032516,-0.23662177855636246,0.9702237166771802,0.22323998860527872,-0.09396726602723776,0.21835224916312276,0.2562160402938288,0.0,1,0,0,0,13
51,51,0.131494,-0.186299,0.954067,"[50, 52, 930, 944, 1319, 1335, 1644, 1645, 1646, 2524, 2538, 2913, 2929]","[592, 593, 594, 595, 596, 597, 598, 599, 600, 601, 602, 603]",[580],0,0.14159492075808938,-0.17332601327280223,0.9746327367467538,0.23885124502340815,-0.9494819620650656,-0.20355364517453672,0.9606773449844014,0.2616144048710425,-0.0930426891146856,0.1805598526208767,0.21187018064557456,0.0,1,0,0,0,13
52,52,0.129472,-0.146154,0.965336,"[51, 53, 915, 930, 1335, 1350, 1645, 1646, 1647, 2509, 2524, 2929, 2944]","[604, 605, 606, 607, 608, 609, 610, 611, 612, 613, 614, 615]",[592],0,0.14075173804324537,-0.13591939327748753,0.9806706209369614,0.2992494559535709,-0.9383597110895123,-0.1730052476530667,0.9437365688312062,0.3178159390828075,-0.09140195575377885,0.14384740845931937,0.16879154459472534,0.0,1,0,0,0,13
53,53,0.12687,-0.105471,0.974309,"[52, 54, 899, 915, 1350, 1364, 1646, 1647, 1648, 2493, 2509, 2944, 2958]","[616, 617, 618, 619, 620, 621, 622, 623, 624, 625, 626, 627]",[604],0,0.13970637640408262,-0.09831753564526025,0.9852998480547349,0.39438930660351174,-0.9071994886564821,-0.1464450839673988,0.9082616380916029,0.4090510358941293,-0.08796616852573354,0.10795344433016558,0.12667331867826104,0.0,1,0,0,0,13
54,54,0.123605,-0.0638183,0.98087,"[53, 55, 882, 899, 1364, 1377, 1647, 1648, 1649, 2476, 2493, 2958, 2971]","[628, 629, 630, 631, 632, 633, 634, 635, 636, 637, 638, 639]",[616],0,0.1384359115192188,-0.05988937788299875,0.9885589313837747,0.567344367637315,-0.8133573807879562,-0.12872505439101747,0.8117609666102811,0.578673512038129,-0.07861996917704293,0.07349966401471153,0.0862450144157099,0.0,1,0,0,0,13
55,55,0.120358,-0.0204951,0.984525,"[54, 56, 864, 882, 1377, 1389, 1648, 1649, 1650, 2458, 2476, 2971, 2983]","[640, 641, 642, 643, 644, 645, 646, 647, 648, 649, 650, 651]",[628],0,0.1368683204681381,-0.019158830659823853,0.9904039590288295,0.8955231044270159,-0.4249944492579055,-0.13197760240802023,0.42344472164573144,0.904993180807302,-0.04101110096853392,0.04504968983220019,0.05286161781941874,0.0,1,0,0,0,13
56,56,0.118997,0.0217983,0.984565,"[55, 57, 845, 864, 1389, 1400, 1649, 1650, 1651, 2439, 2458, 2983, 2994]","[652, 653, 654, 655, 656, 657, 658, 659, 660, 661, 662, 663]",[640],0,0.13509112397773257,0.02121347219834852,0.9906060654062859,0.8690602478759878,0.47766004727755323,-0.1287445719109454,-0.4759040594323186,0.8782886016749255,0.04609184725897441,0.0443820703636367,0.05207822851468747,0.0,1,0,0,0,13
57,57,0.118562,0.0641137,0.981528,"[56, 58, 825, 845, 1400, 1410, 1650, 1651, 1652, 2419, 2439, 2994, 3004]","[664, 665, 666, 667, 668, 669, 670, 671, 672, 673, 674, 675]",[652],0,0.13312020118108472,0.06103642733974839,0.9892186646920423,0.5091820094346629,0.8520969484274478,-0.12109695185557108,-0.8503015308145615,0.5198127980515977,0.08235266647888434,0.07150871208006133,0.08390881763703453,0.0,1,0,0,0,13
58,58,0.117725,0.107009,0.975441,"[57, 59, 804, 825, 1410, 1419, 1651, 1652, 1653, 2398, 2419, 3004, 3013]","[676, 677, 678, 679, 680, 681, 682, 683, 684, 685, 686, 687]",[664],0,0.1309735350925808,0.10013525063570133,0.9863158037289466,0.31867212486068874,0.9378345293346949,-0.13752989647471098,-0.9387726082189052,0.332324129680191,0.09092119054531508,0.10636983481132335,0.1248151003093435,0.0,1,0,0,0,13
59,59,0.116335,0.149051,0.966741,"[58, 60, 782, 804, 1419, 1427, 1652, 1653, 1654, 2376, 2398, 3013, 3021]","[688, 689, 690, 691, 692, 693, 694, 695, 696, 697, 698, 699]",[676],0,0.12867065815691842,0.13835371883760497,0.9819888544241582,0.217527144947181,0.9621668484804797,-0.16406369767949827,-0.9675359440044561,0.23471941583291883,0.0937069521991821,0.14281495112425724,0.16758005201255224,0.0,1,0,0,0,13
60,60,0.11515,0.189747,0.955562,"[59, 61, 759, 782, 1427, 1434, 1653, 1654, 1655, 2353, 2376, 3021, 3028]","[700, 701, 702, 703, 704, 705, 706, 707, 708, 709, 710, 711]",[688],0,0.12623206371152415,0.1755562501630927,0.9763429054998062,0.1559046225314682,0.9684740034924237,-0.1942983613741422,-0.9796730142065003,0.17674305527524967,0.09488244119709352,0.17932377590387222,0.21041975967146456,0.0,1,0,0,0,13
61,61,0.113544,0.228614,0.942625,"[60, 62, 735, 759, 1434, 1440, 1654, 1655, 1656, 2329, 2353, 3028, 3034]","[712, 713, 714, 715, 716, 717, 718, 719, 720, 721, 722, 723]",[700],0,0.12367863460052217,0.21162915657248346,0.9694930094806099,0.11428259767337608,0.9674555975965847,-0.22576349250501196,-0.9857195763564687,0.13871830004528823,0.09546805759084877,0.21535596810446708,0.2527001833635773,0.0,1,0,0,0,13
62,62,0.1116,0.265551,0.928299,"[61, 63, 710, 735, 1440, 1445, 1655, 1656, 1657, 2304, 2329, 3034, 3039]","[724, 725, 726, 727, 728, 729, 730, 731, 732, 733, 734, 735]",[712],0,0.12103111902105952,0.24648102189399482,0.9615604890357144,0.08405384679606986,0.9626577742722092,-0.25734210784879175,-0.9890836259221427,0.1119692613147394,0.09579386960207142,0.2506573125114824,0.2941230251968077,0.0,1,0,0,0,13
63,63,0.109401,0.300545,0.912892,"[62, 64, 684, 710, 1445, 1449, 1656, 1657, 1658, 2278, 2304, 3039, 3043]","[736, 737, 738, 739, 740, 741, 742, 743, 744, 745, 746, 747]",[724],0,0.11830967319249802,0.28004230080160164,0.9526694762564977,0.06092443034164413,0.9555529153833768,-0.2884559579725736,-0.9911059655842207,0.09216797526296372,0.0959897354892451,0.28508539843510267,0.3345211794821608,0.0,1,0,0,0,13
64,64,0.107004,0.333613,0.896674,"[63, 65, 657, 684, 1449, 1452, 1657, 1658, 1659, 2251, 2278, 3043, 3046]","[748, 749, 750, 751, 752, 753, 754, 755, 756, 757, 758, 759]",[736],0,0.11553347789313456,0.312264327283099,0.9429437975788113,0.0425325530610574,0.9468748356626896,-0.31877739493079355,-0.9923925621527124,0.07693526821418362,0.09611434382435696,0.3185529093221677,0.3737921883718765,0.0,1,0,0,0,13
65,65,0.104449,0.364791,0.879875,"[64, 66, 629, 657, 1452, 1454, 1658, 1659, 1660, 2223, 2251, 3046, 3048]","[760, 761, 762, 763, 764, 765, 766, 767, 768, 769, 770, 771]",[748],0,0.11272039904185735,0.34311823290630744,0.9325041500642759,0.027476206308723026,0.9370501189369579,-0.34811224150712317,-0.9932467818859144,0.0648610271849448,0.09619707597317559,0.35100559165006184,0.41187239040705137,0.0,1,0,0,0,13
66,66,0.101697,0.395264,0.862006,"[1, 65, 67, 134, 629, 1454, 1595, 1659, 1660, 1661, 1728, 2223, 3048]","[772, 773, 774, 775, 776, 777, 778, 779, 780, 781, 782]","[12, 760]",0,0.10977047411558,0.3737709991446877,0.9210025424562209,0.01439779944582348,0.9259068838061655,-0.37747734487181334,-0.9938526784104167,0.054696277009847444,0.09625575773793175,0.383675603237212,0.45020760809908333,0.0,1,0,0,0,13
67,67,0.130979,0.415246,0.842602,"[1, 66, 68, 133, 511, 1454, 1595, 1660, 1661, 1662, 1727, 2105, 3048]","[783, 784, 785, 786, 787, 788, 789, 790, 791, 792, 793]","[13, 772]",0,0.13921010266891143,0.3964080255333175,0.9074586627542259,0.07807927657856387,0.9091347679173978,-0.4091180762722999,-0.9871799095827869,0.12780708531437532,0.0956094925180796,0.41117408454147136,0.482474516367144,0.0,1,0,0,0,13
68,68,0.162204,0.404663,0.841112,"[67, 69, 511, 522, 1453, 1454, 1661, 1662, 1663, 2105, 2116, 3047, 3048]","[794, 795, 796, 797, 798, 799, 800, 801, 802, 803, 804, 805]",[783],0,0.17090396663686064,0.38785734884476836,0.9057364468403016,0.15251954185299788,0.8977662629181457,-0.41322333733580263,-0.9734113331684291,0.2087640153692552,0.0942759902953394,0.4078056931800418,0.4785220226323958,0.0,1,0,0,0,13
69,69,0.193073,0.393669,0.838236,"[68, 70, 522, 533, 1451, 1453, 1662, 1663, 1664, 2116, 2127, 3045, 3047]","[806, 807, 808, 809, 810, 811, 812, 813, 814, 815, 816, 817]",[794],0,0.20224238970861075,0.3789374485604463,0.9030528367063855,0.22569793681681827,0.8792516832042553,-0.41949602965834537,-0.9529734818564376,0.2886570415925843,0.09229656124382501,0.4069224959365879,0.4774856728746833,0.0,1,0,0,0,13
70,70,0.224725,0.381934,0.833833,"[69, 71, 533, 543, 1448, 1451, 1663, 1664, 1665, 2127, 2137, 3042, 3045]","[818, 819, 820, 821, 822, 823, 824, 825, 826, 827, 828, 829]",[806],0,0.23438746493549178,0.36929804769595903,0.8992671840165563,0.2987188098749804,0.8529222378873719,-0.42812466495645013,-0.9251105819889799,0.3689750778645498,0.08959800782863693,0.4086100962903005,0.47946591480891537,0.0,1,0,0,0,13
71,71,0.257068,0.369487,0.827817,"[70, 72, 543, 553, 1444, 1448, 1664, 1665, 1666, 2137, 2147, 3038, 3042]","[830, 831, 832, 833, 834, 835, 836, 837, 838, 839, 840, 841]",[818],0,0.2672549232406639,0.3589169552743598,0.8942893408848225,0.3696130679572368,0.8188823552028236,-0.4391103145369229,-0.889921898819703,0.4478954203316435,0.08618994400203825,0.41308255866451493,0.4847139331108853,0.0,1,0,0,0,13
72,72,0.289988,0.35635,0.820125,"[71, 73, 553, 562, 1439, 1444, 1665, 1666, 1667, 2147, 2156, 3033, 3038]","[842, 843, 844, 845, 846, 847, 848, 849, 850, 851, 852, 853]",[830],0,0.3007421550709761,0.34777868638371595,0.8880338627892982,0.4364071861555957,0.7777520149879206,-0.4523832126129178,-0.8479993655864491,0.5235950615499024,0.08212969916865448,0.42048870214870493,0.49340435313009695,0.0,1,0,0,0,13
73,73,0.323343,0.34254,0.810715,"[72, 74, 562, 571, 1433, 1439, 1666, 1667, 1668, 2156, 2165, 3027, 3033]","[854, 855, 856, 857, 858, 859, 860, 861, 862, 863, 864, 865]",[842],0,0.33472869166692876,0.33587565298493266,0.8804227670312095,0.49733489211017734,0.7306239187687511,-0.4678105326013422,-0.8003841003322744,0.5944545693784667,0.07751810679033164,0.4308999617506347,0.5056209971990332,0.0,1,0,0,0,13
74,74,0.356972,0.328073,0.799565,"[73, 75, 571, 579, 1426, 1433, 1667, 1668, 1669, 2165, 2173, 3020, 3027]","[866, 867, 868, 869, 870, 871, 872, 873, 874, 875, 876, 877]",[854],0,0.3690769071539016,0.3232094004464157,0.8713885012259336,0.5510134820286426,0.6789377753739734,-0.48520886203047753,-0.7484426358969545,0.6592261983820946,0.07248751712060703,0.4443059812880799,0.5213517133018011,0.0,1,0,0,0,13
75,75,0.390689,0.31297,0.786673,"[74, 76, 579, 587, 1418, 1426, 1668, 1669, 1670, 2173, 2181, 3012, 3020]","[878, 879, 880, 881, 882, 883, 884, 885, 886, 887, 888, 889]",[866],0,0.4036333926567382,0.3097917135091602,0.8608769822532543,0.5965458472276022,0.6243044755926419,-0.5043579819042213,-0.6936952763915247,0.7171283120865157,0.06718517333483132,0.46061819927385245,0.5404925827764365,0.0,1,0,0,0,13
76,76,0.424295,0.297256,0.772057,"[75, 77, 587, 594, 1409, 1418, 1669, 1670, 1671, 2181, 2188, 3003, 3012]","[890, 891, 892, 893, 894, 895, 896, 897, 898, 899, 900, 901]",[878],0,0.4382311065930868,0.2956454885498201,0.848850541800108,0.6335350968896584,0.5683259320210299,-0.5250132531674211,-0.6376415750429152,0.7678537491557658,0.061756308861722675,0.4796799485073933,0.5628597712455746,0.0,1,0,0,0,13
77,77,0.457575,0.280971,0.755754,"[76, 78, 594, 600, 1399, 1409, 1670, 1671, 1672, 2188, 2194, 2993, 3003]","[902, 903, 904, 905, 906, 907, 908, 909, 910, 911, 912, 913]",[890],0,0.47269229573715194,0.2808052880429679,0.8352905983894748,0.6620261428389871,0.5124499156680661,-0.5469154140536951,-0.5816213370815018,0.8115069156445296,0.056330685355571286,0.5012804939687514,0.5882060007783946,0.0,1,0,0,0,13
78,78,0.490309,0.264165,0.737819,"[77, 79, 600, 606, 1388, 1399, 1671, 1672, 1673, 2194, 2200, 2982, 2993]","[914, 915, 916, 917, 918, 919, 920, 921, 922, 923, 924, 925]",[902],0,0.5068320470687676,0.2653175385553259,0.8201999023402927,0.6824046074124797,0.4578802323693685,-0.5697978980196334,-0.5267306976494743,0.8485000274250533,0.051014464746597404,0.5251702418599323,0.6162383962849941,0.0,1,0,0,0,13
79,79,0.522275,0.246902,0.718328,"[78, 80, 606, 611, 1376, 1388, 1672, 1673, 1674, 2200, 2205, 2970, 2982]","[926, 927, 928, 929, 930, 931, 932, 933, 934, 935, 936, 937]",[914],0,0.5404618273057433,0.2492405844086923,0.8036044700653117,0.6952845318748311,0.40554312022881095,-0.5933921109777892,-0.47379366074371837,0.8794395423897503,0.04588745275532899,0.5510745569006928,0.6466346988268983,0.0,1,0,0,0,13
80,80,0.551441,0.230328,0.698671,"[79, 81, 611, 616, 1363, 1376, 1673, 1674, 1675, 2205, 2210, 2957, 2970]","[938, 939, 940, 941, 942, 943, 944, 945, 946, 947, 948, 949]",[926],0,0.5714385110347435,0.23365444242333022,0.7866788605538082,0.7012168113786519,0.3589756010171778,-0.6159801143822031,-0.42632500694464476,0.9036272015661097,0.04129005986251383,0.5770022169704496,0.677058394587388,0.0,1,0,0,0,13
81,81,0.578998,0.213852,0.678267,"[80, 82, 616, 620, 1349, 1363, 1674, 1675, 1676, 2210, 2214, 2943, 2957]","[950, 951, 952, 953, 954, 955, 956, 957, 958, 959, 960, 961]",[938],0,0.6010357248828911,0.21800697292912624,0.7689141806266658,0.701875174134033,0.3161818335882452,-0.6382791615297307,-0.3822660033913797,0.923310352949134,0.037022895458448724,0.6036433083353129,0.7083192355669193,0.0,1,0,0,0,13
82,82,0.605411,0.197205,0.656829,"[81, 83, 620, 623, 1334, 1349, 1675, 1676, 1677, 2214, 2217, 2928, 2943]","[962, 963, 964, 965, 966, 967, 968, 969, 970, 971, 972, 973]",[950],0,0.6297695976595656,0.20204635337444293,0.7500450152836153,0.6980568316535994,0.2763571675602221,-0.6605629233614537,-0.3407446458059868,0.9395764934406252,0.03300150494101106,0.63129881484729,0.7407703983004227,0.0,1,0,0,0,13
83,83,0.631078,0.180103,0.633981,"[82, 84, 623, 625, 1318, 1334, 1676, 1677, 1678, 2217, 2219, 2912, 2928]","[974, 975, 976, 977, 978, 979, 980, 981, 982, 983, 984, 985]",[962],0,0.6580946743427227,0.18549842359256258,0.7297271643884582,0.6901526167654253,0.23883246859257298,-0.6831166939241153,-0.30099960992264024,0.9531785702535762,0.02915215319262951,0.6603640852562291,0.7748757877470156,0.0,1,0,0,0,13
84,84,0.656853,0.161911,0.608701,"[83, 85, 625, 627, 1301, 1318, 1677, 1678, 1679, 2219, 2221, 2895, 2912]","[986, 987, 988, 989, 990, 991, 992, 993, 994, 995, 996, 997]",[974],0,0.6869794602164451,0.16770037065783236,0.7070613883687522,0.6779532643324164,0.20237870939120656,-0.7066981175623509,-0.2616077074968214,0.9648416676669678,0.025337002819638257,0.6919657799927855,0.8119574350531807,0.0,1,0,0,0,13
85,85,0.680902,0.143823,0.582643,"[84, 86, 627, 628, 1283, 1301, 1678, 1679, 1680, 2221, 2222, 2877, 2895]","[998, 999, 1000, 1001, 1002, 1003, 1004, 1005, 1006, 1007, 1008, 1009]",[986],0,0.7144605499780521,0.14979739925818195,0.6834521648956453,0.6624815271127753,0.1694117077321636,-0.729669719474227,-0.22508742470290194,0.9740946629864866,0.021799972060960127,0.7240287412278844,0.8495803356609707,0.0,1,0,0,0,13
86,86,0.703125,0.125851,0.556028,"[85, 628, 1264, 1283, 1679, 1680, 2222, 2858, 2877]","[1010, 1011, 1012, 1013, 1014, 1015, 1016, 1017]",[998],0,0.7404462869426498,0.1318829926811146,0.6590494460921094,0.6443216659783146,0.1397818732785126,-0.7518714109830743,-0.19128221794974126,0.9813602315889018,0.018525899492461,0.7563305260215545,0.8874834734851874,0.0,1,0,0,0,9
87,87,0.0968995,-0.629047,0.664252,"[0, 38, 88, 121, 1034, 1460, 1594, 1632, 1681, 1682, 1715, 2628, 3054]","[1018, 1019, 1020, 1021, 1022, 1023, 1024, 1025, 1026, 1027, 1028]","[3, 438]",0,0.10165344168874857,-0.6290021466922312,0.7707287961724263,-0.027671906487486655,-0.7762301031914567,-0.6298421171140658,0.9944349367274767,0.042698083750276096,-0.09631215011551982,0.681007754605211,0.7990992122274285,0.0,1,0,0,0,13
88,88,0.0673018,-0.624263,0.674577,"[87, 89, 1033, 1034, 1460, 1466, 1681, 1682, 1683, 2627, 2628, 3054, 3060]","[1029, 1030, 1031, 1032, 1033, 1034, 1035, 1036, 1037, 1038, 1039, 1040]",[1018],0,0.07106708071006317,-0.6215209497589331,0.7801674045037406,-0.02477691214660095,-0.7830036381777579,-0.6215234566972307,0.9971637652180454,0.02483971841926868,-0.07104515272010088,0.670927585455493,0.7820293642575866,1.0,1,0,0,0,13
89,89,0.0381541,-0.618505,0.684241,"[88, 90, 1031, 1033, 1466, 1473, 1682, 1683, 1684, 2625, 2627, 3060, 3067]","[1041, 1042, 1043, 1044, 1045, 1046, 1047, 1048, 1049, 1050, 1051, 1052]",[1029],0,0.04057079987163771,-0.6134142789451529,0.7887185382530157,-0.013906748675266891,-0.7896386552544615,-0.6134145388472698,0.9990798829618475,0.013918208006916954,-0.040566870064348184,0.6604517923273823,0.7698188395785206,1.0,1,0,0,0,13
90,90,0.00806071,-0.611329,0.693666,"[89, 91, 1028, 1031, 1473, 1480, 1683, 1684, 1685, 2622, 2625, 3067, 3074]","[1053, 1054, 1055, 1056, 1057, 1058, 1059, 1060, 1061, 1062, 1063, 1064]",[1041],0,0.009023125227378956,-0.6043517684683967,0.7966665068648565,-0.0030350752977554656,-0.7967118221270548,-0.6043517690889347,0.9999546847377976,0.0030351988583428072,-0.009023083664818946,0.6489554824604628,0.7564188064133442,1.0,1,0,0,0,13
91,91,-0.0229025,-0.602617,0.702756,"[90, 92, 1024, 1028, 1480, 1487, 1684, 1685, 1686, 2618, 2622, 3074, 3081]","[1065, 1066, 1067, 1068, 1069, 1070, 1071, 1072, 1073, 1074, 1075, 1076]",[1053],0,-0.023519050420357058,-0.5942847909703999,0.8039107173614449,0.007746986028869899,-0.8042173451330702,-0.5942848189164724,0.999693372227101,-0.007749129524291387,0.023518344261927927,0.636398261505408,0.7417821813390353,1.0,1,0,0,0,13
92,92,-0.0546507,-0.592261,0.711388,"[91, 93, 1019, 1024, 1487, 1494, 1685, 1686, 1687, 2613, 2618, 3081, 3088]","[1077, 1078, 1079, 1080, 1081, 1082, 1083, 1084, 1085, 1086, 1087, 1088]",[1065],0,-0.056980178646160735,-0.5831717294849111,0.8103480691474678,0.01833870525237755,-0.8121412009972858,-0.5831726687117226,0.9982068679042025,-0.018368548452823586,0.056970565177275924,0.6227487812863716,0.7258724251007479,1.0,1,0,0,0,13
93,93,-0.0870568,-0.580169,0.719401,"[92, 94, 1013, 1019, 1494, 1501, 1686, 1687, 1688, 2607, 2613, 3088, 3095]","[1089, 1090, 1091, 1092, 1093, 1094, 1095, 1096, 1097, 1098, 1099, 1100]",[1077],0,-0.091265801658801,-0.5709798780234959,0.8158753166629386,0.028631642888205574,-0.820460433126492,-0.5709859076189282,0.9954148795718791,-0.028751635886724674,0.09122807112253628,0.607986607089471,0.7086657191126131,1.0,1,0,0,0,13
94,94,-0.120543,-0.566372,0.726669,"[93, 95, 1006, 1013, 1501, 1508, 1687, 1688, 1689, 2600, 2607, 3095, 3102]","[1101, 1102, 1103, 1104, 1105, 1106, 1107, 1108, 1109, 1110, 1111, 1112]",[1089],0,-0.12626245439800823,-0.5576874506389169,0.8203916747561844,-0.014722231572544672,-0.8258658030047009,-0.5636744905749461,0.9918876188898196,-0.08324892087748795,0.09606543949734729,0.5939393304315721,0.6969325207374429,0.0,1,0,0,0,13
95,95,-0.155214,-0.551099,0.732374,"[94, 96, 998, 1006, 1508, 1515, 1688, 1689, 1690, 2592, 2600, 3102, 3109]","[1113, 1114, 1115, 1116, 1117, 1118, 1119, 1120, 1121, 1122, 1123, 1124]",[1101],0,-0.1618381875806838,-0.543285509239378,0.8238017094490088,-0.07067196574969738,-0.8262822407550577,-0.558805092916908,0.9842834318922944,-0.1486556896432505,0.09532896537263254,0.5816337434552095,0.682493059817489,0.0,1,0,0,0,13
96,96,-0.190416,-0.534617,0.736466,"[95, 97, 989, 998, 1515, 1522, 1689, 1690, 1691, 2583, 2592, 3109, 3116]","[1125, 1126, 1127, 1128, 1129, 1130, 1131, 1132, 1133, 1134, 1135, 1136]",[1113],0,-0.19784385301645838,-0.5277796711326161,0.8260184190214827,-0.12953661832330565,-0.8212078174255826,-0.5557319363798279,0.9716368016583996,-0.2169477802104886,0.09410412490840807,0.5712171517847436,0.6702701590624315,0.0,1,0,0,0,13
